0 23
1 17
2 27
3 19
4 99
5 8
6 6
7 100
8 3
9 39
10 101
11 81
12 40
13 102
14 6
15 103
16 13
17 38
18 6
19 104
20 105
21 4
22 106
23 8
24 93
25 107
26 7
27 41
28 108
29 11
30 8
31 15
32 11
33 109
34 3
35 12
36 50
37 110
38 111
39 19
40 42
41 11
42 112
43 8
44 2
45 113
46 21
47 1
48 12
49 114
50 2
51 115
52 43
53 2
54 5
55 28
56 0
57 15
58 10
59 116
60 117
61 118
62 119
63 5
64 22
65 120
66 8
67 121
68 16
69 2
70 23
71 26
72 32
73 13
74 95
75 10
76 1
77 0
78 122
79 24
80 123
81 124
82 25
83 1
84 12
85 125
86 126
87 1
88 127
89 128
90 20
91 129
92 13
93 6
94 130
95 7
96 3
97 8
98 13
99 44
100 20
101 18
102 131
103 21
104 29
105 132
106 8
107 4
108 34
109 8
110 3
111 30
112 8
113 45
114 133
115 134
116 135
117 0
118 4
119 2
120 18
121 136
122 46
123 6
124 137
125 7
126 47
127 9
128 1
129 31
130 1
131 138
132 6
133 32
134 13
135 2
136 16
137 139
138 140
139 5
140 8
141 2
142 12
143 141
144 142
145 3
146 8
147 11
148 48
149 2
150 11
151 4
152 82
153 5
154 4
155 5
156 49
157 5
158 0
159 17
160 143
161 144
162 2
163 13
164 0
165 12
166 145
167 146
168 2
169 147
170 5
171 148
172 20
173 0
174 3
175 5
176 11
177 59
178 13
179 1
180 2
181 2
182 73
183 149
184 5
185 150
186 0
187 9
188 151
189 3
190 50
191 4
192 5
193 152
194 153
195 0
196 0
197 1
198 1
199 1
200 26
201 154
202 0
203 155
204 156
205 157
206 27
207 32
208 90
209 11
210 9
211 158
212 159
213 160
214 16
215 14
216 1
217 0
218 10
219 22
220 10
221 161
222 0
223 33
224 11
225 7
226 18
227 162
228 2
229 9
230 163
231 164
232 165
233 166
234 167
235 168
236 4
237 16
238 7
239 97
240 15
241 169
242 170
243 171
244 1
245 78
246 51
247 37
248 7
249 172
250 0
251 21
252 173
253 16
254 174
255 175
256 176
257 17
258 72
259 88
260 28
261 10
262 177
263 178
264 19
265 15
266 75
267 179
268 8
269 180
270 181
271 2
272 68
273 13
274 52
275 1
276 182
277 183
278 184
279 8
280 185
281 186
282 187
283 13
284 98
285 188
286 63
287 12
288 14
289 1
290 189
291 190
292 1
293 5
294 87
295 0
296 7
297 191
298 31
299 29
300 0
301 13
302 1
303 2
304 21
305 192
306 193
307 3
308 194
309 20
310 6
311 53
312 1
313 5
314 3
315 27
316 77
317 195
318 71
319 196
320 197
321 198
322 2
323 54
324 199
325 0
326 10
327 0
328 55
329 200
330 201
331 202
332 0
333 2
334 203
335 15
336 204
337 205
338 86
339 56
340 2
341 206
342 7
343 39
344 207
345 208
346 57
347 1
348 58
349 7
350 59
351 14
352 16
353 60
354 6
355 209
356 30
357 17
358 210
359 3
360 211
361 8
362 212
363 13
364 14
365 0
366 213
367 214
368 215
369 216
370 46
371 3
372 58
373 23
374 21
375 3
376 217
377 0
378 218
379 219
380 1
381 0
382 4
383 15
384 61
385 22
386 1
387 220
388 0
389 221
390 222
391 6
392 9
393 12
394 223
395 16
396 62
397 63
398 1
399 224
400 64
401 29
402 1
403 225
404 226
405 26
406 227
407 65
408 228
409 34
410 10
411 0
412 229
413 230
414 9
415 231
416 232
417 233
418 4
419 234
420 66
421 235
422 236
423 11
424 9
425 237
426 3
427 67
428 25
429 68
430 3
431 14
432 0
433 238
434 1
435 69
436 239
437 0
438 240
439 4
440 241
441 0
442 242
443 11
444 24
445 22
446 243
447 10
448 244
449 12
450 18
451 4
452 60
453 245
454 2
455 246
456 15
457 247
458 248
459 11
460 249
461 250
462 61
463 251
464 252
465 16
466 34
467 0
468 253
469 9
470 254
471 255
472 14
473 70
474 256
475 257
476 0
477 1
478 258
479 20
480 2
481 19
482 71
483 0
484 2
485 0
486 259
487 0
488 7
489 14
490 1
491 260
492 8
493 261
494 262
495 263
496 10
497 4
498 264
499 72
500 8
501 265
502 0
503 73
504 74
505 56
506 1
507 35
508 85
509 75
510 266
511 267
512 76
513 52
514 83
515 268
516 19
517 269
518 270
519 79
520 271
521 13
522 10
523 8
524 272
525 273
526 1
527 10
528 12
529 80
530 274
531 12
532 69
533 89
534 1
535 77
536 275
537 1
538 7
539 1
540 45
541 0
542 43
543 276
544 3
545 277
546 76
547 3
548 278
549 49
550 279
551 1
552 40
553 280
554 57
555 6
556 17
557 35
558 12
559 281
560 282
561 1
562 2
563 30
564 283
565 284
566 1
567 13
568 1
569 11
570 6
571 78
572 19
573 285
574 44
575 286
576 3
577 287
578 288
579 2
580 289
581 0
582 290
583 24
584 24
585 291
586 16
587 6
588 21
589 1
590 0
591 0
592 51
593 2
594 7
595 1
596 20
597 292
598 293
599 18
600 38
601 7
602 21
603 4
604 294
605 0
606 79
607 295
608 80
609 94
610 296
611 36
612 0
613 5
614 37
615 13
616 297
617 298
618 19
619 15
620 299
621 3
622 6
623 17
624 16
625 300
626 301
627 302
628 303
629 1
630 8
631 1
632 304
633 305
634 6
635 1
636 16
637 306
638 20
639 9
640 15
641 81
642 6
643 3
644 6
645 4
646 307
647 7
648 308
649 27
650 309
651 1
652 2
653 66
654 0
655 22
656 4
657 310
658 1
659 25
660 311
661 7
662 312
663 313
664 14
665 314
666 2
667 5
668 23
669 315
670 47
671 11
672 13
673 5
674 0
675 316
676 317
677 14
678 318
679 319
680 1
681 320
682 4
683 321
684 25
685 322
686 12
687 9
688 21
689 323
690 324
691 96
692 82
693 325
694 326
695 2
696 4
697 9
698 327
699 42
700 0
701 328
702 2
703 10
704 329
705 330
706 0
707 331
708 1
709 64
710 332
711 22
712 15
713 3
714 333
715 334
716 9
717 26
718 335
719 23
720 9
721 336
722 1
723 7
724 15
725 17
726 0
727 337
728 83
729 1
730 84
731 0
732 36
733 338
734 0
735 1
736 6
737 14
738 41
739 0
740 53
741 4
742 85
743 0
744 339
745 340
746 341
747 342
748 343
749 28
750 2
751 344
752 3
753 345
754 10
755 1
756 346
757 14
758 35
759 347
760 8
761 348
762 2
763 4
764 2
765 349
766 350
767 92
768 351
769 2
770 0
771 352
772 353
773 0
774 86
775 354
776 355
777 356
778 0
779 9
780 357
781 358
782 2
783 1
784 87
785 88
786 0
787 12
788 359
789 360
790 361
791 12
792 7
793 1
794 10
795 362
796 20
797 16
798 19
799 4
800 15
801 12
802 363
803 0
804 364
805 7
806 1
807 14
808 2
809 365
810 366
811 367
812 5
813 89
814 368
815 11
816 369
817 90
818 370
819 91
820 371
821 372
822 62
823 92
824 373
825 38
826 11
827 0
828 5
829 0
830 0
831 374
832 22
833 2
834 375
835 10
836 20
837 0
838 376
839 17
840 84
841 0
842 5
843 377
844 93
845 378
846 5
847 37
848 18
849 18
850 1
851 0
852 14
853 7
854 94
855 7
856 17
857 11
858 36
859 379
860 95
861 4
862 6
863 1
864 380
865 0
866 0
867 6
868 381
869 0
870 7
871 11
872 3
873 0
874 7
875 8
876 48
877 382
878 24
879 6
880 17
881 383
882 384
883 0
884 6
885 385
886 0
887 386
888 0
889 67
890 18
891 18
892 1
893 0
894 31
895 387
896 23
897 388
898 389
899 0
900 0
901 390
902 5
903 391
904 0
905 1
906 3
907 3
908 0
909 14
910 392
911 393
912 54
913 0
914 0
915 91
916 394
917 1
918 1
919 395
920 396
921 96
922 0
923 397
924 9
925 398
926 33
927 399
928 33
929 5
930 10
931 0
932 400
933 8
934 401
935 402
936 403
937 0
938 9
939 97
940 12
941 0
942 404
943 405
944 16
945 406
946 407
947 74
948 408
949 409
950 410
951 411
952 19
953 412
954 3
955 413
956 1
957 1
958 414
959 18
960 415
961 416
962 1
963 1
964 15
965 0
966 417
967 0
968 14
969 17
970 5
971 0
972 65
973 418
974 4
975 419
976 55
977 420
978 9
979 19
980 421
981 422
982 2
983 423
984 70
985 98
986 24
987 2
988 17
989 424
990 425
991 0
992 0
993 9
994 6
995 426
996 2
997 9
998 0
999 10
