0 342
0 656
0 896
0 532
0 728
0 566
0 522
0 719
0 373
0 698
0 905
1 1
1 969
1 827
1 423
1 36
1 856
1 516
2 132
2 315
2 206
2 179
2 73
2 379
2 649
2 788
2 900
3 804
3 718
3 516
3 264
3 305
3 604
3 906
3 706
3 771
3 923
3 13
3 948
3 721
3 509
3 60
4 746
4 88
4 22
4 886
4 997
4 531
4 589
5 686
5 933
5 612
5 5
5 932
5 752
5 920
5 397
5 279
5 140
5 492
6 137
6 391
6 123
6 6
6 622
6 36
6 340
6 471
6 49
6 654
6 570
6 867
6 542
6 395
6 374
7 296
7 399
7 408
7 156
7 826
7 59
7 948
8 265
8 145
8 814
8 785
8 120
8 307
8 189
8 954
8 42
8 256
9 124
9 232
9 276
9 50
9 604
9 343
9 522
9 774
9 638
9 674
9 913
9 568
9 169
10 558
10 159
10 993
10 233
10 626
10 981
10 571
10 548
10 523
10 819
10 339
10 470
10 855
10 17
10 66
10 861
10 684
11 780
11 565
11 639
11 992
11 641
11 910
11 602
11 591
11 627
11 931
11 23
12 26
12 448
12 204
12 709
12 572
12 875
12 868
12 896
12 700
12 552
12 133
13 696
13 336
13 707
13 114
13 17
13 633
13 459
13 51
13 106
13 577
13 332
13 826
13 829
13 952
13 348
13 591
13 94
13 918
13 540
14 642
14 634
14 132
14 882
14 604
14 39
14 650
14 522
14 627
14 44
14 202
15 631
15 779
15 822
15 440
15 717
15 699
15 624
15 655
15 431
15 993
15 835
16 521
16 615
16 98
16 880
16 345
16 850
16 163
16 574
16 690
16 931
16 469
16 473
17 935
17 608
17 825
17 852
17 618
17 986
17 161
18 622
18 570
18 678
18 959
18 72
18 219
19 152
19 443
19 61
19 826
19 747
19 384
19 79
19 381
19 455
20 123
20 29
20 677
20 276
20 815
20 501
20 707
20 220
20 395
20 541
20 832
20 140
21 667
21 191
21 118
21 223
21 977
21 389
21 898
21 861
21 742
21 165
21 702
21 420
21 989
21 829
21 796
21 107
22 92
22 993
22 516
22 514
22 478
22 823
22 70
22 509
22 904
23 431
23 450
23 130
23 140
23 246
23 748
23 30
23 66
23 592
23 971
23 876
23 763
23 627
23 523
23 328
23 585
23 492
24 176
24 997
24 666
24 111
24 794
24 581
24 485
24 844
25 238
25 691
25 608
25 810
25 376
25 397
25 932
25 765
25 25
25 536
25 55
25 307
25 630
25 182
25 659
25 146
25 161
25 89
25 792
25 415
25 840
25 798
25 581
25 275
26 647
26 661
26 862
26 558
26 853
26 956
26 138
26 119
26 925
26 395
26 675
27 895
27 616
27 27
27 94
27 534
27 995
27 315
27 779
27 464
27 738
28 176
28 424
28 974
28 528
28 321
28 307
28 735
28 173
29 856
29 423
29 176
29 569
29 815
29 459
29 29
29 674
29 115
29 823
29 642
29 138
29 52
29 55
29 871
29 671
29 826
29 579
29 581
30 279
30 524
30 75
30 604
31 449
31 456
31 265
31 57
31 31
31 518
31 326
31 165
31 417
31 833
31 307
32 354
32 857
32 249
32 137
32 715
32 826
32 443
32 372
33 396
33 910
33 214
33 152
33 673
33 205
33 88
33 44
33 871
34 725
34 192
34 359
34 643
34 375
34 906
34 314
34 566
34 590
34 60
34 802
34 868
34 460
34 504
34 998
34 954
34 370
34 70
34 719
34 563
34 900
34 913
34 411
35 528
35 48
35 142
35 287
35 686
35 940
35 510
35 291
35 502
35 96
35 972
35 558
35 680
35 625
36 234
36 190
36 235
36 306
36 700
37 693
37 497
37 267
37 372
37 739
37 719
37 250
37 76
37 518
37 492
38 80
38 42
38 884
38 243
38 254
38 573
38 796
38 479
38 548
38 900
39 666
39 516
39 284
39 804
39 263
39 704
39 358
39 416
39 407
39 712
39 119
39 952
39 205
39 173
39 933
40 993
40 637
40 742
40 256
40 254
40 250
40 212
40 699
40 897
40 948
40 931
40 400
41 842
41 147
41 671
41 569
41 575
41 845
41 95
41 102
41 826
41 209
41 810
42 570
42 993
42 53
42 458
42 230
42 42
42 403
42 831
42 955
42 820
42 727
42 834
42 72
43 259
43 390
43 561
43 251
43 898
43 939
43 492
43 760
44 484
44 450
44 767
44 614
44 925
44 961
44 721
44 695
44 982
44 221
44 266
44 168
44 229
44 249
44 578
44 238
44 436
44 65
44 760
44 50
44 631
44 328
44 782
44 622
44 333
44 645
44 998
45 669
45 588
45 45
45 150
45 176
45 379
45 981
45 460
45 304
45 832
45 455
46 93
46 625
46 306
46 588
46 928
46 115
46 365
46 530
46 525
46 688
46 304
46 590
46 883
46 557
47 95
47 138
47 117
47 292
47 289
47 347
47 821
47 490
47 728
47 715
47 560
47 911
47 665
47 199
47 813
47 793
47 92
47 128
47 932
47 721
47 484
47 675
47 255
47 424
47 649
47 509
47 786
47 362
47 595
47 379
47 451
47 155
47 397
47 399
47 590
47 158
47 400
47 194
48 531
48 801
48 558
48 229
48 947
48 942
48 155
48 261
48 94
48 279
49 609
49 398
49 628
49 508
50 782
50 322
50 50
50 586
50 986
50 484
50 590
50 492
51 97
51 520
51 811
51 59
51 721
51 395
51 810
52 113
52 542
52 418
52 424
52 954
52 579
52 772
52 629
52 368
53 634
53 228
53 497
53 665
53 322
53 454
53 484
53 764
53 85
53 668
54 812
54 184
54 183
54 693
54 63
54 934
54 529
54 831
54 170
54 815
54 672
54 427
54 472
54 993
54 576
54 479
54 868
54 143
55 55
55 258
55 749
55 260
55 523
55 610
55 77
55 700
56 642
56 812
56 692
56 293
56 411
56 838
56 377
56 192
56 79
56 590
56 786
56 931
57 884
57 265
57 335
57 167
57 793
57 590
58 299
58 794
58 142
58 331
58 442
58 999
58 629
58 550
59 149
59 769
59 229
59 662
59 961
59 729
59 258
59 221
59 817
59 564
59 990
59 261
59 102
59 177
59 681
59 816
60 677
60 918
60 72
60 733
60 60
60 939
60 630
60 555
60 921
60 107
60 116
61 942
61 78
61 111
61 378
61 956
62 814
62 527
62 76
62 804
62 598
62 324
62 326
62 953
62 381
63 456
63 667
63 810
63 64
63 690
63 492
64 940
64 832
64 711
64 655
64 703
64 194
64 335
64 219
65 669
65 541
65 676
65 499
65 275
66 449
66 817
66 86
66 140
66 492
67 83
67 253
67 197
67 413
67 606
67 547
67 304
67 275
68 414
68 993
68 220
68 395
68 797
68 636
69 842
69 643
69 782
69 340
69 652
69 484
69 555
69 636
69 977
69 900
69 998
70 782
70 373
70 668
70 230
70 719
70 735
70 109
71 102
71 71
71 208
71 717
71 405
71 493
71 696
71 288
71 498
71 581
72 192
72 353
72 114
72 133
72 207
72 303
72 275
72 198
72 621
72 906
72 936
72 958
72 718
72 451
72 113
72 637
73 459
73 387
73 134
73 273
73 92
73 522
73 202
74 860
74 616
74 481
74 262
74 790
74 636
74 340
74 711
75 302
75 775
75 790
75 527
75 75
75 496
75 220
75 376
75 403
75 971
75 668
75 986
75 679
75 424
75 665
75 289
76 178
76 635
76 684
76 523
76 918
76 128
76 380
76 199
76 219
76 310
76 738
76 453
76 531
76 401
76 463
76 838
76 863
77 615
77 129
77 605
77 778
77 433
77 438
77 965
77 186
77 739
77 700
77 773
77 581
77 817
77 229
77 751
77 343
77 161
77 216
77 300
77 973
77 101
77 622
77 639
77 770
77 786
77 900
77 913
77 931
77 524
78 598
78 524
78 346
78 151
78 774
78 95
78 250
78 611
79 723
79 92
79 584
79 79
79 583
79 444
79 131
79 579
79 566
79 823
79 849
79 163
79 878
79 953
79 620
79 951
80 192
80 302
80 206
80 309
80 101
80 993
80 496
80 249
81 115
81 677
81 344
81 362
81 133
81 826
81 526
82 414
82 796
82 170
82 171
82 758
82 659
82 684
83 670
83 187
83 907
83 953
83 789
83 708
83 539
83 728
83 635
83 629
83 350
83 245
83 298
83 990
83 467
83 962
83 998
83 774
83 528
83 848
83 334
83 213
83 277
83 812
83 704
83 237
83 755
83 923
83 732
83 960
83 586
83 388
83 87
83 834
83 604
83 966
84 287
84 449
84 686
84 504
84 451
84 143
84 516
84 131
84 886
84 869
85 555
85 230
85 492
85 778
85 684
86 846
86 870
86 664
86 943
86 744
86 740
86 852
86 89
86 684
87 292
87 651
87 747
87 634
87 778
87 595
87 478
88 993
88 554
88 251
88 766
88 859
88 368
88 625
88 655
88 524
89 692
89 113
89 205
89 607
89 928
89 986
89 931
89 198
90 842
90 336
90 210
90 916
90 836
90 772
90 796
90 700
91 673
91 463
91 746
91 167
91 325
91 665
91 822
91 993
91 655
91 492
92 163
92 567
92 363
92 672
92 641
92 898
92 847
92 113
92 191
92 212
92 706
92 998
93 736
93 310
93 570
93 634
93 504
93 595
93 231
93 672
93 920
93 180
93 237
93 931
94 580
94 601
94 917
94 539
94 99
94 810
94 376
94 491
94 765
94 546
94 850
94 510
94 854
94 320
94 275
94 759
94 123
94 319
94 173
94 400
95 792
95 594
95 723
95 601
95 248
95 95
95 870
95 125
95 804
95 684
95 147
95 463
95 644
95 421
95 701
95 586
95 285
95 760
96 682
96 909
96 643
96 544
96 307
96 954
96 798
96 985
96 371
96 571
96 778
96 502
97 709
97 565
97 204
97 97
97 816
97 232
97 173
97 332
97 933
97 492
98 273
98 615
98 951
98 746
98 844
98 363
98 407
98 974
98 617
98 579
98 900
98 346
99 289
99 574
99 731
99 231
99 761
99 348
100 801
100 631
100 798
100 561
100 596
100 609
100 638
100 703
100 796
100 479
101 849
101 353
101 959
101 316
101 599
101 841
101 711
101 759
101 600
101 540
101 304
101 329
101 829
102 648
102 882
102 831
102 402
102 987
102 498
103 649
103 696
103 484
103 592
103 732
103 329
103 602
103 688
103 700
103 492
104 775
104 299
104 883
104 441
104 415
104 669
104 977
104 674
104 681
105 736
105 680
105 588
105 448
105 704
106 700
106 279
106 807
106 370
106 140
107 191
107 497
107 233
107 503
107 439
107 974
108 691
108 466
108 554
108 110
108 665
108 628
108 332
108 377
108 611
108 409
109 240
109 696
109 930
109 323
109 630
109 492
110 544
110 954
110 838
110 717
110 425
110 371
110 464
110 733
111 422
111 356
111 563
111 836
111 631
111 163
111 898
111 926
111 291
111 681
112 798
112 279
112 628
112 523
112 940
112 140
112 492
113 163
113 113
113 576
113 431
113 510
113 775
113 540
113 277
114 431
114 516
114 995
114 457
114 777
114 247
114 724
114 466
114 285
114 515
114 952
114 851
114 492
115 816
115 920
115 598
115 294
115 431
115 998
115 492
116 471
116 462
116 948
116 518
116 550
116 882
116 671
117 555
117 603
117 549
117 275
117 971
117 695
117 796
117 947
117 900
117 485
117 461
118 154
118 187
118 414
118 993
118 353
118 571
118 861
118 151
119 228
119 666
119 302
119 736
119 772
119 581
119 700
119 219
119 303
120 316
120 849
120 243
120 284
120 516
120 193
120 886
120 967
120 589
121 842
121 689
121 993
121 989
121 890
121 127
121 431
121 600
121 607
121 721
121 898
121 485
121 473
121 140
122 619
122 370
122 617
122 914
122 559
122 259
122 900
123 570
123 862
123 391
123 973
123 961
123 972
123 719
123 947
123 900
124 170
124 647
124 141
124 302
124 407
124 846
124 796
124 636
125 805
125 792
125 647
125 723
125 488
125 870
125 538
125 594
125 225
125 248
125 486
125 152
125 306
125 608
125 543
125 750
125 188
125 501
125 986
125 702
125 659
125 579
125 710
125 999
125 304
126 670
126 779
126 497
126 652
126 388
127 210
127 589
127 275
127 610
127 716
128 201
128 402
128 975
128 729
128 932
128 668
128 834
128 191
128 944
128 953
128 783
128 905
128 918
128 589
129 894
129 990
129 399
129 789
129 298
129 962
129 792
129 719
129 239
129 409
129 736
129 623
130 672
130 850
130 928
130 905
130 755
130 733
130 259
130 565
130 455
131 842
131 774
131 209
131 666
131 372
131 581
131 700
131 908
132 642
132 132
132 622
132 884
132 644
132 944
132 290
132 223
132 177
132 911
132 336
132 736
132 182
133 961
133 713
133 207
133 152
133 267
133 275
134 283
134 421
134 869
134 878
134 747
134 178
134 363
134 145
134 278
134 827
134 341
134 904
135 180
135 750
135 350
135 251
135 303
135 322
135 454
135 199
135 181
135 590
135 702
135 492
136 601
136 835
136 636
136 657
136 605
136 433
136 395
137 137
137 141
137 475
137 155
137 616
137 974
137 572
137 896
137 242
138 456
138 937
138 497
138 618
138 326
138 596
138 348
139 831
139 842
139 812
139 902
139 726
139 166
139 397
139 153
139 673
139 972
139 911
139 492
140 669
140 563
140 702
140 885
140 274
140 749
140 760
140 500
140 977
140 842
140 466
140 782
140 689
140 691
140 647
140 697
140 419
140 594
140 704
140 492
141 188
141 750
141 168
141 365
141 163
141 472
141 174
141 849
141 700
142 449
142 142
142 787
142 383
142 729
142 687
142 232
142 427
142 304
143 594
143 395
143 549
143 636
143 610
143 700
143 485
143 832
143 219
144 460
144 258
144 514
144 857
144 284
144 891
144 681
145 993
145 242
145 534
145 547
145 954
145 370
145 891
146 736
146 737
146 843
146 522
146 719
146 875
146 961
146 492
146 760
146 500
147 826
147 459
147 177
147 150
147 880
147 971
147 815
147 176
147 443
147 822
147 581
147 913
147 429
148 232
148 677
148 679
148 406
148 876
148 158
148 524
148 250
149 923
149 762
149 514
149 982
149 181
149 759
149 168
149 562
149 267
149 860
149 682
149 353
149 444
149 311
149 433
149 674
149 900
149 832
149 162
150 423
150 497
150 307
150 989
150 827
150 658
150 589
150 510
151 470
151 938
151 603
151 413
151 400
151 589
152 812
152 831
152 692
152 746
152 846
152 368
152 197
152 418
152 796
152 175
152 329
153 812
153 970
153 929
153 944
153 226
153 575
153 610
153 170
153 454
153 989
153 811
154 489
154 682
154 698
154 439
154 696
154 236
154 404
154 431
154 484
154 973
154 561
154 603
154 479
154 735
154 581
154 700
155 531
155 812
155 842
155 929
155 666
155 590
155 667
155 192
155 853
155 495
155 494
155 214
155 900
156 776
156 516
156 549
156 239
156 319
156 198
157 812
157 842
157 683
157 158
157 366
157 463
157 984
158 941
158 899
158 761
158 900
159 556
159 257
159 623
159 357
159 897
159 497
159 601
159 840
159 863
159 760
160 884
160 860
160 635
160 796
160 561
160 688
160 304
160 590
160 913
161 657
161 185
161 972
161 243
161 399
162 601
162 484
162 299
162 338
162 590
162 512
162 999
162 987
162 408
162 681
163 273
163 567
163 521
163 178
163 615
163 827
163 683
163 925
163 455
163 767
163 255
163 565
163 188
163 993
163 218
164 648
164 212
164 763
164 873
164 286
164 796
164 581
164 590
164 700
164 931
164 998
165 634
165 528
165 287
165 704
165 300
165 449
165 902
165 228
165 676
165 700
165 381
166 187
166 894
166 993
166 635
166 838
166 836
166 525
166 614
166 603
166 644
166 700
166 900
166 361
167 167
167 241
167 840
167 192
167 680
167 891
167 980
168 480
168 600
168 808
168 429
169 842
169 516
169 707
169 783
169 524
169 660
169 746
169 264
169 504
170 693
170 902
170 230
170 232
170 339
170 348
170 770
171 812
171 183
171 184
171 679
171 272
171 676
171 661
171 326
171 614
172 852
172 420
172 596
172 719
172 811
172 796
172 980
173 673
173 696
173 259
173 412
173 590
173 581
173 827
173 377
173 441
173 483
173 926
173 295
173 732
173 734
173 700
173 202
173 492
174 907
174 370
174 576
174 658
174 307
174 954
174 806
174 636
174 590
175 293
175 812
175 831
175 842
175 580
175 889
175 260
175 308
175 566
175 759
175 907
175 423
175 363
175 953
176 538
176 224
176 871
176 679
176 751
176 474
176 561
176 690
176 655
176 552
177 209
177 881
177 350
177 851
177 405
177 291
177 684
177 524
177 419
178 672
178 741
178 811
178 300
179 988
179 817
179 499
179 900
179 905
179 313
179 568
179 589
180 822
180 494
180 828
180 579
180 484
180 900
181 679
181 191
181 833
181 262
181 893
181 395
181 913
181 534
181 714
182 542
182 678
182 503
182 691
182 687
182 639
182 854
182 919
182 733
182 864
182 696
182 431
182 993
182 497
182 798
182 378
182 931
183 287
183 862
183 701
183 545
183 603
183 266
183 239
183 865
184 842
184 673
184 793
184 220
185 209
185 472
185 603
185 367
185 611
185 395
185 327
185 408
185 951
185 348
185 360
185 398
185 694
185 203
185 275
186 342
186 889
186 851
186 581
186 590
186 700
186 900
186 931
186 998
187 882
187 997
187 779
187 318
187 539
187 210
187 910
187 472
187 598
187 659
187 931
187 998
187 655
187 534
187 589
188 680
188 670
188 832
188 777
188 923
188 924
188 472
188 722
188 256
188 196
189 647
189 430
189 189
189 375
189 567
189 306
189 676
189 403
189 749
189 954
189 516
189 261
189 258
190 570
190 657
190 834
190 535
190 673
190 916
191 343
191 497
191 364
191 763
191 376
191 993
191 579
191 400
192 842
192 846
192 787
192 609
192 900
193 993
193 943
193 973
193 763
193 389
193 361
194 296
194 307
194 633
194 392
194 250
194 492
195 800
195 311
195 205
195 372
195 599
195 327
195 991
196 866
196 581
196 700
196 357
196 900
196 931
197 636
197 197
197 434
197 289
197 714
197 581
197 957
198 929
198 897
198 551
198 943
198 281
198 712
198 275
199 973
199 845
199 956
199 348
199 823
199 810
200 794
200 896
200 573
200 636
200 405
200 550
200 374
201 404
201 472
201 353
201 471
201 822
201 431
201 877
202 617
202 590
202 222
202 668
202 327
202 381
202 939
202 740
202 865
202 581
202 362
202 239
202 487
202 914
202 416
202 593
202 985
202 660
202 839
202 266
202 800
202 752
202 206
202 945
202 295
202 821
202 519
202 567
202 918
203 265
203 594
203 585
203 772
203 548
203 659
203 590
203 700
203 929
203 900
203 871
204 448
204 235
204 722
204 583
204 682
204 878
204 358
204 476
205 653
205 650
205 835
205 381
205 370
205 719
205 348
205 786
205 534
206 649
206 680
206 956
206 246
206 994
206 754
206 604
206 815
206 913
206 589
207 724
207 396
207 404
208 663
208 896
208 641
208 817
208 627
208 977
209 671
209 423
209 826
209 224
209 857
209 454
209 953
209 496
209 501
210 716
210 495
210 892
210 272
211 450
211 775
211 817
211 737
211 924
211 669
211 606
211 637
212 460
212 542
212 639
212 909
212 663
212 771
212 440
212 618
212 634
212 879
212 505
212 786
212 259
212 785
212 834
212 614
213 640
213 590
213 700
213 480
213 536
213 400
213 260
213 479
213 564
214 783
214 237
214 944
214 554
214 870
214 609
214 636
215 558
215 364
215 950
215 370
215 903
215 431
215 472
216 774
216 610
216 892
216 589
216 465
216 721
217 590
217 325
217 327
217 992
217 988
217 917
217 743
218 528
218 842
218 326
218 575
218 527
218 930
218 496
218 999
218 330
218 447
218 955
218 251
218 959
218 704
218 858
218 730
218 544
218 318
218 927
218 626
218 438
218 220
219 424
219 472
219 701
219 479
219 655
219 587
219 523
219 711
219 750
219 997
219 600
219 238
219 509
219 581
219 445
219 524
220 326
220 754
220 496
220 835
220 946
220 571
220 969
220 392
220 522
220 625
220 352
220 291
221 843
221 479
221 948
221 773
222 741
222 659
222 590
222 700
222 900
222 485
222 380
223 972
223 926
223 928
224 815
224 443
224 406
224 876
225 661
225 538
225 296
225 723
225 601
225 252
225 687
225 373
225 913
226 351
226 959
226 848
226 849
226 517
226 646
226 334
227 363
227 544
227 804
227 919
227 744
227 876
227 340
227 445
228 579
228 484
228 435
228 589
228 274
229 404
229 431
229 993
229 756
229 412
229 671
229 697
229 389
230 503
230 550
230 888
230 533
230 753
231 814
231 351
231 890
231 685
231 637
232 422
232 648
232 709
232 795
232 460
232 947
232 493
232 682
232 497
232 425
232 581
232 931
232 274
233 656
233 921
233 440
233 775
233 876
233 931
234 601
234 663
234 318
234 565
234 337
234 993
234 576
234 905
235 603
235 911
235 789
235 551
235 595
235 279
236 852
236 763
236 799
236 303
236 851
236 719
236 454
236 609
236 368
236 861
237 237
237 376
237 636
238 594
238 661
238 248
238 805
238 798
238 940
238 820
238 873
238 264
238 250
239 952
239 939
240 393
240 265
240 765
240 640
240 431
240 747
240 889
240 636
240 548
241 887
241 775
241 790
241 734
242 696
242 314
242 710
242 685
242 577
242 526
242 636
243 387
243 993
243 492
243 987
243 947
244 631
244 516
244 581
244 386
244 658
244 589
245 323
245 973
245 533
245 646
245 571
246 481
246 373
246 646
246 931
246 331
246 361
246 592
246 844
246 322
246 319
247 446
247 800
247 414
247 614
247 735
247 581
247 271
248 342
248 601
248 740
248 573
248 530
248 929
248 848
249 954
249 467
249 490
249 462
249 349
249 875
249 485
250 431
250 581
250 700
250 639
250 883
250 900
250 931
251 683
251 374
252 650
252 954
252 258
252 431
252 790
252 452
252 641
252 395
252 893
253 597
253 395
253 636
253 287
253 590
253 900
254 678
254 898
254 698
254 304
255 862
255 682
255 625
255 477
255 492
256 940
256 828
256 497
256 462
256 685
257 470
257 623
257 969
257 684
257 880
257 427
257 856
257 988
257 719
257 581
257 998
258 952
258 306
258 768
258 466
258 870
258 760
258 961
258 499
258 515
259 724
259 853
259 785
259 923
259 714
259 472
260 324
260 262
260 676
260 900
260 937
260 522
260 944
260 492
261 835
261 326
261 754
261 687
261 794
261 522
261 306
262 907
262 373
262 262
262 571
262 684
262 329
262 581
262 589
263 393
263 725
263 664
263 404
263 516
263 972
263 952
263 901
263 304
263 590
264 648
264 472
264 804
264 777
264 305
264 738
264 979
264 869
264 877
264 907
264 383
264 768
264 475
264 990
264 340
264 399
264 275
265 964
265 619
265 335
265 383
265 456
265 265
265 723
265 269
265 414
265 672
265 485
265 800
265 954
265 398
265 700
265 546
266 993
266 783
266 496
266 327
266 509
267 322
267 284
267 536
267 347
267 305
267 952
267 292
268 459
268 507
268 993
268 515
268 775
268 279
268 361
268 492
269 954
269 999
269 581
269 949
269 756
269 931
269 760
270 615
270 799
270 446
270 896
270 723
270 802
270 993
270 497
270 798
270 596
270 700
270 492
271 322
271 832
271 845
271 562
271 905
272 849
272 735
272 900
272 540
272 429
272 279
273 615
273 584
273 711
273 605
273 995
273 841
274 497
274 995
274 513
274 433
274 492
275 673
275 444
275 348
275 863
275 551
275 733
275 455
275 648
275 763
275 560
275 892
275 645
275 823
275 406
276 691
276 959
276 657
277 570
277 969
277 390
278 646
278 953
278 388
278 976
279 431
279 700
279 492
279 630
279 945
279 838
279 741
279 871
280 387
280 811
280 524
280 741
280 356
280 725
281 752
281 401
281 425
281 620
281 592
282 364
282 954
282 726
282 338
282 590
283 672
283 421
283 567
283 660
283 645
283 996
283 552
283 796
284 842
284 758
284 507
284 437
284 375
284 985
284 555
284 989
285 737
285 653
285 609
285 636
285 288
285 318
285 593
285 326
286 634
286 791
286 397
286 300
286 572
286 625
286 950
287 393
287 938
287 836
287 686
287 449
287 856
287 928
287 659
287 394
288 519
288 664
288 390
288 351
288 364
288 838
288 874
288 397
288 633
288 431
288 945
288 993
288 497
288 609
289 842
289 756
289 896
289 897
289 581
289 905
290 449
290 307
290 752
290 742
290 590
290 913
290 524
291 801
291 604
291 334
291 903
291 697
291 862
291 344
291 341
292 796
292 907
292 398
292 479
292 548
292 700
292 809
293 846
293 613
293 356
293 602
293 937
293 313
293 673
293 672
293 811
293 808
294 997
294 650
294 784
294 382
294 954
295 879
295 663
295 682
295 984
295 937
295 594
295 472
295 497
295 646
295 590
295 888
296 805
296 488
296 661
296 934
296 990
296 601
296 349
296 643
296 989
296 492
297 673
297 647
297 420
297 373
297 581
297 778
297 613
297 341
298 354
298 894
298 582
298 935
298 855
298 682
299 946
299 744
299 401
299 324
299 335
299 505
299 773
299 451
299 904
299 409
299 761
299 883
299 529
299 492
300 851
300 684
300 330
300 900
301 315
301 567
301 578
301 904
301 872
301 607
301 625
301 900
302 423
302 670
302 680
302 511
302 477
302 762
302 698
302 438
302 745
302 687
302 471
302 632
302 589
303 871
304 958
304 304
304 374
304 602
304 688
304 872
304 901
304 469
304 349
304 692
304 558
304 780
304 684
305 516
305 887
305 588
305 378
305 737
305 885
305 851
305 458
305 973
305 718
305 914
305 998
306 702
306 812
306 558
306 499
306 478
307 805
307 547
307 359
307 426
307 314
307 643
307 752
307 617
307 578
307 797
307 865
307 491
307 983
307 886
307 713
307 910
307 827
307 848
307 900
308 870
308 826
308 906
308 359
308 753
308 872
308 579
308 484
308 926
309 812
309 853
309 511
309 532
309 774
309 596
309 796
309 492
310 994
310 622
310 586
310 503
310 359
310 440
310 954
310 516
310 358
310 819
311 696
311 822
311 830
311 740
311 611
312 680
312 561
312 638
312 657
312 566
312 554
312 514
313 828
313 613
313 929
313 624
313 694
313 466
313 877
313 977
314 527
314 766
314 954
314 621
314 398
315 670
315 860
315 771
315 879
315 882
315 802
315 962
316 404
316 497
316 457
316 901
316 849
316 891
316 609
316 367
316 948
316 535
317 670
317 431
317 932
317 702
317 627
318 482
318 932
318 917
318 452
318 843
318 972
318 973
319 479
319 700
319 998
319 540
319 809
320 468
320 656
320 390
320 775
320 596
320 373
320 446
321 443
321 691
321 525
321 796
321 911
321 590
321 381
321 524
321 492
322 558
322 852
322 800
322 880
322 473
322 579
322 484
323 912
323 555
323 945
323 757
323 952
323 522
323 688
324 431
324 781
324 324
324 975
324 847
324 454
324 353
324 401
324 325
324 568
325 541
325 700
325 679
325 431
325 840
325 834
325 931
326 835
326 486
326 754
326 794
326 527
326 544
326 581
326 452
326 543
326 990
326 522
327 669
327 806
327 590
327 700
327 409
327 953
327 851
327 900
327 931
328 682
328 891
328 607
328 571
328 976
328 590
328 445
329 329
329 747
329 937
329 918
329 515
329 479
329 524
330 371
330 750
330 575
330 983
330 811
330 843
330 774
330 534
331 661
331 377
331 589
331 980
331 917
331 432
331 471
331 429
332 541
332 425
332 900
332 998
333 449
333 666
333 581
333 702
334 619
334 463
334 855
334 954
334 698
334 860
334 696
334 491
334 405
334 550
335 724
335 725
335 910
335 640
335 800
335 384
335 572
335 919
336 516
336 572
336 420
336 675
337 764
337 646
337 479
337 524
337 677
337 916
338 969
338 516
338 774
338 583
338 338
338 845
338 897
338 816
338 749
338 753
338 780
338 865
339 617
339 573
339 600
339 561
339 505
339 809
339 811
339 581
340 920
340 497
340 590
340 701
340 564
340 762
340 998
340 552
341 488
341 911
341 810
342 853
342 349
342 874
342 951
342 489
342 676
342 663
342 497
342 651
342 509
343 648
343 343
343 780
343 532
343 948
343 490
343 416
343 972
344 349
344 423
344 421
344 472
344 450
344 891
344 636
345 454
345 989
345 845
345 358
345 892
345 524
345 681
345 655
346 993
346 554
346 534
346 944
346 929
347 642
347 459
347 776
347 396
347 472
347 635
347 620
347 735
347 608
347 477
348 601
348 512
348 372
348 378
348 573
348 490
348 813
348 561
348 765
348 664
348 788
348 726
348 460
348 894
349 929
349 647
349 805
349 488
349 800
349 848
349 868
349 422
349 735
349 395
349 700
350 565
350 901
350 778
350 400
351 812
351 757
351 401
351 431
351 993
351 444
351 524
351 577
352 395
352 465
352 572
352 558
352 636
353 452
353 585
353 389
353 710
353 709
353 888
354 642
354 570
354 994
354 354
354 905
354 634
354 931
355 845
355 645
355 479
355 923
355 581
356 804
356 563
356 783
356 479
356 900
356 435
357 705
357 969
357 725
357 856
357 781
357 590
357 702
357 916
358 449
358 952
358 603
358 635
358 534
358 395
358 571
359 544
359 954
359 931
359 523
359 589
360 561
360 563
360 584
360 868
360 985
360 520
360 900
360 476
361 536
361 492
362 842
362 536
363 619
363 968
363 780
363 897
363 636
363 589
364 856
364 472
364 993
364 703
364 372
364 811
365 945
365 401
365 590
365 597
365 998
366 826
366 399
366 590
366 544
367 943
367 378
367 511
367 833
367 655
368 448
368 679
368 609
368 796
368 535
368 555
368 399
369 561
369 657
369 743
369 540
369 395
369 442
369 837
370 664
370 617
370 839
370 376
370 795
370 606
370 461
370 627
371 721
371 472
372 993
372 783
372 479
372 905
373 472
373 896
373 719
373 402
373 373
373 598
373 777
373 501
373 622
373 897
373 487
373 957
373 748
374 766
374 602
374 958
374 826
374 380
375 686
375 752
375 782
375 795
375 864
377 590
377 900
378 519
378 716
378 954
378 855
378 497
378 931
378 518
379 474
379 599
379 581
379 976
380 954
380 386
380 568
380 941
381 815
381 590
381 437
381 600
381 900
382 696
382 763
382 505
382 566
382 780
382 992
382 993
382 497
382 669
382 522
383 456
383 800
383 902
383 746
383 498
383 904
383 681
384 805
384 941
384 462
385 787
385 832
385 459
385 782
385 390
385 655
386 722
386 747
386 434
386 402
386 539
386 484
386 631
386 836
386 658
386 589
387 680
387 860
387 956
387 895
387 472
387 684
388 591
388 590
388 700
388 913
388 918
388 492
388 504
389 960
389 937
389 926
389 913
389 589
390 580
390 723
390 822
390 656
390 409
390 908
390 424
390 440
390 606
390 998
391 644
391 391
391 486
391 954
391 572
391 886
392 696
392 414
392 779
392 776
392 435
392 617
392 810
392 993
392 497
392 786
393 791
393 686
393 850
393 531
393 940
393 954
393 462
393 727
393 769
394 853
394 745
394 737
394 655
394 589
395 812
395 696
395 775
395 636
395 586
395 395
395 624
395 899
395 603
395 871
395 933
395 989
395 478
395 571
395 405
396 456
396 463
396 822
396 993
396 516
396 590
396 768
397 791
397 516
397 458
397 819
398 657
398 796
398 980
398 595
398 704
398 589
398 863
399 737
399 561
399 657
399 646
399 747
399 549
399 965
399 494
399 887
399 404
399 840
399 601
400 692
400 709
400 431
400 698
400 524
400 535
400 540
400 611
400 920
400 763
400 513
400 588
400 630
401 493
401 887
401 739
401 927
401 831
401 590
401 530
402 896
402 719
402 722
402 566
402 455
402 559
403 719
403 541
403 700
403 492
404 656
404 561
404 625
404 605
405 663
405 493
405 604
406 631
406 464
406 662
406 417
406 674
406 966
407 631
407 682
407 691
407 972
407 993
407 547
407 900
408 959
408 494
408 590
408 700
408 900
409 792
409 804
409 550
409 677
409 838
409 867
409 900
409 466
409 936
410 696
410 431
410 891
410 775
410 527
410 649
410 930
410 657
411 454
411 948
411 590
411 674
411 900
411 560
411 445
411 589
412 745
412 794
412 746
412 525
413 993
413 878
413 703
413 842
413 700
414 716
414 997
414 968
414 737
414 697
414 779
414 847
414 528
414 994
414 860
414 472
414 993
414 484
415 472
415 532
415 496
415 574
415 905
416 956
416 718
416 715
416 961
416 900
416 485
417 993
417 764
417 752
417 710
417 591
417 931
418 663
418 682
418 634
418 581
419 855
419 650
419 954
419 562
420 691
420 822
420 653
420 858
420 472
420 888
421 545
421 818
421 533
421 530
422 648
422 788
422 624
422 627
422 691
422 945
423 459
423 423
423 569
423 671
423 857
423 840
423 777
423 901
423 744
423 631
423 576
423 878
424 482
424 978
424 542
424 924
424 472
424 875
424 617
424 908
424 993
425 862
425 952
425 626
425 645
425 761
425 796
426 643
426 547
426 826
426 725
426 576
426 954
427 741
427 889
427 993
427 897
428 604
428 684
428 659
428 628
428 658
428 860
428 700
429 910
429 498
429 530
429 453
429 968
429 953
429 955
429 538
429 688
430 544
430 752
430 640
430 872
430 760
430 954
430 878
431 677
431 696
431 993
431 785
431 997
431 757
431 974
431 822
431 489
431 968
431 852
431 910
431 482
431 909
431 807
431 638
431 669
431 979
431 652
431 581
431 575
431 932
431 756
431 913
431 619
431 762
431 982
431 491
431 649
431 484
431 989
431 561
431 684
432 812
432 581
432 590
432 700
432 636
433 780
433 843
433 909
433 625
433 571
433 900
433 950
434 822
434 561
434 566
434 651
434 589
435 532
435 675
435 681
435 943
435 466
435 692
435 492
436 856
436 511
436 493
436 678
436 497
436 509
436 590
436 674
436 700
437 456
437 590
437 931
437 775
438 741
438 849
438 707
438 447
438 913
438 967
439 882
439 603
439 451
439 700
439 492
440 663
440 446
440 588
440 626
440 849
441 581
441 590
441 778
441 998
442 661
442 521
442 797
442 903
442 851
443 686
443 569
443 443
443 671
443 857
443 815
443 937
443 934
443 617
443 927
443 458
443 801
443 737
443 989
443 978
443 700
443 871
444 862
444 528
444 583
444 584
444 986
444 949
444 907
444 999
444 866
444 527
444 717
444 932
445 655
445 639
445 553
446 449
446 446
446 592
446 986
446 614
447 693
447 579
447 669
447 522
447 715
447 905
448 803
448 861
448 609
448 778
448 550
449 558
449 801
449 449
449 938
449 944
449 762
449 471
449 534
450 585
450 849
450 891
450 583
451 603
451 627
451 713
451 740
451 861
452 579
452 848
452 787
452 739
452 626
452 471
452 931
453 988
453 533
453 700
453 540
454 833
454 579
454 987
454 454
454 562
454 666
454 654
454 540
454 561
454 840
454 693
454 484
454 764
454 889
454 590
454 492
455 689
455 618
455 980
455 878
455 624
456 787
456 619
456 891
456 498
456 568
457 696
457 804
457 651
457 594
458 757
458 829
458 959
458 581
459 512
459 609
459 659
460 846
460 696
460 967
460 472
460 655
460 933
461 902
461 610
461 524
461 800
462 472
462 798
462 719
462 498
463 842
463 669
463 657
464 993
464 566
464 572
464 756
464 945
464 559
464 975
464 491
465 586
465 624
465 808
465 570
465 792
465 636
466 677
466 466
466 529
466 789
466 472
466 993
466 561
467 594
467 947
467 654
467 590
468 842
468 929
468 780
468 616
468 682
468 707
468 640
468 760
469 697
469 491
469 530
469 871
469 997
470 623
470 580
470 517
470 988
470 757
470 779
470 924
470 821
471 997
471 849
471 848
471 585
471 720
471 699
471 649
471 503
471 657
471 747
472 664
472 696
472 474
472 771
472 489
472 938
472 497
472 501
472 921
472 972
472 677
472 542
472 763
472 935
472 737
472 741
472 656
472 506
472 615
472 544
472 960
472 900
472 991
472 487
472 730
472 863
472 648
472 881
472 886
472 516
472 790
472 660
472 567
472 514
472 993
472 701
472 998
473 984
473 848
473 475
474 969
474 700
474 547
475 522
475 719
475 899
475 918
476 657
476 770
476 900
476 772
476 998
476 492
477 993
477 547
477 627
477 905
477 589
477 953
477 735
478 570
478 581
478 590
478 913
478 945
478 910
478 553
479 813
479 708
479 638
479 560
479 836
479 990
479 690
479 574
479 533
479 490
479 542
479 743
479 814
479 981
479 613
479 701
479 505
479 742
479 839
480 696
480 484
480 781
480 846
480 706
480 593
480 900
480 996
481 516
481 618
481 973
481 650
481 659
481 700
482 746
482 538
482 691
482 887
482 944
482 861
482 508
482 658
482 933
483 954
483 534
483 866
483 992
484 497
484 579
484 764
484 562
484 833
484 873
484 782
484 750
484 484
484 719
484 551
484 922
484 652
484 537
484 670
484 697
484 808
484 769
484 913
484 996
485 581
485 590
485 700
485 730
485 555
485 661
485 671
485 998
486 818
486 669
486 897
486 590
487 590
487 778
487 607
487 981
488 623
488 853
488 763
488 718
488 784
488 544
489 677
489 553
489 497
489 645
489 590
489 589
490 635
490 821
492 638
492 604
492 758
492 504
492 751
492 825
492 546
492 552
492 630
492 492
492 760
492 875
492 748
492 847
492 513
492 559
492 505
492 885
492 557
492 553
492 933
492 712
492 500
492 968
492 694
492 804
492 754
492 651
492 862
492 569
492 975
492 573
492 517
492 746
492 987
492 913
492 735
492 600
492 680
492 853
493 601
493 780
493 758
493 719
494 771
494 875
494 625
494 681
495 682
495 993
495 498
495 937
495 544
495 611
496 696
496 775
497 653
497 843
497 741
497 663
497 802
497 716
497 920
497 691
497 820
497 824
497 720
497 874
497 562
497 829
497 975
497 709
497 761
497 700
497 748
497 651
497 833
497 508
497 936
498 798
498 952
498 710
498 726
498 973
498 804
498 534
498 595
498 522
498 796
499 936
499 659
500 613
500 590
500 572
501 972
501 896
501 954
501 727
501 937
501 502
501 524
502 581
502 590
502 700
502 900
503 691
503 806
503 573
503 733
504 603
504 700
504 864
504 661
504 947
506 631
506 696
506 900
506 931
506 534
506 589
507 745
507 895
507 992
507 576
507 524
507 557
508 907
508 775
508 998
508 742
509 961
509 685
509 982
509 765
509 754
509 639
509 693
510 512
510 540
511 613
511 511
511 993
511 657
511 700
512 856
512 689
512 708
512 940
512 601
512 866
512 596
512 513
512 546
513 522
513 590
513 513
513 868
513 935
513 795
514 669
514 759
514 735
514 716
514 803
514 703
514 521
514 807
514 728
515 539
515 674
515 746
515 929
515 764
515 524
516 831
516 663
516 738
516 979
516 618
516 756
516 572
516 532
516 989
516 578
516 872
516 968
516 599
516 671
516 649
516 546
516 659
517 781
517 634
517 548
517 837
518 777
518 561
518 531
518 612
518 716
519 968
519 534
519 649
519 542
519 696
519 606
519 983
519 529
520 986
520 877
520 520
520 961
520 967
521 672
521 578
521 562
521 621
521 605
522 940
522 896
522 901
522 522
522 881
522 707
522 745
522 756
522 703
522 900
522 530
523 774
524 909
524 983
524 915
524 675
524 714
524 859
524 927
524 530
524 942
524 547
524 721
524 644
524 812
524 961
524 617
524 802
524 821
524 698
524 558
524 630
525 709
525 990
525 880
525 657
525 793
525 980
525 606
526 867
526 952
526 606
526 905
526 589
527 820
527 835
527 919
527 771
527 977
527 930
527 928
528 787
528 769
528 940
528 700
529 590
529 905
529 608
530 541
530 691
530 641
531 801
531 558
531 791
531 933
531 820
531 700
532 579
532 578
533 848
533 943
533 813
533 650
533 932
533 998
534 793
534 628
534 658
534 589
534 901
534 783
534 543
535 731
535 655
536 977
536 559
536 974
536 819
537 839
537 806
537 962
537 722
537 766
538 814
538 647
538 560
538 594
538 859
539 708
539 805
539 603
540 567
540 639
540 952
540 899
540 832
541 628
541 726
541 551
541 581
541 700
541 900
542 910
542 921
542 704
542 715
542 778
542 631
542 790
542 708
543 617
543 796
543 961
543 581
544 671
544 906
544 874
544 655
544 964
544 954
545 664
545 799
545 662
545 676
545 769
546 792
547 906
547 695
547 954
547 658
548 995
548 636
548 730
549 601
549 790
549 642
549 922
550 880
550 949
550 813
550 565
550 690
551 848
551 896
552 716
552 700
552 557
553 952
553 970
554 817
554 554
554 889
554 768
554 998
554 675
555 570
555 818
555 822
555 642
555 915
555 928
556 705
556 839
556 856
556 988
556 724
556 954
557 935
557 735
557 786
557 758
557 885
557 709
557 917
557 625
558 787
558 791
558 686
558 814
558 590
559 570
559 781
560 687
560 994
560 956
560 657
560 796
560 753
560 998
561 793
561 722
561 806
561 854
561 651
561 943
561 962
561 583
561 650
561 675
561 936
562 752
562 666
562 579
562 900
563 881
563 744
564 896
564 588
564 967
564 905
564 589
565 874
565 984
565 838
565 741
566 807
566 755
566 954
566 963
567 893
567 636
568 639
568 658
568 833
568 589
569 723
569 933
569 906
569 696
570 867
570 642
570 570
570 879
570 994
570 975
570 885
570 615
570 914
570 634
570 852
570 782
570 587
570 809
571 912
571 590
572 798
572 576
572 838
572 892
572 878
572 887
572 952
573 911
573 751
573 684
573 609
574 647
574 761
574 587
574 635
574 797
575 677
575 578
575 860
575 669
575 980
576 892
577 831
577 921
577 955
577 719
577 590
577 998
577 741
579 987
579 833
579 593
579 666
579 782
579 630
579 582
579 673
579 633
579 695
579 700
580 801
580 690
580 842
580 973
581 731
581 795
581 739
581 803
581 991
581 922
581 778
581 730
581 770
581 937
581 829
581 786
581 967
581 838
581 893
581 908
581 830
581 971
581 841
581 916
581 701
581 691
581 646
581 749
581 667
581 673
581 744
581 693
581 589
581 593
581 719
581 606
581 979
581 959
582 645
582 839
582 778
583 993
583 774
583 703
583 686
583 894
583 660
583 878
584 986
584 584
584 723
584 727
584 637
585 720
585 959
585 990
585 594
586 953
586 591
587 867
587 718
587 932
588 792
588 889
588 909
588 688
588 700
589 918
589 755
589 905
589 658
589 589
589 595
589 892
589 966
589 680
589 661
589 841
589 799
589 917
589 639
589 928
589 770
589 683
589 735
590 705
590 852
590 657
590 941
590 913
590 590
590 893
590 683
590 971
590 739
590 699
590 886
590 872
590 908
590 768
590 937
590 706
590 883
590 700
590 827
590 702
590 914
590 939
590 935
590 644
590 751
590 895
590 858
590 638
590 620
590 820
590 831
590 648
590 921
590 745
590 936
590 766
590 821
590 822
590 679
590 662
590 828
590 599
590 993
590 928
591 917
591 719
591 817
591 620
591 734
591 849
591 870
591 727
591 803
591 786
592 618
592 719
592 649
593 791
593 782
593 811
593 764
593 638
594 647
594 916
595 763
595 997
595 665
595 967
595 905
596 638
596 783
596 982
596 621
596 605
596 681
596 871
597 736
597 878
597 923
597 750
597 616
597 889
597 900
598 921
598 685
598 636
598 963
599 725
599 848
599 959
599 863
599 889
599 891
600 804
600 775
600 825
600 657
601 647
601 723
601 601
601 792
601 805
601 874
601 868
601 963
601 969
601 649
602 644
602 905
602 833
602 688
603 974
603 747
603 645
603 753
604 989
604 976
604 734
604 879
604 686
604 730
604 944
604 932
604 950
605 900
605 904
605 931
605 905
606 720
606 620
606 625
607 954
607 849
607 986
607 635
607 793
607 939
608 889
608 626
609 629
609 609
609 665
609 854
609 789
609 680
609 666
609 863
610 705
610 900
611 942
611 858
611 694
611 732
612 812
612 637
612 700
612 967
613 842
613 931
614 952
614 721
614 948
614 700
614 847
615 737
615 851
616 860
616 744
617 934
617 999
618 952
618 904
619 964
619 800
619 741
619 635
620 707
620 701
620 766
621 954
621 838
621 949
622 736
623 839
623 637
623 992
623 688
624 678
624 636
624 829
625 923
625 632
625 625
625 972
626 741
626 700
627 868
627 898
627 851
628 900
629 723
629 708
629 958
629 662
629 657
631 882
631 974
631 966
631 933
632 671
632 992
632 993
632 798
633 842
634 862
634 884
634 885
634 892
634 846
634 826
635 834
635 739
635 991
635 717
636 797
636 944
636 717
636 689
636 975
636 646
636 722
636 998
638 703
638 854
638 879
638 823
638 702
638 741
638 796
638 865
639 800
639 924
639 997
639 729
639 993
640 889
641 964
641 816
641 998
641 905
642 879
642 803
642 943
642 947
643 686
643 805
643 954
643 849
644 644
644 905
644 862
644 952
645 938
645 993
645 916
646 816
646 703
646 813
646 690
646 881
646 694
646 838
647 661
647 912
647 855
648 989
649 801
649 912
649 882
649 921
650 815
650 954
650 711
651 790
652 835
652 905
653 993
653 792
653 734
653 691
653 890
654 705
654 661
654 891
654 756
654 700
654 900
654 998
655 723
655 854
655 832
655 711
655 732
655 843
655 901
655 923
655 976
656 697
656 910
656 974
656 799
656 679
656 996
656 684
656 795
656 682
656 776
656 681
657 993
657 715
657 906
657 850
657 973
657 825
657 660
657 933
658 918
658 735
658 805
658 957
658 748
658 793
659 679
659 782
659 714
659 684
659 674
660 684
660 810
661 870
661 855
661 853
661 679
661 906
661 761
662 947
663 945
663 933
663 677
663 954
663 719
663 795
664 968
664 757
664 689
664 741
664 988
664 728
665 784
665 852
665 900
667 667
667 822
668 840
668 751
668 837
669 701
669 794
669 946
669 728
669 982
669 955
669 768
671 826
671 735
671 867
672 672
672 978
673 842
673 902
673 812
673 746
673 814
673 956
673 877
673 898
673 951
674 908
674 837
674 941
674 694
674 992
674 931
675 954
675 942
675 808
675 680
676 750
676 927
676 770
676 900
676 913
677 678
677 807
677 935
677 993
677 979
677 917
677 815
677 852
677 931
678 993
678 834
678 957
679 723
679 987
680 917
680 680
680 853
680 832
681 959
681 951
681 858
681 684
682 993
682 852
682 797
682 696
682 843
682 931
683 796
683 900
684 952
684 684
684 717
684 825
684 745
684 944
684 885
684 900
685 690
685 902
685 735
686 940
686 787
686 973
686 712
686 696
687 997
687 687
687 757
687 993
689 985
689 972
689 694
690 796
690 891
691 696
691 920
691 921
691 824
691 693
691 867
691 704
691 736
691 794
692 842
692 886
693 693
693 900
694 839
694 993
694 819
694 723
695 763
696 723
696 921
696 938
696 816
696 741
696 696
696 763
696 950
696 913
696 768
696 719
697 978
697 788
697 901
697 993
699 856
699 700
699 869
700 989
700 739
700 971
700 841
700 773
700 904
700 998
700 706
700 967
700 888
700 829
700 922
700 899
700 991
700 702
700 700
700 803
700 965
700 910
700 780
700 732
700 775
700 916
700 868
700 962
700 703
700 890
700 858
700 963
700 931
701 889
702 860
702 861
702 769
702 762
702 815
703 747
703 943
703 835
703 754
704 724
704 891
704 719
705 988
705 761
705 797
705 998
706 796
706 900
706 905
707 812
707 709
707 979
707 798
707 789
707 925
707 989
707 931
708 954
708 963
708 948
708 865
709 952
709 796
710 738
710 958
711 993
711 985
712 964
712 917
712 993
713 906
713 932
714 791
714 917
715 779
715 962
715 829
716 909
716 924
716 938
716 942
716 993
717 796
718 952
718 993
718 947
718 904
719 896
719 881
719 778
719 873
719 796
720 816
720 978
720 725
720 818
720 993
721 780
722 918
723 879
723 792
723 723
723 945
724 964
725 969
725 856
725 988
725 949
725 733
726 826
726 910
726 992
726 840
726 899
726 931
727 977
728 853
728 820
728 810
729 757
729 850
729 913
730 840
731 954
731 849
731 830
731 900
731 942
732 768
733 891
733 793
733 803
734 955
734 851
734 865
735 805
735 989
735 790
735 811
735 936
736 867
736 785
736 817
736 830
737 894
737 784
737 921
737 837
738 785
738 918
739 747
739 966
739 915
739 931
739 967
740 835
741 974
741 859
741 769
741 861
742 812
742 811
742 913
743 998
743 992
743 761
744 790
744 930
744 972
744 770
744 936
745 803
745 784
746 746
746 952
747 997
748 928
748 782
749 891
750 769
751 896
752 906
752 889
753 900
754 999
755 987
755 790
755 981
755 851
755 998
755 918
757 964
757 924
757 993
757 954
757 979
758 909
758 850
759 796
759 811
760 972
762 990
762 948
762 844
763 852
763 841
764 833
764 902
764 774
764 771
766 779
766 844
767 777
767 994
767 823
769 899
769 829
770 871
770 789
771 824
771 958
771 906
771 802
771 960
772 812
772 934
772 946
772 865
772 790
773 920
773 889
773 883
773 904
773 998
774 929
774 878
774 834
774 962
775 802
775 794
775 803
776 842
776 856
776 992
776 798
777 895
778 820
778 812
778 822
778 931
779 956
780 826
781 987
781 798
781 853
781 930
782 863
782 809
784 800
784 867
784 993
784 905
785 857
785 907
785 818
785 993
786 873
786 998
787 919
787 952
787 829
788 788
788 942
788 992
788 923
788 900
789 796
791 926
792 874
792 805
792 880
793 943
793 933
793 926
793 858
794 882
796 836
796 953
796 935
796 925
797 944
798 994
798 845
798 952
799 969
800 800
801 801
801 901
801 961
802 974
802 894
802 958
802 849
802 807
802 993
803 851
803 931
804 989
804 932
804 874
804 926
805 960
807 881
807 885
807 915
807 852
810 819
811 999
811 899
811 989
811 967
812 970
812 958
812 980
813 974
813 833
814 994
815 826
815 900
816 841
816 831
818 883
819 915
819 916
820 826
820 954
821 885
821 894
822 964
822 865
824 977
824 995
824 946
824 931
825 912
825 993
826 874
826 900
827 970
827 900
827 931
827 998
828 929
828 919
828 925
829 900
829 931
830 887
830 904
831 916
831 931
833 989
833 905
834 880
834 844
836 954
837 913
837 882
837 900
839 856
839 976
839 931
840 954
840 840
840 880
840 998
841 926
841 900
841 913
842 902
842 846
842 842
842 887
842 900
842 932
843 843
843 993
843 976
845 879
846 948
847 872
847 963
848 891
848 890
849 959
849 887
849 913
850 980
852 912
855 992
855 903
856 969
856 994
857 993
857 900
858 996
859 861
859 950
861 928
861 993
861 996
863 952
863 957
864 934
864 952
864 948
865 998
866 995
866 983
866 998
867 915
868 931
869 904
870 994
871 900
871 917
873 972
873 993
874 958
876 941
877 901
877 980
878 878
878 998
878 892
880 891
881 896
882 930
883 900
884 884
884 923
884 965
886 941
886 900
886 931
888 931
888 998
890 959
890 999
890 891
891 988
891 923
892 905
893 900
893 931
894 932
895 985
895 909
896 901
896 896
896 908
898 966
898 900
900 909
900 991
900 931
900 998
900 937
900 965
900 932
902 914
903 925
903 966
905 998
905 905
905 915
906 954
907 954
908 931
909 968
910 951
910 974
910 993
912 917
913 967
913 998
914 924
914 931
917 956
918 918
919 946
920 935
920 992
920 955
920 931
922 993
922 998
926 928
928 993
929 993
930 964
931 992
931 937
931 983
931 998
932 988
935 970
938 993
939 953
946 954
947 957
948 976
952 979
952 973
952 989
952 963
954 954
954 966
957 963
961 988
970 972
972 993
973 995
974 992
978 993
981 995
984 984
988 988
991 993
993 997
