0 6
1 12
2 1
3 158
4 159
5 77
6 160
7 161
8 18
9 162
10 163
11 78
12 164
13 165
14 166
15 167
16 153
17 0
18 168
19 2
20 53
21 33
22 169
23 44
24 9
25 10
26 170
27 11
28 63
29 79
30 80
31 13
32 13
33 171
34 172
35 0
36 43
37 173
38 3
39 39
40 174
41 0
42 175
43 2
44 45
45 176
46 27
47 177
48 178
49 0
50 179
51 45
52 180
53 181
54 1
55 76
56 182
57 183
58 17
59 46
60 184
61 185
62 186
63 40
64 144
65 47
66 187
67 188
68 15
69 189
70 91
71 37
72 81
73 190
74 30
75 45
76 13
77 82
78 102
79 191
80 73
81 192
82 193
83 48
84 48
85 83
86 4
87 17
88 84
89 3
90 33
91 85
92 49
93 5
94 149
95 37
96 25
97 31
98 194
99 19
100 195
101 62
102 50
103 11
104 196
105 86
106 197
107 198
108 199
109 17
110 26
111 4
112 61
113 12
114 43
115 200
116 201
117 147
118 42
119 152
120 202
121 2
122 28
123 5
124 10
125 87
126 203
127 204
128 205
129 206
130 0
131 0
132 7
133 207
134 208
135 51
136 52
137 209
138 62
139 12
140 28
141 74
142 25
143 63
144 8
145 210
146 33
147 3
148 211
149 41
150 212
151 156
152 14
153 34
154 88
155 213
156 1
157 214
158 215
159 32
160 216
161 26
162 12
163 8
164 100
165 2
166 217
167 66
168 218
169 14
170 219
171 220
172 221
173 0
174 89
175 222
176 4
177 140
178 142
179 15
180 7
181 223
182 43
183 7
184 27
185 224
186 1
187 1
188 107
189 90
190 2
191 225
192 4
193 91
194 98
195 226
196 227
197 228
198 229
199 134
200 3
201 105
202 92
203 53
204 230
205 1
206 231
207 4
208 11
209 232
210 233
211 137
212 15
213 234
214 127
215 54
216 93
217 2
218 235
219 21
220 236
221 16
222 237
223 238
224 57
225 0
226 0
227 239
228 1
229 94
230 240
231 10
232 1
233 14
234 0
235 136
236 9
237 241
238 56
239 7
240 242
241 2
242 80
243 2
244 0
245 243
246 244
247 20
248 5
249 245
250 20
251 246
252 247
253 29
254 24
255 248
256 2
257 249
258 250
259 16
260 251
261 4
262 252
263 253
264 254
265 95
266 125
267 41
268 255
269 5
270 96
271 256
272 257
273 96
274 10
275 13
276 55
277 258
278 5
279 259
280 57
281 7
282 260
283 261
284 56
285 262
286 30
287 121
288 68
289 70
290 263
291 264
292 97
293 265
294 266
295 267
296 268
297 59
298 22
299 269
300 270
301 271
302 155
303 98
304 272
305 81
306 99
307 3
308 273
309 1
310 274
311 109
312 275
313 100
314 3
315 276
316 101
317 104
318 23
319 0
320 277
321 51
322 6
323 44
324 76
325 101
326 102
327 8
328 150
329 278
330 90
331 279
332 2
333 0
334 16
335 1
336 280
337 25
338 103
339 104
340 105
341 281
342 57
343 20
344 282
345 74
346 283
347 284
348 20
349 285
350 106
351 107
352 286
353 12
354 287
355 11
356 58
357 56
358 24
359 288
360 289
361 10
362 290
363 291
364 1
365 4
366 39
367 292
368 5
369 293
370 6
371 28
372 294
373 295
374 296
375 7
376 108
377 297
378 298
379 299
380 300
381 301
382 10
383 41
384 15
385 302
386 303
387 304
388 305
389 306
390 307
391 59
392 0
393 308
394 309
395 310
396 58
397 46
398 60
399 61
400 311
401 312
402 313
403 62
404 23
405 12
406 8
407 109
408 110
409 63
410 314
411 0
412 95
413 21
414 315
415 53
416 110
417 316
418 317
419 6
420 318
421 49
422 319
423 111
424 3
425 320
426 112
427 14
428 321
429 64
430 0
431 322
432 11
433 113
434 24
435 114
436 323
437 324
438 325
439 1
440 5
441 9
442 326
443 327
444 328
445 30
446 2
447 1
448 329
449 330
450 6
451 331
452 5
453 18
454 332
455 65
456 333
457 66
458 67
459 334
460 42
461 335
462 129
463 336
464 28
465 42
466 1
467 337
468 130
469 123
470 15
471 38
472 338
473 0
474 339
475 21
476 340
477 1
478 341
479 128
480 342
481 11
482 43
483 66
484 6
485 115
486 30
487 22
488 343
489 344
490 141
491 35
492 345
493 346
494 0
495 347
496 35
497 348
498 75
499 8
500 116
501 349
502 3
503 350
504 31
505 2
506 6
507 351
508 71
509 34
510 352
511 55
512 11
513 15
514 117
515 47
516 353
517 354
518 355
519 118
520 18
521 356
522 357
523 119
524 358
525 5
526 359
527 360
528 361
529 67
530 118
531 362
532 1
533 363
534 364
535 365
536 366
537 5
538 367
539 368
540 16
541 13
542 5
543 120
544 369
545 25
546 133
547 9
548 370
549 371
550 2
551 121
552 372
553 46
554 36
555 77
556 12
557 1
558 111
559 373
560 32
561 374
562 19
563 33
564 375
565 1
566 5
567 376
568 122
569 377
570 123
571 378
572 82
573 379
574 380
575 54
576 15
577 124
578 381
579 382
580 125
581 383
582 3
583 60
584 384
585 19
586 385
587 386
588 39
589 126
590 2
591 387
592 7
593 127
594 388
595 31
596 389
597 18
598 390
599 50
600 4
601 391
602 392
603 128
604 113
605 35
606 92
607 65
608 16
609 64
610 126
611 393
612 4
613 10
614 394
615 395
616 396
617 397
618 398
619 61
620 399
621 400
622 87
623 401
624 31
625 402
626 16
627 0
628 7
629 3
630 403
631 2
632 129
633 3
634 34
635 143
636 404
637 405
638 68
639 7
640 8
641 13
642 406
643 407
644 89
645 17
646 39
647 408
648 3
649 12
650 50
651 130
652 18
653 69
654 6
655 131
656 409
657 99
658 410
659 83
660 411
661 78
662 103
663 412
664 413
665 139
666 15
667 414
668 415
669 84
670 416
671 0
672 417
673 2
674 79
675 418
676 132
677 133
678 6
679 419
680 420
681 71
682 59
683 421
684 422
685 27
686 423
687 424
688 8
689 425
690 426
691 21
692 2
693 9
694 134
695 427
696 428
697 151
698 429
699 430
700 69
701 20
702 431
703 432
704 72
705 106
706 433
707 10
708 434
709 24
710 435
711 25
712 135
713 135
714 85
715 436
716 437
717 1
718 5
719 13
720 14
721 438
722 26
723 439
724 35
725 3
726 17
727 154
728 54
729 26
730 51
731 69
732 3
733 440
734 7
735 65
736 441
737 23
738 9
739 119
740 1
741 11
742 14
743 442
744 14
745 52
746 17
747 443
748 36
749 444
750 3
751 445
752 446
753 48
754 0
755 447
756 22
757 7
758 448
759 40
760 116
761 1
762 117
763 0
764 19
765 8
766 27
767 131
768 449
769 450
770 451
771 452
772 145
773 453
774 454
775 455
776 456
777 457
778 26
779 458
780 136
781 21
782 459
783 460
784 461
785 21
786 462
787 3
788 5
789 463
790 464
791 70
792 67
793 465
794 2
795 22
796 40
797 466
798 146
799 467
800 468
801 469
802 9
803 17
804 9
805 2
806 470
807 86
808 11
809 471
810 472
811 6
812 0
813 29
814 473
815 11
816 19
817 474
818 475
819 476
820 58
821 477
822 41
823 37
824 478
825 29
826 44
827 3
828 479
829 480
830 481
831 482
832 0
833 16
834 483
835 8
836 37
837 115
838 137
839 1
840 120
841 138
842 36
843 71
844 139
845 47
846 49
847 15
848 484
849 485
850 0
851 97
852 140
853 18
854 0
855 486
856 141
857 3
858 19
859 8
860 487
861 72
862 13
863 488
864 114
865 7
866 142
867 17
868 3
869 489
870 4
871 72
872 490
873 491
874 6
875 20
876 10
877 492
878 12
879 4
880 493
881 2
882 18
883 60
884 16
885 0
886 494
887 495
888 143
889 138
890 496
891 22
892 497
893 498
894 499
895 2
896 500
897 1
898 34
899 148
900 501
901 144
902 88
903 19
904 502
905 55
906 0
907 6
908 38
909 23
910 503
911 504
912 505
913 506
914 145
915 14
916 73
917 122
918 38
919 132
920 507
921 508
922 8
923 52
924 509
925 510
926 157
927 6
928 511
929 512
930 146
931 4
932 513
933 24
934 70
935 108
936 147
937 8
938 29
939 32
940 148
941 13
942 18
943 112
944 94
945 149
946 514
947 40
948 74
949 9
950 9
951 515
952 4
953 516
954 517
955 22
956 518
957 150
958 151
959 519
960 73
961 10
962 152
963 32
964 520
965 36
966 521
967 0
968 42
969 522
970 64
971 93
972 75
973 2
974 523
975 153
976 68
977 524
978 525
979 526
980 4
981 527
982 124
983 154
984 155
985 23
986 1
987 9
988 528
989 14
990 529
991 38
992 530
993 76
994 156
995 531
996 75
997 157
998 4
999 532
