0 0
1 0
2 0
3 0
4 0
5 0
6 0
7 0
8 0
9 0
10 0
11 0
12 0
13 0
14 0
15 0
16 1
17 0
18 0
19 0
20 0
21 0
22 0
23 0
24 0
25 0
26 0
27 0
28 0
29 0
30 0
31 0
32 0
33 0
34 0
35 0
36 0
37 0
38 0
39 0
40 0
41 0
42 0
43 0
44 0
45 0
46 0
47 0
48 0
49 0
50 0
51 0
52 0
53 0
54 0
55 0
56 0
57 0
58 0
59 0
60 0
61 0
62 0
63 0
64 0
65 0
66 0
67 0
68 0
69 0
70 0
71 0
72 0
73 0
74 0
75 0
76 0
77 0
78 0
79 0
80 0
81 0
82 0
83 0
84 0
85 0
86 0
87 0
88 0
89 0
90 0
91 0
92 0
93 0
94 0
95 0
96 0
97 0
98 0
99 0
100 0
101 0
102 0
103 0
104 0
105 0
106 0
107 0
108 0
109 0
110 0
111 0
112 0
113 0
114 0
115 0
116 0
117 0
118 0
119 0
120 0
121 0
122 0
123 0
124 0
125 0
126 0
127 0
128 0
129 0
130 0
131 0
132 0
133 0
134 0
135 0
136 0
137 0
138 0
139 0
140 2
141 0
142 0
143 0
144 0
145 0
146 0
147 0
148 0
149 0
150 0
151 0
152 0
153 0
154 0
155 0
156 0
157 0
158 0
159 0
160 1
161 0
162 0
163 0
164 0
165 0
166 0
167 0
168 0
169 0
170 0
171 0
172 0
173 0
174 0
175 0
176 0
177 0
178 0
179 0
180 0
181 0
182 0
183 0
184 0
185 0
186 0
187 0
188 0
189 0
190 0
191 0
192 0
193 0
194 0
195 0
196 0
197 0
198 0
199 0
200 0
201 0
202 0
203 0
204 0
205 0
206 0
207 0
208 0
209 0
210 0
211 0
212 0
213 0
214 0
215 0
216 0
217 0
218 0
219 0
220 0
221 0
222 0
223 0
224 0
225 0
226 0
227 0
228 0
229 0
230 0
231 0
232 0
233 0
234 0
235 0
236 0
237 0
238 0
239 0
240 0
241 0
242 0
243 0
244 0
245 0
246 0
247 0
248 0
249 0
250 0
251 0
252 0
253 0
254 0
255 0
256 0
257 0
258 0
259 0
260 0
261 0
262 0
263 0
264 0
265 0
266 0
267 0
268 0
269 0
270 0
271 0
272 0
273 0
274 0
275 0
276 0
277 0
278 0
279 0
280 0
281 0
282 0
283 0
284 0
285 0
286 0
287 0
288 0
289 0
290 0
291 0
292 0
293 0
294 0
295 0
296 0
297 0
298 0
299 0
300 0
301 0
302 0
303 0
304 0
305 0
306 0
307 0
308 0
309 0
310 0
311 0
312 0
313 0
314 0
315 0
316 0
317 0
318 0
319 0
320 0
321 0
322 0
323 0
324 0
325 0
326 0
327 0
328 0
329 0
330 0
331 0
332 0
333 0
334 0
335 0
336 0
337 0
338 0
339 0
340 0
341 0
342 0
343 0
344 0
345 0
346 0
347 0
348 0
349 0
350 0
351 0
352 0
353 0
354 0
355 0
356 0
357 0
358 0
359 0
360 0
361 0
362 0
363 0
364 0
365 0
366 0
367 0
368 0
369 0
370 0
371 0
372 0
373 0
374 0
375 0
376 0
377 0
378 0
379 0
380 0
381 0
382 0
383 0
384 0
385 0
386 0
387 0
388 0
389 0
390 0
391 0
392 0
393 0
394 0
395 0
396 0
397 0
398 0
399 0
400 0
401 0
402 0
403 0
404 0
405 0
406 0
407 0
408 0
409 0
410 0
411 0
412 0
413 0
414 0
415 0
416 0
417 0
418 0
419 0
420 0
421 0
422 0
423 0
424 3
425 0
426 0
427 0
428 0
429 0
430 0
431 0
432 0
433 0
434 0
435 0
436 4
437 0
438 0
439 0
440 0
441 0
442 0
443 0
444 0
445 0
446 0
447 0
448 0
449 0
450 0
451 0
452 0
453 0
454 0
455 0
456 0
457 0
458 0
459 0
460 0
461 0
462 0
463 0
464 0
465 0
466 0
467 0
468 0
469 0
470 0
471 0
472 0
473 0
474 0
475 0
476 0
477 0
478 0
479 1
480 0
481 0
482 0
483 0
484 0
485 0
486 0
487 0
488 0
489 0
490 0
491 0
492 0
493 0
494 0
495 0
496 0
497 0
498 0
499 0
500 0
501 0
502 0
503 0
504 0
505 0
506 0
507 0
508 0
509 0
510 0
511 0
512 0
513 0
514 0
515 0
516 0
517 0
518 0
519 0
520 0
521 0
522 0
523 0
524 0
525 0
526 0
527 0
528 0
529 0
530 0
531 0
532 0
533 0
534 0
535 0
536 0
537 0
538 0
539 0
540 0
541 0
542 0
543 0
544 0
545 0
546 0
547 0
548 0
549 0
550 0
551 0
552 0
553 0
554 0
555 0
556 0
557 0
558 0
559 0
560 0
561 0
562 0
563 0
564 0
565 0
566 0
567 0
568 0
569 0
570 0
571 0
572 0
573 0
574 0
575 0
576 0
577 0
578 0
579 0
580 0
581 0
582 0
583 0
584 0
585 0
586 0
587 0
588 0
589 0
590 0
591 0
592 0
593 0
594 0
595 0
596 0
597 0
598 0
599 1
600 0
601 0
602 0
603 0
604 0
605 0
606 0
607 0
608 0
609 0
610 0
611 0
612 0
613 0
614 3
615 0
616 0
617 0
618 0
619 0
620 0
621 0
622 0
623 0
624 0
625 0
626 0
627 0
628 0
629 0
630 0
631 0
632 0
633 0
634 0
635 0
636 0
637 0
638 0
639 0
640 0
641 0
642 0
643 0
644 0
645 0
646 0
647 0
648 0
649 0
650 0
651 0
652 0
653 0
654 0
655 0
656 0
657 0
658 0
659 0
660 0
661 0
662 0
663 0
664 0
665 0
666 0
667 0
668 0
669 0
670 0
671 0
672 0
673 0
674 0
675 0
676 0
677 0
678 0
679 0
680 0
681 0
682 0
683 0
684 0
685 0
686 0
687 0
688 0
689 0
690 0
691 0
692 0
693 0
694 0
695 0
696 0
697 0
698 0
699 0
700 0
701 0
702 2
703 0
704 0
705 0
706 0
707 0
708 0
709 0
710 0
711 0
712 0
713 0
714 0
715 0
716 0
717 0
718 0
719 0
720 0
721 0
722 0
723 0
724 0
725 0
726 0
727 0
728 0
729 0
730 0
731 0
732 0
733 0
734 0
735 0
736 0
737 0
738 0
739 0
740 0
741 0
742 0
743 0
744 0
745 0
746 0
747 0
748 0
749 0
750 0
751 0
752 0
753 4
754 0
755 0
756 0
757 0
758 0
759 0
760 0
761 0
762 0
763 0
764 0
765 0
766 0
767 0
768 0
769 0
770 0
771 0
772 0
773 0
774 0
775 0
776 0
777 0
778 0
779 0
780 0
781 0
782 0
783 0
784 0
785 0
786 0
787 0
788 0
789 0
790 0
791 0
792 0
793 0
794 0
795 0
796 0
797 0
798 0
799 0
800 0
801 0
802 0
803 0
804 0
805 0
806 0
807 0
808 0
809 0
810 0
811 0
812 0
813 0
814 0
815 0
816 0
817 0
818 0
819 0
820 0
821 0
822 0
823 0
824 0
825 0
826 0
827 0
828 0
829 0
830 0
831 0
832 0
833 0
834 0
835 0
836 0
837 0
838 0
839 0
840 0
841 0
842 0
843 0
844 0
845 0
846 0
847 0
848 0
849 0
850 0
851 0
852 0
853 2
854 0
855 0
856 0
857 0
858 0
859 0
860 0
861 0
862 0
863 0
864 0
865 0
866 2
867 0
868 0
869 0
870 0
871 0
872 0
873 0
874 0
875 0
876 0
877 0
878 0
879 0
880 0
881 0
882 0
883 0
884 0
885 0
886 0
887 0
888 0
889 0
890 0
891 0
892 0
893 0
894 0
895 0
896 0
897 0
898 0
899 0
900 0
901 0
902 0
903 0
904 0
905 0
906 0
907 0
908 3
909 0
910 0
911 0
912 0
913 0
914 0
915 0
916 0
917 0
918 0
919 0
920 0
921 0
922 0
923 0
924 0
925 0
926 0
927 0
928 0
929 0
930 0
931 0
932 0
933 0
934 0
935 0
936 4
937 0
938 0
939 0
940 0
941 0
942 0
943 0
944 0
945 0
946 0
947 0
948 0
949 0
950 0
951 0
952 0
953 0
954 0
955 0
956 0
957 0
958 0
959 0
960 1
961 0
962 0
963 0
964 0
965 0
966 0
967 0
968 0
969 0
970 0
971 0
972 0
973 0
974 0
975 0
976 0
977 0
978 0
979 0
980 0
981 0
982 0
983 0
984 0
985 0
986 0
987 0
988 0
989 0
990 0
991 0
992 0
993 0
994 0
995 0
996 0
997 0
998 0
999 0
1000 5
1001 5
1002 5
1003 5
1004 5
1005 5
1006 5
1007 5
1008 5
1009 5
1010 6
1011 6
1012 6
1013 6
1014 6
1015 6
1016 6
1017 6
1018 6
1019 6
1020 7
1021 7
1022 7
1023 7
1024 7
1025 7
1026 7
1027 7
1028 7
1029 7
1030 8
1031 8
1032 8
1033 8
1034 8
1035 8
1036 8
1037 8
1038 8
1039 8
1040 9
1041 9
1042 9
1043 9
1044 9
1045 9
1046 9
1047 9
1048 9
1049 9
1050 10
1051 10
1052 10
1053 10
1054 10
1055 10
1056 10
1057 10
1058 10
1059 10
1060 11
1061 11
1062 11
1063 11
1064 11
1065 11
1066 11
1067 11
1068 11
1069 11
1070 12
1071 12
1072 12
1073 12
1074 12
1075 12
1076 12
1077 12
1078 12
1079 12
1080 13
1081 13
1082 13
1083 13
1084 13
1085 13
1086 13
1087 13
1088 13
1089 13
1090 14
1091 14
1092 14
1093 14
1094 14
1095 14
1096 14
1097 14
1098 14
1099 14
1100 15
1101 15
1102 15
1103 15
1104 15
1105 15
1106 15
1107 15
1108 15
1109 15
1110 16
1111 16
1112 16
1113 16
1114 16
1115 16
1116 16
1117 16
1118 16
1119 16
1120 17
1121 17
1122 17
1123 17
1124 17
1125 17
1126 17
1127 17
1128 17
1129 17
1130 18
1131 18
1132 18
1133 18
1134 18
1135 18
1136 18
1137 18
1138 18
1139 18
1140 19
1141 19
1142 19
1143 19
1144 19
1145 19
1146 19
1147 19
1148 19
1149 19
1150 20
1151 20
1152 20
1153 20
1154 20
1155 20
1156 20
1157 20
1158 20
1159 20
1160 21
1161 21
1162 21
1163 21
1164 21
1165 21
1166 21
1167 21
1168 21
1169 21
1170 22
1171 22
1172 22
1173 22
1174 22
1175 22
1176 22
1177 22
1178 22
1179 22
1180 23
1181 23
1182 23
1183 23
1184 23
1185 23
1186 23
1187 23
1188 23
1189 23
1190 24
1191 24
1192 24
1193 24
1194 24
1195 24
1196 24
1197 24
1198 24
1199 24
1200 25
1201 25
1202 25
1203 25
1204 25
1205 25
1206 25
1207 25
1208 25
1209 25
1210 26
1211 26
1212 26
1213 26
1214 26
1215 26
1216 26
1217 26
1218 26
1219 26
1220 27
1221 27
1222 27
1223 27
1224 27
1225 27
1226 27
1227 27
1228 27
1229 27
1230 28
1231 28
1232 28
1233 28
1234 28
1235 28
1236 28
1237 28
1238 28
1239 28
1240 29
1241 29
1242 29
1243 29
1244 29
1245 29
1246 29
1247 29
1248 29
1249 29
1250 30
1251 30
1252 30
1253 30
1254 30
1255 30
1256 30
1257 30
1258 30
1259 30
1260 31
1261 31
1262 31
1263 31
1264 31
1265 31
1266 31
1267 31
1268 31
1269 31
1270 32
1271 32
1272 32
1273 32
1274 32
1275 32
1276 32
1277 32
1278 32
1279 32
1280 33
1281 33
1282 33
1283 33
1284 33
1285 33
1286 33
1287 33
1288 33
1289 33
1290 34
1291 34
1292 34
1293 34
1294 34
1295 34
1296 34
1297 34
1298 34
1299 34
1300 35
1301 35
1302 35
1303 35
1304 35
1305 35
1306 35
1307 35
1308 35
1309 35
1310 36
1311 36
1312 36
1313 36
1314 36
1315 36
1316 36
1317 36
1318 36
1319 36
1320 37
1321 37
1322 37
1323 37
1324 37
1325 37
1326 37
1327 37
1328 37
1329 37
1330 38
1331 38
1332 38
1333 38
1334 38
1335 38
1336 38
1337 38
1338 38
1339 38
1340 39
1341 39
1342 39
1343 39
1344 39
1345 39
1346 39
1347 39
1348 39
1349 39
1350 40
1351 40
1352 40
1353 40
1354 40
1355 40
1356 40
1357 40
1358 40
1359 40
1360 41
1361 41
1362 41
1363 41
1364 41
1365 41
1366 41
1367 41
1368 41
1369 41
1370 42
1371 42
1372 42
1373 42
1374 42
1375 42
1376 42
1377 42
1378 42
1379 42
1380 43
1381 43
1382 43
1383 43
1384 43
1385 43
1386 43
1387 43
1388 43
1389 43
1390 44
1391 44
1392 44
1393 44
1394 44
1395 44
1396 44
1397 44
1398 44
1399 44
1400 45
1401 45
1402 45
1403 45
1404 45
1405 45
1406 45
1407 45
1408 45
1409 45
1410 46
1411 46
1412 46
1413 46
1414 46
1415 46
1416 46
1417 46
1418 46
1419 46
1420 47
1421 47
1422 47
1423 47
1424 47
1425 47
1426 47
1427 47
1428 47
1429 47
1430 48
1431 48
1432 48
1433 48
1434 48
1435 48
1436 48
1437 48
1438 48
1439 48
1440 49
1441 49
1442 49
1443 49
1444 49
1445 49
1446 49
1447 49
1448 49
1449 49
1450 50
1451 50
1452 50
1453 50
1454 50
1455 50
1456 50
1457 50
1458 50
1459 50
1460 51
1461 51
1462 51
1463 51
1464 51
1465 51
1466 51
1467 51
1468 51
1469 51
1470 52
1471 52
1472 52
1473 52
1474 52
1475 52
1476 52
1477 52
1478 52
1479 52
1480 53
1481 53
1482 53
1483 53
1484 53
1485 53
1486 53
1487 53
1488 53
1489 53
1490 54
1491 54
1492 54
1493 54
1494 54
1495 54
1496 54
1497 54
1498 54
1499 54
1500 55
1501 55
1502 55
1503 55
1504 55
1505 55
1506 55
1507 55
1508 55
1509 55
1510 56
1511 56
1512 56
1513 56
1514 56
1515 56
1516 56
1517 56
1518 56
1519 56
1520 57
1521 57
1522 57
1523 57
1524 57
1525 57
1526 57
1527 57
1528 57
1529 57
1530 58
1531 58
1532 58
1533 58
1534 58
1535 58
1536 58
1537 58
1538 58
1539 58
1540 59
1541 59
1542 59
1543 59
1544 59
1545 59
1546 59
1547 59
1548 59
1549 59
1550 60
1551 60
1552 60
1553 60
1554 60
1555 60
1556 60
1557 60
1558 60
1559 60
1560 61
1561 61
1562 61
1563 61
1564 61
1565 61
1566 61
1567 61
1568 61
1569 61
1570 62
1571 62
1572 62
1573 62
1574 62
1575 62
1576 62
1577 62
1578 62
1579 62
1580 63
1581 63
1582 63
1583 63
1584 63
1585 63
1586 63
1587 63
1588 63
1589 63
1590 64
1591 64
1592 64
1593 64
1594 64
1595 64
1596 64
1597 64
1598 64
1599 64
1600 65
1601 65
1602 65
1603 65
1604 65
1605 65
1606 65
1607 65
1608 65
1609 65
1610 66
1611 66
1612 66
1613 66
1614 66
1615 66
1616 66
1617 66
1618 66
1619 66
1620 67
1621 67
1622 67
1623 67
1624 67
1625 67
1626 67
1627 67
1628 67
1629 67
1630 68
1631 68
1632 68
1633 68
1634 68
1635 68
1636 68
1637 68
1638 68
1639 68
1640 69
1641 69
1642 69
1643 69
1644 69
1645 69
1646 69
1647 69
1648 69
1649 69
1650 70
1651 70
1652 70
1653 70
1654 70
1655 70
1656 70
1657 70
1658 70
1659 70
1660 71
1661 71
1662 71
1663 71
1664 71
1665 71
1666 71
1667 71
1668 71
1669 71
1670 72
1671 72
1672 72
1673 72
1674 72
1675 72
1676 72
1677 72
1678 72
1679 72
1680 73
1681 73
1682 73
1683 73
1684 73
1685 73
1686 73
1687 73
1688 73
1689 73
1690 74
1691 74
1692 74
1693 74
1694 74
1695 74
1696 74
1697 74
1698 74
1699 74
1700 75
1701 75
1702 75
1703 75
1704 75
1705 75
1706 75
1707 75
1708 75
1709 75
1710 76
1711 76
1712 76
1713 76
1714 76
1715 76
1716 76
1717 76
1718 76
1719 76
1720 77
1721 77
1722 77
1723 77
1724 77
1725 77
1726 77
1727 77
1728 77
1729 77
1730 78
1731 78
1732 78
1733 78
1734 78
1735 78
1736 78
1737 78
1738 78
1739 78
1740 79
1741 79
1742 79
1743 79
1744 79
1745 79
1746 79
1747 79
1748 79
1749 79
1750 80
1751 80
1752 80
1753 80
1754 80
1755 80
1756 80
1757 80
1758 80
1759 80
1760 81
1761 81
1762 81
1763 81
1764 81
1765 81
1766 81
1767 81
1768 81
1769 81
1770 82
1771 82
1772 82
1773 82
1774 82
1775 82
1776 82
1777 82
1778 82
1779 82
1780 83
1781 83
1782 83
1783 83
1784 83
1785 83
1786 83
1787 83
1788 83
1789 83
1790 84
1791 84
1792 84
1793 84
1794 84
1795 84
1796 84
1797 84
1798 84
1799 84
1800 85
1801 85
1802 85
1803 85
1804 85
1805 85
1806 85
1807 85
1808 85
1809 85
1810 86
1811 86
1812 86
1813 86
1814 86
1815 86
1816 86
1817 86
1818 86
1819 86
1820 87
1821 87
1822 87
1823 87
1824 87
1825 87
1826 87
1827 87
1828 87
1829 87
1830 88
1831 88
1832 88
1833 88
1834 88
1835 88
1836 88
1837 88
1838 88
1839 88
1840 89
1841 89
1842 89
1843 89
1844 89
1845 89
1846 89
1847 89
1848 89
1849 89
1850 90
1851 90
1852 90
1853 90
1854 90
1855 90
1856 90
1857 90
1858 90
1859 90
1860 91
1861 91
1862 91
1863 91
1864 91
1865 91
1866 91
1867 91
1868 91
1869 91
1870 92
1871 92
1872 92
1873 92
1874 92
1875 92
1876 92
1877 92
1878 92
1879 92
1880 93
1881 93
1882 93
1883 93
1884 93
1885 93
1886 93
1887 93
1888 93
1889 93
1890 94
1891 94
1892 94
1893 94
1894 94
1895 94
1896 94
1897 94
1898 94
1899 94
1900 95
1901 95
1902 95
1903 95
1904 95
1905 95
1906 95
1907 95
1908 95
1909 95
1910 96
1911 96
1912 96
1913 96
1914 96
1915 96
1916 96
1917 96
1918 96
1919 96
1920 97
1921 97
1922 97
1923 97
1924 97
1925 97
1926 97
1927 97
1928 97
1929 97
1930 98
1931 98
1932 98
1933 98
1934 98
1935 98
1936 98
1937 98
1938 98
1939 98
1940 99
1941 99
1942 99
1943 99
1944 99
1945 99
1946 99
1947 99
1948 99
1949 99
1950 100
1951 100
1952 100
1953 100
1954 100
1955 100
1956 100
1957 100
1958 100
1959 100
1960 101
1961 101
1962 101
1963 101
1964 101
1965 101
1966 101
1967 101
1968 101
1969 101
1970 102
1971 102
1972 102
1973 102
1974 102
1975 102
1976 102
1977 102
1978 102
1979 102
1980 103
1981 103
1982 103
1983 103
1984 103
1985 103
1986 103
1987 103
1988 103
1989 103
1990 104
1991 104
1992 104
1993 104
1994 104
1995 104
1996 104
1997 104
1998 104
1999 104
