0 195
1 128
2 5
3 107
4 96
5 10
6 17
7 5
8 37
9 19
10 79
11 36
12 36
13 50
14 68
15 49
16 211
17 88
18 23
19 4
20 37
21 89
22 25
23 108
24 3
25 95
26 38
27 26
28 61
29 36
30 87
31 26
32 18
33 51
34 21
35 16
36 19
37 49
38 5
39 32
40 11
41 142
42 35
43 6
44 232
45 64
46 32
47 8
48 5
49 18
50 236
51 19
52 2
53 9
54 143
55 5
56 59
57 65
58 59
59 44
60 52
61 7
62 18
63 8
64 15
65 24
66 244
67 33
68 8
69 248
70 82
71 8
72 66
73 17
74 126
75 13
76 64
77 55
78 43
79 19
80 40
81 6
82 72
83 258
84 12
85 62
86 2
87 11
88 74
89 21
90 6
91 33
92 260
93 71
94 105
95 59
96 36
97 144
98 17
99 16
100 20
101 265
102 12
103 62
104 2
105 2
106 15
107 50
108 40
109 17
110 7
111 46
112 65
113 25
114 69
115 71
116 75
117 21
118 19
119 33
120 12
121 32
122 19
123 279
124 123
125 100
126 282
127 59
128 35
129 9
130 95
131 66
132 8
133 25
134 107
135 32
136 13
137 16
138 19
139 11
140 78
141 119
142 77
143 85
144 103
145 33
146 36
147 297
148 22
149 27
150 14
151 81
152 18
153 27
154 63
155 31
156 257
157 32
158 40
159 53
160 19
161 2
162 38
163 0
164 43
165 53
166 13
167 119
168 94
169 50
170 84
171 39
172 21
173 22
174 39
175 86
176 7
177 28
178 2
179 124
180 49
181 16
182 1
183 12
184 33
185 109
186 61
187 50
188 124
189 14
190 146
191 77
192 325
193 49
194 52
195 2
196 21
197 71
198 118
199 48
200 19
201 27
202 330
203 34
204 80
205 331
206 83
207 19
208 1
209 36
210 32
211 25
212 25
213 335
214 39
215 146
216 27
217 1
218 22
219 55
220 343
221 22
222 18
223 27
224 37
225 346
226 27
227 50
228 21
229 352
230 39
231 65
232 23
233 30
234 17
235 30
236 22
237 34
238 46
239 48
240 358
241 95
242 359
243 54
244 24
245 27
246 0
247 314
248 29
249 45
250 25
251 24
252 0
253 23
254 363
255 121
256 27
257 11
258 24
259 27
260 91
261 112
262 124
263 372
264 373
265 214
266 34
267 47
268 20
269 27
270 30
271 51
272 7
273 7
274 17
275 123
276 380
277 43
278 113
279 5
280 46
281 37
282 0
283 56
284 37
285 386
286 12
287 41
288 59
289 24
290 0
291 48
292 17
293 230
294 22
295 54
296 51
297 19
298 97
299 32
300 3
301 29
302 84
303 55
304 64
305 26
306 34
307 35
308 51
309 31
310 23
311 24
312 19
313 3
314 1
315 19
316 31
317 27
318 18
319 1
320 9
321 25
322 108
323 17
324 72
325 411
326 41
327 73
328 10
329 56
330 48
331 32
332 27
333 324
334 42
335 20
336 31
337 13
338 84
339 22
340 39
341 99
342 83
343 76
344 27
345 27
346 18
347 426
348 427
349 51
350 41
351 1
352 80
353 9
354 57
355 39
356 59
357 432
358 22
359 81
360 151
361 37
362 95
363 3
364 50
365 24
366 78
367 71
368 4
369 17
370 53
371 245
372 71
373 13
374 6
375 21
376 1
377 30
378 74
379 446
380 27
381 24
382 74
383 34
384 4
385 1
386 12
387 104
388 92
389 449
390 451
391 12
392 76
393 73
394 23
395 453
396 81
397 64
398 46
399 8
400 66
401 460
402 60
403 25
404 12
405 387
406 24
407 31
408 106
409 31
410 462
411 2
412 46
413 24
414 37
415 8
416 46
417 60
418 4
419 303
420 39
421 5
422 51
423 51
424 61
425 30
426 56
427 8
428 8
429 31
430 20
431 13
432 466
433 95
434 20
435 468
436 102
437 11
438 46
439 44
440 29
441 470
442 40
443 25
444 24
445 44
446 24
447 8
448 53
449 21
450 12
451 35
452 7
453 474
454 35
455 8
456 28
457 3
458 0
459 19
460 308
461 62
462 1
463 41
464 48
465 30
466 101
467 24
468 5
469 61
470 134
471 5
472 14
473 87
474 41
475 61
476 52
477 1
478 19
479 484
480 76
481 15
482 40
483 7
484 55
485 20
486 29
487 5
488 33
489 28
490 35
491 28
492 12
493 7
494 28
495 110
496 18
497 129
498 66
499 33
500 13
501 215
502 100
503 8
504 494
505 40
506 5
507 12
508 497
509 24
510 12
511 45
512 49
513 8
514 14
515 8
516 503
517 84
518 0
519 4
520 8
521 15
522 28
523 21
524 0
525 14
526 121
527 37
528 19
529 36
530 46
531 18
532 65
533 30
534 21
535 12
536 1
537 284
538 59
539 76
540 31
541 64
542 35
543 28
544 31
545 67
546 156
547 94
548 28
549 47
550 12
551 26
552 33
553 5
554 33
555 47
556 83
557 36
558 14
559 313
560 63
561 42
562 4
563 523
564 42
565 23
566 465
567 13
568 130
569 9
570 95
571 1
572 8
573 32
574 86
575 13
576 58
577 74
578 5
579 36
580 12
581 108
582 0
583 40
584 8
585 41
586 535
587 5
588 130
589 35
590 2
591 500
592 94
593 112
594 78
595 35
596 49
597 73
598 62
599 19
600 33
601 35
602 53
603 71
604 2
605 122
606 34
607 49
608 16
609 0
610 0
611 542
612 73
613 67
614 19
615 40
616 80
617 9
618 113
619 54
620 57
621 36
622 22
623 3
624 96
625 57
626 28
627 440
628 91
629 12
630 45
631 32
632 69
633 414
634 15
635 40
636 49
637 8
638 2
639 6
640 71
641 118
642 35
643 20
644 16
645 79
646 3
647 41
648 49
649 15
650 41
651 2
652 41
653 25
654 134
655 12
656 75
657 23
658 23
659 33
660 67
661 11
662 560
663 8
664 13
665 8
666 23
667 25
668 59
669 0
670 17
671 1
672 19
673 61
674 29
675 0
676 18
677 70
678 11
679 85
680 81
681 67
682 20
683 47
684 293
685 26
686 573
687 25
688 19
689 5
690 6
691 20
692 11
693 59
694 58
695 479
696 18
697 13
698 125
699 57
700 19
701 41
702 8
703 8
704 15
705 97
706 43
707 10
708 32
709 5
710 25
711 9
712 8
713 51
714 1
715 11
716 27
717 7
718 18
719 5
720 34
721 10
722 29
723 5
724 17
725 80
726 25
727 11
728 200
729 68
730 64
731 587
732 27
733 13
734 25
735 83
736 61
737 12
738 29
739 24
740 0
741 81
742 156
743 10
744 10
745 590
746 6
747 18
748 22
749 138
750 0
751 92
752 22
753 54
754 10
755 46
756 416
757 34
758 36
759 35
760 13
761 63
762 96
763 5
764 595
765 597
766 34
767 41
768 44
769 23
770 11
771 30
772 49
773 10
774 15
775 8
776 8
777 52
778 55
779 6
780 70
781 30
782 42
783 15
784 1
785 116
786 23
787 603
788 4
789 7
790 208
791 2
792 29
793 0
794 7
795 59
796 3
797 9
798 78
799 92
800 30
801 15
802 609
803 1
804 114
805 1
806 11
807 45
808 29
809 10
810 7
811 31
812 89
813 55
814 4
815 32
816 0
817 19
818 11
819 8
820 164
821 15
822 1
823 32
824 162
825 12
826 105
827 1
828 57
829 620
830 4
831 24
832 165
833 45
834 54
835 239
836 9
837 13
838 35
839 431
840 36
841 14
842 12
843 36
844 29
845 9
846 43
847 55
848 18
849 5
850 73
851 17
852 11
853 31
854 10
855 22
856 113
857 35
858 57
859 20
860 480
861 59
862 35
863 4
864 24
865 19
866 0
867 41
868 11
869 20
870 1
871 13
872 24
873 3
874 6
875 16
876 26
877 17
878 18
879 410
880 50
881 8
882 105
883 101
884 14
885 30
886 46
887 16
888 18
889 133
890 124
891 5
892 57
893 7
894 0
895 50
896 48
897 290
898 37
899 112
900 56
901 29
902 56
903 36
904 95
905 46
906 13
907 5
908 7
909 21
910 205
911 7
912 17
913 8
914 46
915 109
916 8
917 45
918 66
919 40
920 48
921 649
922 30
923 217
924 47
925 10
926 6
927 0
928 2
929 226
930 64
931 38
932 35
933 38
934 35
935 46
936 14
937 26
938 22
939 2
940 24
941 59
942 19
943 15
944 57
945 18
946 57
947 12
948 28
949 47
950 53
951 86
952 18
953 0
954 10
955 21
956 15
957 21
958 28
959 26
960 52
961 7
962 44
963 586
964 531
965 13
966 51
967 35
968 24
969 31
970 31
971 31
972 22
973 67
974 35
975 621
976 61
977 47
978 16
979 10
980 5
981 87
982 68
983 27
984 25
985 55
986 666
987 13
988 47
989 0
990 6
991 38
992 5
993 34
994 3
995 125
996 670
997 19
998 8
999 20
1000 33
1001 11
1002 6
1003 30
1004 43
1005 10
1006 42
1007 4
1008 15
1009 26
1010 117
1011 673
1012 18
1013 26
1014 16
1015 0
1016 10
1017 26
1018 38
1019 13
1020 11
1021 25
1022 16
1023 33
1024 7
1025 53
1026 24
1027 15
1028 18
1029 17
1030 209
1031 16
1032 9
1033 32
1034 33
1035 26
1036 33
1037 9
1038 20
1039 15
1040 1
1041 42
1042 1
1043 13
1044 5
1045 24
1046 9
1047 50
1048 21
1049 28
1050 19
1051 0
1052 549
1053 18
1054 26
1055 9
1056 38
1057 54
1058 38
1059 39
1060 105
1061 682
1062 48
1063 16
1064 42
1065 6
1066 129
1067 113
1068 152
1069 43
1070 64
1071 19
1072 2
1073 686
1074 38
1075 0
1076 31
1077 74
1078 65
1079 33
1080 520
1081 173
1082 508
1083 19
1084 19
1085 12
1086 39
1087 4
1088 36
1089 19
1090 448
1091 33
1092 10
1093 42
1094 6
1095 35
1096 35
1097 6
1098 36
1099 80
1100 108
1101 5
1102 694
1103 30
1104 174
1105 126
1106 93
1107 50
1108 32
1109 13
1110 128
1111 26
1112 83
1113 3
1114 14
1115 10
1116 74
1117 13
1118 6
1119 63
1120 50
1121 104
1122 14
1123 8
1124 38
1125 42
1126 17
1127 370
1128 6
1129 26
1130 74
1131 51
1132 28
1133 45
1134 10
1135 67
1136 32
1137 701
1138 11
1139 38
1140 72
1141 62
1142 696
1143 109
1144 81
1145 5
1146 36
1147 62
1148 36
1149 22
1150 40
1151 22
1152 39
1153 26
1154 6
1155 60
1156 83
1157 132
1158 115
1159 26
1160 706
1161 5
1162 5
1163 15
1164 23
1165 23
1166 25
1167 4
1168 707
1169 5
1170 708
1171 18
1172 268
1173 17
1174 41
1175 27
1176 72
1177 41
1178 39
1179 116
1180 0
1181 48
1182 27
1183 44
1184 22
1185 6
1186 14
1187 28
1188 0
1189 47
1190 9
1191 22
1192 270
1193 39
1194 39
1195 4
1196 56
1197 14
1198 40
1199 34
1200 64
1201 37
1202 33
1203 9
1204 6
1205 2
1206 45
1207 717
1208 47
1209 48
1210 38
1211 25
1212 87
1213 49
1214 6
1215 18
1216 255
1217 107
1218 22
1219 41
1220 128
1221 22
1222 26
1223 0
1224 4
1225 66
1226 20
1227 27
1228 723
1229 69
1230 106
1231 37
1232 6
1233 37
1234 37
1235 22
1236 16
1237 20
1238 51
1239 56
1240 6
1241 4
1242 2
1243 30
1244 30
1245 90
1246 10
1247 30
1248 4
1249 61
1250 82
1251 4
1252 7
1253 48
1254 20
1255 278
1256 111
1257 62
1258 22
1259 17
1260 55
1261 53
1262 0
1263 36
1264 0
1265 23
1266 729
1267 376
1268 730
1269 91
1270 731
1271 177
1272 67
1273 719
1274 24
1275 46
1276 53
1277 37
1278 46
1279 6
1280 0
1281 22
1282 4
1283 16
1284 5
1285 594
1286 78
1287 96
1288 23
1289 0
1290 10
1291 79
1292 46
1293 35
1294 4
1295 0
1296 5
1297 3
1298 22
1299 7
1300 5
1301 51
1302 31
1303 73
1304 37
1305 25
1306 2
1307 20
1308 2
1309 24
1310 29
1311 23
1312 55
1313 55
1314 70
1315 42
1316 23
1317 20
1318 6
1319 24
1320 90
1321 441
1322 29
1323 4
1324 31
1325 127
1326 59
1327 36
1328 21
1329 42
1330 45
1331 31
1332 368
1333 0
1334 32
1335 2
1336 744
1337 1
1338 10
1339 6
1340 41
1341 0
1342 5
1343 9
1344 31
1345 75
1346 2
1347 93
1348 4
1349 79
1350 5
1351 123
1352 23
1353 23
1354 13
1355 27
1356 0
1357 16
1358 1
1359 45
1360 22
1361 269
1362 7
1363 421
1364 39
1365 27
1366 651
1367 68
1368 18
1369 24
1370 2
1371 31
1372 3
1373 24
1374 42
1375 9
1376 6
1377 4
1378 10
1379 374
1380 39
1381 97
1382 29
1383 72
1384 27
1385 0
1386 97
1387 756
1388 11
1389 42
1390 2
1391 40
1392 48
1393 59
1394 7
1395 11
1396 5
1397 4
1398 25
1399 41
1400 9
1401 2
1402 4
1403 20
1404 2
1405 11
1406 54
1407 103
1408 12
1409 56
1410 31
1411 107
1412 38
1413 103
1414 54
1415 28
1416 3
1417 67
1418 1
1419 3
1420 121
1421 7
1422 32
1423 1
1424 27
1425 71
1426 766
1427 767
1428 55
1429 0
1430 11
1431 0
1432 241
1433 5
1434 53
1435 32
1436 126
1437 32
1438 126
1439 20
1440 44
1441 45
1442 9
1443 3
1444 45
1445 30
1446 2
1447 4
1448 4
1449 17
1450 467
1451 176
1452 31
1453 9
1454 43
1455 44
1456 6
1457 67
1458 2
1459 15
1460 1
1461 40
1462 773
1463 30
1464 22
1465 12
1466 51
1467 454
1468 31
1469 24
1470 5
1471 1
1472 52
1473 24
1474 47
1475 38
1476 12
1477 89
1478 25
1479 13
1480 11
1481 20
1482 25
1483 105
1484 3
1485 10
1486 655
1487 0
1488 3
1489 72
1490 0
1491 39
1492 4
1493 45
1494 12
1495 75
1496 196
1497 23
1498 53
1499 6
1500 67
1501 7
1502 14
1503 32
1504 61
1505 7
1506 20
1507 783
1508 118
1509 14
1510 28
1511 4
1512 61
1513 46
1514 13
1515 11
1516 13
1517 7
1518 9
1519 136
1520 97
1521 15
1522 15
1523 10
1524 13
1525 13
1526 788
1527 17
1528 44
1529 21
1530 55
1531 58
1532 4
1533 35
1534 60
1535 76
1536 84
1537 23
1538 28
1539 36
1540 15
1541 9
1542 19
1543 60
1544 42
1545 41
1546 49
1547 18
1548 93
1549 59
1550 0
1551 20
1552 4
1553 3
1554 59
1555 73
1556 658
1557 50
1558 7
1559 158
1560 52
1561 67
1562 64
1563 793
1564 47
1565 492
1566 21
1567 48
1568 22
1569 11
1570 12
1571 120
1572 63
1573 94
1574 711
1575 7
1576 7
1577 5
1578 46
1579 56
1580 2
1581 1
1582 33
1583 2
1584 33
1585 355
1586 51
1587 20
1588 20
1589 0
1590 23
1591 4
1592 579
1593 502
1594 20
1595 3
1596 10
1597 28
1598 88
1599 47
1600 102
1601 105
1602 15
1603 3
1604 65
1605 75
1606 9
1607 32
1608 681
1609 3
1610 1
1611 16
1612 38
1613 60
1614 4
1615 75
1616 179
1617 16
1618 88
1619 802
1620 547
1621 71
1622 0
1623 72
1624 74
1625 104
1626 3
1627 0
1628 3
1629 10
1630 8
1631 0
1632 97
1633 9
1634 50
1635 13
1636 73
1637 50
1638 27
1639 6
1640 567
1641 3
1642 14
1643 277
1644 23
1645 160
1646 0
1647 11
1648 14
1649 93
1650 10
1651 74
1652 38
1653 668
1654 321
1655 59
1656 7
1657 13
1658 33
1659 2
1660 22
1661 25
1662 10
1663 76
1664 8
1665 72
1666 9
1667 95
1668 8
1669 5
1670 15
1671 64
1672 9
1673 19
1674 8
1675 41
1676 32
1677 58
1678 7
1679 6
1680 17
1681 41
1682 76
1683 0
1684 48
1685 20
1686 9
1687 27
1688 1
1689 674
1690 27
1691 14
1692 18
1693 8
1694 23
1695 14
1696 11
1697 67
1698 35
1699 5
1700 1
1701 6
1702 26
1703 59
1704 1
1705 3
1706 10
1707 82
1708 8
1709 3
1710 821
1711 41
1712 29
1713 12
1714 4
1715 63
1716 10
1717 4
1718 6
1719 4
1720 57
1721 87
1722 12
1723 0
1724 23
1725 6
1726 89
1727 3
1728 56
1729 22
1730 102
1731 825
1732 15
1733 584
1734 19
1735 13
1736 8
1737 10
1738 827
1739 128
1740 88
1741 2
1742 44
1743 10
1744 37
1745 8
1746 36
1747 52
1748 37
1749 27
1750 37
1751 831
1752 15
1753 38
1754 10
1755 9
1756 501
1757 4
1758 29
1759 6
1760 44
1761 8
1762 70
1763 49
1764 0
1765 12
1766 41
1767 11
1768 57
1769 0
1770 37
1771 21
1772 7
1773 13
1774 45
1775 4
1776 142
1777 132
1778 147
1779 2
1780 20
1781 27
1782 55
1783 513
1784 29
1785 5
1786 23
1787 7
1788 68
1789 834
1790 34
1791 3
1792 93
1793 58
1794 129
1795 45
1796 14
1797 51
1798 13
1799 0
1800 15
1801 3
1802 12
1803 0
1804 12
1805 64
1806 19
1807 5
1808 7
1809 54
1810 8
1811 54
1812 15
1813 30
1814 1
1815 64
1816 2
1817 7
1818 46
1819 784
1820 840
1821 841
1822 20
1823 19
1824 46
1825 1
1826 11
1827 55
1828 19
1829 29
1830 6
1831 11
1832 2
1833 13
1834 43
1835 15
1836 18
1837 26
1838 63
1839 44
1840 17
1841 54
1842 17
1843 79
1844 22
1845 61
1846 15
1847 2
1848 0
1849 9
1850 14
1851 9
1852 632
1853 14
1854 15
1855 7
1856 44
1857 24
1858 582
1859 9
1860 8
1861 15
1862 168
1863 3
1864 16
1865 19
1866 43
1867 25
1868 43
1869 71
1870 0
1871 5
1872 846
1873 29
1874 99
1875 18
1876 15
1877 8
1878 112
1879 17
1880 3
1881 55
1882 23
1883 59
1884 35
1885 32
1886 1
1887 4
1888 17
1889 8
1890 36
1891 16
1892 73
1893 99
1894 76
1895 22
1896 10
1897 25
1898 18
1899 3
1900 6
1901 77
1902 5
1903 40
1904 24
1905 18
1906 1
1907 51
1908 23
1909 3
1910 117
1911 78
1912 32
1913 31
1914 3
1915 56
1916 58
1917 55
1918 0
1919 78
1920 40
1921 14
1922 31
1923 97
1924 26
1925 10
1926 3
1927 1
1928 0
1929 6
1930 16
1931 6
1932 18
1933 4
1934 5
1935 18
1936 181
1937 13
1938 7
1939 13
1940 0
1941 851
1942 45
1943 98
1944 737
1945 6
1946 188
1947 9
1948 26
1949 14
1950 30
1951 2
1952 11
1953 6
1954 58
1955 69
1956 82
1957 333
1958 46
1959 7
1960 856
1961 21
1962 7
1963 857
1964 15
1965 20
1966 50
1967 34
1968 2
1969 1
1970 4
1971 2
1972 77
1973 3
1974 15
1975 60
1976 16
1977 859
1978 16
1979 759
1980 77
1981 607
1982 39
1983 67
1984 204
1985 836
1986 6
1987 7
1988 21
1989 8
1990 1
1991 35
1992 12
1993 18
1994 5
1995 70
1996 26
1997 16
1998 10
1999 26
2000 28
2001 7
2002 10
2003 22
2004 539
2005 4
2006 79
2007 753
2008 14
2009 40
2010 28
2011 50
2012 12
2013 19
2014 8
2015 656
2016 5
2017 46
2018 56
2019 0
2020 19
2021 12
2022 2
2023 38
2024 15
2025 9
2026 0
2027 6
2028 4
2029 15
2030 378
2031 264
2032 14
2033 13
2034 11
2035 242
2036 10
2037 7
2038 28
2039 4
2040 5
2041 1
2042 167
2043 55
2044 8
2045 25
2046 31
2047 6
2048 26
2049 47
2050 48
2051 30
2052 36
2053 0
2054 16
2055 11
2056 29
2057 103
2058 20
2059 63
2060 26
2061 48
2062 17
2063 38
2064 36
2065 5
2066 17
2067 26
2068 33
2069 67
2070 1
2071 28
2072 53
2073 35
2074 36
2075 14
2076 61
2077 152
2078 62
2079 40
2080 18
2081 15
2082 6
2083 111
2084 20
2085 41
2086 68
2087 18
2088 11
2089 49
2090 25
2091 13
2092 16
2093 40
2094 60
2095 48
2096 32
2097 38
2098 17
2099 91
2100 31
2101 19
2102 16
2103 96
2104 49
2105 13
2106 90
2107 34
2108 10
2109 7
2110 38
2111 12
2112 7
2113 5
2114 130
2115 38
2116 868
2117 33
2118 68
2119 19
2120 55
2121 506
2122 75
2123 58
2124 2
2125 0
2126 80
2127 17
2128 16
2129 0
2130 41
2131 86
2132 12
2133 115
2134 61
2135 87
2136 93
2137 9
2138 56
2139 30
2140 28
2141 32
2142 0
2143 23
2144 21
2145 100
2146 75
2147 84
2148 12
2149 50
2150 11
2151 8
2152 6
2153 71
2154 21
2155 872
2156 74
2157 78
2158 10
2159 9
2160 95
2161 43
2162 27
2163 20
2164 5
2165 41
2166 91
2167 55
2168 63
2169 33
2170 27
2171 34
2172 18
2173 94
2174 15
2175 53
2176 15
2177 25
2178 5
2179 56
2180 13
2181 41
2182 16
2183 45
2184 32
2185 75
2186 30
2187 33
2188 25
2189 817
2190 27
2191 98
2192 17
2193 543
2194 12
2195 61
2196 5
2197 61
2198 396
2199 25
2200 32
2201 60
2202 61
2203 88
2204 34
2205 77
2206 21
2207 22
2208 44
2209 20
2210 23
2211 6
2212 0
2213 69
2214 1
2215 58
2216 43
2217 16
2218 0
2219 70
2220 6
2221 128
2222 1
2223 92
2224 109
2225 2
2226 77
2227 16
2228 0
2229 60
2230 23
2231 40
2232 1
2233 45
2234 53
2235 26
2236 27
2237 27
2238 33
2239 10
2240 81
2241 70
2242 104
2243 675
2244 746
2245 77
2246 19
2247 70
2248 12
2249 37
2250 84
2251 36
2252 15
2253 39
2254 27
2255 8
2256 103
2257 35
2258 23
2259 32
2260 80
2261 84
2262 1
2263 8
2264 36
2265 6
2266 40
2267 85
2268 48
2269 80
2270 19
2271 33
2272 39
2273 137
2274 44
2275 80
2276 79
2277 69
2278 25
2279 9
2280 117
2281 113
2282 14
2283 44
2284 10
2285 29
2286 8
2287 30
2288 810
2289 53
2290 66
2291 7
2292 20
2293 18
2294 726
2295 16
2296 34
2297 0
2298 0
2299 104
2300 18
2301 26
2302 111
2303 71
2304 25
2305 52
2306 113
2307 618
2308 15
2309 41
2310 46
2311 36
2312 122
2313 47
2314 29
2315 17
2316 24
2317 34
2318 66
2319 71
2320 22
2321 85
2322 39
2323 31
2324 24
2325 72
2326 25
2327 89
2328 27
2329 7
2330 30
2331 4
2332 39
2333 57
2334 26
2335 433
2336 113
2337 45
2338 8
2339 24
2340 0
2341 0
2342 21
2343 103
2344 7
2345 4
2346 27
2347 569
2348 27
2349 585
2350 29
2351 24
2352 26
2353 3
2354 4
2355 100
2356 31
2357 77
2358 59
2359 5
2360 82
2361 32
2362 7
2363 428
2364 19
2365 124
2366 11
2367 118
2368 489
2369 29
2370 37
2371 38
2372 3
2373 0
2374 64
2375 19
2376 1
2377 119
2378 521
2379 1
2380 99
2381 87
2382 31
2383 9
2384 13
2385 38
2386 1
2387 45
2388 94
2389 463
2390 19
2391 4
2392 3
2393 891
2394 56
2395 892
2396 23
2397 1
2398 42
2399 4
2400 46
2401 37
2402 6
2403 28
2404 7
2405 27
2406 7
2407 9
2408 7
2409 13
2410 25
2411 15
2412 17
2413 0
2414 7
2415 3
2416 120
2417 22
2418 36
2419 64
2420 13
2421 17
2422 59
2423 72
2424 21
2425 7
2426 111
2427 9
2428 0
2429 98
2430 8
2431 55
2432 24
2433 55
2434 70
2435 31
2436 46
2437 105
2438 8
2439 23
2440 60
2441 11
2442 37
2443 459
2444 32
2445 11
2446 3
2447 4
2448 3
2449 1
2450 0
2451 3
2452 38
2453 50
2454 149
2455 28
2456 67
2457 11
2458 100
2459 17
2460 126
2461 53
2462 53
2463 24
2464 13
2465 7
2466 7
2467 8
2468 20
2469 12
2470 2
2471 44
2472 79
2473 7
2474 12
2475 11
2476 39
2477 4
2478 29
2479 109
2480 0
2481 151
2482 12
2483 0
2484 33
2485 8
2486 4
2487 419
2488 781
2489 1
2490 7
2491 21
2492 3
2493 30
2494 163
2495 8
2496 118
2497 21
2498 71
2499 13
2500 115
2501 32
2502 38
2503 37
2504 680
2505 56
2506 3
2507 3
2508 28
2509 48
2510 13
2511 28
2512 12
2513 51
2514 81
2515 9
2516 1
2517 274
2518 2
2519 4
2520 20
2521 60
2522 35
2523 638
2524 0
2525 15
2526 29
2527 60
2528 13
2529 11
2530 50
2531 50
2532 18
2533 52
2534 28
2535 32
2536 2
2537 117
2538 28
2539 65
2540 7
2541 326
2542 4
2543 9
2544 9
2545 14
2546 49
2547 4
2548 14
2549 19
2550 21
2551 2
2552 9
2553 111
2554 7
2555 14
2556 9
2557 169
2558 60
2559 312
2560 36
2561 33
2562 111
2563 57
2564 31
2565 34
2566 76
2567 43
2568 100
2569 5
2570 13
2571 50
2572 59
2573 0
2574 38
2575 31
2576 0
2577 64
2578 64
2579 55
2580 63
2581 14
2582 5
2583 73
2584 395
2585 37
2586 50
2587 183
2588 7
2589 21
2590 22
2591 12
2592 81
2593 50
2594 14
2595 1
2596 10
2597 24
2598 37
2599 34
2600 28
2601 54
2602 52
2603 82
2604 21
2605 12
2606 15
2607 38
2608 49
2609 2
2610 6
2611 0
2612 11
2613 14
2614 2
2615 74
2616 1
2617 795
2618 1
2619 12
2620 5
2621 74
2622 3
2623 2
2624 4
2625 58
2626 34
2627 78
2628 85
2629 115
2630 77
2631 2
2632 860
2633 0
2634 14
2635 2
2636 1
2637 5
2638 49
2639 10
2640 62
2641 1
2642 20
2643 63
2644 50
2645 9
2646 38
2647 327
2648 2
2649 14
2650 36
2651 16
2652 5
2653 34
2654 57
2655 11
2656 16
2657 10
2658 50
2659 3
2660 5
2661 42
2662 14
2663 80
2664 16
2665 455
2666 1
2667 45
2668 9
2669 0
2670 57
2671 104
2672 95
2673 6
2674 18
2675 25
2676 52
2677 41
2678 48
2679 36
2680 3
2681 80
2682 54
2683 14
2684 84
2685 390
2686 86
2687 2
2688 6
2689 93
2690 36
2691 62
2692 6
2693 10
2694 39
2695 74
2696 0
2697 8
2698 28
2699 6
2700 25
2701 57
2702 16
2703 4
2704 534
2705 2
2706 39
2707 22
2708 10
2709 11
2710 88
2711 11
2712 39
2713 122
2714 9
2715 39
2716 0
2717 27
2718 5
2719 23
2720 42
2721 17
2722 21
2723 51
2724 246
2725 27
2726 505
2727 56
2728 3
2729 80
2730 4
2731 44
2732 10
2733 23
2734 21
2735 10
2736 5
2737 22
2738 8
2739 42
2740 3
2741 518
2742 212
2743 12
2744 29
2745 43
2746 37
2747 6
2748 6
2749 23
2750 3
2751 4
2752 17
2753 8
2754 6
2755 6
2756 25
2757 14
2758 61
2759 109
2760 9
2761 8
2762 1
2763 897
2764 5
2765 102
2766 0
2767 43
2768 7
2769 11
2770 0
2771 30
2772 12
2773 855
2774 19
2775 3
2776 789
2777 10
2778 88
2779 8
2780 37
2781 58
2782 4
2783 58
2784 0
2785 29
2786 8
2787 71
2788 24
2789 27
2790 32
2791 39
2792 8
2793 10
2794 13
2795 8
2796 25
2797 2
2798 3
2799 499
2800 2
2801 15
2802 2
2803 30
2804 9
2805 8
2806 923
2807 5
2808 47
2809 1
2810 10
2811 37
2812 12
2813 555
2814 55
2815 13
2816 7
2817 5
2818 17
2819 20
2820 7
2821 11
2822 135
2823 15
2824 24
2825 903
2826 7
2827 6
2828 381
2829 14
2830 48
2831 3
2832 19
2833 2
2834 4
2835 90
2836 12
2837 46
2838 24
2839 12
2840 37
2841 17
2842 17
2843 0
2844 8
2845 6
2846 2
2847 2
2848 0
2849 46
2850 16
2851 100
2852 8
2853 2
2854 7
2855 12
2856 1
2857 36
2858 68
2859 20
2860 413
2861 307
2862 7
2863 16
2864 30
2865 49
2866 32
2867 8
2868 58
2869 13
2870 78
2871 415
2872 23
2873 14
2874 16
2875 21
2876 11
2877 17
2878 0
2879 5
2880 23
2881 30
2882 14
2883 605
2884 56
2885 5
2886 2
2887 14
2888 17
2889 4
2890 45
2891 29
2892 12
2893 16
2894 14
2895 77
2896 7
2897 64
2898 56
2899 5
2900 58
2901 12
2902 1
2903 886
2904 14
2905 0
2906 3
2907 1
2908 17
2909 813
2910 9
2911 31
2912 15
2913 3
2914 14
2915 31
2916 3
2917 619
2918 101
2919 2
2920 23
2921 243
2922 7
2923 23
2924 7
2925 22
2926 417
2927 6
2928 10
2929 12
2930 16
2931 66
2932 6
2933 46
2934 97
2935 37
2936 40
2937 1
2938 8
2939 114
2940 11
2941 9
2942 33
2943 74
2944 11
2945 697
2946 49
2947 9
2948 8
2949 0
2950 16
2951 12
2952 2
2953 83
2954 83
2955 847
2956 12
2957 748
2958 7
2959 44
2960 6
2961 26
2962 99
2963 2
2964 18
2965 18
2966 26
2967 526
2968 12
2969 3
2970 10
2971 11
2972 6
2973 46
2974 4
2975 79
2976 0
2977 7
2978 44
2979 16
2980 4
2981 62
2982 32
2983 16
2984 10
2985 39
2986 13
2987 12
2988 925
2989 4
2990 11
2991 14
2992 35
2993 32
2994 38
2995 5
2996 94
2997 87
2998 13
2999 3
3000 14
3001 47
3002 15
3003 0
3004 11
3005 16
3006 26
3007 12
3008 608
3009 9
3010 17
3011 21
3012 20
3013 677
3014 13
3015 9
3016 21
3017 4
3018 19
3019 12
3020 40
3021 0
3022 366
3023 13
3024 38
3025 18
3026 76
3027 14
3028 3
3029 38
3030 0
3031 9
3032 16
3033 8
3034 17
3035 18
3036 26
3037 3
3038 24
3039 21
3040 20
3041 23
3042 0
3043 62
3044 31
3045 26
3046 98
3047 82
3048 11
3049 35
3050 15
3051 1
3052 6
3053 5
3054 28
3055 935
3056 24
3057 21
3058 742
3059 15
3060 6
3061 19
3062 237
3063 12
3064 337
3065 936
3066 16
3067 21
3068 42
3069 4
3070 1
3071 21
3072 27
3073 25
3074 12
3075 19
3076 12
3077 5
3078 938
3079 16
3080 42
3081 24
3082 59
3083 119
3084 116
3085 115
3086 81
3087 20
3088 2
3089 15
3090 24
3091 6
3092 15
3093 12
3094 39
3095 16
3096 732
3097 785
3098 0
3099 14
3100 63
3101 89
3102 63
3103 34
3104 19
3105 36
3106 4
3107 11
3108 69
3109 2
3110 8
3111 108
3112 15
3113 660
3114 73
3115 528
3116 2
3117 28
3118 33
3119 320
3120 76
3121 874
3122 10
3123 28
3124 33
3125 34
3126 47
3127 44
3128 31
3129 33
3130 4
3131 4
3132 702
3133 29
3134 14
3135 11
3136 6
3137 4
3138 10
3139 6
3140 10
3141 51
3142 26
3143 16
3144 27
3145 6
3146 17
3147 21
3148 63
3149 942
3150 106
3151 32
3152 38
3153 19
3154 36
3155 6
3156 3
3157 3
3158 943
3159 72
3160 676
3161 65
3162 72
3163 37
3164 483
3165 692
3166 40
3167 4
3168 0
3169 19
3170 40
3171 66
3172 42
3173 14
3174 39
3175 27
3176 3
3177 30
3178 14
3179 18
3180 41
3181 42
3182 45
3183 41
3184 4
3185 3
3186 26
3187 82
3188 6
3189 42
3190 6
3191 43
3192 82
3193 25
3194 15
3195 53
3196 10
3197 924
3198 73
3199 5
3200 907
3201 76
3202 20
3203 22
3204 3
3205 9
3206 2
3207 2
3208 24
3209 50
3210 13
3211 70
3212 2
3213 5
3214 1
3215 41
3216 157
3217 116
3218 0
3219 289
3220 53
3221 551
3222 222
3223 1
3224 945
3225 49
3226 28
3227 2
3228 9
3229 1
3230 20
3231 2
3232 946
3233 0
3234 8
3235 26
3236 88
3237 798
3238 3
3239 28
3240 6
3241 4
3242 5
3243 27
3244 27
3245 12
3246 42
3247 231
3248 9
3249 830
3250 81
3251 10
3252 10
3253 12
3254 52
3255 39
3256 6
3257 1
3258 67
3259 947
3260 4
3261 74
3262 4
3263 23
3264 45
3265 37
3266 12
3267 61
3268 90
3269 31
3270 5
3271 66
3272 16
3273 75
3274 12
3275 37
3276 3
3277 1
3278 63
3279 57
3280 52
3281 15
3282 31
3283 131
3284 70
3285 1
3286 0
3287 10
3288 16
3289 3
3290 130
3291 100
3292 1
3293 5
3294 27
3295 5
3296 37
3297 661
3298 37
3299 16
3300 37
3301 6
3302 5
3303 98
3304 6
3305 39
3306 128
3307 10
3308 0
3309 41
3310 43
3311 25
3312 20
3313 25
3314 34
3315 17
3316 29
3317 0
3318 1
3319 99
3320 25
3321 68
3322 1
3323 1
3324 37
3325 780
3326 9
3327 537
3328 6
3329 24
3330 48
3331 76
3332 17
3333 26
3334 72
3335 43
3336 291
3337 48
3338 9
3339 68
3340 5
3341 102
3342 29
3343 41
3344 3
3345 48
3346 85
3347 2
3348 22
3349 55
3350 9
3351 901
3352 9
3353 42
3354 811
3355 23
3356 59
3357 5
3358 17
3359 24
3360 7
3361 148
3362 30
3363 16
3364 122
3365 7
3366 10
3367 25
3368 88
3369 669
3370 51
3371 11
3372 43
3373 110
3374 7
3375 10
3376 2
3377 16
3378 1
3379 74
3380 41
3381 6
3382 4
3383 2
3384 17
3385 125
3386 54
3387 59
3388 63
3389 0
3390 52
3391 15
3392 51
3393 5
3394 10
3395 46
3396 88
3397 136
3398 55
3399 32
3400 10
3401 29
3402 10
3403 0
3404 7
3405 43
3406 799
3407 31
3408 22
3409 34
3410 1
3411 62
3412 3
3413 3
3414 0
3415 0
3416 57
3417 130
3418 10
3419 339
3420 377
3421 30
3422 17
3423 5
3424 4
3425 63
3426 19
3427 4
3428 37
3429 93
3430 37
3431 6
3432 62
3433 251
3434 1
3435 4
3436 11
3437 26
3438 129
3439 11
3440 20
3441 6
3442 45
3443 13
3444 5
3445 0
3446 40
3447 34
3448 22
3449 653
3450 7
3451 3
3452 762
3453 29
3454 24
3455 13
3456 6
3457 5
3458 27
3459 951
3460 23
3461 30
3462 103
3463 6
3464 250
3465 2
3466 11
3467 12
3468 0
3469 22
3470 11
3471 8
3472 20
3473 8
3474 10
3475 2
3476 22
3477 2
3478 12
3479 53
3480 26
3481 6
3482 62
3483 41
3484 530
3485 42
3486 27
3487 23
3488 82
3489 2
3490 0
3491 6
3492 126
3493 8
3494 47
3495 6
3496 6
3497 11
3498 13
3499 17
3500 75
3501 24
3502 2
3503 20
3504 39
3505 2
3506 22
3507 15
3508 14
3509 61
3510 24
3511 1
3512 14
3513 77
3514 35
3515 58
3516 4
3517 4
3518 84
3519 7
3520 12
3521 0
3522 2
3523 108
3524 70
3525 11
3526 1
3527 12
3528 15
3529 52
3530 7
3531 9
3532 2
3533 48
3534 0
3535 41
3536 41
3537 37
3538 28
3539 89
3540 43
3541 75
3542 4
3543 71
3544 8
3545 13
3546 37
3547 18
3548 21
3549 19
3550 10
3551 184
3552 50
3553 32
3554 21
3555 1
3556 12
3557 720
3558 62
3559 12
3560 97
3561 0
3562 9
3563 398
3564 3
3565 10
3566 14
3567 137
3568 949
3569 38
3570 49
3571 18
3572 3
3573 8
3574 50
3575 78
3576 3
3577 5
3578 14
3579 18
3580 121
3581 5
3582 9
3583 83
3584 1
3585 8
3586 21
3587 84
3588 6
3589 11
3590 24
3591 5
3592 13
3593 39
3594 18
3595 48
3596 18
3597 26
3598 1
3599 19
3600 34
3601 14
3602 59
3603 33
3604 21
3605 20
3606 6
3607 81
3608 14
3609 63
3610 55
3611 35
3612 44
3613 77
3614 2
3615 87
3616 4
3617 89
3618 34
3619 9
3620 27
3621 8
3622 50
3623 2
3624 24
3625 23
3626 73
3627 14
3628 38
3629 690
3630 20
3631 35
3632 29
3633 58
3634 5
3635 5
3636 55
3637 10
3638 4
3639 0
3640 91
3641 73
3642 3
3643 46
3644 109
3645 19
3646 25
3647 576
3648 29
3649 6
3650 4
3651 388
3652 6
3653 806
3654 4
3655 15
3656 0
3657 843
3658 14
3659 80
3660 35
3661 30
3662 272
3663 3
3664 38
3665 11
3666 4
3667 64
3668 2
3669 24
3670 68
3671 32
3672 16
3673 24
3674 29
3675 46
3676 800
3677 1
3678 0
3679 34
3680 64
3681 15
3682 22
3683 161
3684 50
3685 0
3686 13
3687 10
3688 103
3689 9
3690 91
3691 1
3692 14
3693 1
3694 11
3695 43
3696 54
3697 870
3698 43
3699 57
3700 82
3701 44
3702 1
3703 40
3704 133
3705 36
3706 89
3707 62
3708 41
3709 5
3710 18
3711 53
3712 48
3713 10
3714 716
3715 11
3716 56
3717 9
3718 4
3719 8
3720 16
3721 6
3722 7
3723 10
3724 7
3725 32
3726 53
3727 2
3728 68
3729 9
3730 16
3731 3
3732 4
3733 114
3734 9
3735 5
3736 53
3737 65
3738 22
3739 1
3740 593
3741 722
3742 23
3743 133
3744 823
3745 39
3746 39
3747 28
3748 15
3749 56
3750 29
3751 33
3752 3
3753 5
3754 80
3755 7
3756 41
3757 4
3758 23
3759 9
3760 10
3761 53
3762 9
3763 193
3764 11
3765 60
3766 52
3767 124
3768 3
3769 42
3770 645
3771 8
3772 0
3773 11
3774 21
3775 19
3776 8
3777 2
3778 0
3779 6
3780 3
3781 1
3782 61
3783 25
3784 0
3785 7
3786 19
3787 536
3788 3
3789 25
3790 6
3791 57
3792 61
3793 12
3794 4
3795 18
3796 45
3797 40
3798 4
3799 23
3800 42
3801 1
3802 29
3803 1
3804 66
3805 20
3806 7
3807 0
3808 6
3809 4
3810 4
3811 22
3812 11
3813 24
3814 5
3815 357
3816 13
3817 25
3818 25
3819 553
3820 13
3821 70
3822 19
3823 81
3824 47
3825 51
3826 0
3827 15
3828 61
3829 5
3830 4
3831 4
3832 24
3833 17
3834 0
3835 24
3836 14
3837 13
3838 7
3839 51
3840 25
3841 67
3842 10
3843 11
3844 12
3845 81
3846 0
3847 47
3848 1
3849 23
3850 4
3851 598
3852 1
3853 15
3854 7
3855 7
3856 23
3857 26
3858 7
3859 48
3860 5
3861 12
3862 15
3863 48
3864 10
3865 59
3866 25
3867 15
3868 17
3869 52
3870 18
3871 164
3872 92
3873 16
3874 94
3875 816
3876 30
3877 15
3878 8
3879 0
3880 3
3881 136
3882 9
3883 8
3884 8
3885 15
3886 17
3887 10
3888 3
3889 17
3890 1
3891 10
3892 219
3893 47
3894 13
3895 8
3896 24
3897 5
3898 6
3899 78
3900 11
3901 58
3902 7
3903 8
3904 11
3905 84
3906 334
3907 7
3908 3
3909 27
3910 12
3911 27
3912 59
3913 407
3914 10
3915 15
3916 30
3917 452
3918 16
3919 9
3920 6
3921 801
3922 34
3923 18
3924 832
3925 93
3926 15
3927 14
3928 13
3929 5
3930 8
3931 2
3932 9
3933 2
3934 19
3935 6
3936 2
3937 0
3938 18
3939 15
3940 1
3941 9
3942 14
3943 24
3944 11
3945 12
3946 11
3947 16
3948 12
3949 16
3950 21
3951 9
3952 812
3953 11
3954 135
3955 10
3956 8
3957 2
3958 1
3959 1
3960 46
3961 450
3962 42
3963 7
3964 3
3965 4
3966 21
3967 1
3968 2
3969 24
3970 13
3971 109
3972 2
3973 17
3974 0
3975 117
3976 6
3977 34
3978 12
3979 5
3980 66
3981 14
3982 11
3983 16
3984 15
3985 32
3986 22
3987 34
3988 928
3989 14
3990 24
3991 16
3992 9
3993 1
3994 14
3995 14
3996 207
3997 3
3998 10
3999 606
4000 29
4001 11
4002 21
4003 10
4004 46
4005 26
4006 2
4007 1
4008 17
4009 72
4010 17
4011 25
4012 17
4013 16
4014 0
4015 7
4016 92
4017 565
4018 47
4019 0
4020 16
4021 51
4022 20
4023 14
4024 18
4025 7
4026 60
4027 7
4028 4
4029 91
4030 1
4031 11
4032 30
4033 16
4034 5
4035 507
4036 12
4037 91
4038 2
4039 11
4040 13
4041 600
4042 610
4043 31
4044 3
4045 5
4046 1
4047 14
4048 11
4049 71
4050 21
4051 7
4052 53
4053 16
4054 3
4055 16
4056 8
4057 84
4058 4
4059 16
4060 17
4061 17
4062 14
4063 12
4064 18
4065 14
4066 17
4067 5
4068 7
4069 11
4070 4
4071 150
4072 34
4073 16
4074 9
4075 6
4076 19
4077 23
4078 7
4079 29
4080 16
4081 20
4082 0
4083 8
4084 10
4085 2
4086 21
4087 46
4088 49
4089 35
4090 4
4091 11
4092 27
4093 13
4094 26
4095 69
4096 19
4097 65
4098 29
4099 33
4100 108
4101 420
4102 36
4103 758
4104 17
4105 29
4106 0
4107 79
4108 62
4109 63
4110 24
4111 24
4112 46
4113 30
4114 4
4115 32
4116 40
4117 22
4118 2
4119 6
4120 21
4121 0
4122 33
4123 17
4124 52
4125 38
4126 71
4127 30
4128 85
4129 19
4130 111
4131 94
4132 48
4133 50
4134 59
4135 43
4136 9
4137 22
4138 14
4139 16
4140 56
4141 48
4142 5
4143 42
4144 17
4145 35
4146 11
4147 725
4148 105
4149 57
4150 64
4151 10
4152 14
4153 128
4154 16
4155 54
4156 52
4157 0
4158 33
4159 23
4160 8
4161 32
4162 19
4163 529
4164 2
4165 778
4166 715
4167 0
4168 2
4169 43
4170 99
4171 75
4172 14
4173 16
4174 62
4175 65
4176 77
4177 42
4178 66
4179 14
4180 179
4181 17
4182 15
4183 110
4184 8
4185 0
4186 11
4187 33
4188 55
4189 18
4190 172
4191 49
4192 28
4193 40
4194 0
4195 52
4196 0
4197 68
4198 3
4199 5
4200 144
4201 504
4202 43
4203 20
4204 83
4205 26
4206 124
4207 100
4208 26
4209 84
4210 13
4211 7
4212 115
4213 42
4214 22
4215 133
4216 105
4217 745
4218 35
4219 19
4220 43
4221 25
4222 114
4223 98
4224 3
4225 0
4226 55
4227 43
4228 22
4229 72
4230 61
4231 17
4232 48
4233 43
4234 28
4235 108
4236 42
4237 83
4238 12
4239 0
4240 34
4241 18
4242 45
4243 26
4244 0
4245 57
4246 19
4247 768
4248 0
4249 39
4250 7
4251 22
4252 64
4253 554
4254 6
4255 110
4256 25
4257 8
4258 26
4259 12
4260 109
4261 160
4262 820
4263 819
4264 19
4265 77
4266 33
4267 27
4268 23
4269 94
4270 42
4271 39
4272 120
4273 0
4274 53
4275 117
4276 622
4277 14
4278 2
4279 56
4280 69
4281 635
4282 0
4283 18
4284 75
4285 43
4286 22
4287 50
4288 25
4289 64
4290 48
4291 271
4292 18
4293 47
4294 28
4295 22
4296 0
4297 71
4298 84
4299 16
4300 22
4301 1
4302 124
4303 17
4304 1
4305 199
4306 625
4307 40
4308 23
4309 139
4310 67
4311 861
4312 54
4313 35
4314 79
4315 51
4316 37
4317 68
4318 90
4319 15
4320 0
4321 70
4322 26
4323 20
4324 137
4325 580
4326 0
4327 44
4328 362
4329 7
4330 36
4331 103
4332 15
4333 30
4334 48
4335 22
4336 29
4337 125
4338 44
4339 34
4340 28
4341 10
4342 24
4343 1
4344 63
4345 96
4346 24
4347 30
4348 940
4349 42
4350 48
4351 46
4352 93
4353 24
4354 24
4355 22
4356 49
4357 70
4358 73
4359 80
4360 110
4361 4
4362 34
4363 79
4364 11
4365 128
4366 68
4367 78
4368 26
4369 127
4370 48
4371 49
4372 28
4373 31
4374 122
4375 45
4376 19
4377 34
4378 102
4379 7
4380 4
4381 46
4382 32
4383 120
4384 43
4385 87
4386 3
4387 36
4388 28
4389 31
4390 78
4391 6
4392 96
4393 1
4394 461
4395 41
4396 18
4397 45
4398 4
4399 30
4400 86
4401 88
4402 7
4403 15
4404 30
4405 63
4406 30
4407 129
4408 87
4409 7
4410 9
4411 46
4412 16
4413 89
4414 6
4415 7
4416 39
4417 112
4418 31
4419 123
4420 0
4421 27
4422 63
4423 53
4424 30
4425 9
4426 22
4427 66
4428 51
4429 7
4430 29
4431 56
4432 3
4433 79
4434 99
4435 54
4436 13
4437 66
4438 36
4439 25
4440 21
4441 68
4442 26
4443 30
4444 53
4445 61
4446 0
4447 842
4448 16
4449 24
4450 47
4451 9
4452 9
4453 1
4454 301
4455 803
4456 75
4457 9
4458 1
4459 9
4460 0
4461 11
4462 3
4463 100
4464 104
4465 59
4466 11
4467 74
4468 67
4469 46
4470 52
4471 51
4472 771
4473 127
4474 1
4475 23
4476 3
4477 58
4478 43
4479 7
4480 27
4481 12
4482 7
4483 8
4484 95
4485 22
4486 648
4487 7
4488 34
4489 11
4490 2
4491 8
4492 13
4493 1
4494 12
4495 13
4496 12
4497 930
4498 9
4499 85
4500 76
4501 1
4502 7
4503 29
4504 9
4505 81
4506 145
4507 74
4508 3
4509 12
4510 8
4511 7
4512 203
4513 56
4514 94
4515 602
4516 552
4517 0
4518 38
4519 112
4520 127
4521 4
4522 24
4523 62
4524 1
4525 5
4526 7
4527 43
4528 32
4529 3
4530 15
4531 11
4532 5
4533 1
4534 5
4535 566
4536 0
4537 38
4538 38
4539 5
4540 39
4541 9
4542 90
4543 46
4544 353
4545 13
4546 32
4547 4
4548 8
4549 15
4550 28
4551 70
4552 28
4553 21
4554 63
4555 338
4556 4
4557 2
4558 8
4559 394
4560 8
4561 166
4562 11
4563 129
4564 11
4565 89
4566 38
4567 954
4568 89
4569 13
4570 22
4571 53
4572 281
4573 1
4574 11
4575 83
4576 5
4577 14
4578 66
4579 93
4580 9
4581 91
4582 60
4583 1
4584 36
4585 35
4586 2
4587 20
4588 5
4589 36
4590 7
4591 0
4592 40
4593 5
4594 55
4595 4
4596 30
4597 0
4598 11
4599 12
4600 14
4601 45
4602 198
4603 15
4604 55
4605 2
4606 3
4607 8
4608 23
4609 24
4610 18
4611 34
4612 19
4613 37
4614 1
4615 684
4616 36
4617 5
4618 33
4619 927
4620 81
4621 63
4622 44
4623 790
4624 31
4625 29
4626 13
4627 646
4628 0
4629 15
4630 0
4631 31
4632 39
4633 0
4634 85
4635 3
4636 322
4637 7
4638 20
4639 0
4640 14
4641 15
4642 19
4643 13
4644 40
4645 31
4646 45
4647 65
4648 1
4649 65
4650 0
4651 0
4652 33
4653 36
4654 58
4655 14
4656 84
4657 2
4658 31
4659 45
4660 91
4661 94
4662 782
4663 77
4664 76
4665 1
4666 4
4667 119
4668 0
4669 79
4670 882
4671 3
4672 3
4673 58
4674 49
4675 9
4676 113
4677 18
4678 51
4679 25
4680 2
4681 0
4682 33
4683 40
4684 10
4685 49
4686 2
4687 7
4688 10
4689 4
4690 37
4691 66
4692 58
4693 21
4694 24
4695 0
4696 9
4697 13
4698 18
4699 104
4700 21
4701 15
4702 92
4703 2
4704 21
4705 49
4706 10
4707 99
4708 0
4709 9
4710 107
4711 14
4712 33
4713 970
4714 412
4715 1
4716 16
4717 96
4718 42
4719 2
4720 58
4721 775
4722 6
4723 0
4724 17
4725 5
4726 21
4727 0
4728 22
4729 16
4730 27
4731 1
4732 171
4733 9
4734 1
4735 58
4736 7
4737 7
4738 39
4739 3
4740 4
4741 8
4742 4
4743 96
4744 3
4745 3
4746 61
4747 9
4748 2
4749 0
4750 48
4751 23
4752 21
4753 5
4754 3
4755 25
4756 749
4757 8
4758 39
4759 56
4760 23
4761 6
4762 27
4763 294
4764 4
4765 2
4766 2
4767 16
4768 48
4769 15
4770 52
4771 0
4772 74
4773 27
4774 21
4775 8
4776 153
4777 22
4778 0
4779 0
4780 5
4781 118
4782 4
4783 628
4784 0
4785 23
4786 88
4787 698
4788 3
4789 47
4790 7
4791 0
4792 87
4793 6
4794 1
4795 3
4796 67
4797 2
4798 22
4799 7
4800 14
4801 218
4802 21
4803 0
4804 9
4805 39
4806 2
4807 893
4808 5
4809 848
4810 11
4811 849
4812 1
4813 80
4814 6
4815 18
4816 23
4817 7
4818 100
4819 66
4820 3
4821 13
4822 0
4823 36
4824 19
4825 66
4826 20
4827 6
4828 12
4829 1
4830 111
4831 6
4832 3
4833 976
4834 37
4835 818
4836 94
4837 0
4838 13
4839 55
4840 26
4841 22
4842 6
4843 36
4844 19
4845 5
4846 37
4847 71
4848 12
4849 24
4850 20
4851 23
4852 6
4853 13
4854 1
4855 6
4856 7
4857 3
4858 37
4859 4
4860 13
4861 107
4862 15
4863 37
4864 60
4865 30
4866 7
4867 25
4868 8
4869 14
4870 20
4871 3
4872 20
4873 3
4874 39
4875 691
4876 0
4877 1
4878 9
4879 27
4880 828
4881 31
4882 15
4883 53
4884 41
4885 13
4886 22
4887 2
4888 3
4889 406
4890 167
4891 42
4892 13
4893 27
4894 5
4895 10
4896 6
4897 19
4898 11
4899 22
4900 106
4901 10
4902 5
4903 14
4904 15
4905 19
4906 869
4907 12
4908 27
4909 1
4910 8
4911 1
4912 11
4913 664
4914 8
4915 7
4916 15
4917 2
4918 4
4919 59
4920 4
4921 16
4922 7
4923 71
4924 556
4925 2
4926 34
4927 16
4928 5
4929 11
4930 14
4931 36
4932 6
4933 14
4934 17
4935 13
4936 11
4937 458
4938 20
4939 6
4940 1
4941 4
4942 29
4943 16
4944 10
4945 43
4946 24
4947 3
4948 66
4949 44
4950 7
4951 10
4952 14
4953 633
4954 1
4955 73
4956 5
4957 30
4958 54
4959 19
4960 4
4961 8
4962 3
4963 49
4964 2
4965 34
4966 8
4967 14
4968 21
4969 11
4970 26
4971 8
4972 13
4973 13
4974 14
4975 401
4976 2
4977 35
4978 13
4979 3
4980 34
4981 54
4982 71
4983 12
4984 7
4985 18
4986 5
4987 18
4988 29
4989 2
4990 18
4991 515
4992 194
4993 16
4994 17
4995 22
4996 37
4997 21
4998 11
4999 10
5000 13
5001 15
5002 14
5003 67
5004 15
5005 17
5006 13
5007 17
5008 155
5009 101
5010 22
5011 18
5012 16
5013 6
5014 9
5015 13
5016 8
5017 6
5018 15
5019 926
5020 17
5021 74
5022 55
5023 14
5024 11
5025 54
5026 30
5027 0
5028 5
5029 0
5030 968
5031 20
5032 40
5033 14
5034 21
5035 17
5036 169
5037 16
5038 64
5039 26
5040 53
5041 9
5042 48
5043 70
5044 74
5045 16
5046 5
5047 6
5048 7
5049 349
5050 15
5051 20
5052 38
5053 3
5054 2
5055 54
5056 10
5057 1
5058 12
5059 351
5060 57
5061 0
5062 2
5063 510
5064 48
5065 31
5066 10
5067 14
5068 21
5069 81
5070 8
5071 884
5072 429
5073 1
5074 12
5075 379
5076 8
5077 40
5078 14
5079 5
5080 51
5081 17
5082 9
5083 2
5084 35
5085 1
5086 51
5087 974
5088 17
5089 1
5090 9
5091 464
5092 444
5093 44
5094 122
5095 134
5096 16
5097 213
5098 10
5099 10
5100 127
5101 4
5102 29
5103 21
5104 26
5105 11
5106 13
5107 7
5108 13
5109 15
5110 16
5111 7
5112 65
5113 16
5114 3
5115 671
5116 19
5117 26
5118 33
5119 18
5120 52
5121 0
5122 52
5123 76
5124 35
5125 14
5126 11
5127 5
5128 78
5129 3
5130 82
5131 25
5132 2
5133 35
5134 0
5135 1
5136 19
5137 8
5138 121
5139 33
5140 11
5141 10
5142 102
5143 15
5144 1
5145 202
5146 382
5147 88
5148 111
5149 62
5150 77
5151 5
5152 51
5153 391
5154 18
5155 28
5156 59
5157 0
5158 1
5159 34
5160 2
5161 2
5162 42
5163 19
5164 87
5165 23
5166 2
5167 30
5168 52
5169 402
5170 26
5171 14
5172 1
5173 47
5174 17
5175 21
5176 88
5177 887
5178 69
5179 17
5180 75
5181 64
5182 82
5183 5
5184 25
5185 4
5186 52
5187 86
5188 38
5189 21
5190 52
5191 0
5192 58
5193 21
5194 8
5195 112
5196 97
5197 92
5198 20
5199 18
5200 11
5201 133
5202 24
5203 4
5204 6
5205 3
5206 672
5207 23
5208 38
5209 0
5210 223
5211 17
5212 0
5213 4
5214 3
5215 40
5216 20
5217 83
5218 45
5219 28
5220 23
5221 13
5222 11
5223 58
5224 56
5225 963
5226 21
5227 16
5228 119
5229 6
5230 22
5231 32
5232 4
5233 39
5234 3
5235 115
5236 57
5237 58
5238 5
5239 67
5240 28
5241 3
5242 42
5243 10
5244 57
5245 833
5246 1
5247 509
5248 315
5249 2
5250 126
5251 18
5252 904
5253 16
5254 9
5255 3
5256 17
5257 15
5258 27
5259 1
5260 5
5261 72
5262 13
5263 916
5264 1
5265 2
5266 65
5267 74
5268 69
5269 5
5270 56
5271 10
5272 115
5273 16
5274 79
5275 166
5276 61
5277 42
5278 6
5279 49
5280 42
5281 9
5282 41
5283 22
5284 1
5285 1
5286 31
5287 61
5288 8
5289 47
5290 28
5291 1
5292 32
5293 2
5294 4
5295 760
5296 3
5297 2
5298 10
5299 1
5300 41
5301 38
5302 2
5303 17
5304 3
5305 1
5306 15
5307 6
5308 10
5309 47
5310 765
5311 70
5312 39
5313 902
5314 5
5315 72
5316 21
5317 49
5318 47
5319 5
5320 29
5321 5
5322 9
5323 25
5324 36
5325 703
5326 0
5327 23
5328 31
5329 23
5330 18
5331 3
5332 44
5333 101
5334 5
5335 356
5336 2
5337 5
5338 22
5339 2
5340 45
5341 57
5342 4
5343 68
5344 83
5345 10
5346 5
5347 93
5348 24
5349 15
5350 10
5351 46
5352 1
5353 47
5354 42
5355 880
5356 2
5357 922
5358 7
5359 27
5360 35
5361 129
5362 3
5363 78
5364 2
5365 50
5366 2
5367 20
5368 28
5369 47
5370 65
5371 3
5372 27
5373 41
5374 125
5375 25
5376 2
5377 1
5378 37
5379 1
5380 0
5381 32
5382 38
5383 30
5384 16
5385 55
5386 5
5387 879
5388 1
5389 52
5390 206
5391 78
5392 808
5393 20
5394 32
5395 54
5396 5
5397 7
5398 5
5399 6
5400 25
5401 17
5402 182
5403 10
5404 27
5405 3
5406 101
5407 9
5408 4
5409 54
5410 853
5411 8
5412 81
5413 24
5414 25
5415 0
5416 60
5417 10
5418 37
5419 629
5420 0
5421 67
5422 16
5423 10
5424 109
5425 4
5426 126
5427 86
5428 47
5429 7
5430 1
5431 63
5432 3
5433 32
5434 24
5435 776
5436 28
5437 6
5438 29
5439 4
5440 533
5441 22
5442 120
5443 17
5444 23
5445 0
5446 9
5447 23
5448 57
5449 0
5450 5
5451 7
5452 47
5453 2
5454 13
5455 41
5456 112
5457 13
5458 13
5459 72
5460 4
5461 9
5462 13
5463 7
5464 20
5465 7
5466 3
5467 68
5468 36
5469 3
5470 5
5471 41
5472 193
5473 35
5474 1
5475 57
5476 31
5477 6
5478 14
5479 3
5480 1
5481 36
5482 98
5483 11
5484 20
5485 475
5486 40
5487 514
5488 36
5489 13
5490 0
5491 596
5492 6
5493 7
5494 2
5495 599
5496 9
5497 5
5498 5
5499 50
5500 35
5501 23
5502 0
5503 28
5504 4
5505 10
5506 74
5507 5
5508 58
5509 0
5510 24
5511 8
5512 797
5513 10
5514 952
5515 3
5516 13
5517 72
5518 1
5519 18
5520 0
5521 12
5522 7
5523 63
5524 116
5525 2
5526 23
5527 65
5528 9
5529 50
5530 418
5531 3
5532 3
5533 13
5534 12
5535 38
5536 6
5537 96
5538 52
5539 6
5540 32
5541 4
5542 0
5543 0
5544 4
5545 77
5546 17
5547 10
5548 101
5549 962
5550 9
5551 8
5552 50
5553 2
5554 11
5555 11
5556 12
5557 31
5558 14
5559 7
5560 69
5561 4
5562 14
5563 9
5564 90
5565 19
5566 52
5567 10
5568 61
5569 2
5570 118
5571 22
5572 31
5573 20
5574 11
5575 19
5576 14
5577 709
5578 46
5579 8
5580 6
5581 20
5582 1
5583 14
5584 875
5585 45
5586 35
5587 52
5588 15
5589 9
5590 25
5591 5
5592 45
5593 4
5594 25
5595 11
5596 667
5597 21
5598 53
5599 48
5600 23
5601 1
5602 85
5603 5
5604 21
5605 58
5606 86
5607 95
5608 31
5609 67
5610 20
5611 9
5612 1
5613 12
5614 163
5615 66
5616 35
5617 6
5618 10
5619 11
5620 65
5621 4
5622 28
5623 25
5624 2
5625 12
5626 2
5627 11
5628 35
5629 10
5630 63
5631 959
5632 59
5633 14
5634 49
5635 83
5636 28
5637 19
5638 95
5639 48
5640 1
5641 28
5642 22
5643 62
5644 1
5645 30
5646 21
5647 108
5648 13
5649 55
5650 12
5651 950
5652 95
5653 8
5654 30
5655 73
5656 224
5657 107
5658 61
5659 33
5660 170
5661 306
5662 5
5663 22
5664 54
5665 8
5666 5
5667 772
5668 13
5669 557
5670 19
5671 5
5672 88
5673 941
5674 119
5675 1
5676 8
5677 15
5678 50
5679 0
5680 0
5681 85
5682 130
5683 18
5684 908
5685 58
5686 40
5687 36
5688 15
5689 8
5690 14
5691 31
5692 15
5693 34
5694 0
5695 18
5696 20
5697 49
5698 10
5699 1
5700 516
5701 0
5702 12
5703 117
5704 6
5705 75
5706 0
5707 5
5708 97
5709 6
5710 4
5711 0
5712 194
5713 3
5714 9
5715 53
5716 68
5717 28
5718 0
5719 305
5720 9
5721 183
5722 906
5723 75
5724 23
5725 409
5726 62
5727 8
5728 21
5729 1
5730 12
5731 4
5732 2
5733 34
5734 3
5735 19
5736 434
5737 34
5738 6
5739 161
5740 1
5741 14
5742 1
5743 132
5744 22
5745 18
5746 19
5747 2
5748 0
5749 40
5750 58
5751 964
5752 0
5753 481
5754 17
5755 41
5756 6
5757 5
5758 2
5759 14
5760 32
5761 45
5762 4
5763 7
5764 8
5765 81
5766 28
5767 38
5768 0
5769 2
5770 6
5771 43
5772 9
5773 48
5774 854
5775 8
5776 5
5777 1
5778 66
5779 89
5780 18
5781 0
5782 145
5783 443
5784 62
5785 253
5786 9
5787 437
5788 69
5789 20
5790 50
5791 787
5792 27
5793 44
5794 24
5795 477
5796 0
5797 7
5798 4
5799 51
5800 0
5801 4
5802 62
5803 6
5804 12
5805 66
5806 4
5807 33
5808 21
5809 35
5810 24
5811 3
5812 5
5813 13
5814 12
5815 11
5816 11
5817 10
5818 13
5819 12
5820 6
5821 7
5822 4
5823 9
5824 3
5825 29
5826 26
5827 6
5828 425
5829 130
5830 11
5831 18
5832 10
5833 14
5834 32
5835 13
5836 11
5837 1
5838 19
5839 19
5840 37
5841 23
5842 74
5843 51
5844 2
5845 51
5846 11
5847 4
5848 1
5849 7
5850 47
5851 29
5852 2
5853 9
5854 4
5855 2
5856 39
5857 966
5858 329
5859 292
5860 10
5861 15
5862 15
5863 6
5864 900
5865 9
5866 12
5867 0
5868 20
5869 21
5870 561
5871 34
5872 5
5873 6
5874 3
5875 9
5876 1
5877 99
5878 6
5879 3
5880 10
5881 23
5882 7
5883 7
5884 6
5885 727
5886 61
5887 15
5888 14
5889 2
5890 15
5891 5
5892 8
5893 34
5894 1
5895 19
5896 4
5897 2
5898 2
5899 16
5900 70
5901 9
5902 43
5903 980
5904 32
5905 3
5906 88
5907 10
5908 37
5909 345
5910 14
5911 8
5912 6
5913 2
5914 10
5915 7
5916 375
5917 11
5918 9
5919 77
5920 76
5921 7
5922 3
5923 16
5924 16
5925 24
5926 32
5927 15
5928 11
5929 3
5930 14
5931 0
5932 20
5933 16
5934 14
5935 16
5936 12
5937 318
5938 2
5939 11
5940 16
5941 4
5942 15
5943 60
5944 14
5945 14
5946 34
5947 54
5948 31
5949 35
5950 469
5951 58
5952 12
5953 11
5954 20
5955 2
5956 3
5957 17
5958 13
5959 11
5960 22
5961 12
5962 15
5963 0
5964 29
5965 92
5966 57
5967 3
5968 5
5969 17
5970 13
5971 10
5972 8
5973 16
5974 718
5975 7
5976 34
5977 1
5978 7
5979 659
5980 34
5981 5
5982 13
5983 17
5984 254
5985 11
5986 11
5987 56
5988 15
5989 934
5990 11
5991 917
5992 1
5993 9
5994 11
5995 10
5996 12
5997 1
5998 14
5999 3
6000 12
6001 10
6002 13
6003 8
6004 9
6005 15
6006 960
6007 739
6008 26
6009 13
6010 10
6011 86
6012 564
6013 7
6014 3
6015 8
6016 23
6017 17
6018 0
6019 5
6020 40
6021 24
6022 5
6023 21
6024 883
6025 75
6026 1
6027 2
6028 5
6029 40
6030 12
6031 87
6032 11
6033 18
6034 64
6035 286
6036 25
6037 26
6038 13
6039 1
6040 287
6041 5
6042 5
6043 54
6044 32
6045 12
6046 34
6047 7
6048 611
6049 9
6050 2
6051 46
6052 60
6053 56
6054 26
6055 0
6056 16
6057 12
6058 60
6059 11
6060 121
6061 90
6062 3
6063 21
6064 25
6065 56
6066 826
6067 18
6068 47
6069 18
6070 19
6071 5
6072 920
6073 8
6074 4
6075 14
6076 16
6077 1
6078 7
6079 845
6080 117
6081 29
6082 931
6083 6
6084 23
6085 3
6086 16
6087 6
6088 12
6089 13
6090 11
6091 17
6092 52
6093 60
6094 113
6095 124
6096 17
6097 0
6098 8
6099 6
6100 32
6101 10
6102 14
6103 10
6104 186
6105 108
6106 577
6107 34
6108 9
6109 47
6110 20
6111 7
6112 18
6113 3
6114 11
6115 6
6116 12
6117 1
6118 11
6119 57
6120 28
6121 10
6122 26
6123 125
6124 3
6125 16
6126 570
6127 5
6128 54
6129 31
6130 18
6131 10
6132 6
6133 12
6134 4
6135 49
6136 7
6137 13
6138 2
6139 710
6140 44
6141 26
6142 15
6143 3
6144 3
6145 15
6146 28
6147 3
6148 38
6149 28
6150 15
6151 11
6152 14
6153 38
6154 26
6155 93
6156 69
6157 70
6158 67
6159 913
6160 16
6161 54
6162 18
6163 44
6164 110
6165 31
6166 21
6167 18
6168 40
6169 525
6170 103
6171 26
6172 21
6173 36
6174 20
6175 0
6176 13
6177 8
6178 6
6179 123
6180 29
6181 0
6182 877
6183 19
6184 28
6185 51
6186 6
6187 21
6188 3
6189 562
6190 12
6191 128
6192 0
6193 37
6194 33
6195 25
6196 46
6197 754
6198 89
6199 19
6200 42
6201 43
6202 19
6203 36
6204 58
6205 82
6206 19
6207 32
6208 10
6209 18
6210 43
6211 185
6212 72
6213 38
6214 19
6215 0
6216 16
6217 20
6218 43
6219 4
6220 58
6221 58
6222 65
6223 13
6224 43
6225 12
6226 11
6227 96
6228 25
6229 0
6230 47
6231 26
6232 49
6233 0
6234 14
6235 652
6236 31
6237 5
6238 20
6239 26
6240 30
6241 112
6242 8
6243 45
6244 17
6245 18
6246 55
6247 74
6248 0
6249 21
6250 96
6251 348
6252 41
6253 27
6254 11
6255 120
6256 17
6257 58
6258 21
6259 687
6260 50
6261 17
6262 171
6263 92
6264 42
6265 27
6266 9
6267 94
6268 77
6269 28
6270 36
6271 11
6272 26
6273 96
6274 32
6275 11
6276 17
6277 4
6278 5
6279 59
6280 27
6281 69
6282 56
6283 8
6284 7
6285 21
6286 119
6287 0
6288 31
6289 0
6290 139
6291 95
6292 27
6293 32
6294 66
6295 32
6296 56
6297 103
6298 31
6299 192
6300 40
6301 87
6302 72
6303 0
6304 33
6305 127
6306 10
6307 26
6308 48
6309 15
6310 27
6311 27
6312 101
6313 102
6314 57
6315 51
6316 127
6317 48
6318 43
6319 39
6320 25
6321 43
6322 60
6323 79
6324 23
6325 141
6326 109
6327 439
6328 29
6329 57
6330 23
6331 1
6332 20
6333 19
6334 0
6335 29
6336 2
6337 18
6338 18
6339 47
6340 102
6341 29
6342 38
6343 36
6344 162
6345 27
6346 41
6347 8
6348 72
6349 102
6350 1
6351 119
6352 0
6353 35
6354 49
6355 47
6356 15
6357 8
6358 9
6359 20
6360 51
6361 49
6362 28
6363 101
6364 110
6365 37
6366 575
6367 32
6368 54
6369 0
6370 30
6371 53
6372 0
6373 36
6374 18
6375 26
6376 45
6377 957
6378 1
6379 113
6380 885
6381 8
6382 18
6383 20
6384 14
6385 24
6386 1
6387 41
6388 51
6389 99
6390 0
6391 56
6392 8
6393 53
6394 835
6395 55
6396 20
6397 37
6398 44
6399 34
6400 83
6401 55
6402 29
6403 22
6404 46
6405 49
6406 86
6407 107
6408 114
6409 47
6410 22
6411 99
6412 10
6413 21
6414 16
6415 31
6416 107
6417 24
6418 39
6419 7
6420 25
6421 102
6422 7
6423 64
6424 110
6425 54
6426 60
6427 63
6428 972
6429 32
6430 56
6431 87
6432 15
6433 29
6434 4
6435 25
6436 25
6437 68
6438 0
6439 16
6440 23
6441 34
6442 111
6443 51
6444 120
6445 65
6446 69
6447 46
6448 10
6449 123
6450 4
6451 7
6452 25
6453 37
6454 29
6455 4
6456 43
6457 77
6458 31
6459 8
6460 60
6461 73
6462 21
6463 30
6464 75
6465 63
6466 7
6467 9
6468 9
6469 72
6470 47
6471 69
6472 4
6473 27
6474 3
6475 899
6476 0
6477 35
6478 17
6479 122
6480 4
6481 3
6482 39
6483 23
6484 58
6485 73
6486 122
6487 72
6488 365
6489 4
6490 26
6491 54
6492 17
6493 7
6494 4
6495 56
6496 29
6497 805
6498 7
6499 67
6500 4
6501 64
6502 7
6503 21
6504 72
6505 57
6506 14
6507 35
6508 17
6509 19
6510 17
6511 69
6512 27
6513 78
6514 367
6515 22
6516 639
6517 26
6518 34
6519 0
6520 46
6521 49
6522 13
6523 9
6524 66
6525 12
6526 103
6527 1
6528 2
6529 71
6530 24
6531 31
6532 8
6533 11
6534 104
6535 77
6536 92
6537 66
6538 35
6539 4
6540 27
6541 9
6542 70
6543 6
6544 34
6545 116
6546 0
6547 30
6548 32
6549 4
6550 55
6551 34
6552 37
6553 8
6554 478
6555 18
6556 101
6557 647
6558 4
6559 61
6560 70
6561 3
6562 8
6563 24
6564 23
6565 47
6566 13
6567 16
6568 9
6569 1
6570 60
6571 1
6572 30
6573 12
6574 0
6575 30
6576 23
6577 11
6578 23
6579 44
6580 3
6581 4
6582 14
6583 0
6584 12
6585 1
6586 66
6587 1
6588 473
6589 13
6590 8
6591 9
6592 3
6593 47
6594 12
6595 58
6596 34
6597 11
6598 5
6599 2
6600 86
6601 21
6602 11
6603 0
6604 7
6605 1
6606 5
6607 92
6608 4
6609 14
6610 8
6611 35
6612 46
6613 8
6614 3
6615 234
6616 68
6617 31
6618 256
6619 43
6620 99
6621 865
6622 54
6623 68
6624 18
6625 50
6626 2
6627 4
6628 21
6629 189
6630 548
6631 5
6632 11
6633 66
6634 62
6635 47
6636 1
6637 19
6638 38
6639 263
6640 18
6641 5
6642 9
6643 60
6644 26
6645 15
6646 8
6647 98
6648 9
6649 240
6650 524
6651 24
6652 51
6653 168
6654 8
6655 61
6656 20
6657 20
6658 56
6659 0
6660 50
6661 53
6662 28
6663 13
6664 9
6665 23
6666 13
6667 73
6668 2
6669 0
6670 9
6671 1
6672 5
6673 18
6674 1
6675 40
6676 127
6677 28
6678 0
6679 2
6680 21
6681 51
6682 5
6683 49
6684 68
6685 53
6686 73
6687 91
6688 0
6689 616
6690 2
6691 49
6692 15
6693 39
6694 49
6695 2
6696 1
6697 85
6698 14
6699 147
6700 21
6701 29
6702 10
6703 24
6704 1
6705 30
6706 78
6707 1
6708 35
6709 90
6710 76
6711 65
6712 1
6713 436
6714 44
6715 131
6716 0
6717 74
6718 33
6719 101
6720 9
6721 80
6722 5
6723 33
6724 0
6725 2
6726 5
6727 14
6728 57
6729 46
6730 92
6731 4
6732 33
6733 3
6734 24
6735 19
6736 9
6737 57
6738 33
6739 60
6740 192
6741 43
6742 158
6743 3
6744 76
6745 10
6746 10
6747 89
6748 143
6749 3
6750 3
6751 45
6752 33
6753 871
6754 25
6755 39
6756 52
6757 18
6758 24
6759 67
6760 3
6761 55
6762 188
6763 9
6764 2
6765 0
6766 26
6767 0
6768 25
6769 6
6770 3
6771 44
6772 4
6773 10
6774 25
6775 1
6776 3
6777 41
6778 11
6779 38
6780 115
6781 4
6782 0
6783 15
6784 71
6785 45
6786 1
6787 50
6788 33
6789 491
6790 977
6791 7
6792 22
6793 6
6794 58
6795 22
6796 2
6797 7
6798 22
6799 41
6800 822
6801 0
6802 122
6803 26
6804 60
6805 8
6806 8
6807 31
6808 5
6809 72
6810 890
6811 2
6812 10
6813 17
6814 19
6815 807
6816 1
6817 28
6818 43
6819 472
6820 10
6821 11
6822 3
6823 14
6824 12
6825 2
6826 26
6827 9
6828 2
6829 48
6830 424
6831 914
6832 29
6833 43
6834 8
6835 25
6836 1
6837 15
6838 3
6839 1
6840 45
6841 29
6842 37
6843 26
6844 6
6845 27
6846 8
6847 31
6848 8
6849 13
6850 45
6851 25
6852 8
6853 26
6854 23
6855 743
6856 1
6857 36
6858 10
6859 11
6860 5
6861 8
6862 19
6863 11
6864 43
6865 28
6866 13
6867 95
6868 134
6869 47
6870 23
6871 54
6872 40
6873 1
6874 85
6875 29
6876 18
6877 68
6878 328
6879 53
6880 13
6881 9
6882 0
6883 558
6884 10
6885 47
6886 28
6887 16
6888 24
6889 9
6890 8
6891 3
6892 12
6893 15
6894 741
6895 295
6896 70
6897 131
6898 20
6899 30
6900 18
6901 276
6902 27
6903 12
6904 1
6905 8
6906 60
6907 30
6908 0
6909 11
6910 6
6911 61
6912 7
6913 1
6914 6
6915 35
6916 0
6917 8
6918 11
6919 15
6920 6
6921 13
6922 1
6923 8
6924 1
6925 18
6926 7
6927 51
6928 0
6929 17
6930 65
6931 15
6932 2
6933 895
6934 6
6935 1
6936 220
6937 728
6938 6
6939 59
6940 844
6941 23
6942 7
6943 94
6944 7
6945 22
6946 81
6947 7
6948 15
6949 47
6950 90
6951 13
6952 27
6953 712
6954 13
6955 6
6956 4
6957 31
6958 6
6959 19
6960 8
6961 135
6962 7
6963 1
6964 9
6965 15
6966 11
6967 16
6968 36
6969 2
6970 11
6971 4
6972 18
6973 37
6974 4
6975 2
6976 12
6977 25
6978 57
6979 13
6980 16
6981 650
6982 1
6983 736
6984 37
6985 12
6986 5
6987 3
6988 8
6989 17
6990 11
6991 11
6992 751
6993 14
6994 3
6995 4
6996 17
6997 41
6998 13
6999 63
7000 0
7001 24
7002 13
7003 45
7004 11
7005 637
7006 10
7007 16
7008 29
7009 8
7010 8
7011 13
7012 16
7013 11
7014 911
7015 9
7016 40
7017 52
7018 24
7019 259
7020 15
7021 735
7022 4
7023 30
7024 54
7025 52
7026 18
7027 4
7028 3
7029 0
7030 9
7031 9
7032 233
7033 4
7034 58
7035 0
7036 11
7037 17
7038 6
7039 7
7040 350
7041 16
7042 2
7043 191
7044 11
7045 34
7046 13
7047 4
7048 14
7049 14
7050 9
7051 16
7052 173
7053 17
7054 12
7055 57
7056 7
7057 29
7058 626
7059 7
7060 958
7061 5
7062 8
7063 32
7064 5
7065 34
7066 2
7067 3
7068 11
7069 839
7070 60
7071 20
7072 16
7073 106
7074 2
7075 17
7076 6
7077 8
7078 4
7079 35
7080 50
7081 909
7082 764
7083 18
7084 1
7085 864
7086 57
7087 44
7088 9
7089 693
7090 37
7091 30
7092 1
7093 5
7094 21
7095 51
7096 5
7097 354
7098 40
7099 6
7100 15
7101 26
7102 5
7103 6
7104 15
7105 7
7106 6
7107 2
7108 19
7109 14
7110 389
7111 14
7112 3
7113 17
7114 28
7115 44
7116 20
7117 17
7118 11
7119 17
7120 4
7121 679
7122 6
7123 18
7124 9
7125 15
7126 5
7127 35
7128 8
7129 17
7130 5
7131 44
7132 11
7133 8
7134 26
7135 47
7136 280
7137 786
7138 30
7139 17
7140 2
7141 30
7142 54
7143 1
7144 6
7145 3
7146 8
7147 106
7148 10
7149 17
7150 8
7151 2
7152 159
7153 4
7154 17
7155 19
7156 66
7157 131
7158 7
7159 770
7160 17
7161 62
7162 22
7163 16
7164 21
7165 42
7166 9
7167 14
7168 20
7169 180
7170 65
7171 69
7172 14
7173 22
7174 28
7175 73
7176 550
7177 108
7178 52
7179 33
7180 54
7181 190
7182 25
7183 44
7184 32
7185 54
7186 12
7187 5
7188 28
7189 26
7190 13
7191 137
7192 53
7193 19
7194 8
7195 25
7196 63
7197 36
7198 4
7199 17
7200 6
7201 80
7202 87
7203 3
7204 80
7205 1
7206 42
7207 763
7208 28
7209 85
7210 73
7211 29
7212 33
7213 129
7214 17
7215 14
7216 33
7217 32
7218 115
7219 18
7220 3
7221 38
7222 8
7223 21
7224 27
7225 64
7226 3
7227 4
7228 3
7229 4
7230 11
7231 26
7232 82
7233 3
7234 16
7235 9
7236 3
7237 6
7238 13
7239 9
7240 50
7241 4
7242 704
7243 72
7244 44
7245 867
7246 1
7247 3
7248 90
7249 17
7250 2
7251 42
7252 31
7253 2
7254 5
7255 0
7256 9
7257 63
7258 49
7259 43
7260 15
7261 36
7262 14
7263 2
7264 4
7265 67
7266 5
7267 68
7268 9
7269 10
7270 16
7271 101
7272 11
7273 58
7274 28
7275 13
7276 4
7277 97
7278 106
7279 6
7280 0
7281 26
7282 1
7283 3
7284 3
7285 36
7286 4
7287 7
7288 104
7289 967
7290 22
7291 62
7292 32
7293 6
7294 10
7295 27
7296 22
7297 22
7298 2
7299 17
7300 2
7301 2
7302 0
7303 3
7304 115
7305 26
7306 78
7307 17
7308 14
7309 75
7310 6
7311 1
7312 3
7313 26
7314 106
7315 44
7316 13
7317 2
7318 2
7319 36
7320 16
7321 60
7322 27
7323 25
7324 28
7325 23
7326 1
7327 75
7328 21
7329 16
7330 53
7331 2
7332 52
7333 0
7334 3
7335 122
7336 9
7337 0
7338 39
7339 16
7340 41
7341 29
7342 866
7343 90
7344 29
7345 35
7346 105
7347 27
7348 227
7349 82
7350 9
7351 9
7352 10
7353 14
7354 23
7355 9
7356 15
7357 35
7358 75
7359 2
7360 28
7361 517
7362 123
7363 84
7364 4
7365 3
7366 86
7367 235
7368 187
7369 53
7370 3
7371 18
7372 9
7373 49
7374 16
7375 22
7376 3
7377 1
7378 929
7379 28
7380 14
7381 17
7382 2
7383 23
7384 121
7385 17
7386 172
7387 262
7388 68
7389 45
7390 2
7391 23
7392 815
7393 38
7394 111
7395 6
7396 8
7397 73
7398 0
7399 41
7400 1
7401 385
7402 22
7403 19
7404 36
7405 65
7406 30
7407 132
7408 3
7409 22
7410 4
7411 68
7412 5
7413 29
7414 9
7415 44
7416 2
7417 50
7418 51
7419 10
7420 7
7421 3
7422 44
7423 32
7424 12
7425 18
7426 1
7427 92
7428 27
7429 24
7430 125
7431 1
7432 7
7433 55
7434 0
7435 20
7436 44
7437 24
7438 37
7439 50
7440 33
7441 41
7442 7
7443 64
7444 19
7445 65
7446 25
7447 63
7448 24
7449 25
7450 13
7451 64
7452 78
7453 10
7454 1
7455 1
7456 190
7457 68
7458 9
7459 361
7460 20
7461 3
7462 18
7463 87
7464 2
7465 48
7466 296
7467 41
7468 7
7469 36
7470 33
7471 30
7472 10
7473 228
7474 10
7475 10
7476 3
7477 31
7478 948
7479 43
7480 19
7481 45
7482 88
7483 9
7484 75
7485 4
7486 19
7487 43
7488 5
7489 45
7490 13
7491 20
7492 35
7493 65
7494 937
7495 34
7496 28
7497 43
7498 6
7499 73
7500 837
7501 663
7502 154
7503 85
7504 71
7505 119
7506 72
7507 57
7508 26
7509 50
7510 47
7511 12
7512 3
7513 332
7514 49
7515 33
7516 36
7517 0
7518 75
7519 738
7520 13
7521 0
7522 25
7523 67
7524 31
7525 31
7526 4
7527 0
7528 23
7529 20
7530 98
7531 6
7532 2
7533 58
7534 5
7535 14
7536 34
7537 39
7538 617
7539 4
7540 39
7541 12
7542 36
7543 6
7544 110
7545 116
7546 8
7547 588
7548 51
7549 59
7550 91
7551 46
7552 12
7553 2
7554 336
7555 25
7556 10
7557 24
7558 39
7559 50
7560 2
7561 4
7562 2
7563 46
7564 11
7565 24
7566 53
7567 10
7568 4
7569 30
7570 2
7571 5
7572 8
7573 40
7574 5
7575 153
7576 24
7577 216
7578 12
7579 40
7580 10
7581 5
7582 81
7583 10
7584 13
7585 7
7586 64
7587 64
7588 11
7589 52
7590 12
7591 20
7592 13
7593 52
7594 678
7595 7
7596 5
7597 30
7598 14
7599 9
7600 4
7601 23
7602 35
7603 113
7604 135
7605 8
7606 8
7607 973
7608 157
7609 67
7610 2
7611 85
7612 2
7613 1
7614 11
7615 1
7616 50
7617 96
7618 4
7619 14
7620 24
7621 70
7622 15
7623 51
7624 44
7625 51
7626 58
7627 0
7628 62
7629 15
7630 11
7631 37
7632 96
7633 13
7634 176
7635 24
7636 15
7637 22
7638 20
7639 24
7640 4
7641 47
7642 6
7643 62
7644 13
7645 11
7646 101
7647 8
7648 3
7649 44
7650 10
7651 34
7652 13
7653 114
7654 165
7655 8
7656 2
7657 457
7658 18
7659 52
7660 177
7661 364
7662 13
7663 7
7664 15
7665 11
7666 7
7667 910
7668 643
7669 8
7670 14
7671 60
7672 8
7673 15
7674 20
7675 28
7676 61
7677 944
7678 0
7679 67
7680 6
7681 33
7682 11
7683 29
7684 12
7685 1
7686 399
7687 288
7688 63
7689 116
7690 11
7691 42
7692 38
7693 2
7694 45
7695 1
7696 25
7697 107
7698 13
7699 59
7700 0
7701 5
7702 33
7703 22
7704 59
7705 66
7706 15
7707 114
7708 11
7709 7
7710 5
7711 34
7712 23
7713 1
7714 59
7715 19
7716 73
7717 191
7718 50
7719 12
7720 60
7721 32
7722 59
7723 19
7724 40
7725 60
7726 81
7727 755
7728 11
7729 33
7730 20
7731 42
7732 38
7733 512
7734 12
7735 2
7736 18
7737 933
7738 1
7739 46
7740 33
7741 10
7742 42
7743 19
7744 4
7745 10
7746 1
7747 78
7748 36
7749 100
7750 2
7751 18
7752 10
7753 19
7754 2
7755 20
7756 73
7757 3
7758 0
7759 100
7760 24
7761 184
7762 82
7763 43
7764 56
7765 2
7766 16
7767 9
7768 5
7769 33
7770 2
7771 28
7772 44
7773 9
7774 4
7775 14
7776 0
7777 4
7778 28
7779 51
7780 10
7781 19
7782 25
7783 7
7784 56
7785 10
7786 522
7787 34
7788 5
7789 863
7790 304
7791 117
7792 10
7793 9
7794 0
7795 28
7796 3
7797 6
7798 126
7799 52
7800 7
7801 0
7802 5
7803 2
7804 41
7805 187
7806 16
7807 25
7808 615
7809 17
7810 118
7811 316
7812 7
7813 59
7814 1
7815 757
7816 383
7817 4
7818 487
7819 24
7820 62
7821 46
7822 93
7823 4
7824 62
7825 1
7826 47
7827 72
7828 1
7829 28
7830 42
7831 0
7832 6
7833 95
7834 125
7835 1
7836 6
7837 131
7838 47
7839 8
7840 7
7841 45
7842 4
7843 752
7844 2
7845 7
7846 121
7847 85
7848 563
7849 319
7850 685
7851 38
7852 11
7853 9
7854 29
7855 8
7856 25
7857 57
7858 1
7859 77
7860 1
7861 29
7862 45
7863 1
7864 52
7865 5
7866 1
7867 6
7868 60
7869 0
7870 6
7871 110
7872 0
7873 69
7874 48
7875 486
7876 1
7877 12
7878 6
7879 17
7880 13
7881 0
7882 77
7883 23
7884 2
7885 10
7886 447
7887 623
7888 8
7889 29
7890 9
7891 132
7892 13
7893 6
7894 42
7895 7
7896 8
7897 2
7898 41
7899 10
7900 20
7901 6
7902 6
7903 28
7904 4
7905 98
7906 13
7907 33
7908 0
7909 9
7910 9
7911 7
7912 20
7913 30
7914 15
7915 894
7916 3
7917 0
7918 15
7919 7
7920 15
7921 4
7922 18
7923 1
7924 10
7925 6
7926 5
7927 24
7928 11
7929 25
7930 14
7931 0
7932 612
7933 11
7934 6
7935 20
7936 15
7937 7
7938 614
7939 27
7940 12
7941 37
7942 14
7943 13
7944 54
7945 40
7946 37
7947 0
7948 12
7949 2
7950 0
7951 774
7952 66
7953 2
7954 3
7955 6
7956 15
7957 5
7958 627
7959 16
7960 12
7961 1
7962 33
7963 1
7964 956
7965 63
7966 46
7967 8
7968 53
7969 5
7970 19
7971 40
7972 12
7973 80
7974 2
7975 12
7976 7
7977 25
7978 27
7979 10
7980 8
7981 1
7982 0
7983 210
7984 38
7985 4
7986 4
7987 404
7988 44
7989 37
7990 1
7991 31
7992 17
7993 37
7994 3
7995 3
7996 16
7997 59
7998 22
7999 11
8000 24
8001 1
8002 1
8003 12
8004 4
8005 4
8006 0
8007 12
8008 14
8009 8
8010 4
8011 62
8012 10
8013 16
8014 71
8015 35
8016 37
8017 83
8018 9
8019 14
8020 876
8021 1
8022 12
8023 58
8024 6
8025 58
8026 20
8027 6
8028 6
8029 2
8030 384
8031 34
8032 4
8033 5
8034 589
8035 3
8036 31
8037 17
8038 26
8039 889
8040 3
8041 75
8042 11
8043 20
8044 56
8045 16
8046 26
8047 10
8048 50
8049 21
8050 75
8051 36
8052 16
8053 21
8054 496
8055 20
8056 118
8057 37
8058 2
8059 10
8060 3
8061 17
8062 29
8063 79
8064 7
8065 64
8066 30
8067 13
8068 1
8069 17
8070 17
8071 7
8072 175
8073 13
8074 23
8075 12
8076 12
8077 14
8078 5
8079 18
8080 11
8081 7
8082 40
8083 40
8084 32
8085 14
8086 7
8087 11
8088 532
8089 37
8090 873
8091 18
8092 12
8093 3
8094 15
8095 2
8096 15
8097 181
8098 21
8099 0
8100 79
8101 39
8102 7
8103 8
8104 5
8105 34
8106 7
8107 6
8108 13
8109 423
8110 18
8111 4
8112 28
8113 18
8114 13
8115 1
8116 19
8117 4
8118 90
8119 26
8120 65
8121 4
8122 26
8123 17
8124 23
8125 18
8126 9
8127 10
8128 3
8129 11
8130 10
8131 642
8132 9
8133 15
8134 0
8135 6
8136 12
8137 53
8138 13
8139 30
8140 0
8141 12
8142 20
8143 26
8144 16
8145 21
8146 40
8147 2
8148 0
8149 14
8150 5
8151 852
8152 11
8153 2
8154 70
8155 430
8156 14
8157 61
8158 238
8159 898
8160 36
8161 10
8162 4
8163 11
8164 26
8165 14
8166 17
8167 120
8168 10
8169 51
8170 10
8171 10
8172 48
8173 10
8174 46
8175 488
8176 5
8177 15
8178 9
8179 3
8180 21
8181 9
8182 3
8183 2
8184 0
8185 38
8186 11
8187 310
8188 17
8189 11
8190 29
8191 13
8192 740
8193 2
8194 52
8195 44
8196 48
8197 140
8198 495
8199 38
8200 12
8201 8
8202 34
8203 92
8204 0
8205 30
8206 12
8207 40
8208 20
8209 185
8210 30
8211 130
8212 540
8213 40
8214 2
8215 50
8216 7
8217 18
8218 70
8219 4
8220 19
8221 36
8222 10
8223 10
8224 42
8225 11
8226 5
8227 65
8228 15
8229 43
8230 87
8231 20
8232 18
8233 55
8234 68
8235 17
8236 42
8237 10
8238 94
8239 32
8240 120
8241 35
8242 31
8243 125
8244 105
8245 94
8246 35
8247 4
8248 49
8249 90
8250 60
8251 61
8252 19
8253 19
8254 18
8255 1
8256 19
8257 90
8258 18
8259 34
8260 16
8261 498
8262 0
8263 21
8264 0
8265 41
8266 35
8267 16
8268 9
8269 267
8270 2
8271 792
8272 21
8273 17
8274 50
8275 62
8276 10
8277 21
8278 15
8279 11
8280 11
8281 571
8282 55
8283 16
8284 148
8285 15
8286 16
8287 86
8288 17
8289 38
8290 56
8291 174
8292 49
8293 912
8294 77
8295 100
8296 27
8297 28
8298 14
8299 58
8300 15
8301 49
8302 78
8303 26
8304 84
8305 27
8306 85
8307 65
8308 43
8309 11
8310 6
8311 66
8312 79
8313 81
8314 69
8315 57
8316 5
8317 71
8318 10
8319 53
8320 81
8321 21
8322 91
8323 64
8324 45
8325 18
8326 601
8327 21
8328 60
8329 38
8330 72
8331 683
8332 83
8333 49
8334 45
8335 70
8336 22
8337 92
8338 15
8339 14
8340 591
8341 47
8342 779
8343 11
8344 46
8345 22
8346 46
8347 28
8348 20
8349 44
8350 15
8351 16
8352 79
8353 299
8354 106
8355 98
8356 45
8357 49
8358 1
8359 40
8360 23
8361 16
8362 27
8363 0
8364 8
8365 12
8366 29
8367 10
8368 22
8369 59
8370 1
8371 26
8372 48
8373 23
8374 16
8375 88
8376 34
8377 16
8378 544
8379 31
8380 74
8381 76
8382 40
8383 69
8384 43
8385 48
8386 300
8387 15
8388 82
8389 72
8390 25
8391 1
8392 93
8393 155
8394 2
8395 19
8396 31
8397 39
8398 71
8399 6
8400 32
8401 186
8402 344
8403 23
8404 38
8405 114
8406 1
8407 61
8408 56
8409 14
8410 35
8411 48
8412 10
8413 39
8414 26
8415 17
8416 30
8417 69
8418 89
8419 20
8420 98
8421 16
8422 65
8423 52
8424 37
8425 878
8426 11
8427 965
8428 16
8429 27
8430 7
8431 581
8432 25
8433 39
8434 21
8435 1
8436 26
8437 46
8438 29
8439 44
8440 7
8441 35
8442 20
8443 37
8444 15
8445 403
8446 25
8447 4
8448 41
8449 511
8450 54
8451 44
8452 34
8453 7
8454 955
8455 0
8456 298
8457 85
8458 20
8459 22
8460 12
8461 969
8462 1
8463 37
8464 49
8465 65
8466 22
8467 858
8468 3
8469 45
8470 62
8471 34
8472 20
8473 22
8474 59
8475 7
8476 0
8477 116
8478 35
8479 54
8480 14
8481 48
8482 197
8483 16
8484 25
8485 0
8486 30
8487 93
8488 45
8489 70
8490 55
8491 116
8492 0
8493 20
8494 68
8495 689
8496 67
8497 84
8498 47
8499 3
8500 19
8501 42
8502 91
8503 4
8504 42
8505 106
8506 48
8507 52
8508 7
8509 23
8510 1
8511 3
8512 9
8513 36
8514 79
8515 34
8516 68
8517 13
8518 21
8519 89
8520 97
8521 0
8522 26
8523 3
8524 108
8525 80
8526 1
8527 3
8528 69
8529 29
8530 112
8531 24
8532 53
8533 37
8534 13
8535 13
8536 79
8537 83
8538 9
8539 66
8540 640
8541 27
8542 0
8543 29
8544 29
8545 4
8546 76
8547 3
8548 34
8549 32
8550 55
8551 9
8552 4
8553 56
8554 7
8555 36
8556 104
8557 7
8558 14
8559 98
8560 24
8561 30
8562 1
8563 65
8564 100
8565 3
8566 62
8567 62
8568 11
8569 20
8570 311
8571 75
8572 20
8573 3
8574 46
8575 9
8576 777
8577 2
8578 11
8579 0
8580 915
8581 73
8582 178
8583 360
8584 12
8585 12
8586 699
8587 8
8588 4
8589 48
8590 25
8591 40
8592 1
8593 4
8594 7
8595 35
8596 12
8597 12
8598 149
8599 70
8600 56
8601 150
8602 1
8603 29
8604 657
8605 4
8606 12
8607 4
8608 2
8609 114
8610 7
8611 3
8612 30
8613 3
8614 2
8615 22
8616 104
8617 59
8618 44
8619 0
8620 14
8621 14
8622 8
8623 9
8624 17
8625 3
8626 9
8627 3
8628 4
8629 8
8630 2
8631 105
8632 7
8633 15
8634 35
8635 47
8636 8
8637 61
8638 8
8639 7
8640 69
8641 975
8642 56
8643 1
8644 12
8645 11
8646 3
8647 70
8648 5
8649 23
8650 107
8651 62
8652 38
8653 5
8654 9
8655 5
8656 44
8657 82
8658 24
8659 22
8660 12
8661 13
8662 7
8663 19
8664 261
8665 4
8666 13
8667 8
8668 69
8669 0
8670 4
8671 22
8672 14
8673 11
8674 32
8675 75
8676 12
8677 939
8678 4
8679 11
8680 1
8681 83
8682 8
8683 1
8684 13
8685 34
8686 11
8687 42
8688 104
8689 82
8690 40
8691 9
8692 31
8693 86
8694 8
8695 14
8696 15
8697 118
8698 2
8699 28
8700 546
8701 13
8702 38
8703 2
8704 78
8705 5
8706 1
8707 15
8708 838
8709 5
8710 28
8711 58
8712 20
8713 482
8714 28
8715 69
8716 93
8717 38
8718 96
8719 19
8720 1
8721 139
8722 29
8723 29
8724 38
8725 42
8726 12
8727 302
8728 42
8729 121
8730 33
8731 3
8732 18
8733 5
8734 83
8735 66
8736 8
8737 7
8738 11
8739 9
8740 28
8741 28
8742 43
8743 43
8744 5
8745 11
8746 5
8747 127
8748 7
8749 0
8750 40
8751 30
8752 33
8753 15
8754 26
8755 92
8756 58
8757 347
8758 2
8759 63
8760 20
8761 896
8762 485
8763 52
8764 5
8765 57
8766 9
8767 80
8768 16
8769 18
8770 18
8771 2
8772 44
8773 140
8774 33
8775 140
8776 49
8777 79
8778 1
8779 9
8780 32
8781 5
8782 3
8783 5
8784 2
8785 1
8786 19
8787 624
8788 10
8789 19
8790 83
8791 86
8792 4
8793 21
8794 2
8795 69
8796 9
8797 10
8798 43
8799 33
8800 65
8801 9
8802 101
8803 19
8804 3
8805 1
8806 35
8807 60
8808 21
8809 1
8810 20
8811 2
8812 10
8813 18
8814 7
8815 54
8816 57
8817 4
8818 44
8819 14
8820 273
8821 74
8822 25
8823 31
8824 58
8825 3
8826 688
8827 6
8828 961
8829 10
8830 8
8831 26
8832 1
8833 1
8834 33
8835 39
8836 22
8837 1
8838 1
8839 43
8840 5
8841 6
8842 31
8843 53
8844 26
8845 41
8846 7
8847 39
8848 71
8849 112
8850 1
8851 28
8852 39
8853 32
8854 1
8855 3
8856 97
8857 7
8858 80
8859 3
8860 69
8861 45
8862 27
8863 22
8864 7
8865 19
8866 76
8867 25
8868 4
8869 6
8870 4
8871 3
8872 10
8873 2
8874 8
8875 38
8876 341
8877 881
8878 76
8879 8
8880 8
8881 41
8882 18
8883 5
8884 10
8885 13
8886 12
8887 23
8888 0
8889 0
8890 4
8891 27
8892 10
8893 2
8894 29
8895 41
8896 0
8897 11
8898 6
8899 6
8900 43
8901 17
8902 2
8903 5
8904 44
8905 138
8906 13
8907 89
8908 1
8909 850
8910 6
8911 5
8912 13
8913 8
8914 3
8915 41
8916 30
8917 12
8918 42
8919 8
8920 9
8921 7
8922 12
8923 12
8924 22
8925 4
8926 369
8927 7
8928 36
8929 11
8930 13
8931 110
8932 76
8933 5
8934 13
8935 6
8936 4
8937 221
8938 13
8939 471
8940 68
8941 4
8942 22
8943 178
8944 11
8945 25
8946 2
8947 42
8948 583
8949 408
8950 20
8951 18
8952 6
8953 7
8954 15
8955 4
8956 29
8957 921
8958 9
8959 0
8960 7
8961 5
8962 8
8963 10
8964 6
8965 36
8966 700
8967 30
8968 6
8969 189
8970 0
8971 4
8972 23
8973 11
8974 0
8975 2
8976 10
8977 20
8978 14
8979 13
8980 12
8981 5
8982 6
8983 18
8984 5
8985 14
8986 23
8987 27
8988 54
8989 14
8990 8
8991 7
8992 30
8993 134
8994 10
8995 6
8996 59
8997 10
8998 85
8999 2
9000 5
9001 8
9002 114
9003 12
9004 13
9005 2
9006 106
9007 3
9008 31
9009 103
9010 8
9011 15
9012 65
9013 8
9014 17
9015 16
9016 0
9017 19
9018 30
9019 1
9020 107
9021 57
9022 21
9023 8
9024 634
9025 2
9026 25
9027 28
9028 12
9029 4
9030 11
9031 76
9032 8
9033 23
9034 92
9035 17
9036 3
9037 3
9038 49
9039 8
9040 11
9041 36
9042 13
9043 7
9044 23
9045 829
9046 10
9047 57
9048 1
9049 175
9050 654
9051 11
9052 5
9053 14
9054 3
9055 6
9056 0
9057 50
9058 117
9059 114
9060 9
9061 20
9062 9
9063 7
9064 8
9065 8
9066 4
9067 26
9068 1
9069 67
9070 33
9071 23
9072 74
9073 29
9074 46
9075 13
9076 26
9077 69
9078 7
9079 16
9080 67
9081 31
9082 1
9083 11
9084 13
9085 2
9086 6
9087 8
9088 6
9089 12
9090 9
9091 7
9092 33
9093 2
9094 17
9095 7
9096 76
9097 105
9098 26
9099 26
9100 13
9101 26
9102 392
9103 16
9104 9
9105 62
9106 12
9107 6
9108 79
9109 6
9110 3
9111 0
9112 74
9113 11
9114 4
9115 1
9116 35
9117 5
9118 5
9119 9
9120 40
9121 23
9122 1
9123 3
9124 0
9125 9
9126 16
9127 7
9128 14
9129 252
9130 24
9131 8
9132 519
9133 91
9134 0
9135 16
9136 15
9137 6
9138 317
9139 98
9140 26
9141 15
9142 33
9143 7
9144 6
9145 6
9146 5
9147 10
9148 249
9149 3
9150 445
9151 90
9152 29
9153 791
9154 21
9155 18
9156 12
9157 52
9158 33
9159 46
9160 90
9161 20
9162 54
9163 20
9164 4
9165 93
9166 14
9167 393
9168 932
9169 0
9170 65
9171 572
9172 0
9173 8
9174 17
9175 18
9176 3
9177 0
9178 26
9179 15
9180 4
9181 18
9182 82
9183 118
9184 6
9185 6
9186 4
9187 0
9188 14
9189 38
9190 101
9191 2
9192 3
9193 26
9194 0
9195 30
9196 8
9197 5
9198 33
9199 17
9200 5
9201 15
9202 48
9203 5
9204 68
9205 48
9206 6
9207 14
9208 20
9209 613
9210 66
9211 21
9212 68
9213 15
9214 2
9215 30
9216 35
9217 7
9218 559
9219 25
9220 40
9221 8
9222 7
9223 0
9224 48
9225 0
9226 64
9227 44
9228 714
9229 266
9230 0
9231 29
9232 64
9233 131
9234 42
9235 796
9236 22
9237 21
9238 38
9239 1
9240 14
9241 7
9242 72
9243 6
9244 19
9245 14
9246 6
9247 17
9248 17
9249 33
9250 0
9251 54
9252 2
9253 34
9254 8
9255 103
9256 8
9257 0
9258 18
9259 19
9260 28
9261 21
9262 20
9263 18
9264 25
9265 50
9266 123
9267 42
9268 3
9269 17
9270 10
9271 0
9272 35
9273 225
9274 275
9275 106
9276 285
9277 10
9278 50
9279 40
9280 9
9281 17
9282 493
9283 16
9284 10
9285 21
9286 21
9287 23
9288 0
9289 0
9290 7
9291 3
9292 28
9293 38
9294 978
9295 0
9296 21
9297 54
9298 6
9299 41
9300 1
9301 5
9302 6
9303 3
9304 99
9305 10
9306 38
9307 4
9308 32
9309 20
9310 10
9311 102
9312 3
9313 5
9314 49
9315 6
9316 1
9317 10
9318 33
9319 76
9320 809
9321 578
9322 31
9323 50
9324 4
9325 20
9326 22
9327 4
9328 713
9329 59
9330 19
9331 4
9332 247
9333 45
9334 15
9335 13
9336 13
9337 41
9338 1
9339 27
9340 4
9341 20
9342 10
9343 5
9344 15
9345 121
9346 48
9347 10
9348 3
9349 19
9350 19
9351 0
9352 8
9353 15
9354 9
9355 16
9356 35
9357 0
9358 476
9359 116
9360 2
9361 71
9362 1
9363 0
9364 0
9365 15
9366 0
9367 53
9368 19
9369 16
9370 53
9371 747
9372 435
9373 10
9374 5
9375 22
9376 541
9377 22
9378 23
9379 18
9380 14
9381 644
9382 23
9383 2
9384 74
9385 10
9386 2
9387 86
9388 19
9389 905
9390 971
9391 123
9392 16
9393 51
9394 12
9395 48
9396 10
9397 37
9398 26
9399 3
9400 29
9401 1
9402 15
9403 21
9404 3
9405 73
9406 10
9407 1
9408 862
9409 2
9410 43
9411 88
9412 7
9413 33
9414 0
9415 17
9416 34
9417 56
9418 5
9419 56
9420 397
9421 70
9422 18
9423 33
9424 51
9425 76
9426 42
9427 17
9428 9
9429 74
9430 39
9431 60
9432 117
9433 0
9434 159
9435 68
9436 2
9437 69
9438 5
9439 111
9440 6
9441 1
9442 84
9443 129
9444 71
9445 3
9446 5
9447 0
9448 9
9449 17
9450 97
9451 9
9452 3
9453 11
9454 1
9455 24
9456 24
9457 10
9458 0
9459 16
9460 22
9461 18
9462 17
9463 5
9464 98
9465 44
9466 42
9467 4
9468 36
9469 16
9470 10
9471 0
9472 54
9473 25
9474 6
9475 24
9476 7
9477 2
9478 107
9479 10
9480 2
9481 39
9482 2
9483 47
9484 9
9485 45
9486 0
9487 31
9488 9
9489 27
9490 6
9491 45
9492 65
9493 4
9494 25
9495 132
9496 34
9497 0
9498 6
9499 34
9500 27
9501 5
9502 6
9503 52
9504 9
9505 4
9506 6
9507 27
9508 35
9509 38
9510 0
9511 20
9512 39
9513 18
9514 23
9515 69
9516 5
9517 154
9518 23
9519 20
9520 91
9521 82
9522 25
9523 37
9524 49
9525 5
9526 9
9527 89
9528 27
9529 9
9530 28
9531 51
9532 94
9533 919
9534 29
9535 10
9536 65
9537 109
9538 0
9539 51
9540 30
9541 32
9542 75
9543 18
9544 769
9545 21
9546 4
9547 31
9548 1
9549 73
9550 35
9551 9
9552 490
9553 63
9554 57
9555 631
9556 814
9557 13
9558 3
9559 54
9560 568
9561 3
9562 1
9563 11
9564 9
9565 1
9566 371
9567 56
9568 71
9569 721
9570 67
9571 804
9572 73
9573 84
9574 13
9575 72
9576 5
9577 40
9578 545
9579 180
9580 734
9581 67
9582 78
9583 69
9584 7
9585 45
9586 7
9587 42
9588 4
9589 201
9590 23
9591 13
9592 12
9593 5
9594 77
9595 2
9596 13
9597 49
9598 3
9599 5
9600 6
9601 75
9602 604
9603 11
9604 0
9605 39
9606 229
9607 41
9608 3
9609 918
9610 0
9611 80
9612 8
9613 1
9614 3
9615 11
9616 39
9617 34
9618 27
9619 4
9620 1
9621 170
9622 11
9623 0
9624 0
9625 25
9626 32
9627 12
9628 45
9629 11
9630 9
9631 17
9632 0
9633 2
9634 0
9635 12
9636 20
9637 1
9638 405
9639 11
9640 4
9641 31
9642 3
9643 9
9644 641
9645 0
9646 28
9647 41
9648 9
9649 86
9650 20
9651 61
9652 10
9653 283
9654 20
9655 44
9656 9
9657 82
9658 14
9659 69
9660 23
9661 31
9662 1
9663 60
9664 13
9665 0
9666 15
9667 21
9668 12
9669 6
9670 8
9671 56
9672 13
9673 10
9674 37
9675 724
9676 106
9677 0
9678 0
9679 86
9680 1
9681 538
9682 7
9683 0
9684 105
9685 70
9686 6
9687 3
9688 99
9689 18
9690 7
9691 1
9692 97
9693 16
9694 6
9695 52
9696 51
9697 4
9698 10
9699 6
9700 21
9701 15
9702 2
9703 47
9704 12
9705 28
9706 53
9707 5
9708 52
9709 15
9710 592
9711 29
9712 21
9713 9
9714 1
9715 8
9716 58
9717 6
9718 70
9719 888
9720 31
9721 39
9722 14
9723 27
9724 8
9725 5
9726 2
9727 12
9728 32
9729 31
9730 1
9731 665
9732 30
9733 57
9734 12
9735 40
9736 49
9737 12
9738 19
9739 24
9740 38
9741 5
9742 21
9743 0
9744 55
9745 19
9746 1
9747 31
9748 32
9749 98
9750 55
9751 636
9752 1
9753 13
9754 20
9755 38
9756 5
9757 24
9758 14
9759 44
9760 5
9761 309
9762 27
9763 340
9764 28
9765 38
9766 120
9767 76
9768 42
9769 73
9770 76
9771 20
9772 14
9773 2
9774 91
9775 49
9776 18
9777 630
9778 136
9779 33
9780 29
9781 9
9782 4
9783 5
9784 2
9785 0
9786 15
9787 51
9788 57
9789 2
9790 6
9791 43
9792 82
9793 32
9794 61
9795 35
9796 5
9797 30
9798 18
9799 25
9800 10
9801 10
9802 3
9803 15
9804 21
9805 3
9806 979
9807 31
9808 6
9809 28
9810 33
9811 4
9812 1
9813 24
9814 0
9815 5
9816 5
9817 3
9818 55
9819 32
9820 6
9821 11
9822 0
9823 6
9824 79
9825 14
9826 1
9827 2
9828 30
9829 422
9830 7
9831 761
9832 14
9833 4
9834 78
9835 6
9836 2
9837 96
9838 43
9839 13
9840 22
9841 442
9842 75
9843 22
9844 10
9845 456
9846 7
9847 62
9848 38
9849 22
9850 102
9851 44
9852 9
9853 83
9854 2
9855 45
9856 3
9857 17
9858 7
9859 27
9860 27
9861 3
9862 438
9863 10
9864 1
9865 63
9866 7
9867 824
9868 27
9869 34
9870 2
9871 43
9872 1
9873 18
9874 40
9875 108
9876 57
9877 63
9878 9
9879 8
9880 16
9881 110
9882 6
9883 4
9884 1
9885 8
9886 662
9887 527
9888 4
9889 342
9890 102
9891 47
9892 0
9893 4
9894 574
9895 18
9896 26
9897 22
9898 4
9899 14
9900 17
9901 8
9902 11
9903 16
9904 53
9905 0
9906 3
9907 695
9908 13
9909 60
9910 5
9911 6
9912 10
9913 3
9914 3
9915 23
9916 23
9917 12
9918 7
9919 70
9920 6
9921 23
9922 36
9923 44
9924 11
9925 6
9926 182
9927 0
9928 33
9929 10
9930 0
9931 138
9932 10
9933 25
9934 11
9935 2
9936 26
9937 8
9938 71
9939 16
9940 45
9941 13
9942 14
9943 10
9944 3
9945 32
9946 733
9947 141
9948 953
9949 9
9950 69
9951 4
9952 22
9953 20
9954 141
9955 47
9956 11
9957 30
9958 11
9959 323
9960 9
9961 9
9962 19
9963 24
9964 705
9965 14
9966 794
9967 47
9968 104
9969 400
9970 20
9971 3
9972 54
9973 750
9974 8
9975 9
9976 10
9977 13
9978 8
9979 47
9980 5
9981 9
9982 14
9983 35
9984 11
9985 25
9986 52
9987 6
9988 7
9989 9
9990 26
9991 36
9992 19
9993 5
9994 19
9995 30
9996 14
9997 15
9998 2
9999 8
