0 5
1 2
2 8
3 7
4 4
5 1
6 18
7 8
8 0
9 20
10 23
11 11
12 11
13 2
14 5
15 10
16 14
17 10
18 12
19 3
20 3
21 14
22 30
23 22
24 0
25 35
26 23
27 24
28 27
29 11
30 1
31 24
32 3
33 31
34 0
35 11
36 20
37 10
38 8
39 28
40 6
41 21
42 17
43 2
44 21
45 32
46 28
47 0
48 8
49 3
50 22
51 20
52 1
53 5
54 28
55 8
56 21
57 41
58 21
59 29
60 22
61 9
62 3
63 0
64 16
65 12
66 1
67 27
68 0
69 0
70 25
71 0
72 26
73 18
74 1
75 13
76 32
77 39
78 15
79 20
80 6
81 2
82 31
83 9
84 0
85 36
86 1
87 6
88 8
89 0
90 2
91 27
92 32
93 26
94 1
95 21
96 11
97 3
98 18
99 11
100 15
101 29
102 0
103 36
104 1
105 1
106 16
107 2
108 6
109 18
110 9
111 35
112 41
113 30
114 17
115 26
116 26
117 0
118 20
119 27
120 0
121 28
122 20
123 33
124 36
125 16
126 15
127 21
128 17
129 5
130 35
131 26
132 0
133 30
134 7
135 28
136 13
137 11
138 20
139 6
140 38
141 21
142 26
143 36
144 23
145 27
146 11
147 1
148 14
149 25
150 19
151 14
152 3
153 25
154 33
155 7
156 8
157 28
158 6
159 32
160 20
161 1
162 23
163 5
164 15
165 32
166 13
167 21
168 16
169 29
170 36
171 17
172 0
173 14
174 17
175 13
176 9
177 7
178 1
179 17
180 10
181 11
182 4
183 0
184 27
185 32
186 27
187 29
188 17
189 19
190 14
191 26
192 30
193 10
194 22
195 1
196 0
197 26
198 14
199 21
200 20
201 25
202 33
203 7
204 28
205 3
206 14
207 20
208 4
209 11
210 28
211 30
212 30
213 35
214 17
215 14
216 25
217 4
218 14
219 39
220 26
221 14
222 3
223 25
224 0
225 22
226 25
227 2
228 0
229 35
230 17
231 41
232 26
233 10
234 18
235 10
236 14
237 7
238 35
239 21
240 3
241 35
242 0
243 4
244 12
245 25
246 2
247 36
248 34
249 22
250 30
251 12
252 25
253 12
254 33
255 25
256 25
257 6
258 12
259 25
260 10
261 24
262 17
263 1
264 1
265 17
266 7
267 37
268 15
269 25
270 10
271 31
272 17
273 9
274 18
275 36
276 17
277 15
278 27
279 8
280 35
281 3
282 2
283 10
284 33
285 40
286 0
287 1
288 21
289 12
290 12
291 21
292 18
293 20
294 14
295 1
296 31
297 20
298 22
299 28
300 0
301 34
302 36
303 39
304 32
305 24
306 7
307 17
308 31
309 7
310 12
311 12
312 20
313 0
314 4
315 20
316 7
317 25
318 3
319 4
320 5
321 30
322 22
323 18
324 31
325 14
326 1
327 18
328 1
329 10
330 21
331 28
332 25
333 14
334 1
335 15
336 7
337 13
338 36
339 14
340 17
341 37
342 14
343 21
344 25
345 25
346 3
347 15
348 1
349 31
350 1
351 4
352 28
353 5
354 29
355 17
356 21
357 21
358 14
359 14
360 0
361 33
362 35
363 0
364 29
365 12
366 38
367 26
368 3
369 18
370 6
371 14
372 26
373 13
374 2
375 30
376 4
377 10
378 8
379 6
380 25
381 12
382 8
383 7
384 3
385 4
386 0
387 22
388 35
389 3
390 28
391 0
392 21
393 18
394 26
395 39
396 14
397 32
398 35
399 0
400 26
401 6
402 40
403 30
404 0
405 14
406 12
407 7
408 5
409 7
410 38
411 1
412 35
413 12
414 33
415 0
416 35
417 40
418 3
419 34
420 17
421 8
422 31
423 31
424 27
425 18
426 10
427 0
428 0
429 7
430 15
431 13
432 8
433 3
434 15
435 31
436 30
437 6
438 35
439 29
440 34
441 34
442 6
443 30
444 12
445 29
446 12
447 0
448 32
449 0
450 0
451 17
452 9
453 20
454 17
455 0
456 7
457 0
458 2
459 20
460 16
461 36
462 4
463 1
464 21
465 10
466 4
467 12
468 8
469 27
470 24
471 8
472 19
473 1
474 1
475 27
476 22
477 4
478 20
479 22
480 21
481 16
482 6
483 9
484 39
485 15
486 34
487 8
488 27
489 7
490 17
491 7
492 0
493 9
494 7
495 21
496 3
497 24
498 26
499 27
500 13
501 13
502 16
503 0
504 10
505 6
506 8
507 0
508 3
509 12
510 0
511 22
512 10
513 0
514 19
515 0
516 0
517 36
518 2
519 3
520 0
521 16
522 7
523 2
524 2
525 19
526 25
527 33
528 20
529 11
530 35
531 3
532 41
533 10
534 2
535 0
536 4
537 1
538 21
539 21
540 7
541 32
542 17
543 7
544 7
545 23
546 30
547 16
548 7
549 37
550 0
551 24
552 27
553 8
554 27
555 37
556 14
557 11
558 19
559 15
560 33
561 0
562 3
563 24
564 0
565 26
566 2
567 13
568 19
569 5
570 35
571 4
572 0
573 28
574 13
575 13
576 38
577 8
578 8
579 11
580 0
581 22
582 2
583 6
584 0
585 3
586 29
587 8
588 19
589 17
590 1
591 0
592 16
593 24
594 38
595 17
596 10
597 18
598 36
599 20
600 27
601 17
602 32
603 26
604 1
605 4
606 7
607 10
608 11
609 8
610 2
611 9
612 18
613 23
614 20
615 6
616 28
617 5
618 27
619 1
620 37
621 11
622 14
623 0
624 4
625 29
626 7
627 4
628 10
629 0
630 22
631 28
632 17
633 3
634 16
635 6
636 10
637 0
638 1
639 2
640 26
641 14
642 17
643 15
644 11
645 23
646 0
647 1
648 10
649 16
650 1
651 1
652 1
653 30
654 24
655 0
656 26
657 12
658 12
659 27
660 23
661 6
662 35
663 0
664 13
665 0
666 12
667 30
668 21
669 2
670 18
671 4
672 20
673 27
674 34
675 2
676 3
677 20
678 6
679 36
680 14
681 23
682 15
683 37
684 24
685 24
686 5
687 30
688 20
689 8
690 2
691 15
692 6
693 21
694 38
695 5
696 3
697 13
698 20
699 29
700 20
701 1
702 0
703 0
704 16
705 22
706 15
707 1
708 28
709 8
710 30
711 5
712 0
713 31
714 4
715 6
716 25
717 9
718 3
719 8
720 7
721 1
722 34
723 8
724 18
725 28
726 30
727 6
728 23
729 5
730 32
731 30
732 25
733 13
734 30
735 14
736 27
737 22
738 34
739 12
740 2
741 14
742 30
743 1
744 1
745 1
746 2
747 3
748 14
749 7
750 2
751 35
752 14
753 4
754 1
755 35
756 25
757 7
758 11
759 17
760 13
761 33
762 4
763 8
764 24
765 8
766 7
767 1
768 29
769 12
770 6
771 10
772 10
773 1
774 16
775 0
776 0
777 22
778 39
779 2
780 20
781 10
782 0
783 16
784 4
785 12
786 12
787 23
788 3
789 9
790 23
791 1
792 34
793 2
794 9
795 21
796 0
797 5
798 38
799 35
800 10
801 16
802 2
803 4
804 9
805 4
806 6
807 22
808 34
809 1
810 9
811 7
812 14
813 39
814 3
815 28
816 2
817 20
818 6
819 0
820 4
821 16
822 4
823 28
824 16
825 0
826 1
827 4
828 29
829 28
830 3
831 12
832 32
833 22
834 14
835 28
836 5
837 13
838 17
839 17
840 11
841 19
842 0
843 11
844 34
845 5
846 15
847 39
848 3
849 8
850 18
851 18
852 6
853 7
854 1
855 14
856 27
857 17
858 37
859 15
860 13
861 21
862 17
863 3
864 12
865 20
866 2
867 1
868 6
869 15
870 4
871 13
872 12
873 0
874 2
875 11
876 24
877 18
878 3
879 21
880 3
881 0
882 1
883 4
884 19
885 10
886 35
887 11
888 3
889 2
890 17
891 8
892 29
893 9
894 2
895 29
896 21
897 13
898 1
899 24
900 10
901 34
902 14
903 11
904 35
905 35
906 13
907 8
908 9
909 0
910 26
911 0
912 18
913 0
914 35
915 32
916 0
917 22
918 26
919 6
920 21
921 0
922 10
923 1
924 37
925 7
926 2
927 2
928 1
929 24
930 32
931 23
932 17
933 23
934 17
935 35
936 19
937 24
938 14
939 1
940 12
941 21
942 20
943 16
944 29
945 3
946 29
947 0
948 7
949 37
950 32
951 13
952 3
953 2
954 1
955 0
956 16
957 0
958 7
959 24
960 22
961 9
962 29
963 23
964 37
965 13
966 31
967 17
968 12
969 7
970 7
971 7
972 14
973 23
974 17
975 18
976 27
977 37
978 11
979 1
980 8
981 1
982 5
983 25
984 30
985 39
986 24
987 13
988 37
989 35
990 2
991 23
992 8
993 7
994 0
995 20
996 4
997 20
998 0
999 15
1000 27
1001 6
1002 2
1003 10
1004 15
1005 1
1006 0
1007 3
1008 16
1009 24
1010 10
1011 10
1012 3
1013 24
1014 11
1015 2
1016 1
1017 24
1018 23
1019 13
1020 6
1021 30
1022 11
1023 27
1024 9
1025 32
1026 12
1027 16
1028 3
1029 18
1030 17
1031 11
1032 5
1033 28
1034 27
1035 24
1036 27
1037 5
1038 15
1039 16
1040 4
1041 0
1042 4
1043 13
1044 8
1045 12
1046 5
1047 29
1048 0
1049 7
1050 20
1051 2
1052 31
1053 3
1054 24
1055 5
1056 23
1057 14
1058 23
1059 17
1060 1
1061 13
1062 21
1063 11
1064 0
1065 2
1066 24
1067 27
1068 14
1069 15
1070 32
1071 20
1072 1
1073 35
1074 23
1075 2
1076 7
1077 8
1078 41
1079 27
1080 0
1081 13
1082 39
1083 20
1084 20
1085 0
1086 17
1087 3
1088 11
1089 20
1090 3
1091 27
1092 1
1093 0
1094 2
1095 17
1096 17
1097 2
1098 11
1099 28
1100 22
1101 8
1102 8
1103 10
1104 23
1105 0
1106 33
1107 2
1108 28
1109 13
1110 2
1111 24
1112 14
1113 16
1114 19
1115 3
1116 8
1117 13
1118 2
1119 33
1120 39
1121 22
1122 19
1123 22
1124 23
1125 0
1126 18
1127 5
1128 2
1129 24
1130 8
1131 31
1132 7
1133 22
1134 1
1135 23
1136 28
1137 15
1138 6
1139 23
1140 31
1141 36
1142 3
1143 32
1144 14
1145 8
1146 11
1147 36
1148 11
1149 14
1150 6
1151 14
1152 17
1153 24
1154 2
1155 40
1156 14
1157 4
1158 31
1159 24
1160 36
1161 8
1162 8
1163 16
1164 12
1165 12
1166 30
1167 3
1168 0
1169 8
1170 3
1171 3
1172 40
1173 18
1174 1
1175 25
1176 31
1177 1
1178 17
1179 12
1180 2
1181 21
1182 25
1183 29
1184 14
1185 2
1186 19
1187 7
1188 20
1189 37
1190 5
1191 14
1192 32
1193 17
1194 17
1195 3
1196 10
1197 19
1198 6
1199 7
1200 32
1201 3
1202 27
1203 5
1204 2
1205 1
1206 22
1207 23
1208 37
1209 21
1210 23
1211 30
1212 1
1213 10
1214 2
1215 3
1216 32
1217 7
1218 14
1219 1
1220 2
1221 14
1222 24
1223 2
1224 7
1225 26
1226 15
1227 25
1228 33
1229 17
1230 5
1231 0
1232 2
1233 3
1234 33
1235 14
1236 11
1237 15
1238 31
1239 10
1240 2
1241 3
1242 1
1243 10
1244 10
1245 5
1246 1
1247 10
1248 3
1249 27
1250 25
1251 3
1252 9
1253 21
1254 15
1255 0
1256 1
1257 36
1258 14
1259 18
1260 39
1261 32
1262 39
1263 11
1264 2
1265 26
1266 15
1267 17
1268 34
1269 10
1270 10
1271 2
1272 23
1273 14
1274 12
1275 35
1276 32
1277 33
1278 35
1279 2
1280 9
1281 14
1282 3
1283 11
1284 8
1285 4
1286 38
1287 4
1288 12
1289 0
1290 1
1291 23
1292 35
1293 17
1294 3
1295 2
1296 8
1297 0
1298 14
1299 9
1300 8
1301 31
1302 7
1303 18
1304 33
1305 30
1306 1
1307 15
1308 1
1309 12
1310 34
1311 12
1312 39
1313 39
1314 20
1315 0
1316 12
1317 15
1318 2
1319 12
1320 5
1321 6
1322 34
1323 3
1324 7
1325 28
1326 21
1327 11
1328 0
1329 0
1330 22
1331 7
1332 36
1333 2
1334 28
1335 1
1336 2
1337 4
1338 1
1339 2
1340 1
1341 2
1342 8
1343 5
1344 7
1345 26
1346 1
1347 33
1348 3
1349 23
1350 8
1351 36
1352 12
1353 12
1354 13
1355 25
1356 2
1357 11
1358 4
1359 22
1360 14
1361 21
1362 9
1363 37
1364 17
1365 25
1366 4
1367 5
1368 3
1369 12
1370 1
1371 7
1372 0
1373 12
1374 0
1375 5
1376 2
1377 3
1378 1
1379 11
1380 17
1381 22
1382 34
1383 31
1384 25
1385 33
1386 22
1387 4
1388 6
1389 0
1390 1
1391 6
1392 21
1393 21
1394 9
1395 6
1396 8
1397 3
1398 30
1399 1
1400 5
1401 1
1402 3
1403 15
1404 1
1405 6
1406 1
1407 23
1408 0
1409 3
1410 7
1411 7
1412 23
1413 23
1414 1
1415 7
1416 0
1417 23
1418 4
1419 0
1420 25
1421 9
1422 28
1423 4
1424 25
1425 26
1426 12
1427 20
1428 39
1429 2
1430 6
1431 2
1432 29
1433 8
1434 32
1435 28
1436 1
1437 28
1438 1
1439 15
1440 29
1441 22
1442 5
1443 0
1444 22
1445 10
1446 1
1447 3
1448 3
1449 18
1450 8
1451 3
1452 7
1453 5
1454 15
1455 29
1456 2
1457 23
1458 1
1459 16
1460 4
1461 6
1462 1
1463 10
1464 14
1465 0
1466 31
1467 39
1468 7
1469 12
1470 8
1471 4
1472 22
1473 12
1474 37
1475 23
1476 9
1477 14
1478 30
1479 13
1480 6
1481 15
1482 30
1483 3
1484 0
1485 1
1486 0
1487 2
1488 0
1489 31
1490 2
1491 17
1492 3
1493 22
1494 0
1495 26
1496 7
1497 12
1498 32
1499 2
1500 23
1501 9
1502 19
1503 28
1504 27
1505 9
1506 0
1507 9
1508 14
1509 19
1510 7
1511 3
1512 27
1513 35
1514 13
1515 6
1516 13
1517 9
1518 5
1519 24
1520 22
1521 16
1522 16
1523 1
1524 13
1525 13
1526 3
1527 18
1528 29
1529 14
1530 39
1531 38
1532 3
1533 17
1534 40
1535 21
1536 36
1537 12
1538 7
1539 11
1540 16
1541 5
1542 20
1543 40
1544 0
1545 1
1546 10
1547 3
1548 33
1549 21
1550 2
1551 15
1552 3
1553 0
1554 21
1555 18
1556 29
1557 3
1558 0
1559 13
1560 22
1561 23
1562 32
1563 40
1564 37
1565 28
1566 2
1567 21
1568 14
1569 6
1570 0
1571 31
1572 33
1573 16
1574 37
1575 9
1576 9
1577 8
1578 35
1579 10
1580 1
1581 4
1582 27
1583 1
1584 27
1585 8
1586 31
1587 15
1588 15
1589 2
1590 12
1591 3
1592 3
1593 1
1594 15
1595 0
1596 9
1597 7
1598 10
1599 37
1600 30
1601 1
1602 16
1603 0
1604 41
1605 26
1606 5
1607 28
1608 19
1609 0
1610 4
1611 11
1612 23
1613 40
1614 3
1615 26
1616 1
1617 11
1618 10
1619 19
1620 5
1621 26
1622 39
1623 31
1624 8
1625 22
1626 0
1627 2
1628 9
1629 1
1630 0
1631 5
1632 22
1633 5
1634 3
1635 13
1636 18
1637 29
1638 25
1639 2
1640 1
1641 0
1642 19
1643 0
1644 26
1645 39
1646 2
1647 6
1648 19
1649 33
1650 1
1651 8
1652 23
1653 24
1654 17
1655 21
1656 9
1657 13
1658 27
1659 1
1660 14
1661 30
1662 1
1663 21
1664 0
1665 31
1666 5
1667 3
1668 0
1669 8
1670 16
1671 32
1672 5
1673 20
1674 0
1675 1
1676 28
1677 38
1678 0
1679 2
1680 18
1681 1
1682 21
1683 2
1684 21
1685 15
1686 5
1687 25
1688 4
1689 18
1690 25
1691 19
1692 3
1693 0
1694 12
1695 19
1696 6
1697 23
1698 17
1699 8
1700 4
1701 2
1702 24
1703 21
1704 4
1705 0
1706 1
1707 25
1708 0
1709 0
1710 0
1711 33
1712 34
1713 0
1714 3
1715 33
1716 1
1717 3
1718 2
1719 3
1720 37
1721 1
1722 0
1723 2
1724 12
1725 2
1726 14
1727 0
1728 10
1729 14
1730 30
1731 4
1732 16
1733 4
1734 20
1735 13
1736 0
1737 1
1738 29
1739 2
1740 10
1741 1
1742 29
1743 1
1744 33
1745 0
1746 11
1747 22
1748 33
1749 25
1750 3
1751 0
1752 16
1753 23
1754 3
1755 5
1756 10
1757 3
1758 34
1759 2
1760 29
1761 0
1762 20
1763 10
1764 2
1765 40
1766 1
1767 6
1768 29
1769 2
1770 33
1771 0
1772 0
1773 13
1774 22
1775 3
1776 21
1777 4
1778 24
1779 1
1780 15
1781 25
1782 39
1783 30
1784 34
1785 8
1786 12
1787 9
1788 5
1789 30
1790 7
1791 0
1792 33
1793 38
1794 24
1795 22
1796 19
1797 31
1798 13
1799 2
1800 16
1801 0
1802 0
1803 2
1804 0
1805 32
1806 20
1807 8
1808 9
1809 40
1810 0
1811 1
1812 16
1813 10
1814 4
1815 32
1816 1
1817 9
1818 35
1819 10
1820 0
1821 0
1822 15
1823 20
1824 35
1825 4
1826 6
1827 39
1828 20
1829 34
1830 2
1831 6
1832 1
1833 13
1834 15
1835 16
1836 3
1837 24
1838 33
1839 29
1840 18
1841 14
1842 18
1843 23
1844 14
1845 27
1846 16
1847 1
1848 2
1849 5
1850 19
1851 5
1852 10
1853 19
1854 16
1855 9
1856 29
1857 12
1858 35
1859 5
1860 0
1861 16
1862 0
1863 0
1864 11
1865 20
1866 15
1867 30
1868 15
1869 26
1870 2
1871 8
1872 14
1873 34
1874 37
1875 3
1876 16
1877 0
1878 24
1879 18
1880 0
1881 39
1882 12
1883 21
1884 17
1885 10
1886 4
1887 3
1888 18
1889 0
1890 11
1891 11
1892 18
1893 37
1894 21
1895 14
1896 1
1897 30
1898 3
1899 0
1900 2
1901 26
1902 8
1903 6
1904 12
1905 3
1906 4
1907 31
1908 12
1909 0
1910 10
1911 38
1912 28
1913 7
1914 0
1915 10
1916 38
1917 39
1918 2
1919 38
1920 6
1921 19
1922 7
1923 22
1924 24
1925 1
1926 0
1927 4
1928 28
1929 2
1930 11
1931 2
1932 3
1933 3
1934 29
1935 3
1936 13
1937 13
1938 9
1939 13
1940 2
1941 40
1942 22
1943 39
1944 5
1945 2
1946 0
1947 5
1948 24
1949 19
1950 10
1951 1
1952 6
1953 2
1954 38
1955 17
1956 25
1957 0
1958 35
1959 9
1960 32
1961 0
1962 0
1963 29
1964 16
1965 15
1966 29
1967 7
1968 1
1969 4
1970 3
1971 1
1972 26
1973 0
1974 16
1975 40
1976 11
1977 36
1978 11
1979 13
1980 26
1981 29
1982 17
1983 23
1984 0
1985 2
1986 2
1987 9
1988 0
1989 0
1990 4
1991 17
1992 0
1993 3
1994 8
1995 20
1996 24
1997 11
1998 1
1999 24
2000 7
2001 9
2002 1
2003 14
2004 0
2005 3
2006 23
2007 7
2008 19
2009 6
2010 7
2011 23
2012 0
2013 20
2014 0
2015 1
2016 8
2017 35
2018 10
2019 2
2020 20
2021 0
2022 1
2023 23
2024 16
2025 5
2026 2
2027 2
2028 3
2029 16
2030 36
2031 7
2032 19
2033 13
2034 6
2035 0
2036 1
2037 9
2038 7
2039 3
2040 8
2041 4
2042 34
2043 39
2044 9
2045 30
2046 7
2047 2
2048 24
2049 37
2050 21
2051 10
2052 11
2053 2
2054 11
2055 6
2056 34
2057 23
2058 15
2059 33
2060 24
2061 21
2062 18
2063 23
2064 11
2065 8
2066 18
2067 24
2068 27
2069 23
2070 4
2071 7
2072 32
2073 17
2074 11
2075 19
2076 27
2077 14
2078 36
2079 6
2080 3
2081 16
2082 2
2083 1
2084 15
2085 1
2086 5
2087 3
2088 6
2089 10
2090 30
2091 13
2092 11
2093 6
2094 40
2095 21
2096 28
2097 23
2098 18
2099 10
2100 7
2101 20
2102 11
2103 4
2104 10
2105 13
2106 5
2107 7
2108 13
2109 9
2110 23
2111 0
2112 9
2113 8
2114 19
2115 23
2116 1
2117 27
2118 5
2119 20
2120 39
2121 27
2122 26
2123 38
2124 1
2125 2
2126 28
2127 18
2128 11
2129 2
2130 1
2131 13
2132 0
2133 31
2134 27
2135 1
2136 33
2137 5
2138 10
2139 10
2140 7
2141 28
2142 2
2143 26
2144 0
2145 16
2146 26
2147 36
2148 0
2149 2
2150 6
2151 0
2152 2
2153 26
2154 0
2155 4
2156 5
2157 38
2158 1
2159 5
2160 35
2161 15
2162 25
2163 15
2164 8
2165 1
2166 10
2167 39
2168 33
2169 27
2170 25
2171 7
2172 3
2173 16
2174 16
2175 32
2176 16
2177 30
2178 8
2179 10
2180 13
2181 1
2182 11
2183 22
2184 28
2185 26
2186 10
2187 27
2188 30
2189 21
2190 25
2191 39
2192 18
2193 37
2194 0
2195 27
2196 8
2197 27
2198 22
2199 30
2200 28
2201 40
2202 27
2203 10
2204 7
2205 26
2206 0
2207 14
2208 29
2209 15
2210 12
2211 2
2212 2
2213 17
2214 4
2215 38
2216 15
2217 11
2218 2
2219 20
2220 2
2221 2
2222 4
2223 35
2224 32
2225 1
2226 26
2227 11
2228 2
2229 40
2230 12
2231 6
2232 4
2233 22
2234 6
2235 24
2236 25
2237 25
2238 27
2239 1
2240 14
2241 20
2242 22
2243 0
2244 1
2245 26
2246 20
2247 20
2248 0
2249 3
2250 36
2251 11
2252 16
2253 17
2254 25
2255 21
2256 23
2257 17
2258 12
2259 28
2260 28
2261 36
2262 4
2263 0
2264 11
2265 2
2266 6
2267 36
2268 21
2269 28
2270 20
2271 27
2272 17
2273 3
2274 29
2275 28
2276 23
2277 17
2278 30
2279 5
2280 10
2281 27
2282 19
2283 29
2284 1
2285 34
2286 0
2287 10
2288 31
2289 32
2290 26
2291 9
2292 15
2293 3
2294 18
2295 11
2296 7
2297 2
2298 2
2299 22
2300 3
2301 24
2302 8
2303 26
2304 30
2305 22
2306 27
2307 9
2308 16
2309 1
2310 35
2311 11
2312 4
2313 37
2314 34
2315 18
2316 12
2317 7
2318 26
2319 26
2320 14
2321 36
2322 17
2323 7
2324 12
2325 31
2326 30
2327 14
2328 25
2329 9
2330 10
2331 3
2332 17
2333 29
2334 24
2335 21
2336 27
2337 22
2338 5
2339 12
2340 2
2341 2
2342 0
2343 23
2344 9
2345 3
2346 25
2347 4
2348 25
2349 9
2350 34
2351 12
2352 24
2353 0
2354 3
2355 16
2356 7
2357 26
2358 21
2359 8
2360 25
2361 28
2362 9
2363 39
2364 20
2365 17
2366 6
2367 14
2368 34
2369 34
2370 33
2371 23
2372 0
2373 2
2374 32
2375 20
2376 4
2377 21
2378 16
2379 4
2380 37
2381 1
2382 7
2383 5
2384 13
2385 23
2386 4
2387 22
2388 16
2389 38
2390 20
2391 3
2392 0
2393 39
2394 10
2395 32
2396 12
2397 4
2398 11
2399 3
2400 35
2401 3
2402 2
2403 2
2404 9
2405 25
2406 9
2407 5
2408 9
2409 13
2410 30
2411 16
2412 18
2413 2
2414 9
2415 0
2416 31
2417 14
2418 11
2419 32
2420 13
2421 18
2422 21
2423 31
2424 0
2425 9
2426 1
2427 5
2428 2
2429 39
2430 0
2431 39
2432 12
2433 39
2434 20
2435 7
2436 35
2437 1
2438 0
2439 12
2440 40
2441 6
2442 1
2443 14
2444 28
2445 6
2446 0
2447 3
2448 0
2449 4
2450 2
2451 0
2452 23
2453 3
2454 0
2455 7
2456 23
2457 6
2458 16
2459 18
2460 1
2461 32
2462 32
2463 12
2464 13
2465 9
2466 9
2467 0
2468 15
2469 2
2470 1
2471 29
2472 23
2473 9
2474 0
2475 6
2476 17
2477 3
2478 34
2479 32
2480 2
2481 1
2482 0
2483 2
2484 27
2485 0
2486 3
2487 25
2488 26
2489 4
2490 9
2491 0
2492 0
2493 10
2494 36
2495 0
2496 14
2497 0
2498 26
2499 13
2500 31
2501 28
2502 23
2503 33
2504 29
2505 10
2506 0
2507 0
2508 7
2509 21
2510 13
2511 7
2512 0
2513 31
2514 14
2515 5
2516 4
2517 7
2518 1
2519 3
2520 15
2521 40
2522 17
2523 2
2524 2
2525 16
2526 34
2527 40
2528 13
2529 6
2530 2
2531 4
2532 3
2533 22
2534 7
2535 28
2536 1
2537 10
2538 7
2539 41
2540 9
2541 30
2542 3
2543 5
2544 5
2545 19
2546 2
2547 3
2548 19
2549 20
2550 0
2551 1
2552 5
2553 1
2554 9
2555 19
2556 5
2557 32
2558 40
2559 14
2560 11
2561 27
2562 1
2563 29
2564 7
2565 7
2566 21
2567 15
2568 16
2569 8
2570 13
2571 17
2572 21
2573 2
2574 23
2575 7
2576 0
2577 32
2578 32
2579 39
2580 33
2581 19
2582 8
2583 18
2584 0
2585 3
2586 29
2587 21
2588 9
2589 0
2590 14
2591 0
2592 14
2593 1
2594 19
2595 4
2596 1
2597 12
2598 3
2599 7
2600 7
2601 4
2602 22
2603 25
2604 0
2605 25
2606 16
2607 23
2608 10
2609 1
2610 2
2611 2
2612 6
2613 19
2614 1
2615 12
2616 4
2617 13
2618 4
2619 0
2620 8
2621 8
2622 0
2623 1
2624 3
2625 38
2626 7
2627 38
2628 36
2629 31
2630 26
2631 1
2632 16
2633 2
2634 19
2635 1
2636 4
2637 8
2638 10
2639 1
2640 36
2641 4
2642 15
2643 33
2644 29
2645 5
2646 23
2647 23
2648 1
2649 19
2650 11
2651 11
2652 8
2653 7
2654 29
2655 6
2656 11
2657 35
2658 2
2659 0
2660 8
2661 0
2662 19
2663 28
2664 11
2665 14
2666 4
2667 22
2668 5
2669 2
2670 37
2671 22
2672 3
2673 2
2674 3
2675 30
2676 22
2677 1
2678 23
2679 11
2680 0
2681 28
2682 3
2683 19
2684 36
2685 0
2686 13
2687 1
2688 2
2689 33
2690 11
2691 36
2692 2
2693 1
2694 17
2695 8
2696 2
2697 0
2698 7
2699 2
2700 30
2701 29
2702 11
2703 3
2704 6
2705 1
2706 17
2707 14
2708 1
2709 6
2710 10
2711 6
2712 17
2713 4
2714 5
2715 17
2716 2
2717 25
2718 8
2719 12
2720 33
2721 18
2722 0
2723 31
2724 32
2725 25
2726 40
2727 10
2728 0
2729 28
2730 3
2731 29
2732 1
2733 12
2734 0
2735 0
2736 8
2737 14
2738 0
2739 1
2740 0
2741 33
2742 14
2743 0
2744 34
2745 15
2746 0
2747 2
2748 2
2749 12
2750 0
2751 3
2752 18
2753 0
2754 2
2755 2
2756 30
2757 19
2758 27
2759 32
2760 5
2761 0
2762 4
2763 17
2764 8
2765 30
2766 2
2767 15
2768 9
2769 6
2770 0
2771 10
2772 0
2773 0
2774 20
2775 20
2776 4
2777 1
2778 10
2779 0
2780 3
2781 38
2782 3
2783 38
2784 0
2785 34
2786 0
2787 26
2788 12
2789 25
2790 28
2791 17
2792 0
2793 1
2794 13
2795 0
2796 30
2797 1
2798 0
2799 33
2800 1
2801 16
2802 1
2803 10
2804 5
2805 0
2806 36
2807 8
2808 37
2809 4
2810 1
2811 0
2812 0
2813 25
2814 39
2815 13
2816 9
2817 8
2818 18
2819 15
2820 9
2821 6
2822 3
2823 16
2824 12
2825 21
2826 9
2827 2
2828 8
2829 19
2830 21
2831 0
2832 20
2833 1
2834 3
2835 5
2836 0
2837 35
2838 12
2839 0
2840 3
2841 18
2842 18
2843 2
2844 0
2845 2
2846 1
2847 1
2848 2
2849 35
2850 11
2851 16
2852 0
2853 1
2854 9
2855 0
2856 4
2857 11
2858 5
2859 15
2860 28
2861 0
2862 9
2863 11
2864 10
2865 10
2866 28
2867 0
2868 38
2869 13
2870 38
2871 28
2872 12
2873 19
2874 11
2875 0
2876 6
2877 18
2878 2
2879 8
2880 12
2881 10
2882 19
2883 0
2884 10
2885 8
2886 1
2887 19
2888 18
2889 3
2890 22
2891 34
2892 0
2893 11
2894 19
2895 26
2896 9
2897 32
2898 10
2899 8
2900 38
2901 0
2902 4
2903 38
2904 19
2905 2
2906 0
2907 4
2908 18
2909 18
2910 5
2911 7
2912 16
2913 0
2914 19
2915 7
2916 0
2917 29
2918 4
2919 1
2920 12
2921 0
2922 9
2923 12
2924 9
2925 14
2926 0
2927 2
2928 1
2929 0
2930 11
2931 26
2932 2
2933 35
2934 22
2935 33
2936 6
2937 4
2938 0
2939 25
2940 6
2941 5
2942 27
2943 8
2944 6
2945 22
2946 10
2947 5
2948 0
2949 2
2950 11
2951 0
2952 1
2953 14
2954 14
2955 1
2956 0
2957 0
2958 9
2959 29
2960 2
2961 24
2962 37
2963 1
2964 3
2965 3
2966 24
2967 25
2968 0
2969 0
2970 1
2971 6
2972 2
2973 35
2974 3
2975 23
2976 2
2977 9
2978 29
2979 11
2980 3
2981 36
2982 28
2983 11
2984 1
2985 17
2986 13
2987 0
2988 12
2989 3
2990 6
2991 19
2992 17
2993 28
2994 23
2995 8
2996 16
2997 1
2998 13
2999 0
3000 19
3001 37
3002 16
3003 2
3004 6
3005 11
3006 24
3007 0
3008 3
3009 5
3010 18
3011 0
3012 15
3013 16
3014 13
3015 5
3016 0
3017 3
3018 20
3019 0
3020 6
3021 2
3022 15
3023 13
3024 23
3025 3
3026 21
3027 19
3028 0
3029 23
3030 33
3031 5
3032 11
3033 0
3034 18
3035 3
3036 24
3037 9
3038 12
3039 0
3040 15
3041 26
3042 2
3043 36
3044 7
3045 24
3046 39
3047 25
3048 6
3049 17
3050 16
3051 4
3052 2
3053 8
3054 18
3055 35
3056 12
3057 0
3058 1
3059 16
3060 2
3061 20
3062 4
3063 0
3064 5
3065 1
3066 11
3067 0
3068 0
3069 3
3070 4
3071 0
3072 25
3073 30
3074 0
3075 20
3076 0
3077 8
3078 4
3079 11
3080 0
3081 12
3082 21
3083 21
3084 12
3085 31
3086 14
3087 15
3088 1
3089 16
3090 12
3091 2
3092 16
3093 0
3094 17
3095 11
3096 34
3097 34
3098 2
3099 19
3100 33
3101 14
3102 33
3103 7
3104 20
3105 11
3106 3
3107 6
3108 17
3109 1
3110 0
3111 22
3112 16
3113 24
3114 18
3115 34
3116 1
3117 7
3118 27
3119 17
3120 21
3121 28
3122 1
3123 7
3124 27
3125 7
3126 37
3127 29
3128 7
3129 27
3130 3
3131 3
3132 23
3133 34
3134 19
3135 6
3136 2
3137 3
3138 1
3139 2
3140 1
3141 31
3142 24
3143 11
3144 25
3145 2
3146 18
3147 0
3148 33
3149 36
3150 5
3151 28
3152 23
3153 20
3154 11
3155 2
3156 0
3157 0
3158 28
3159 31
3160 0
3161 41
3162 31
3163 29
3164 1
3165 28
3166 6
3167 3
3168 2
3169 20
3170 6
3171 26
3172 0
3173 19
3174 17
3175 25
3176 0
3177 10
3178 19
3179 3
3180 1
3181 0
3182 22
3183 1
3184 3
3185 2
3186 24
3187 25
3188 2
3189 0
3190 2
3191 15
3192 25
3193 30
3194 16
3195 32
3196 1
3197 34
3198 18
3199 8
3200 4
3201 21
3202 15
3203 14
3204 33
3205 5
3206 1
3207 7
3208 12
3209 1
3210 13
3211 20
3212 1
3213 8
3214 4
3215 1
3216 5
3217 12
3218 2
3219 28
3220 32
3221 2
3222 6
3223 4
3224 5
3225 10
3226 7
3227 1
3228 5
3229 4
3230 15
3231 1
3232 31
3233 2
3234 0
3235 24
3236 10
3237 1
3238 0
3239 7
3240 2
3241 3
3242 8
3243 25
3244 25
3245 19
3246 0
3247 15
3248 5
3249 0
3250 14
3251 1
3252 1
3253 33
3254 22
3255 17
3256 2
3257 4
3258 23
3259 38
3260 3
3261 8
3262 3
3263 12
3264 22
3265 33
3266 0
3267 27
3268 5
3269 7
3270 8
3271 26
3272 11
3273 26
3274 0
3275 33
3276 6
3277 4
3278 33
3279 0
3280 22
3281 16
3282 7
3283 8
3284 20
3285 4
3286 2
3287 1
3288 11
3289 0
3290 19
3291 16
3292 4
3293 8
3294 25
3295 8
3296 3
3297 3
3298 3
3299 11
3300 33
3301 2
3302 8
3303 39
3304 2
3305 17
3306 2
3307 1
3308 2
3309 1
3310 25
3311 30
3312 15
3313 30
3314 7
3315 18
3316 34
3317 2
3318 4
3319 37
3320 30
3321 5
3322 4
3323 4
3324 33
3325 3
3326 5
3327 1
3328 2
3329 12
3330 21
3331 21
3332 18
3333 24
3334 31
3335 15
3336 29
3337 21
3338 5
3339 5
3340 8
3341 30
3342 34
3343 1
3344 0
3345 21
3346 36
3347 1
3348 14
3349 39
3350 5
3351 22
3352 5
3353 0
3354 0
3355 12
3356 21
3357 8
3358 18
3359 12
3360 9
3361 5
3362 10
3363 11
3364 4
3365 9
3366 1
3367 30
3368 10
3369 28
3370 31
3371 6
3372 15
3373 21
3374 9
3375 1
3376 1
3377 11
3378 4
3379 8
3380 1
3381 2
3382 3
3383 1
3384 18
3385 20
3386 1
3387 21
3388 33
3389 2
3390 22
3391 16
3392 31
3393 8
3394 1
3395 35
3396 10
3397 24
3398 39
3399 28
3400 1
3401 34
3402 1
3403 2
3404 9
3405 15
3406 34
3407 7
3408 14
3409 7
3410 4
3411 36
3412 0
3413 0
3414 2
3415 2
3416 29
3417 3
3418 1
3419 4
3420 1
3421 10
3422 18
3423 8
3424 3
3425 33
3426 20
3427 3
3428 3
3429 33
3430 33
3431 2
3432 36
3433 13
3434 4
3435 3
3436 6
3437 24
3438 24
3439 6
3440 15
3441 2
3442 22
3443 13
3444 8
3445 0
3446 6
3447 7
3448 14
3449 1
3450 9
3451 0
3452 39
3453 34
3454 12
3455 13
3456 2
3457 8
3458 25
3459 5
3460 12
3461 10
3462 23
3463 2
3464 26
3465 1
3466 6
3467 0
3468 2
3469 14
3470 6
3471 0
3472 15
3473 0
3474 1
3475 1
3476 14
3477 1
3478 0
3479 32
3480 24
3481 2
3482 36
3483 37
3484 4
3485 0
3486 25
3487 12
3488 25
3489 1
3490 2
3491 2
3492 0
3493 0
3494 37
3495 2
3496 2
3497 6
3498 13
3499 18
3500 26
3501 12
3502 1
3503 15
3504 17
3505 1
3506 14
3507 16
3508 19
3509 27
3510 12
3511 4
3512 19
3513 26
3514 17
3515 38
3516 3
3517 3
3518 36
3519 9
3520 0
3521 5
3522 1
3523 22
3524 20
3525 6
3526 4
3527 0
3528 16
3529 22
3530 9
3531 5
3532 1
3533 21
3534 2
3535 3
3536 1
3537 0
3538 7
3539 14
3540 15
3541 26
3542 3
3543 26
3544 0
3545 13
3546 3
3547 3
3548 0
3549 20
3550 0
3551 2
3552 29
3553 28
3554 0
3555 4
3556 0
3557 23
3558 36
3559 0
3560 22
3561 2
3562 5
3563 7
3564 0
3565 1
3566 19
3567 3
3568 8
3569 23
3570 10
3571 3
3572 0
3573 0
3574 29
3575 38
3576 9
3577 8
3578 19
3579 3
3580 25
3581 8
3582 5
3583 14
3584 4
3585 0
3586 0
3587 36
3588 2
3589 6
3590 12
3591 8
3592 13
3593 17
3594 3
3595 21
3596 3
3597 24
3598 4
3599 20
3600 7
3601 19
3602 21
3603 27
3604 33
3605 15
3606 2
3607 14
3608 19
3609 33
3610 39
3611 17
3612 29
3613 26
3614 1
3615 1
3616 3
3617 14
3618 7
3619 5
3620 25
3621 0
3622 40
3623 1
3624 12
3625 12
3626 18
3627 19
3628 23
3629 0
3630 15
3631 17
3632 34
3633 38
3634 8
3635 8
3636 39
3637 1
3638 3
3639 39
3640 10
3641 18
3642 0
3643 35
3644 32
3645 20
3646 30
3647 2
3648 34
3649 2
3650 3
3651 1
3652 2
3653 8
3654 3
3655 16
3656 2
3657 33
3658 19
3659 28
3660 17
3661 10
3662 1
3663 0
3664 23
3665 6
3666 3
3667 32
3668 1
3669 12
3670 5
3671 28
3672 11
3673 12
3674 34
3675 35
3676 1
3677 4
3678 2
3679 7
3680 32
3681 16
3682 14
3683 0
3684 29
3685 2
3686 13
3687 1
3688 23
3689 5
3690 10
3691 4
3692 19
3693 4
3694 6
3695 15
3696 13
3697 27
3698 15
3699 2
3700 25
3701 29
3702 4
3703 6
3704 2
3705 11
3706 14
3707 36
3708 1
3709 8
3710 3
3711 32
3712 21
3713 1
3714 39
3715 6
3716 10
3717 5
3718 3
3719 0
3720 11
3721 2
3722 9
3723 1
3724 9
3725 28
3726 32
3727 1
3728 5
3729 5
3730 11
3731 32
3732 3
3733 33
3734 5
3735 8
3736 32
3737 41
3738 14
3739 4
3740 32
3741 6
3742 12
3743 2
3744 3
3745 17
3746 17
3747 7
3748 16
3749 10
3750 34
3751 27
3752 0
3753 8
3754 28
3755 9
3756 1
3757 3
3758 12
3759 5
3760 1
3761 32
3762 5
3763 3
3764 6
3765 40
3766 22
3767 17
3768 0
3769 0
3770 0
3771 0
3772 2
3773 6
3774 0
3775 20
3776 0
3777 1
3778 0
3779 2
3780 0
3781 4
3782 27
3783 30
3784 2
3785 9
3786 20
3787 0
3788 0
3789 30
3790 2
3791 29
3792 27
3793 0
3794 3
3795 3
3796 22
3797 6
3798 3
3799 12
3800 0
3801 4
3802 34
3803 4
3804 26
3805 15
3806 9
3807 35
3808 2
3809 3
3810 3
3811 14
3812 6
3813 12
3814 8
3815 35
3816 13
3817 30
3818 30
3819 38
3820 13
3821 20
3822 20
3823 14
3824 37
3825 31
3826 2
3827 16
3828 27
3829 8
3830 3
3831 3
3832 12
3833 18
3834 2
3835 12
3836 19
3837 13
3838 9
3839 31
3840 30
3841 23
3842 1
3843 6
3844 0
3845 14
3846 2
3847 37
3848 4
3849 12
3850 3
3851 29
3852 4
3853 16
3854 9
3855 9
3856 12
3857 24
3858 9
3859 21
3860 8
3861 0
3862 16
3863 21
3864 1
3865 21
3866 30
3867 16
3868 18
3869 22
3870 3
3871 4
3872 35
3873 11
3874 16
3875 3
3876 10
3877 16
3878 0
3879 2
3880 0
3881 24
3882 5
3883 0
3884 0
3885 16
3886 18
3887 1
3888 0
3889 18
3890 4
3891 1
3892 0
3893 37
3894 13
3895 0
3896 12
3897 8
3898 2
3899 38
3900 6
3901 38
3902 26
3903 0
3904 6
3905 36
3906 1
3907 9
3908 0
3909 25
3910 0
3911 25
3912 21
3913 24
3914 1
3915 16
3916 10
3917 15
3918 11
3919 5
3920 2
3921 0
3922 7
3923 3
3924 24
3925 33
3926 16
3927 19
3928 13
3929 8
3930 0
3931 1
3932 5
3933 1
3934 20
3935 2
3936 1
3937 2
3938 3
3939 16
3940 4
3941 5
3942 19
3943 12
3944 6
3945 0
3946 6
3947 11
3948 2
3949 11
3950 0
3951 5
3952 18
3953 6
3954 3
3955 13
3956 0
3957 1
3958 4
3959 4
3960 35
3961 7
3962 0
3963 9
3964 0
3965 3
3966 9
3967 4
3968 1
3969 12
3970 13
3971 32
3972 1
3973 18
3974 2
3975 10
3976 2
3977 7
3978 9
3979 8
3980 26
3981 19
3982 6
3983 11
3984 16
3985 28
3986 14
3987 7
3988 24
3989 19
3990 12
3991 11
3992 5
3993 4
3994 19
3995 19
3996 2
3997 0
3998 1
3999 4
4000 34
4001 6
4002 0
4003 1
4004 35
4005 24
4006 1
4007 4
4008 18
4009 31
4010 18
4011 30
4012 18
4013 11
4014 2
4015 9
4016 35
4017 3
4018 37
4019 2
4020 11
4021 31
4022 15
4023 19
4024 3
4025 9
4026 40
4027 9
4028 3
4029 10
4030 4
4031 6
4032 10
4033 11
4034 8
4035 11
4036 0
4037 10
4038 1
4039 6
4040 13
4041 1
4042 4
4043 7
4044 0
4045 8
4046 4
4047 19
4048 6
4049 26
4050 0
4051 9
4052 32
4053 11
4054 0
4055 11
4056 0
4057 36
4058 3
4059 11
4060 18
4061 18
4062 19
4063 9
4064 3
4065 19
4066 18
4067 8
4068 9
4069 6
4070 3
4071 7
4072 7
4073 11
4074 5
4075 2
4076 20
4077 12
4078 9
4079 34
4080 11
4081 15
4082 0
4083 0
4084 1
4085 1
4086 0
4087 35
4088 2
4089 17
4090 3
4091 6
4092 25
4093 13
4094 24
4095 17
4096 20
4097 41
4098 34
4099 27
4100 22
4101 1
4102 11
4103 5
4104 18
4105 34
4106 6
4107 23
4108 36
4109 33
4110 12
4111 12
4112 35
4113 10
4114 3
4115 28
4116 6
4117 14
4118 1
4119 2
4120 0
4121 2
4122 27
4123 18
4124 22
4125 23
4126 26
4127 10
4128 36
4129 20
4130 1
4131 16
4132 21
4133 39
4134 21
4135 15
4136 5
4137 14
4138 19
4139 11
4140 10
4141 21
4142 2
4143 0
4144 18
4145 17
4146 6
4147 15
4148 1
4149 37
4150 32
4151 1
4152 19
4153 2
4154 11
4155 22
4156 1
4157 2
4158 27
4159 26
4160 0
4161 28
4162 20
4163 15
4164 1
4165 2
4166 5
4167 9
4168 1
4169 15
4170 37
4171 26
4172 19
4173 11
4174 36
4175 41
4176 26
4177 0
4178 26
4179 19
4180 1
4181 18
4182 16
4183 21
4184 0
4185 2
4186 6
4187 27
4188 39
4189 3
4190 1
4191 10
4192 7
4193 6
4194 2
4195 22
4196 2
4197 5
4198 0
4199 8
4200 3
4201 2
4202 15
4203 15
4204 14
4205 24
4206 17
4207 16
4208 24
4209 36
4210 13
4211 9
4212 31
4213 0
4214 14
4215 2
4216 1
4217 26
4218 17
4219 20
4220 15
4221 30
4222 25
4223 39
4224 0
4225 5
4226 39
4227 15
4228 14
4229 31
4230 27
4231 18
4232 21
4233 15
4234 7
4235 22
4236 0
4237 14
4238 0
4239 2
4240 7
4241 3
4242 22
4243 24
4244 2
4245 29
4246 20
4247 0
4248 2
4249 17
4250 0
4251 14
4252 32
4253 31
4254 2
4255 21
4256 30
4257 0
4258 24
4259 0
4260 32
4261 12
4262 0
4263 2
4264 20
4265 26
4266 27
4267 25
4268 12
4269 16
4270 0
4271 17
4272 31
4273 2
4274 32
4275 10
4276 4
4277 19
4278 1
4279 10
4280 17
4281 8
4282 2
4283 3
4284 26
4285 15
4286 14
4287 29
4288 30
4289 32
4290 21
4291 26
4292 3
4293 37
4294 7
4295 14
4296 2
4297 26
4298 36
4299 11
4300 14
4301 4
4302 17
4303 18
4304 4
4305 2
4306 11
4307 6
4308 12
4309 3
4310 23
4311 1
4312 1
4313 17
4314 23
4315 31
4316 33
4317 5
4318 5
4319 16
4320 2
4321 20
4322 24
4323 15
4324 3
4325 39
4326 2
4327 29
4328 18
4329 9
4330 11
4331 23
4332 16
4333 10
4334 21
4335 14
4336 34
4337 20
4338 29
4339 7
4340 7
4341 1
4342 12
4343 4
4344 33
4345 4
4346 12
4347 10
4348 33
4349 0
4350 21
4351 35
4352 33
4353 12
4354 12
4355 14
4356 10
4357 20
4358 18
4359 28
4360 21
4361 3
4362 7
4363 23
4364 6
4365 2
4366 5
4367 38
4368 24
4369 28
4370 21
4371 10
4372 7
4373 7
4374 4
4375 22
4376 20
4377 7
4378 30
4379 9
4380 3
4381 35
4382 28
4383 31
4384 15
4385 1
4386 0
4387 11
4388 7
4389 7
4390 38
4391 2
4392 4
4393 4
4394 22
4395 1
4396 3
4397 22
4398 3
4399 10
4400 13
4401 10
4402 0
4403 16
4404 10
4405 33
4406 10
4407 24
4408 1
4409 9
4410 5
4411 35
4412 11
4413 14
4414 2
4415 9
4416 17
4417 24
4418 7
4419 36
4420 11
4421 25
4422 33
4423 32
4424 10
4425 5
4426 14
4427 26
4428 31
4429 9
4430 34
4431 10
4432 0
4433 23
4434 37
4435 1
4436 13
4437 26
4438 11
4439 30
4440 0
4441 5
4442 24
4443 10
4444 32
4445 27
4446 2
4447 34
4448 11
4449 12
4450 37
4451 5
4452 5
4453 4
4454 33
4455 31
4456 26
4457 5
4458 4
4459 5
4460 2
4461 6
4462 0
4463 16
4464 22
4465 21
4466 6
4467 8
4468 23
4469 35
4470 22
4471 31
4472 32
4473 28
4474 4
4475 12
4476 0
4477 38
4478 15
4479 9
4480 25
4481 0
4482 9
4483 0
4484 35
4485 14
4486 37
4487 9
4488 7
4489 6
4490 1
4491 0
4492 13
4493 4
4494 0
4495 13
4496 0
4497 18
4498 5
4499 36
4500 21
4501 4
4502 9
4503 34
4504 5
4505 14
4506 1
4507 8
4508 0
4509 29
4510 0
4511 9
4512 15
4513 10
4514 16
4515 0
4516 2
4517 2
4518 23
4519 24
4520 28
4521 3
4522 12
4523 36
4524 4
4525 8
4526 9
4527 15
4528 28
4529 0
4530 16
4531 6
4532 8
4533 4
4534 8
4535 0
4536 2
4537 23
4538 23
4539 8
4540 17
4541 5
4542 5
4543 35
4544 35
4545 13
4546 28
4547 3
4548 0
4549 16
4550 7
4551 20
4552 7
4553 0
4554 33
4555 15
4556 3
4557 1
4558 0
4559 0
4560 2
4561 12
4562 6
4563 24
4564 6
4565 14
4566 23
4567 37
4568 14
4569 13
4570 14
4571 32
4572 5
4573 4
4574 6
4575 14
4576 8
4577 19
4578 26
4579 33
4580 5
4581 10
4582 40
4583 4
4584 11
4585 17
4586 1
4587 15
4588 8
4589 11
4590 9
4591 2
4592 6
4593 8
4594 39
4595 3
4596 10
4597 0
4598 6
4599 0
4600 19
4601 22
4602 2
4603 16
4604 39
4605 1
4606 0
4607 0
4608 12
4609 12
4610 3
4611 7
4612 20
4613 33
4614 4
4615 1
4616 11
4617 8
4618 27
4619 0
4620 14
4621 33
4622 29
4623 20
4624 7
4625 34
4626 13
4627 41
4628 2
4629 16
4630 2
4631 7
4632 17
4633 2
4634 36
4635 0
4636 2
4637 24
4638 15
4639 2
4640 19
4641 16
4642 20
4643 13
4644 6
4645 7
4646 22
4647 41
4648 4
4649 41
4650 2
4651 2
4652 27
4653 11
4654 38
4655 19
4656 36
4657 1
4658 7
4659 22
4660 10
4661 16
4662 37
4663 26
4664 21
4665 4
4666 3
4667 21
4668 2
4669 23
4670 6
4671 9
4672 0
4673 38
4674 10
4675 5
4676 27
4677 3
4678 31
4679 30
4680 1
4681 2
4682 27
4683 6
4684 1
4685 10
4686 1
4687 9
4688 1
4689 3
4690 0
4691 26
4692 38
4693 6
4694 12
4695 0
4696 5
4697 13
4698 3
4699 22
4700 0
4701 16
4702 35
4703 1
4704 0
4705 10
4706 1
4707 37
4708 2
4709 5
4710 7
4711 19
4712 27
4713 1
4714 1
4715 4
4716 11
4717 4
4718 31
4719 1
4720 38
4721 24
4722 2
4723 2
4724 18
4725 8
4726 0
4727 2
4728 14
4729 11
4730 25
4731 4
4732 1
4733 5
4734 4
4735 38
4736 9
4737 9
4738 17
4739 0
4740 3
4741 0
4742 3
4743 4
4744 0
4745 0
4746 27
4747 5
4748 1
4749 2
4750 21
4751 12
4752 0
4753 8
4754 0
4755 30
4756 37
4757 0
4758 17
4759 10
4760 12
4761 2
4762 25
4763 17
4764 3
4765 1
4766 1
4767 11
4768 21
4769 16
4770 22
4771 2
4772 1
4773 25
4774 9
4775 0
4776 9
4777 14
4778 2
4779 2
4780 8
4781 14
4782 3
4783 36
4784 2
4785 12
4786 10
4787 30
4788 0
4789 37
4790 9
4791 2
4792 1
4793 2
4794 4
4795 0
4796 23
4797 1
4798 14
4799 9
4800 19
4801 30
4802 7
4803 2
4804 5
4805 17
4806 1
4807 5
4808 8
4809 28
4810 6
4811 30
4812 4
4813 28
4814 2
4815 3
4816 12
4817 9
4818 16
4819 26
4820 0
4821 13
4822 2
4823 11
4824 20
4825 26
4826 15
4827 2
4828 0
4829 4
4830 1
4831 2
4832 0
4833 13
4834 3
4835 25
4836 16
4837 2
4838 13
4839 39
4840 24
4841 14
4842 2
4843 11
4844 20
4845 8
4846 33
4847 26
4848 0
4849 12
4850 15
4851 12
4852 2
4853 13
4854 4
4855 2
4856 0
4857 0
4858 0
4859 3
4860 13
4861 7
4862 16
4863 3
4864 40
4865 10
4866 9
4867 30
4868 0
4869 19
4870 15
4871 0
4872 15
4873 16
4874 17
4875 15
4876 2
4877 4
4878 5
4879 25
4880 0
4881 7
4882 16
4883 32
4884 1
4885 13
4886 14
4887 1
4888 0
4889 27
4890 34
4891 0
4892 13
4893 25
4894 8
4895 22
4896 2
4897 20
4898 6
4899 14
4900 5
4901 1
4902 8
4903 19
4904 16
4905 20
4906 0
4907 0
4908 25
4909 4
4910 0
4911 4
4912 6
4913 28
4914 0
4915 9
4916 16
4917 1
4918 3
4919 21
4920 3
4921 11
4922 9
4923 26
4924 36
4925 1
4926 7
4927 11
4928 8
4929 6
4930 19
4931 11
4932 2
4933 19
4934 18
4935 13
4936 6
4937 7
4938 15
4939 2
4940 4
4941 3
4942 33
4943 11
4944 22
4945 15
4946 12
4947 0
4948 26
4949 29
4950 9
4951 1
4952 19
4953 12
4954 4
4955 18
4956 8
4957 10
4958 1
4959 20
4960 3
4961 0
4962 0
4963 10
4964 1
4965 7
4966 0
4967 19
4968 0
4969 6
4970 24
4971 0
4972 13
4973 13
4974 19
4975 27
4976 1
4977 17
4978 13
4979 0
4980 7
4981 1
4982 26
4983 0
4984 9
4985 3
4986 8
4987 3
4988 34
4989 1
4990 3
4991 6
4992 1
4993 11
4994 18
4995 14
4996 33
4997 0
4998 6
4999 0
5000 13
5001 16
5002 19
5003 23
5004 16
5005 18
5006 13
5007 18
5008 29
5009 4
5010 14
5011 3
5012 11
5013 2
5014 5
5015 13
5016 0
5017 2
5018 16
5019 8
5020 18
5021 3
5022 39
5023 19
5024 6
5025 1
5026 10
5027 2
5028 8
5029 2
5030 0
5031 15
5032 6
5033 19
5034 0
5035 18
5036 32
5037 11
5038 32
5039 24
5040 32
5041 5
5042 21
5043 20
5044 8
5045 11
5046 8
5047 2
5048 9
5049 5
5050 16
5051 15
5052 23
5053 0
5054 1
5055 1
5056 1
5057 4
5058 0
5059 19
5060 37
5061 2
5062 1
5063 1
5064 21
5065 7
5066 1
5067 19
5068 0
5069 14
5070 0
5071 30
5072 32
5073 4
5074 0
5075 18
5076 0
5077 6
5078 19
5079 8
5080 31
5081 18
5082 5
5083 1
5084 17
5085 4
5086 31
5087 3
5088 18
5089 4
5090 5
5091 6
5092 0
5093 29
5094 4
5095 24
5096 11
5097 30
5098 1
5099 1
5100 28
5101 3
5102 34
5103 0
5104 24
5105 6
5106 13
5107 9
5108 13
5109 16
5110 11
5111 9
5112 41
5113 11
5114 0
5115 4
5116 20
5117 24
5118 27
5119 3
5120 22
5121 2
5122 22
5123 21
5124 17
5125 19
5126 6
5127 8
5128 38
5129 0
5130 25
5131 30
5132 1
5133 17
5134 2
5135 4
5136 20
5137 0
5138 34
5139 27
5140 6
5141 1
5142 30
5143 16
5144 4
5145 18
5146 0
5147 10
5148 1
5149 36
5150 26
5151 8
5152 31
5153 25
5154 3
5155 7
5156 21
5157 2
5158 4
5159 7
5160 1
5161 1
5162 0
5163 20
5164 10
5165 26
5166 1
5167 10
5168 22
5169 7
5170 24
5171 19
5172 4
5173 37
5174 18
5175 0
5176 10
5177 7
5178 17
5179 18
5180 26
5181 32
5182 25
5183 8
5184 30
5185 3
5186 22
5187 13
5188 23
5189 0
5190 22
5191 2
5192 38
5193 0
5194 0
5195 24
5196 0
5197 35
5198 15
5199 3
5200 6
5201 2
5202 12
5203 3
5204 2
5205 0
5206 0
5207 12
5208 23
5209 2
5210 0
5211 18
5212 0
5213 3
5214 0
5215 6
5216 15
5217 14
5218 22
5219 7
5220 26
5221 13
5222 6
5223 38
5224 10
5225 1
5226 0
5227 11
5228 21
5229 2
5230 14
5231 28
5232 3
5233 17
5234 0
5235 31
5236 29
5237 38
5238 8
5239 23
5240 7
5241 0
5242 0
5243 1
5244 29
5245 24
5246 4
5247 1
5248 38
5249 1
5250 1
5251 3
5252 39
5253 11
5254 5
5255 0
5256 18
5257 16
5258 25
5259 4
5260 8
5261 31
5262 13
5263 32
5264 4
5265 1
5266 41
5267 3
5268 17
5269 8
5270 10
5271 2
5272 31
5273 11
5274 23
5275 12
5276 27
5277 0
5278 2
5279 10
5280 7
5281 5
5282 1
5283 14
5284 4
5285 4
5286 7
5287 27
5288 0
5289 37
5290 7
5291 4
5292 28
5293 1
5294 3
5295 7
5296 4
5297 1
5298 1
5299 4
5300 1
5301 23
5302 1
5303 18
5304 0
5305 4
5306 16
5307 18
5308 1
5309 37
5310 3
5311 20
5312 17
5313 6
5314 8
5315 31
5316 9
5317 10
5318 37
5319 8
5320 34
5321 8
5322 5
5323 30
5324 11
5325 13
5326 2
5327 12
5328 7
5329 12
5330 3
5331 0
5332 29
5333 4
5334 8
5335 7
5336 1
5337 8
5338 14
5339 1
5340 22
5341 29
5342 3
5343 5
5344 14
5345 1
5346 8
5347 33
5348 12
5349 16
5350 1
5351 35
5352 4
5353 37
5354 0
5355 12
5356 1
5357 27
5358 9
5359 25
5360 17
5361 24
5362 0
5363 38
5364 1
5365 2
5366 1
5367 15
5368 7
5369 37
5370 41
5371 0
5372 25
5373 1
5374 20
5375 30
5376 1
5377 4
5378 3
5379 4
5380 2
5381 28
5382 23
5383 10
5384 11
5385 39
5386 8
5387 0
5388 4
5389 22
5390 0
5391 38
5392 0
5393 15
5394 28
5395 1
5396 8
5397 9
5398 8
5399 2
5400 30
5401 18
5402 6
5403 9
5404 25
5405 0
5406 4
5407 5
5408 3
5409 1
5410 5
5411 0
5412 14
5413 12
5414 30
5415 2
5416 40
5417 0
5418 33
5419 15
5420 2
5421 23
5422 11
5423 1
5424 32
5425 3
5426 3
5427 13
5428 37
5429 0
5430 4
5431 33
5432 0
5433 28
5434 12
5435 10
5436 7
5437 2
5438 34
5439 3
5440 40
5441 14
5442 31
5443 18
5444 12
5445 2
5446 5
5447 12
5448 29
5449 37
5450 8
5451 9
5452 37
5453 1
5454 13
5455 1
5456 24
5457 13
5458 13
5459 31
5460 3
5461 5
5462 13
5463 9
5464 15
5465 2
5466 0
5467 5
5468 11
5469 0
5470 8
5471 13
5472 2
5473 17
5474 4
5475 29
5476 7
5477 2
5478 19
5479 0
5480 4
5481 11
5482 39
5483 6
5484 15
5485 27
5486 6
5487 27
5488 11
5489 13
5490 2
5491 3
5492 2
5493 9
5494 1
5495 6
5496 5
5497 8
5498 8
5499 29
5500 17
5501 12
5502 14
5503 7
5504 3
5505 1
5506 8
5507 8
5508 38
5509 2
5510 12
5511 0
5512 3
5513 1
5514 3
5515 0
5516 13
5517 31
5518 4
5519 3
5520 25
5521 0
5522 0
5523 33
5524 12
5525 1
5526 12
5527 41
5528 5
5529 29
5530 0
5531 0
5532 0
5533 13
5534 0
5535 23
5536 2
5537 4
5538 22
5539 2
5540 28
5541 3
5542 2
5543 2
5544 3
5545 26
5546 18
5547 1
5548 4
5549 0
5550 0
5551 0
5552 32
5553 1
5554 6
5555 6
5556 0
5557 7
5558 19
5559 9
5560 17
5561 3
5562 19
5563 5
5564 5
5565 20
5566 22
5567 1
5568 27
5569 1
5570 14
5571 14
5572 7
5573 15
5574 6
5575 20
5576 19
5577 18
5578 35
5579 0
5580 2
5581 15
5582 4
5583 19
5584 4
5585 22
5586 17
5587 22
5588 16
5589 5
5590 30
5591 8
5592 22
5593 3
5594 30
5595 6
5596 5
5597 0
5598 32
5599 21
5600 12
5601 4
5602 36
5603 8
5604 9
5605 38
5606 13
5607 35
5608 7
5609 23
5610 15
5611 5
5612 4
5613 0
5614 36
5615 26
5616 17
5617 2
5618 1
5619 6
5620 41
5621 3
5622 7
5623 30
5624 1
5625 0
5626 1
5627 6
5628 17
5629 1
5630 33
5631 25
5632 21
5633 19
5634 10
5635 14
5636 7
5637 20
5638 35
5639 21
5640 4
5641 7
5642 14
5643 36
5644 4
5645 10
5646 0
5647 22
5648 13
5649 39
5650 0
5651 28
5652 35
5653 0
5654 10
5655 18
5656 3
5657 7
5658 27
5659 27
5660 1
5661 8
5662 8
5663 14
5664 1
5665 0
5666 8
5667 34
5668 13
5669 0
5670 20
5671 8
5672 10
5673 33
5674 21
5675 4
5676 0
5677 16
5678 29
5679 32
5680 2
5681 36
5682 19
5683 3
5684 10
5685 38
5686 6
5687 11
5688 16
5689 0
5690 19
5691 7
5692 16
5693 7
5694 0
5695 3
5696 15
5697 10
5698 1
5699 4
5700 14
5701 0
5702 0
5703 10
5704 2
5705 26
5706 2
5707 8
5708 22
5709 2
5710 3
5711 2
5712 1
5713 0
5714 5
5715 32
5716 5
5717 7
5718 2
5719 20
5720 5
5721 21
5722 3
5723 26
5724 26
5725 37
5726 36
5727 0
5728 0
5729 4
5730 0
5731 3
5732 1
5733 7
5734 0
5735 20
5736 2
5737 7
5738 2
5739 0
5740 4
5741 19
5742 4
5743 4
5744 14
5745 3
5746 20
5747 1
5748 2
5749 6
5750 38
5751 1
5752 2
5753 4
5754 18
5755 1
5756 2
5757 8
5758 1
5759 19
5760 28
5761 22
5762 3
5763 2
5764 0
5765 14
5766 7
5767 23
5768 2
5769 1
5770 2
5771 15
5772 5
5773 21
5774 6
5775 0
5776 8
5777 4
5778 26
5779 14
5780 3
5781 2
5782 1
5783 25
5784 36
5785 2
5786 5
5787 2
5788 17
5789 15
5790 13
5791 25
5792 25
5793 29
5794 12
5795 16
5796 2
5797 9
5798 3
5799 31
5800 2
5801 3
5802 36
5803 2
5804 0
5805 26
5806 3
5807 27
5808 0
5809 17
5810 12
5811 0
5812 8
5813 13
5814 0
5815 6
5816 6
5817 21
5818 13
5819 0
5820 2
5821 9
5822 3
5823 5
5824 0
5825 34
5826 24
5827 2
5828 0
5829 19
5830 6
5831 3
5832 1
5833 19
5834 28
5835 13
5836 6
5837 4
5838 20
5839 20
5840 3
5841 12
5842 0
5843 31
5844 1
5845 31
5846 6
5847 3
5848 4
5849 9
5850 37
5851 34
5852 1
5853 5
5854 3
5855 1
5856 17
5857 0
5858 10
5859 5
5860 1
5861 16
5862 16
5863 2
5864 30
5865 5
5866 18
5867 2
5868 15
5869 0
5870 0
5871 7
5872 8
5873 2
5874 0
5875 5
5876 4
5877 37
5878 2
5879 0
5880 1
5881 12
5882 9
5883 9
5884 2
5885 3
5886 27
5887 16
5888 19
5889 1
5890 16
5891 8
5892 0
5893 7
5894 4
5895 20
5896 3
5897 1
5898 1
5899 11
5900 20
5901 5
5902 15
5903 32
5904 28
5905 0
5906 10
5907 1
5908 33
5909 0
5910 19
5911 0
5912 2
5913 1
5914 1
5915 9
5916 14
5917 6
5918 5
5919 26
5920 21
5921 9
5922 0
5923 11
5924 11
5925 12
5926 28
5927 16
5928 6
5929 0
5930 19
5931 2
5932 15
5933 11
5934 19
5935 11
5936 0
5937 24
5938 1
5939 6
5940 11
5941 3
5942 16
5943 40
5944 19
5945 19
5946 7
5947 1
5948 7
5949 17
5950 6
5951 38
5952 23
5953 6
5954 15
5955 1
5956 0
5957 18
5958 13
5959 6
5960 14
5961 0
5962 16
5963 0
5964 34
5965 35
5966 29
5967 0
5968 8
5969 18
5970 13
5971 1
5972 2
5973 11
5974 1
5975 9
5976 7
5977 4
5978 9
5979 5
5980 7
5981 8
5982 13
5983 18
5984 3
5985 6
5986 6
5987 10
5988 16
5989 15
5990 6
5991 6
5992 4
5993 5
5994 6
5995 1
5996 0
5997 4
5998 19
5999 0
6000 0
6001 1
6002 13
6003 0
6004 5
6005 16
6006 2
6007 0
6008 24
6009 13
6010 1
6011 13
6012 4
6013 9
6014 3
6015 0
6016 12
6017 18
6018 2
6019 8
6020 6
6021 12
6022 8
6023 0
6024 2
6025 26
6026 4
6027 1
6028 8
6029 6
6030 0
6031 1
6032 6
6033 3
6034 32
6035 11
6036 30
6037 24
6038 13
6039 4
6040 0
6041 8
6042 8
6043 1
6044 28
6045 0
6046 7
6047 9
6048 8
6049 5
6050 1
6051 35
6052 40
6053 10
6054 24
6055 2
6056 11
6057 0
6058 40
6059 6
6060 25
6061 5
6062 0
6063 0
6064 30
6065 10
6066 2
6067 3
6068 37
6069 3
6070 20
6071 8
6072 29
6073 0
6074 3
6075 19
6076 11
6077 4
6078 9
6079 10
6080 10
6081 34
6082 0
6083 2
6084 12
6085 0
6086 11
6087 2
6088 0
6089 13
6090 6
6091 18
6092 22
6093 40
6094 27
6095 17
6096 18
6097 5
6098 0
6099 2
6100 28
6101 1
6102 19
6103 1
6104 3
6105 22
6106 1
6107 7
6108 5
6109 37
6110 15
6111 9
6112 3
6113 0
6114 6
6115 2
6116 0
6117 4
6118 6
6119 29
6120 7
6121 1
6122 24
6123 20
6124 0
6125 11
6126 0
6127 8
6128 1
6129 7
6130 3
6131 1
6132 2
6133 0
6134 3
6135 2
6136 9
6137 13
6138 1
6139 22
6140 29
6141 24
6142 16
6143 0
6144 0
6145 16
6146 7
6147 9
6148 23
6149 7
6150 16
6151 6
6152 19
6153 23
6154 24
6155 33
6156 17
6157 20
6158 23
6159 20
6160 11
6161 1
6162 3
6163 29
6164 21
6165 7
6166 0
6167 3
6168 6
6169 0
6170 23
6171 24
6172 0
6173 11
6174 15
6175 2
6176 13
6177 0
6178 2
6179 36
6180 34
6181 2
6182 37
6183 20
6184 7
6185 31
6186 2
6187 0
6188 0
6189 3
6190 0
6191 2
6192 2
6193 33
6194 27
6195 30
6196 35
6197 16
6198 14
6199 20
6200 0
6201 15
6202 20
6203 11
6204 38
6205 25
6206 20
6207 28
6208 1
6209 3
6210 15
6211 5
6212 31
6213 23
6214 20
6215 2
6216 11
6217 15
6218 15
6219 3
6220 38
6221 38
6222 41
6223 13
6224 15
6225 0
6226 6
6227 4
6228 30
6229 2
6230 37
6231 24
6232 10
6233 13
6234 19
6235 1
6236 7
6237 8
6238 15
6239 24
6240 10
6241 24
6242 3
6243 22
6244 18
6245 3
6246 39
6247 8
6248 2
6249 0
6250 4
6251 17
6252 1
6253 25
6254 6
6255 31
6256 18
6257 38
6258 0
6259 8
6260 29
6261 18
6262 1
6263 35
6264 0
6265 25
6266 5
6267 16
6268 26
6269 7
6270 11
6271 6
6272 24
6273 4
6274 28
6275 6
6276 18
6277 3
6278 8
6279 21
6280 25
6281 17
6282 10
6283 0
6284 9
6285 0
6286 21
6287 2
6288 7
6289 2
6290 3
6291 35
6292 25
6293 28
6294 26
6295 28
6296 10
6297 23
6298 7
6299 35
6300 6
6301 1
6302 31
6303 2
6304 27
6305 28
6306 1
6307 24
6308 21
6309 16
6310 25
6311 25
6312 4
6313 30
6314 37
6315 31
6316 28
6317 21
6318 15
6319 17
6320 30
6321 15
6322 40
6323 23
6324 12
6325 12
6326 32
6327 33
6328 34
6329 29
6330 12
6331 4
6332 15
6333 20
6334 2
6335 34
6336 1
6337 3
6338 3
6339 37
6340 30
6341 33
6342 23
6343 11
6344 16
6345 25
6346 1
6347 0
6348 31
6349 30
6350 4
6351 21
6352 2
6353 17
6354 10
6355 37
6356 16
6357 0
6358 5
6359 15
6360 31
6361 10
6362 7
6363 4
6364 21
6365 3
6366 2
6367 28
6368 1
6369 2
6370 10
6371 32
6372 2
6373 11
6374 3
6375 24
6376 22
6377 1
6378 4
6379 27
6380 34
6381 0
6382 3
6383 15
6384 19
6385 12
6386 4
6387 1
6388 31
6389 37
6390 0
6391 10
6392 0
6393 32
6394 24
6395 39
6396 15
6397 3
6398 29
6399 7
6400 14
6401 39
6402 34
6403 14
6404 35
6405 2
6406 13
6407 7
6408 25
6409 37
6410 14
6411 37
6412 1
6413 0
6414 11
6415 7
6416 7
6417 12
6418 17
6419 9
6420 30
6421 30
6422 9
6423 32
6424 21
6425 3
6426 40
6427 33
6428 24
6429 28
6430 10
6431 1
6432 16
6433 34
6434 3
6435 30
6436 30
6437 5
6438 2
6439 11
6440 26
6441 7
6442 1
6443 31
6444 31
6445 41
6446 17
6447 35
6448 1
6449 36
6450 3
6451 9
6452 30
6453 3
6454 34
6455 3
6456 15
6457 26
6458 7
6459 2
6460 2
6461 18
6462 0
6463 10
6464 26
6465 33
6466 9
6467 5
6468 5
6469 31
6470 37
6471 17
6472 3
6473 25
6474 0
6475 32
6476 2
6477 17
6478 18
6479 4
6480 3
6481 0
6482 17
6483 12
6484 38
6485 18
6486 4
6487 31
6488 25
6489 3
6490 12
6491 2
6492 18
6493 9
6494 3
6495 10
6496 34
6497 0
6498 9
6499 23
6500 3
6501 32
6502 9
6503 11
6504 31
6505 29
6506 19
6507 17
6508 18
6509 20
6510 18
6511 17
6512 25
6513 38
6514 25
6515 14
6516 9
6517 24
6518 7
6519 2
6520 35
6521 10
6522 13
6523 5
6524 26
6525 0
6526 23
6527 4
6528 1
6529 26
6530 12
6531 7
6532 0
6533 6
6534 22
6535 26
6536 35
6537 26
6538 17
6539 3
6540 25
6541 5
6542 20
6543 2
6544 7
6545 12
6546 2
6547 10
6548 28
6549 3
6550 39
6551 7
6552 33
6553 0
6554 3
6555 3
6556 4
6557 1
6558 3
6559 27
6560 20
6561 0
6562 0
6563 12
6564 12
6565 37
6566 13
6567 11
6568 5
6569 4
6570 40
6571 4
6572 10
6573 9
6574 2
6575 10
6576 12
6577 6
6578 12
6579 29
6580 0
6581 3
6582 19
6583 2
6584 0
6585 4
6586 26
6587 4
6588 17
6589 13
6590 0
6591 5
6592 0
6593 37
6594 0
6595 38
6596 7
6597 6
6598 8
6599 1
6600 13
6601 0
6602 6
6603 2
6604 9
6605 4
6606 8
6607 35
6608 3
6609 19
6610 0
6611 17
6612 35
6613 0
6614 0
6615 28
6616 5
6617 7
6618 1
6619 15
6620 37
6621 3
6622 2
6623 5
6624 3
6625 29
6626 1
6627 3
6628 0
6629 33
6630 3
6631 8
6632 6
6633 26
6634 36
6635 37
6636 4
6637 20
6638 23
6639 3
6640 3
6641 8
6642 5
6643 40
6644 24
6645 16
6646 0
6647 39
6648 5
6649 14
6650 0
6651 12
6652 31
6653 0
6654 0
6655 27
6656 15
6657 15
6658 10
6659 2
6660 39
6661 32
6662 7
6663 13
6664 5
6665 12
6666 13
6667 18
6668 1
6669 2
6670 5
6671 4
6672 8
6673 3
6674 4
6675 6
6676 28
6677 7
6678 2
6679 1
6680 0
6681 31
6682 8
6683 10
6684 5
6685 32
6686 18
6687 10
6688 2
6689 41
6690 1
6691 10
6692 16
6693 17
6694 2
6695 1
6696 4
6697 36
6698 19
6699 30
6700 0
6701 34
6702 1
6703 12
6704 4
6705 10
6706 38
6707 4
6708 17
6709 5
6710 21
6711 41
6712 4
6713 36
6714 29
6715 8
6716 2
6717 8
6718 27
6719 4
6720 5
6721 28
6722 8
6723 27
6724 2
6725 1
6726 8
6727 19
6728 37
6729 35
6730 35
6731 3
6732 27
6733 0
6734 12
6735 20
6736 5
6737 29
6738 27
6739 40
6740 1
6741 15
6742 13
6743 0
6744 21
6745 9
6746 1
6747 14
6748 28
6749 0
6750 0
6751 22
6752 27
6753 18
6754 30
6755 17
6756 22
6757 3
6758 12
6759 23
6760 0
6761 39
6762 0
6763 5
6764 1
6765 2
6766 24
6767 2
6768 30
6769 2
6770 0
6771 29
6772 3
6773 15
6774 30
6775 4
6776 0
6777 1
6778 6
6779 23
6780 31
6781 3
6782 10
6783 16
6784 26
6785 22
6786 4
6787 2
6788 27
6789 37
6790 34
6791 17
6792 14
6793 2
6794 38
6795 14
6796 1
6797 9
6798 14
6799 1
6800 1
6801 2
6802 4
6803 24
6804 40
6805 0
6806 0
6807 7
6808 8
6809 31
6810 26
6811 1
6812 1
6813 18
6814 20
6815 1
6816 4
6817 7
6818 15
6819 9
6820 1
6821 6
6822 0
6823 19
6824 0
6825 1
6826 24
6827 5
6828 1
6829 21
6830 1
6831 37
6832 34
6833 15
6834 0
6835 30
6836 4
6837 16
6838 0
6839 4
6840 22
6841 34
6842 33
6843 24
6844 2
6845 25
6846 0
6847 7
6848 0
6849 13
6850 22
6851 30
6852 0
6853 24
6854 12
6855 2
6856 4
6857 11
6858 1
6859 6
6860 8
6861 0
6862 20
6863 6
6864 15
6865 7
6866 13
6867 35
6868 24
6869 37
6870 12
6871 1
6872 6
6873 4
6874 36
6875 34
6876 3
6877 5
6878 39
6879 32
6880 13
6881 5
6882 3
6883 12
6884 1
6885 37
6886 7
6887 11
6888 12
6889 5
6890 0
6891 0
6892 0
6893 16
6894 1
6895 38
6896 20
6897 8
6898 15
6899 10
6900 3
6901 9
6902 25
6903 0
6904 4
6905 0
6906 40
6907 10
6908 0
6909 6
6910 2
6911 27
6912 9
6913 4
6914 2
6915 17
6916 0
6917 0
6918 6
6919 16
6920 2
6921 13
6922 4
6923 0
6924 4
6925 3
6926 9
6927 31
6928 5
6929 18
6930 41
6931 16
6932 1
6933 26
6934 2
6935 4
6936 0
6937 0
6938 2
6939 21
6940 5
6941 12
6942 9
6943 16
6944 9
6945 14
6946 14
6947 9
6948 16
6949 37
6950 5
6951 13
6952 25
6953 0
6954 13
6955 2
6956 3
6957 7
6958 2
6959 20
6960 0
6961 3
6962 9
6963 4
6964 5
6965 16
6966 6
6967 11
6968 11
6969 1
6970 6
6971 3
6972 3
6973 33
6974 3
6975 1
6976 0
6977 30
6978 29
6979 13
6980 11
6981 26
6982 4
6983 16
6984 33
6985 0
6986 8
6987 0
6988 0
6989 18
6990 6
6991 6
6992 9
6993 19
6994 0
6995 3
6996 18
6997 1
6998 13
6999 33
7000 2
7001 12
7002 13
7003 22
7004 6
7005 3
7006 1
7007 11
7008 34
7009 0
7010 0
7011 13
7012 11
7013 6
7014 8
7015 5
7016 6
7017 22
7018 12
7019 3
7020 16
7021 11
7022 3
7023 10
7024 4
7025 22
7026 3
7027 3
7028 0
7029 2
7030 5
7031 5
7032 1
7033 3
7034 38
7035 2
7036 6
7037 18
7038 2
7039 9
7040 2
7041 11
7042 1
7043 38
7044 6
7045 7
7046 13
7047 3
7048 19
7049 19
7050 5
7051 11
7052 13
7053 18
7054 0
7055 29
7056 9
7057 34
7058 26
7059 9
7060 32
7061 8
7062 0
7063 28
7064 8
7065 7
7066 1
7067 0
7068 6
7069 27
7070 40
7071 15
7072 11
7073 5
7074 1
7075 18
7076 2
7077 21
7078 3
7079 17
7080 29
7081 22
7082 1
7083 3
7084 4
7085 27
7086 37
7087 29
7088 5
7089 22
7090 3
7091 10
7092 4
7093 8
7094 0
7095 31
7096 8
7097 5
7098 6
7099 2
7100 16
7101 24
7102 8
7103 2
7104 16
7105 9
7106 10
7107 1
7108 20
7109 19
7110 1
7111 19
7112 0
7113 18
7114 7
7115 29
7116 15
7117 18
7118 6
7119 18
7120 3
7121 8
7122 2
7123 3
7124 5
7125 16
7126 8
7127 17
7128 0
7129 18
7130 8
7131 29
7132 6
7133 0
7134 24
7135 37
7136 20
7137 28
7138 10
7139 18
7140 1
7141 10
7142 1
7143 4
7144 2
7145 0
7146 0
7147 5
7148 1
7149 18
7150 0
7151 0
7152 36
7153 3
7154 18
7155 20
7156 26
7157 8
7158 9
7159 0
7160 18
7161 36
7162 14
7163 11
7164 0
7165 0
7166 5
7167 19
7168 15
7169 1
7170 41
7171 17
7172 19
7173 14
7174 7
7175 18
7176 36
7177 22
7178 22
7179 27
7180 1
7181 28
7182 30
7183 29
7184 28
7185 1
7186 0
7187 8
7188 7
7189 24
7190 13
7191 3
7192 32
7193 20
7194 0
7195 30
7196 33
7197 11
7198 3
7199 18
7200 0
7201 28
7202 1
7203 0
7204 28
7205 4
7206 0
7207 28
7208 7
7209 36
7210 18
7211 34
7212 27
7213 24
7214 18
7215 19
7216 27
7217 28
7218 31
7219 3
7220 0
7221 23
7222 0
7223 2
7224 25
7225 32
7226 0
7227 3
7228 0
7229 3
7230 6
7231 24
7232 25
7233 0
7234 11
7235 5
7236 0
7237 2
7238 13
7239 5
7240 29
7241 3
7242 24
7243 31
7244 29
7245 34
7246 4
7247 2
7248 5
7249 18
7250 1
7251 0
7252 7
7253 1
7254 8
7255 2
7256 5
7257 33
7258 10
7259 15
7260 16
7261 11
7262 19
7263 1
7264 3
7265 23
7266 8
7267 5
7268 5
7269 1
7270 11
7271 4
7272 6
7273 38
7274 7
7275 13
7276 3
7277 22
7278 5
7279 2
7280 2
7281 24
7282 4
7283 0
7284 0
7285 11
7286 3
7287 9
7288 22
7289 21
7290 14
7291 36
7292 28
7293 2
7294 1
7295 25
7296 14
7297 14
7298 1
7299 18
7300 1
7301 1
7302 2
7303 0
7304 31
7305 24
7306 38
7307 18
7308 19
7309 26
7310 2
7311 4
7312 0
7313 24
7314 5
7315 29
7316 13
7317 1
7318 1
7319 11
7320 11
7321 40
7322 25
7323 30
7324 7
7325 12
7326 4
7327 26
7328 0
7329 11
7330 32
7331 1
7332 22
7333 16
7334 0
7335 4
7336 5
7337 2
7338 17
7339 11
7340 1
7341 34
7342 8
7343 5
7344 34
7345 17
7346 1
7347 25
7348 2
7349 25
7350 5
7351 5
7352 21
7353 19
7354 12
7355 5
7356 16
7357 17
7358 26
7359 1
7360 7
7361 0
7362 36
7363 36
7364 3
7365 0
7366 13
7367 38
7368 35
7369 32
7370 0
7371 3
7372 5
7373 10
7374 11
7375 14
7376 0
7377 4
7378 0
7379 7
7380 19
7381 18
7382 1
7383 12
7384 25
7385 18
7386 1
7387 5
7388 5
7389 22
7390 1
7391 12
7392 6
7393 23
7394 1
7395 2
7396 0
7397 18
7398 2
7399 1
7400 4
7401 37
7402 14
7403 20
7404 11
7405 41
7406 10
7407 4
7408 0
7409 14
7410 3
7411 5
7412 8
7413 34
7414 5
7415 29
7416 1
7417 29
7418 31
7419 1
7420 9
7421 0
7422 29
7423 28
7424 0
7425 3
7426 4
7427 35
7428 25
7429 12
7430 20
7431 4
7432 9
7433 39
7434 2
7435 15
7436 29
7437 12
7438 33
7439 39
7440 27
7441 1
7442 9
7443 32
7444 20
7445 41
7446 30
7447 33
7448 12
7449 30
7450 13
7451 32
7452 38
7453 1
7454 4
7455 4
7456 28
7457 5
7458 5
7459 9
7460 15
7461 0
7462 3
7463 1
7464 1
7465 21
7466 36
7467 1
7468 9
7469 11
7470 27
7471 10
7472 1
7473 31
7474 1
7475 1
7476 0
7477 7
7478 5
7479 15
7480 20
7481 22
7482 10
7483 5
7484 26
7485 3
7486 20
7487 15
7488 8
7489 22
7490 13
7491 15
7492 17
7493 41
7494 0
7495 7
7496 7
7497 15
7498 2
7499 18
7500 0
7501 1
7502 0
7503 36
7504 26
7505 21
7506 31
7507 29
7508 24
7509 28
7510 37
7511 0
7512 0
7513 1
7514 10
7515 27
7516 11
7517 39
7518 26
7519 34
7520 13
7521 3
7522 30
7523 23
7524 7
7525 7
7526 3
7527 2
7528 12
7529 15
7530 39
7531 2
7532 1
7533 38
7534 8
7535 19
7536 7
7537 17
7538 32
7539 3
7540 17
7541 0
7542 11
7543 2
7544 21
7545 12
7546 0
7547 34
7548 31
7549 21
7550 10
7551 35
7552 0
7553 1
7554 17
7555 30
7556 1
7557 12
7558 17
7559 29
7560 1
7561 3
7562 1
7563 35
7564 6
7565 12
7566 32
7567 1
7568 3
7569 10
7570 1
7571 8
7572 0
7573 6
7574 8
7575 36
7576 12
7577 20
7578 0
7579 6
7580 1
7581 8
7582 14
7583 1
7584 13
7585 9
7586 32
7587 32
7588 6
7589 22
7590 0
7591 15
7592 13
7593 22
7594 8
7595 9
7596 8
7597 10
7598 19
7599 5
7600 3
7601 12
7602 17
7603 27
7604 3
7605 0
7606 0
7607 38
7608 5
7609 23
7610 1
7611 36
7612 1
7613 4
7614 6
7615 4
7616 3
7617 4
7618 3
7619 19
7620 12
7621 20
7622 16
7623 31
7624 29
7625 31
7626 38
7627 0
7628 36
7629 16
7630 6
7631 7
7632 4
7633 13
7634 3
7635 12
7636 16
7637 14
7638 15
7639 12
7640 3
7641 37
7642 2
7643 36
7644 13
7645 6
7646 4
7647 0
7648 0
7649 29
7650 1
7651 7
7652 13
7653 25
7654 13
7655 0
7656 1
7657 0
7658 3
7659 22
7660 2
7661 7
7662 13
7663 9
7664 16
7665 6
7666 9
7667 23
7668 0
7669 0
7670 19
7671 40
7672 0
7673 16
7674 0
7675 7
7676 27
7677 21
7678 2
7679 23
7680 2
7681 27
7682 6
7683 34
7684 0
7685 4
7686 2
7687 3
7688 33
7689 12
7690 6
7691 0
7692 23
7693 1
7694 22
7695 4
7696 30
7697 7
7698 13
7699 21
7700 2
7701 8
7702 27
7703 14
7704 21
7705 26
7706 16
7707 25
7708 6
7709 9
7710 8
7711 7
7712 26
7713 4
7714 21
7715 20
7716 18
7717 38
7718 29
7719 0
7720 40
7721 28
7722 21
7723 20
7724 6
7725 40
7726 14
7727 22
7728 6
7729 27
7730 15
7731 0
7732 23
7733 16
7734 0
7735 1
7736 3
7737 0
7738 4
7739 35
7740 27
7741 26
7742 0
7743 20
7744 3
7745 1
7746 4
7747 38
7748 11
7749 16
7750 1
7751 3
7752 1
7753 20
7754 1
7755 15
7756 18
7757 0
7758 2
7759 16
7760 12
7761 2
7762 25
7763 15
7764 10
7765 1
7766 11
7767 5
7768 2
7769 27
7770 1
7771 7
7772 29
7773 5
7774 3
7775 19
7776 0
7777 3
7778 7
7779 31
7780 1
7781 20
7782 30
7783 9
7784 10
7785 1
7786 6
7787 7
7788 8
7789 35
7790 38
7791 10
7792 1
7793 5
7794 2
7795 7
7796 0
7797 2
7798 1
7799 22
7800 9
7801 2
7802 8
7803 1
7804 1
7805 35
7806 11
7807 30
7808 4
7809 18
7810 14
7811 3
7812 9
7813 21
7814 4
7815 21
7816 27
7817 3
7818 30
7819 12
7820 36
7821 35
7822 33
7823 3
7824 36
7825 4
7826 37
7827 31
7828 4
7829 7
7830 0
7831 2
7832 2
7833 35
7834 20
7835 4
7836 2
7837 8
7838 37
7839 0
7840 9
7841 22
7842 3
7843 6
7844 1
7845 9
7846 25
7847 36
7848 32
7849 13
7850 27
7851 23
7852 6
7853 5
7854 34
7855 0
7856 30
7857 29
7858 4
7859 26
7860 4
7861 34
7862 22
7863 4
7864 22
7865 8
7866 4
7867 2
7868 40
7869 9
7870 2
7871 1
7872 2
7873 17
7874 21
7875 4
7876 4
7877 9
7878 2
7879 18
7880 13
7881 2
7882 26
7883 12
7884 1
7885 1
7886 0
7887 14
7888 0
7889 34
7890 5
7891 4
7892 13
7893 2
7894 0
7895 9
7896 0
7897 1
7898 1
7899 1
7900 15
7901 2
7902 2
7903 7
7904 3
7905 39
7906 13
7907 27
7908 2
7909 5
7910 5
7911 9
7912 15
7913 10
7914 16
7915 2
7916 0
7917 24
7918 16
7919 9
7920 16
7921 3
7922 3
7923 4
7924 19
7925 2
7926 0
7927 12
7928 6
7929 30
7930 19
7931 2
7932 23
7933 6
7934 2
7935 15
7936 16
7937 9
7938 0
7939 25
7940 0
7941 33
7942 19
7943 13
7944 1
7945 6
7946 33
7947 2
7948 0
7949 1
7950 2
7951 0
7952 26
7953 1
7954 2
7955 2
7956 16
7957 8
7958 1
7959 11
7960 9
7961 4
7962 27
7963 4
7964 24
7965 33
7966 35
7967 0
7968 32
7969 8
7970 20
7971 6
7972 0
7973 28
7974 1
7975 0
7976 0
7977 30
7978 25
7979 1
7980 0
7981 4
7982 2
7983 6
7984 23
7985 3
7986 3
7987 1
7988 29
7989 33
7990 4
7991 7
7992 18
7993 33
7994 0
7995 0
7996 11
7997 21
7998 14
7999 6
8000 12
8001 4
8002 4
8003 0
8004 3
8005 3
8006 2
8007 0
8008 19
8009 0
8010 3
8011 36
8012 3
8013 11
8014 26
8015 17
8016 33
8017 14
8018 5
8019 19
8020 2
8021 4
8022 9
8023 38
8024 2
8025 38
8026 15
8027 2
8028 2
8029 1
8030 10
8031 7
8032 3
8033 8
8034 2
8035 0
8036 7
8037 18
8038 24
8039 1
8040 0
8041 26
8042 6
8043 15
8044 10
8045 11
8046 24
8047 1
8048 29
8049 0
8050 26
8051 11
8052 11
8053 0
8054 0
8055 15
8056 14
8057 3
8058 1
8059 1
8060 0
8061 18
8062 34
8063 23
8064 9
8065 32
8066 10
8067 13
8068 4
8069 18
8070 18
8071 9
8072 4
8073 13
8074 6
8075 0
8076 0
8077 19
8078 8
8079 3
8080 6
8081 9
8082 6
8083 6
8084 28
8085 19
8086 9
8087 6
8088 28
8089 33
8090 39
8091 3
8092 0
8093 2
8094 16
8095 1
8096 16
8097 13
8098 0
8099 7
8100 23
8101 17
8102 9
8103 0
8104 8
8105 7
8106 9
8107 2
8108 13
8109 19
8110 3
8111 3
8112 7
8113 3
8114 13
8115 4
8116 20
8117 3
8118 5
8119 24
8120 41
8121 3
8122 24
8123 18
8124 12
8125 3
8126 5
8127 1
8128 0
8129 6
8130 3
8131 12
8132 5
8133 16
8134 2
8135 2
8136 2
8137 32
8138 13
8139 10
8140 2
8141 0
8142 15
8143 24
8144 11
8145 0
8146 6
8147 1
8148 2
8149 19
8150 8
8151 4
8152 6
8153 1
8154 20
8155 4
8156 19
8157 27
8158 27
8159 1
8160 11
8161 41
8162 3
8163 6
8164 24
8165 19
8166 18
8167 31
8168 1
8169 31
8170 1
8171 1
8172 21
8173 1
8174 35
8175 34
8176 8
8177 16
8178 5
8179 0
8180 0
8181 5
8182 0
8183 1
8184 2
8185 23
8186 6
8187 24
8188 18
8189 6
8190 34
8191 13
8192 24
8193 1
8194 22
8195 29
8196 21
8197 29
8198 12
8199 23
8200 5
8201 9
8202 7
8203 35
8204 2
8205 10
8206 0
8207 6
8208 15
8209 5
8210 10
8211 19
8212 36
8213 6
8214 1
8215 29
8216 9
8217 3
8218 20
8219 3
8220 20
8221 11
8222 18
8223 1
8224 0
8225 6
8226 8
8227 41
8228 16
8229 15
8230 1
8231 15
8232 3
8233 39
8234 5
8235 18
8236 0
8237 1
8238 16
8239 28
8240 31
8241 17
8242 7
8243 20
8244 1
8245 16
8246 17
8247 3
8248 10
8249 5
8250 40
8251 27
8252 20
8253 20
8254 3
8255 4
8256 20
8257 5
8258 3
8259 7
8260 11
8261 12
8262 2
8263 0
8264 2
8265 37
8266 17
8267 11
8268 5
8269 2
8270 1
8271 31
8272 0
8273 18
8274 3
8275 36
8276 1
8277 0
8278 16
8279 6
8280 6
8281 40
8282 39
8283 11
8284 5
8285 16
8286 11
8287 13
8288 18
8289 23
8290 10
8291 23
8292 10
8293 28
8294 26
8295 16
8296 25
8297 7
8298 19
8299 38
8300 16
8301 10
8302 38
8303 24
8304 36
8305 25
8306 36
8307 41
8308 15
8309 6
8310 2
8311 26
8312 23
8313 14
8314 17
8315 29
8316 8
8317 26
8318 1
8319 32
8320 14
8321 0
8322 10
8323 32
8324 22
8325 3
8326 0
8327 33
8328 40
8329 23
8330 31
8331 17
8332 14
8333 10
8334 22
8335 20
8336 14
8337 35
8338 16
8339 19
8340 31
8341 37
8342 28
8343 6
8344 35
8345 14
8346 35
8347 7
8348 15
8349 29
8350 16
8351 11
8352 23
8353 14
8354 5
8355 39
8356 22
8357 10
8358 4
8359 6
8360 12
8361 11
8362 25
8363 2
8364 0
8365 0
8366 34
8367 1
8368 14
8369 21
8370 4
8371 24
8372 21
8373 12
8374 11
8375 10
8376 7
8377 11
8378 37
8379 7
8380 38
8381 21
8382 6
8383 17
8384 15
8385 3
8386 26
8387 16
8388 25
8389 31
8390 30
8391 4
8392 33
8393 3
8394 1
8395 20
8396 7
8397 17
8398 26
8399 2
8400 28
8401 3
8402 32
8403 12
8404 23
8405 25
8406 4
8407 27
8408 10
8409 19
8410 17
8411 21
8412 1
8413 17
8414 24
8415 29
8416 10
8417 17
8418 14
8419 15
8420 39
8421 11
8422 41
8423 22
8424 0
8425 10
8426 6
8427 2
8428 11
8429 25
8430 9
8431 1
8432 30
8433 17
8434 0
8435 4
8436 24
8437 35
8438 34
8439 29
8440 9
8441 17
8442 15
8443 3
8444 16
8445 17
8446 30
8447 3
8448 1
8449 0
8450 1
8451 29
8452 7
8453 9
8454 31
8455 2
8456 4
8457 36
8458 15
8459 14
8460 0
8461 15
8462 4
8463 3
8464 3
8465 41
8466 14
8467 35
8468 0
8469 22
8470 36
8471 7
8472 15
8473 14
8474 21
8475 9
8476 2
8477 12
8478 17
8479 1
8480 19
8481 21
8482 14
8483 11
8484 30
8485 2
8486 10
8487 33
8488 22
8489 20
8490 39
8491 12
8492 2
8493 15
8494 5
8495 31
8496 23
8497 36
8498 37
8499 0
8500 20
8501 0
8502 10
8503 3
8504 0
8505 5
8506 21
8507 22
8508 9
8509 12
8510 4
8511 0
8512 5
8513 11
8514 23
8515 7
8516 5
8517 13
8518 0
8519 14
8520 22
8521 0
8522 24
8523 0
8524 22
8525 28
8526 4
8527 0
8528 17
8529 34
8530 24
8531 12
8532 32
8533 3
8534 13
8535 13
8536 23
8537 14
8538 5
8539 26
8540 2
8541 25
8542 2
8543 34
8544 34
8545 3
8546 21
8547 0
8548 7
8549 28
8550 39
8551 5
8552 3
8553 10
8554 9
8555 11
8556 22
8557 9
8558 19
8559 39
8560 12
8561 10
8562 4
8563 41
8564 16
8565 0
8566 36
8567 36
8568 6
8569 15
8570 13
8571 26
8572 15
8573 0
8574 35
8575 5
8576 13
8577 1
8578 6
8579 2
8580 21
8581 18
8582 11
8583 4
8584 0
8585 0
8586 5
8587 0
8588 3
8589 21
8590 30
8591 6
8592 4
8593 3
8594 0
8595 17
8596 0
8597 0
8598 1
8599 20
8600 10
8601 7
8602 4
8603 34
8604 14
8605 3
8606 0
8607 3
8608 1
8609 25
8610 9
8611 0
8612 10
8613 0
8614 1
8615 14
8616 22
8617 21
8618 29
8619 2
8620 19
8621 19
8622 0
8623 5
8624 18
8625 0
8626 5
8627 0
8628 3
8629 0
8630 1
8631 1
8632 9
8633 16
8634 17
8635 37
8636 0
8637 27
8638 7
8639 9
8640 17
8641 0
8642 10
8643 4
8644 0
8645 6
8646 0
8647 20
8648 8
8649 12
8650 7
8651 36
8652 23
8653 8
8654 5
8655 8
8656 29
8657 25
8658 12
8659 14
8660 0
8661 13
8662 9
8663 20
8664 2
8665 3
8666 13
8667 0
8668 17
8669 2
8670 3
8671 14
8672 19
8673 6
8674 28
8675 26
8676 0
8677 31
8678 3
8679 6
8680 4
8681 14
8682 0
8683 4
8684 13
8685 7
8686 6
8687 2
8688 22
8689 25
8690 6
8691 5
8692 7
8693 13
8694 0
8695 19
8696 16
8697 14
8698 1
8699 7
8700 8
8701 13
8702 23
8703 1
8704 38
8705 8
8706 4
8707 16
8708 38
8709 8
8710 7
8711 38
8712 15
8713 24
8714 7
8715 17
8716 33
8717 23
8718 4
8719 20
8720 4
8721 3
8722 34
8723 34
8724 23
8725 0
8726 0
8727 18
8728 0
8729 25
8730 27
8731 0
8732 3
8733 8
8734 14
8735 26
8736 0
8737 9
8738 6
8739 5
8740 7
8741 7
8742 15
8743 15
8744 8
8745 6
8746 2
8747 28
8748 0
8749 2
8750 6
8751 10
8752 27
8753 16
8754 24
8755 35
8756 38
8757 23
8758 1
8759 33
8760 15
8761 1
8762 32
8763 22
8764 8
8765 29
8766 5
8767 28
8768 11
8769 3
8770 3
8771 1
8772 29
8773 10
8774 27
8775 29
8776 10
8777 23
8778 4
8779 5
8780 28
8781 8
8782 0
8783 8
8784 1
8785 4
8786 20
8787 11
8788 1
8789 20
8790 14
8791 13
8792 3
8793 0
8794 1
8795 17
8796 5
8797 1
8798 15
8799 27
8800 41
8801 5
8802 4
8803 20
8804 0
8805 4
8806 17
8807 40
8808 2
8809 4
8810 15
8811 1
8812 1
8813 3
8814 9
8815 14
8816 37
8817 3
8818 29
8819 19
8820 26
8821 8
8822 30
8823 7
8824 38
8825 0
8826 1
8827 2
8828 30
8829 1
8830 0
8831 24
8832 4
8833 4
8834 27
8835 17
8836 14
8837 4
8838 4
8839 15
8840 2
8841 2
8842 7
8843 32
8844 24
8845 1
8846 9
8847 17
8848 26
8849 24
8850 4
8851 7
8852 17
8853 28
8854 4
8855 0
8856 22
8857 9
8858 28
8859 0
8860 17
8861 22
8862 25
8863 14
8864 9
8865 20
8866 21
8867 30
8868 3
8869 2
8870 3
8871 0
8872 0
8873 1
8874 0
8875 23
8876 39
8877 38
8878 21
8879 3
8880 0
8881 1
8882 3
8883 8
8884 1
8885 13
8886 0
8887 12
8888 2
8889 12
8890 3
8891 25
8892 1
8893 1
8894 15
8895 1
8896 2
8897 6
8898 2
8899 2
8900 15
8901 18
8902 1
8903 8
8904 29
8905 4
8906 13
8907 14
8908 4
8909 2
8910 2
8911 8
8912 13
8913 0
8914 0
8915 1
8916 10
8917 0
8918 0
8919 0
8920 5
8921 9
8922 0
8923 0
8924 14
8925 3
8926 12
8927 9
8928 11
8929 6
8930 13
8931 21
8932 21
8933 8
8934 13
8935 2
8936 3
8937 22
8938 13
8939 0
8940 5
8941 3
8942 14
8943 11
8944 6
8945 30
8946 1
8947 0
8948 5
8949 17
8950 15
8951 3
8952 2
8953 9
8954 16
8955 3
8956 34
8957 0
8958 5
8959 2
8960 2
8961 8
8962 0
8963 1
8964 2
8965 11
8966 2
8967 10
8968 2
8969 33
8970 2
8971 3
8972 12
8973 6
8974 2
8975 1
8976 1
8977 15
8978 19
8979 13
8980 0
8981 8
8982 2
8983 3
8984 8
8985 19
8986 12
8987 25
8988 1
8989 19
8990 0
8991 9
8992 10
8993 24
8994 1
8995 2
8996 21
8997 1
8998 36
8999 1
9000 8
9001 5
9002 25
9003 0
9004 13
9005 1
9006 5
9007 0
9008 7
9009 23
9010 0
9011 16
9012 41
9013 0
9014 18
9015 11
9016 2
9017 20
9018 10
9019 4
9020 7
9021 29
9022 0
9023 0
9024 22
9025 1
9026 30
9027 7
9028 0
9029 3
9030 6
9031 21
9032 0
9033 12
9034 35
9035 18
9036 0
9037 0
9038 37
9039 0
9040 6
9041 11
9042 13
9043 9
9044 12
9045 22
9046 1
9047 29
9048 4
9049 4
9050 19
9051 6
9052 8
9053 19
9054 0
9055 2
9056 26
9057 2
9058 10
9059 25
9060 5
9061 15
9062 5
9063 27
9064 0
9065 0
9066 3
9067 24
9068 4
9069 23
9070 27
9071 12
9072 8
9073 34
9074 35
9075 13
9076 24
9077 17
9078 9
9079 11
9080 23
9081 7
9082 4
9083 6
9084 13
9085 1
9086 2
9087 0
9088 2
9089 2
9090 5
9091 9
9092 27
9093 1
9094 18
9095 9
9096 21
9097 1
9098 24
9099 24
9100 13
9101 24
9102 11
9103 11
9104 5
9105 36
9106 0
9107 2
9108 23
9109 2
9110 0
9111 2
9112 8
9113 6
9114 3
9115 4
9116 17
9117 8
9118 8
9119 5
9120 6
9121 12
9122 4
9123 0
9124 2
9125 5
9126 11
9127 9
9128 19
9129 32
9130 12
9131 0
9132 36
9133 10
9134 8
9135 11
9136 16
9137 2
9138 11
9139 39
9140 24
9141 16
9142 27
9143 9
9144 2
9145 2
9146 8
9147 1
9148 23
9149 14
9150 2
9151 5
9152 34
9153 32
9154 0
9155 3
9156 0
9157 22
9158 27
9159 35
9160 5
9161 15
9162 1
9163 15
9164 3
9165 33
9166 19
9167 18
9168 0
9169 2
9170 41
9171 24
9172 2
9173 0
9174 18
9175 3
9176 0
9177 2
9178 24
9179 16
9180 3
9181 3
9182 25
9183 14
9184 2
9185 2
9186 3
9187 2
9188 19
9189 23
9190 4
9191 1
9192 0
9193 24
9194 2
9195 10
9196 0
9197 8
9198 27
9199 18
9200 8
9201 16
9202 21
9203 8
9204 5
9205 21
9206 2
9207 19
9208 15
9209 0
9210 26
9211 0
9212 5
9213 16
9214 1
9215 10
9216 17
9217 9
9218 39
9219 30
9220 6
9221 0
9222 9
9223 2
9224 21
9225 0
9226 32
9227 29
9228 17
9229 16
9230 2
9231 34
9232 32
9233 8
9234 0
9235 8
9236 14
9237 0
9238 23
9239 4
9240 19
9241 9
9242 31
9243 2
9244 20
9245 19
9246 2
9247 18
9248 18
9249 27
9250 2
9251 1
9252 1
9253 7
9254 3
9255 23
9256 0
9257 2
9258 3
9259 20
9260 7
9261 16
9262 15
9263 3
9264 30
9265 29
9266 36
9267 0
9268 0
9269 18
9270 1
9271 2
9272 17
9273 6
9274 4
9275 5
9276 35
9277 6
9278 2
9279 6
9280 5
9281 18
9282 30
9283 11
9284 1
9285 0
9286 0
9287 12
9288 2
9289 2
9290 9
9291 0
9292 7
9293 23
9294 24
9295 2
9296 0
9297 1
9298 2
9299 1
9300 4
9301 8
9302 2
9303 0
9304 37
9305 1
9306 23
9307 3
9308 28
9309 15
9310 1
9311 30
9312 0
9313 8
9314 10
9315 2
9316 4
9317 1
9318 27
9319 21
9320 21
9321 38
9322 7
9323 29
9324 3
9325 15
9326 14
9327 3
9328 31
9329 21
9330 20
9331 3
9332 37
9333 22
9334 16
9335 13
9336 13
9337 0
9338 4
9339 25
9340 3
9341 15
9342 1
9343 8
9344 16
9345 25
9346 21
9347 1
9348 0
9349 20
9350 20
9351 2
9352 0
9353 16
9354 5
9355 11
9356 17
9357 2
9358 3
9359 12
9360 1
9361 26
9362 4
9363 2
9364 2
9365 16
9366 2
9367 32
9368 20
9369 11
9370 32
9371 1
9372 17
9373 1
9374 8
9375 14
9376 2
9377 14
9378 12
9379 3
9380 19
9381 11
9382 26
9383 1
9384 8
9385 1
9386 1
9387 13
9388 20
9389 0
9390 10
9391 36
9392 11
9393 31
9394 0
9395 21
9396 1
9397 33
9398 24
9399 2
9400 34
9401 4
9402 16
9403 0
9404 0
9405 18
9406 1
9407 4
9408 1
9409 1
9410 15
9411 10
9412 9
9413 27
9414 2
9415 18
9416 7
9417 10
9418 8
9419 10
9420 28
9421 20
9422 3
9423 27
9424 31
9425 21
9426 0
9427 18
9428 5
9429 11
9430 17
9431 40
9432 10
9433 2
9434 36
9435 5
9436 1
9437 17
9438 8
9439 1
9440 2
9441 4
9442 36
9443 24
9444 26
9445 0
9446 8
9447 2
9448 5
9449 18
9450 22
9451 5
9452 0
9453 6
9454 4
9455 12
9456 12
9457 1
9458 2
9459 11
9460 14
9461 3
9462 18
9463 8
9464 39
9465 29
9466 0
9467 3
9468 11
9469 11
9470 29
9471 2
9472 1
9473 30
9474 2
9475 12
9476 9
9477 1
9478 7
9479 1
9480 1
9481 17
9482 1
9483 37
9484 5
9485 22
9486 2
9487 7
9488 5
9489 25
9490 2
9491 22
9492 41
9493 3
9494 30
9495 4
9496 7
9497 2
9498 2
9499 7
9500 25
9501 8
9502 2
9503 22
9504 5
9505 3
9506 2
9507 25
9508 17
9509 23
9510 2
9511 15
9512 17
9513 3
9514 12
9515 17
9516 8
9517 0
9518 12
9519 15
9520 10
9521 25
9522 30
9523 0
9524 10
9525 8
9526 5
9527 14
9528 25
9529 5
9530 7
9531 31
9532 16
9533 23
9534 34
9535 1
9536 41
9537 32
9538 2
9539 31
9540 10
9541 28
9542 26
9543 3
9544 3
9545 0
9546 3
9547 7
9548 4
9549 18
9550 17
9551 5
9552 2
9553 33
9554 29
9555 15
9556 2
9557 13
9558 0
9559 13
9560 17
9561 0
9562 4
9563 6
9564 5
9565 4
9566 12
9567 10
9568 26
9569 3
9570 23
9571 3
9572 18
9573 36
9574 13
9575 31
9576 8
9577 6
9578 11
9579 1
9580 35
9581 23
9582 38
9583 17
9584 9
9585 22
9586 9
9587 0
9588 3
9589 4
9590 12
9591 13
9592 0
9593 8
9594 26
9595 1
9596 13
9597 10
9598 0
9599 8
9600 2
9601 26
9602 6
9603 6
9604 2
9605 17
9606 0
9607 1
9608 0
9609 0
9610 2
9611 28
9612 0
9613 4
9614 0
9615 6
9616 17
9617 7
9618 25
9619 3
9620 4
9621 2
9622 6
9623 2
9624 2
9625 30
9626 28
9627 0
9628 22
9629 6
9630 5
9631 18
9632 2
9633 1
9634 26
9635 0
9636 15
9637 4
9638 1
9639 6
9640 3
9641 7
9642 0
9643 5
9644 8
9645 0
9646 7
9647 1
9648 5
9649 13
9650 15
9651 27
9652 1
9653 17
9654 15
9655 29
9656 5
9657 25
9658 19
9659 17
9660 12
9661 7
9662 4
9663 40
9664 13
9665 2
9666 16
9667 0
9668 0
9669 2
9670 0
9671 10
9672 13
9673 1
9674 33
9675 31
9676 5
9677 2
9678 2
9679 13
9680 4
9681 21
9682 9
9683 2
9684 1
9685 20
9686 2
9687 0
9688 37
9689 3
9690 9
9691 4
9692 22
9693 11
9694 2
9695 22
9696 31
9697 3
9698 1
9699 2
9700 0
9701 16
9702 1
9703 2
9704 0
9705 7
9706 32
9707 8
9708 22
9709 16
9710 7
9711 34
9712 9
9713 5
9714 4
9715 0
9716 38
9717 2
9718 20
9719 10
9720 7
9721 17
9722 19
9723 25
9724 2
9725 8
9726 1
9727 0
9728 28
9729 7
9730 4
9731 2
9732 10
9733 29
9734 0
9735 6
9736 10
9737 0
9738 20
9739 12
9740 23
9741 8
9742 0
9743 2
9744 39
9745 20
9746 4
9747 7
9748 28
9749 39
9750 39
9751 2
9752 4
9753 13
9754 15
9755 23
9756 8
9757 12
9758 19
9759 29
9760 8
9761 0
9762 25
9763 8
9764 7
9765 23
9766 31
9767 21
9768 0
9769 18
9770 21
9771 15
9772 19
9773 1
9774 10
9775 10
9776 3
9777 3
9778 24
9779 27
9780 34
9781 5
9782 3
9783 8
9784 1
9785 2
9786 16
9787 31
9788 29
9789 1
9790 2
9791 15
9792 25
9793 28
9794 27
9795 17
9796 8
9797 10
9798 3
9799 30
9800 1
9801 1
9802 0
9803 16
9804 0
9805 0
9806 36
9807 7
9808 2
9809 7
9810 27
9811 3
9812 4
9813 12
9814 2
9815 3
9816 8
9817 0
9818 39
9819 28
9820 2
9821 6
9822 2
9823 2
9824 23
9825 19
9826 4
9827 1
9828 10
9829 22
9830 9
9831 1
9832 19
9833 3
9834 38
9835 2
9836 1
9837 4
9838 15
9839 13
9840 14
9841 23
9842 26
9843 14
9844 1
9845 14
9846 9
9847 36
9848 23
9849 14
9850 30
9851 29
9852 5
9853 14
9854 1
9855 22
9856 0
9857 18
9858 9
9859 25
9860 25
9861 0
9862 6
9863 1
9864 4
9865 33
9866 9
9867 2
9868 25
9869 7
9870 1
9871 15
9872 4
9873 3
9874 6
9875 22
9876 29
9877 33
9878 5
9879 9
9880 11
9881 21
9882 2
9883 3
9884 4
9885 0
9886 38
9887 2
9888 3
9889 33
9890 30
9891 37
9892 2
9893 3
9894 8
9895 3
9896 24
9897 14
9898 3
9899 19
9900 18
9901 0
9902 6
9903 11
9904 32
9905 2
9906 0
9907 14
9908 13
9909 40
9910 8
9911 2
9912 21
9913 0
9914 0
9915 12
9916 12
9917 0
9918 9
9919 20
9920 2
9921 12
9922 11
9923 29
9924 6
9925 2
9926 21
9927 2
9928 27
9929 1
9930 5
9931 4
9932 1
9933 30
9934 6
9935 1
9936 24
9937 0
9938 26
9939 11
9940 22
9941 13
9942 19
9943 1
9944 0
9945 10
9946 28
9947 12
9948 33
9949 5
9950 17
9951 3
9952 14
9953 15
9954 12
9955 37
9956 6
9957 10
9958 6
9959 4
9960 5
9961 5
9962 20
9963 12
9964 4
9965 19
9966 6
9967 37
9968 22
9969 7
9970 0
9971 38
9972 1
9973 37
9974 0
9975 5
9976 1
9977 13
9978 0
9979 37
9980 8
9981 5
9982 19
9983 17
9984 6
9985 30
9986 22
9987 2
9988 9
9989 5
9990 24
9991 11
9992 20
9993 8
9994 20
9995 10
9996 19
9997 16
9998 1
9999 0
