0 0
1 1
2 2
3 3
4 4
5 5
6 6
7 4
8 6
9 5
10 2
11 7
12 5
13 2
14 0
15 5
16 4
17 6
18 7
19 8
20 2
21 5
22 9
23 1
24 6
25 1
26 8
27 3
28 6
29 7
30 6
31 2
32 10
33 2
34 8
35 6
36 11
37 12
38 13
39 14
40 15
41 16
42 16
43 5
44 13
45 5
46 17
47 5
48 6
49 6
50 18
51 14
52 5
53 4
54 19
55 5
56 13
57 18
58 2
59 16
60 6
61 5
62 6
63 5
64 7
65 20
66 4
67 2
68 6
69 21
70 2
71 22
72 19
73 16
74 23
75 6
76 2
77 13
78 21
79 11
80 16
81 6
82 5
83 8
84 2
85 16
86 5
87 2
88 5
89 23
90 18
91 2
92 5
93 13
94 2
95 6
96 18
97 4
98 4
99 8
100 4
101 0
102 2
103 2
104 4
105 24
106 5
107 16
108 6
109 4
110 2
111 0
112 25
113 18
114 13
115 26
116 17
117 14
118 5
119 13
120 18
121 2
122 4
123 5
124 2
125 27
126 18
127 7
128 13
129 4
130 2
131 13
132 2
133 25
134 5
135 6
136 6
137 5
138 2
139 6
140 6
141 4
142 13
143 28
144 5
145 6
146 7
147 8
148 5
149 11
150 23
151 5
152 29
153 13
154 4
155 2
156 0
157 6
158 16
159 17
160 16
161 16
162 6
163 6
164 25
165 6
166 18
167 6
168 25
169 13
170 16
171 6
172 21
173 14
174 6
175 5
176 26
177 16
178 23
179 5
180 13
181 24
182 4
183 5
184 23
185 17
186 6
187 18
188 2
189 23
190 16
191 15
192 16
193 18
194 7
195 6
196 2
197 27
198 4
199 6
200 6
201 26
202 13
203 18
204 26
205 16
206 4
207 6
208 4
209 18
210 4
211 10
212 5
213 6
214 18
215 13
216 23
217 13
218 16
219 8
220 25
221 5
222 5
223 6
224 24
225 13
226 4
227 23
228 10
229 23
230 18
231 23
232 5
233 5
234 23
235 6
236 24
237 3
238 29
239 18
240 2
241 16
242 16
243 6
244 5
245 6
246 5
247 4
248 24
249 13
250 29
251 6
252 18
253 5
254 6
255 5
256 5
257 6
258 16
259 23
260 4
261 5
262 18
263 8
264 0
265 6
266 4
267 5
268 18
269 29
270 16
271 4
272 2
273 2
274 2
275 18
276 16
277 2
278 1
279 16
280 7
281 6
282 5
283 13
284 0
285 0
286 18
287 2
288 6
289 21
290 18
291 7
292 4
293 4
294 5
295 6
296 20
297 24
298 20
299 4
300 1
301 6
302 4
303 4
304 7
305 5
306 6
307 4
308 8
309 6
310 13
311 23
312 17
313 20
314 6
315 18
316 23
317 10
318 26
319 5
320 26
321 16
322 16
323 2
324 0
325 6
326 13
327 5
328 5
329 4
330 30
331 4
332 26
333 7
334 29
335 16
336 6
337 5
338 23
339 5
340 0
341 18
342 5
343 6
344 25
345 7
346 4
347 27
348 23
349 0
350 0
351 18
352 18
353 6
354 23
355 6
356 5
357 4
358 8
359 8
360 18
361 6
362 5
363 21
364 6
365 5
366 4
367 4
368 8
369 20
370 8
371 13
372 25
373 7
374 23
375 14
376 2
377 10
378 5
379 16
380 16
381 6
382 4
383 4
384 6
385 13
386 10
387 5
388 23
389 6
390 18
391 10
392 6
393 13
394 6
395 6
396 16
397 5
398 2
399 10
400 1
401 6
402 16
403 2
404 14
405 13
406 3
407 23
408 6
409 16
410 4
411 5
412 13
413 6
414 2
415 5
416 7
417 2
418 4
419 5
420 2
421 6
422 6
423 2
424 24
425 2
426 5
427 18
428 6
429 6
430 4
431 16
432 13
433 6
434 8
435 6
436 5
437 24
438 6
439 6
440 30
441 18
442 4
443 13
444 4
445 3
446 2
447 13
448 5
449 5
450 7
451 16
452 16
453 2
454 6
455 4
456 13
457 2
458 1
459 5
460 11
461 5
462 16
463 7
464 5
465 6
466 4
467 11
468 24
469 6
470 6
471 23
472 18
473 5
474 4
475 4
476 16
477 16
478 6
479 5
480 1
481 5
482 6
483 5
484 18
485 7
486 10
487 2
488 2
489 4
490 14
491 5
492 4
493 16
494 4
495 27
496 2
497 5
498 7
499 7
500 0
501 16
502 18
503 6
504 6
505 16
506 6
507 13
508 16
509 0
510 4
511 12
512 8
513 5
514 6
515 5
516 5
517 2
518 5
519 5
520 5
521 2
522 5
523 16
524 4
525 5
526 6
527 8
528 6
529 5
530 6
531 23
532 4
533 16
534 23
535 12
536 4
537 9
538 20
539 5
540 4
541 5
542 29
543 4
544 6
545 6
546 23
547 18
548 6
549 4
550 16
551 21
552 18
553 2
554 6
555 13
556 2
557 13
558 6
559 4
560 13
561 16
562 6
563 13
564 30
565 2
566 18
567 5
568 4
569 11
570 11
571 5
572 6
573 23
574 11
575 16
576 8
577 6
578 6
579 23
580 5
581 2
582 5
583 13
584 6
585 30
586 18
587 6
588 8
589 29
590 4
591 6
592 5
593 13
594 13
595 5
596 6
597 30
598 5
599 6
600 16
601 18
602 18
603 5
604 16
605 4
606 18
607 15
608 25
609 2
610 6
611 4
612 2
613 7
614 21
615 8
616 6
617 10
618 5
619 2
620 23
621 20
622 28
623 6
624 16
625 18
626 30
627 5
628 29
629 6
630 5
631 2
632 2
633 5
634 16
635 13
636 4
637 13
638 2
639 2
640 6
641 23
642 4
643 29
644 23
645 6
646 6
647 5
648 13
649 23
650 7
651 23
652 16
653 29
654 13
655 6
656 12
657 5
658 7
659 5
660 6
661 3
662 6
663 5
664 16
665 5
666 6
667 23
668 16
669 2
670 6
671 2
672 4
673 5
674 13
675 2
676 7
677 4
678 14
679 6
680 18
681 16
682 28
683 0
684 4
685 4
686 2
687 18
688 6
689 6
690 16
691 5
692 0
693 6
694 14
695 6
696 2
697 26
698 8
699 2
700 6
701 6
702 6
703 8
704 30
705 2
706 5
707 16
708 9
709 6
710 2
711 18
712 18
713 5
714 7
715 4
716 2
717 4
718 6
719 16
720 25
721 3
722 23
723 3
724 23
725 6
726 5
727 6
728 6
729 7
730 5
731 13
732 30
733 6
734 6
735 10
736 27
737 18
738 5
739 18
740 2
741 6
742 4
743 13
744 4
745 16
746 16
747 6
748 16
749 2
750 16
751 4
752 5
753 7
754 5
755 13
756 5
757 13
758 18
759 4
760 12
761 4
762 6
763 23
764 0
765 23
766 16
767 11
768 4
769 2
770 2
771 13
772 4
773 7
774 5
775 5
776 7
777 13
778 6
779 6
780 16
781 4
782 7
783 13
784 27
785 20
786 0
787 5
788 0
789 18
790 26
791 5
792 16
793 21
794 18
795 6
796 6
797 10
798 12
799 2
800 5
801 18
802 4
803 18
804 13
805 6
806 5
807 13
808 5
809 29
810 6
811 23
812 9
813 10
814 2
815 18
816 13
817 4
818 5
819 5
820 24
821 2
822 2
823 11
824 6
825 2
826 5
827 18
828 7
829 2
830 7
831 13
832 6
833 2
834 8
835 4
836 18
837 18
838 4
839 7
840 5
841 6
842 7
843 23
844 16
845 6
846 6
847 5
848 24
849 25
850 16
851 4
852 16
853 24
854 16
855 18
856 10
857 18
858 5
859 2
860 23
861 2
862 30
863 5
864 5
865 8
866 16
867 5
868 4
869 11
870 13
871 7
872 4
873 21
874 25
875 13
876 5
877 18
878 6
879 2
880 6
881 2
882 4
883 18
884 25
885 2
886 6
887 13
888 6
889 18
890 18
891 16
892 13
893 4
894 7
895 5
896 4
897 21
898 5
899 7
900 7
901 5
902 7
903 9
904 2
905 16
906 2
907 2
908 30
909 5
910 6
911 16
912 10
913 11
914 6
915 23
916 13
917 5
918 4
919 4
920 5
921 5
922 13
923 27
924 2
925 13
926 16
927 5
928 4
929 18
930 4
931 6
932 4
933 27
934 2
935 5
936 18
937 6
938 9
939 4
940 25
941 16
942 6
943 6
944 6
945 6
946 18
947 6
948 10
949 5
950 5
951 16
952 0
953 4
954 23
955 16
956 5
957 16
958 16
959 27
960 16
961 18
962 2
963 4
964 2
965 6
966 8
967 29
968 5
969 5
970 4
971 5
972 5
973 7
974 6
975 5
976 5
977 5
978 16
979 4
980 2
981 18
982 16
983 3
984 30
985 2
986 6
987 21
988 13
989 2
990 11
991 4
992 6
993 5
994 8
995 7
996 4
997 6
998 0
999 13
1000 8
1001 29
1002 6
1003 18
1004 2
1005 16
1006 4
1007 18
1008 2
1009 4
1010 5
1011 18
1012 18
1013 6
1014 13
1015 6
1016 16
1017 27
1018 16
1019 6
1020 4
1021 18
1022 2
1023 6
1024 4
1025 5
1026 2
1027 2
1028 2
1029 16
1030 18
1031 13
1032 4
1033 13
1034 16
1035 16
1036 5
1037 5
1038 13
1039 2
1040 2
1041 0
1042 6
1043 4
1044 6
1045 5
1046 4
1047 18
1048 16
1049 17
1050 23
1051 15
1052 2
1053 16
1054 6
1055 6
1056 18
1057 16
1058 6
1059 14
1060 6
1061 5
1062 18
1063 2
1064 6
1065 12
1066 7
1067 13
1068 10
1069 5
1070 18
1071 13
1072 18
1073 11
1074 2
1075 16
1076 2
1077 6
1078 5
1079 23
1080 8
1081 16
1082 23
1083 16
1084 5
1085 13
1086 6
1087 16
1088 5
1089 6
1090 0
1091 7
1092 2
1093 22
1094 10
1095 27
1096 5
1097 2
1098 4
1099 5
1100 5
1101 6
1102 4
1103 13
1104 23
1105 5
1106 16
1107 6
1108 13
1109 13
1110 13
1111 23
1112 18
1113 6
1114 30
1115 24
1116 6
1117 29
1118 0
1119 13
1120 16
1121 5
1122 2
1123 6
1124 8
1125 13
1126 23
1127 23
1128 2
1129 2
1130 5
1131 10
1132 13
1133 6
1134 5
1135 18
1136 4
1137 6
1138 13
1139 6
1140 5
1141 16
1142 18
1143 10
1144 7
1145 30
1146 5
1147 20
1148 5
1149 29
1150 5
1151 5
1152 16
1153 6
1154 16
1155 4
1156 6
1157 18
1158 18
1159 18
1160 4
1161 4
1162 4
1163 4
1164 23
1165 7
1166 16
1167 16
1168 5
1169 7
1170 6
1171 5
1172 4
1173 2
1174 5
1175 5
1176 5
1177 16
1178 7
1179 16
1180 21
1181 4
1182 5
1183 6
1184 3
1185 5
1186 16
1187 5
1188 23
1189 2
1190 7
1191 8
1192 16
1193 21
1194 6
1195 18
1196 4
1197 18
1198 2
1199 6
1200 2
1201 5
1202 7
1203 30
1204 4
1205 2
1206 5
1207 6
1208 8
1209 2
1210 4
1211 7
1212 5
1213 2
1214 4
1215 11
1216 2
1217 5
1218 6
1219 5
1220 10
1221 5
1222 10
1223 6
1224 8
1225 18
1226 7
1227 5
1228 25
1229 6
1230 6
1231 6
1232 9
1233 20
1234 5
1235 7
1236 13
1237 6
1238 16
1239 18
1240 13
1241 16
1242 2
1243 8
1244 10
1245 14
1246 5
1247 30
1248 13
1249 20
1250 16
1251 7
1252 19
1253 16
1254 16
1255 5
1256 6
1257 4
1258 2
1259 27
1260 5
1261 13
1262 4
1263 11
1264 2
1265 14
1266 4
1267 18
1268 0
1269 4
1270 21
1271 6
1272 6
1273 5
1274 5
1275 8
1276 10
1277 21
1278 4
1279 14
1280 5
1281 4
1282 7
1283 29
1284 7
1285 5
1286 21
1287 2
1288 6
1289 6
1290 6
1291 4
1292 16
1293 2
1294 6
1295 5
1296 5
1297 6
1298 23
1299 18
1300 4
1301 4
1302 5
1303 6
1304 16
1305 18
1306 4
1307 7
1308 16
1309 16
1310 29
1311 5
1312 17
1313 6
1314 30
1315 16
1316 13
1317 18
1318 2
1319 5
1320 4
1321 2
1322 8
1323 5
1324 2
1325 5
1326 7
1327 2
1328 15
1329 18
1330 1
1331 6
1332 0
1333 23
1334 6
1335 4
1336 13
1337 4
1338 6
1339 0
1340 18
1341 14
1342 5
1343 11
1344 24
1345 16
1346 16
1347 6
1348 25
1349 23
1350 5
1351 6
1352 6
1353 7
1354 2
1355 23
1356 5
1357 5
1358 2
1359 13
1360 16
1361 4
1362 5
1363 5
1364 10
1365 6
1366 13
1367 7
1368 6
1369 13
1370 6
1371 6
1372 5
1373 6
1374 18
1375 5
1376 27
1377 18
1378 4
1379 4
1380 16
1381 13
1382 4
1383 7
1384 16
1385 5
1386 16
1387 13
1388 13
1389 6
1390 16
1391 10
1392 20
1393 4
1394 8
1395 29
1396 6
1397 8
1398 18
1399 5
1400 5
1401 2
1402 6
1403 2
1404 6
1405 4
1406 6
1407 5
1408 30
1409 23
1410 2
1411 6
1412 4
1413 20
1414 2
1415 5
1416 7
1417 16
1418 16
1419 13
1420 10
1421 18
1422 5
1423 2
1424 6
1425 6
1426 5
1427 17
1428 7
1429 23
1430 8
1431 6
1432 23
1433 8
1434 21
1435 5
1436 6
1437 6
1438 16
1439 14
1440 6
1441 4
1442 18
1443 7
1444 16
1445 23
1446 13
1447 23
1448 30
1449 16
1450 13
1451 6
1452 8
1453 4
1454 5
1455 5
1456 13
1457 2
1458 18
1459 5
1460 2
1461 13
1462 5
1463 6
1464 5
1465 6
1466 30
1467 7
1468 13
1469 6
1470 21
1471 16
1472 26
1473 5
1474 16
1475 18
1476 5
1477 18
1478 4
1479 5
1480 27
1481 6
1482 18
1483 18
1484 5
1485 5
1486 6
1487 6
1488 5
1489 16
1490 7
1491 4
1492 18
1493 5
1494 18
1495 16
1496 5
1497 5
1498 11
1499 2
1500 18
1501 2
1502 18
1503 2
1504 7
1505 23
1506 16
1507 16
1508 13
1509 16
1510 18
1511 2
1512 5
1513 2
1514 5
1515 4
1516 6
1517 12
1518 13
1519 4
1520 4
1521 6
1522 5
1523 7
1524 11
1525 5
1526 16
1527 11
1528 8
1529 10
1530 18
1531 5
1532 5
1533 28
1534 4
1535 4
1536 11
1537 5
1538 11
1539 23
1540 2
1541 2
1542 16
1543 6
1544 11
1545 6
1546 2
1547 23
1548 11
1549 5
1550 8
1551 2
1552 6
1553 21
1554 11
1555 11
1556 6
1557 6
1558 16
1559 2
1560 6
1561 5
1562 2
1563 4
1564 6
1565 18
1566 16
1567 2
1568 6
1569 23
1570 6
1571 6
1572 2
1573 5
1574 11
1575 6
1576 5
1577 21
1578 5
1579 5
1580 6
1581 18
1582 2
1583 5
1584 11
1585 4
1586 6
1587 6
1588 7
1589 29
1590 29
1591 18
1592 16
1593 13
1594 5
1595 4
1596 18
1597 4
1598 2
1599 6
1600 13
1601 22
1602 5
1603 2
1604 23
1605 7
1606 5
1607 4
1608 13
1609 12
1610 13
1611 4
1612 6
1613 11
1614 13
1615 6
1616 4
1617 5
1618 7
1619 6
1620 29
1621 4
1622 16
1623 4
1624 19
1625 6
1626 7
1627 5
1628 8
1629 5
1630 29
1631 14
1632 23
1633 7
1634 7
1635 2
1636 17
1637 7
1638 30
1639 5
1640 2
1641 4
1642 4
1643 18
1644 8
1645 4
1646 4
1647 7
1648 18
1649 13
1650 14
1651 0
1652 30
1653 21
1654 2
1655 2
1656 16
1657 13
1658 5
1659 16
1660 6
1661 13
1662 30
1663 7
1664 13
1665 10
1666 18
1667 18
1668 29
1669 5
1670 5
1671 16
1672 5
1673 5
1674 5
1675 7
1676 30
1677 12
1678 2
1679 8
1680 30
1681 6
1682 8
1683 5
1684 5
1685 5
1686 4
1687 2
1688 7
1689 5
1690 6
1691 4
1692 16
1693 4
1694 11
1695 6
1696 23
1697 3
1698 6
1699 4
1700 13
1701 5
1702 11
1703 1
1704 10
1705 5
1706 11
1707 5
1708 5
1709 23
1710 6
1711 2
1712 23
1713 2
1714 22
1715 29
1716 29
1717 6
1718 19
1719 6
1720 13
1721 13
1722 5
1723 18
1724 16
1725 18
1726 5
1727 26
1728 5
1729 7
1730 13
1731 4
1732 6
1733 6
1734 6
1735 28
1736 18
1737 13
1738 4
1739 4
1740 6
1741 4
1742 2
1743 30
1744 2
1745 23
1746 16
1747 6
1748 4
1749 10
1750 14
1751 10
1752 6
1753 2
1754 2
1755 13
1756 5
1757 20
1758 13
1759 16
1760 30
1761 11
1762 2
1763 5
1764 4
1765 7
1766 5
1767 5
1768 5
1769 5
1770 7
1771 6
1772 18
1773 6
1774 5
1775 3
1776 2
1777 4
1778 5
1779 5
1780 4
1781 16
1782 5
1783 2
1784 18
1785 13
1786 7
1787 4
1788 4
1789 0
1790 6
1791 16
1792 16
1793 29
1794 2
1795 11
1796 5
1797 10
1798 16
1799 13
1800 16
1801 6
1802 23
1803 2
1804 2
1805 10
1806 5
1807 6
1808 16
1809 7
1810 16
1811 16
1812 6
1813 5
1814 5
1815 4
1816 6
1817 6
1818 6
1819 5
1820 16
1821 2
1822 16
1823 5
1824 6
1825 5
1826 4
1827 18
1828 4
1829 21
1830 6
1831 10
1832 18
1833 4
1834 16
1835 6
1836 4
1837 18
1838 5
1839 21
1840 23
1841 8
1842 5
1843 16
1844 6
1845 5
1846 27
1847 4
1848 5
1849 8
1850 4
1851 6
1852 27
1853 6
1854 18
1855 23
1856 5
1857 20
1858 5
1859 5
1860 16
1861 6
1862 6
1863 6
1864 5
1865 5
1866 11
1867 5
1868 13
1869 6
1870 5
1871 18
1872 4
1873 4
1874 16
1875 27
1876 5
1877 6
1878 6
1879 10
1880 8
1881 6
1882 14
1883 4
1884 2
1885 2
1886 16
1887 4
1888 7
1889 18
1890 6
1891 6
1892 6
1893 5
1894 2
1895 6
1896 13
1897 2
1898 13
1899 4
1900 13
1901 2
1902 2
1903 0
1904 16
1905 18
1906 5
1907 6
1908 4
1909 16
1910 5
1911 13
1912 11
1913 2
1914 13
1915 4
1916 5
1917 5
1918 4
1919 5
1920 2
1921 5
1922 4
1923 18
1924 6
1925 16
1926 7
1927 4
1928 5
1929 13
1930 6
1931 5
1932 4
1933 5
1934 4
1935 23
1936 6
1937 6
1938 16
1939 18
1940 14
1941 16
1942 21
1943 5
1944 6
1945 6
1946 26
1947 5
1948 6
1949 4
1950 13
1951 5
1952 5
1953 18
1954 16
1955 10
1956 2
1957 2
1958 6
1959 4
1960 5
1961 6
1962 18
1963 13
1964 2
1965 4
1966 24
1967 5
1968 5
1969 2
1970 13
1971 14
1972 6
1973 2
1974 6
1975 21
1976 16
1977 2
1978 5
1979 4
1980 9
1981 8
1982 6
1983 7
1984 7
1985 23
1986 0
1987 6
1988 5
1989 25
1990 5
1991 16
1992 29
1993 6
1994 6
1995 5
1996 17
1997 2
1998 4
1999 8
2000 2
2001 18
2002 6
2003 13
2004 8
2005 23
2006 9
2007 13
2008 18
2009 13
2010 16
2011 18
2012 5
2013 8
2014 7
2015 6
2016 16
2017 22
2018 28
2019 5
2020 7
2021 5
2022 24
2023 6
2024 2
2025 5
2026 4
2027 18
2028 2
2029 18
2030 1
2031 16
2032 23
2033 16
2034 23
2035 0
2036 4
2037 8
2038 5
2039 5
2040 13
2041 29
2042 4
2043 26
2044 13
2045 6
2046 6
2047 2
2048 13
2049 18
2050 5
2051 5
2052 29
2053 6
2054 4
2055 7
2056 7
2057 2
2058 6
2059 23
2060 2
2061 4
2062 2
2063 16
2064 13
2065 29
2066 2
2067 5
2068 3
2069 2
2070 24
2071 27
2072 16
2073 6
2074 13
2075 2
2076 8
2077 10
2078 2
2079 20
2080 2
2081 6
2082 5
2083 10
2084 13
2085 18
2086 5
2087 18
2088 10
2089 23
2090 6
2091 8
2092 11
2093 2
2094 2
2095 6
2096 11
2097 6
2098 8
2099 4
2100 18
2101 5
2102 30
2103 29
2104 16
2105 18
2106 5
2107 6
2108 10
2109 2
2110 11
2111 4
2112 5
2113 4
2114 18
2115 5
2116 5
2117 16
2118 6
2119 22
2120 16
2121 5
2122 6
2123 6
2124 12
2125 0
2126 18
2127 11
2128 18
2129 16
2130 2
2131 6
2132 5
2133 4
2134 9
2135 6
2136 6
2137 7
2138 6
2139 5
2140 1
2141 23
2142 7
2143 4
2144 4
2145 6
2146 18
2147 5
2148 6
2149 5
2150 17
2151 14
2152 6
2153 11
2154 16
2155 7
2156 29
2157 6
2158 7
2159 12
2160 4
2161 18
2162 16
2163 5
2164 5
2165 2
2166 7
2167 5
2168 26
2169 6
2170 23
2171 19
2172 5
2173 2
2174 6
2175 2
2176 5
2177 6
2178 18
2179 10
2180 16
2181 13
2182 11
2183 27
2184 13
2185 29
2186 6
2187 5
2188 11
2189 5
2190 10
2191 4
2192 12
2193 5
2194 13
2195 7
2196 4
2197 6
2198 5
2199 6
2200 16
2201 5
2202 4
2203 23
2204 7
2205 4
2206 18
2207 10
2208 5
2209 30
2210 6
2211 5
2212 7
2213 2
2214 6
2215 4
2216 16
2217 18
2218 11
2219 6
2220 16
2221 2
2222 8
2223 5
2224 6
2225 23
2226 16
2227 5
2228 4
2229 29
2230 2
2231 5
2232 18
2233 6
2234 2
2235 11
2236 13
2237 16
2238 5
2239 5
2240 5
2241 16
2242 6
2243 5
2244 16
2245 5
2246 11
2247 23
2248 7
2249 16
2250 6
2251 16
2252 16
2253 7
2254 30
2255 2
2256 10
2257 2
2258 7
2259 6
2260 29
2261 4
2262 5
2263 23
2264 6
2265 5
2266 16
2267 9
2268 6
2269 13
2270 5
2271 6
2272 25
2273 12
2274 16
2275 0
2276 6
2277 20
2278 10
2279 6
2280 16
2281 4
2282 23
2283 6
2284 6
2285 13
2286 29
2287 2
2288 16
2289 2
2290 10
2291 6
2292 23
2293 4
2294 5
2295 21
2296 6
2297 24
2298 29
2299 4
2300 14
2301 7
2302 16
2303 16
2304 4
2305 16
2306 19
2307 5
2308 16
2309 6
2310 20
2311 7
2312 18
2313 6
2314 16
2315 9
2316 18
2317 6
2318 5
2319 5
2320 5
2321 5
2322 11
2323 5
2324 4
2325 6
2326 2
2327 2
2328 6
2329 5
2330 6
2331 13
2332 4
2333 23
2334 10
2335 5
2336 8
2337 7
2338 6
2339 6
2340 10
2341 11
2342 4
2343 7
2344 4
2345 29
2346 5
2347 5
2348 11
2349 4
2350 23
2351 21
2352 4
2353 4
2354 30
2355 5
2356 16
2357 4
2358 5
2359 5
2360 4
2361 18
2362 9
2363 5
2364 2
2365 7
2366 17
2367 20
2368 5
2369 6
2370 7
2371 13
2372 15
2373 6
2374 10
2375 18
2376 16
2377 23
2378 10
2379 23
2380 13
2381 16
2382 7
2383 16
2384 3
2385 16
2386 11
2387 5
2388 13
2389 6
2390 5
2391 13
2392 18
2393 16
2394 23
2395 10
2396 5
2397 5
2398 2
2399 7
2400 5
2401 13
2402 2
2403 2
2404 16
2405 23
2406 25
2407 2
2408 5
2409 5
2410 2
2411 19
2412 0
2413 6
2414 5
2415 18
2416 4
2417 21
2418 7
2419 1
2420 5
2421 5
2422 5
2423 24
2424 18
2425 23
2426 2
2427 2
2428 5
2429 2
2430 6
2431 2
2432 30
2433 16
2434 21
2435 16
2436 4
2437 4
2438 6
2439 5
2440 23
2441 6
2442 6
2443 7
2444 2
2445 5
2446 13
2447 6
2448 4
2449 6
2450 5
2451 18
2452 3
2453 6
2454 5
2455 2
2456 5
2457 5
2458 13
2459 6
2460 6
2461 11
2462 13
2463 6
2464 13
2465 2
2466 4
2467 6
2468 24
2469 16
2470 6
2471 13
2472 6
2473 23
2474 6
2475 5
2476 29
2477 6
2478 16
2479 10
2480 16
2481 6
2482 6
2483 5
2484 7
2485 5
2486 2
2487 23
2488 13
2489 4
2490 6
2491 4
2492 4
2493 2
2494 5
2495 6
2496 4
2497 29
2498 4
2499 28
2500 21
2501 4
2502 13
2503 4
2504 4
2505 29
2506 23
2507 5
2508 11
2509 7
2510 2
2511 5
2512 5
2513 5
2514 6
2515 2
2516 23
2517 14
2518 4
2519 10
2520 18
2521 5
2522 11
2523 6
2524 5
2525 6
2526 4
2527 6
2528 16
2529 16
2530 16
2531 5
2532 10
2533 23
2534 13
2535 20
2536 10
2537 5
2538 4
2539 6
2540 30
2541 6
2542 23
2543 11
2544 8
2545 5
2546 4
2547 13
2548 5
2549 23
2550 2
2551 5
2552 18
2553 13
2554 6
2555 16
2556 16
2557 0
2558 8
2559 6
2560 7
2561 6
2562 8
2563 11
2564 13
2565 18
2566 9
2567 6
2568 16
2569 16
2570 13
2571 14
2572 16
2573 6
2574 13
2575 18
2576 2
2577 12
2578 0
2579 6
2580 16
2581 5
2582 2
2583 16
2584 6
2585 29
2586 28
2587 6
2588 2
2589 18
2590 4
2591 2
2592 5
2593 5
2594 2
2595 2
2596 4
2597 29
2598 6
2599 27
2600 2
2601 29
2602 3
2603 11
2604 2
2605 2
2606 7
2607 29
2608 6
2609 6
2610 4
2611 7
2612 30
2613 0
2614 2
2615 5
2616 2
2617 6
2618 6
2619 8
2620 5
2621 2
2622 2
2623 4
2624 16
2625 8
2626 6
2627 11
2628 5
2629 16
2630 16
2631 8
2632 2
2633 3
2634 5
2635 2
2636 5
2637 5
2638 13
2639 15
2640 5
2641 28
2642 2
2643 6
2644 6
2645 16
2646 16
2647 30
2648 4
2649 6
2650 18
2651 6
2652 10
2653 5
2654 7
2655 5
2656 2
2657 5
2658 23
2659 20
2660 6
2661 13
2662 8
2663 13
2664 23
2665 13
2666 2
2667 7
2668 5
2669 5
2670 13
2671 30
2672 5
2673 16
2674 2
2675 5
2676 18
2677 4
2678 2
2679 5
2680 18
2681 26
2682 16
2683 16
2684 5
2685 23
2686 18
2687 5
2688 6
2689 4
2690 2
2691 18
2692 5
2693 5
2694 5
2695 6
2696 5
2697 16
2698 8
2699 16
2700 29
2701 6
2702 4
2703 5
2704 5
2705 4
2706 7
2707 18
2708 13
2709 13
2710 16
2711 6
2712 5
2713 23
2714 4
2715 13
2716 4
2717 19
2718 10
2719 13
2720 18
2721 5
2722 30
2723 4
2724 18
2725 5
2726 6
2727 6
2728 4
2729 6
2730 5
2731 5
2732 6
2733 2
2734 5
2735 2
2736 18
2737 2
2738 5
2739 6
2740 4
2741 18
2742 6
2743 10
2744 23
2745 2
2746 16
2747 2
2748 14
2749 5
2750 4
2751 21
2752 6
2753 2
2754 5
2755 23
2756 16
2757 6
2758 10
2759 18
2760 26
2761 17
2762 8
2763 6
2764 20
2765 6
2766 2
2767 2
2768 5
2769 5
2770 6
2771 13
2772 5
2773 2
2774 21
2775 16
2776 5
2777 6
2778 5
2779 4
2780 4
2781 6
2782 6
2783 16
2784 5
2785 8
2786 2
2787 10
2788 16
2789 6
2790 5
2791 7
2792 10
2793 16
2794 5
2795 5
2796 4
2797 18
2798 18
2799 23
2800 18
2801 18
2802 4
2803 5
2804 5
2805 6
2806 18
2807 16
2808 0
2809 4
2810 7
2811 27
2812 18
2813 5
2814 4
2815 6
2816 18
2817 11
2818 2
2819 6
2820 4
2821 23
2822 13
2823 6
2824 16
2825 18
2826 18
2827 18
2828 5
2829 18
2830 5
2831 5
2832 6
2833 5
2834 6
2835 4
2836 18
2837 23
2838 16
2839 4
2840 5
2841 4
2842 16
2843 0
2844 7
2845 18
2846 16
2847 5
2848 5
2849 7
2850 4
2851 2
2852 2
2853 4
2854 16
2855 2
2856 4
2857 4
2858 6
2859 5
2860 2
2861 16
2862 5
2863 18
2864 4
2865 6
2866 1
2867 10
2868 4
2869 16
2870 29
2871 6
2872 5
2873 5
2874 7
2875 23
2876 7
2877 5
2878 29
2879 13
2880 5
2881 6
2882 27
2883 16
2884 2
2885 16
2886 5
2887 5
2888 6
2889 4
2890 4
2891 4
2892 7
2893 23
2894 23
2895 18
2896 2
2897 13
2898 23
2899 11
2900 2
2901 5
2902 5
2903 4
2904 16
2905 23
2906 17
2907 10
2908 18
2909 16
2910 0
2911 18
2912 8
2913 5
2914 6
2915 6
2916 5
2917 4
2918 6
2919 16
2920 6
2921 5
2922 16
2923 6
2924 24
2925 6
2926 16
2927 16
2928 7
2929 4
2930 23
2931 8
2932 2
2933 5
2934 5
2935 4
2936 4
2937 4
2938 4
2939 11
2940 16
2941 16
2942 5
2943 8
2944 5
2945 2
2946 4
2947 5
2948 16
2949 6
2950 18
2951 6
2952 30
2953 2
2954 5
2955 16
2956 6
2957 7
2958 2
2959 16
2960 11
2961 8
2962 4
2963 6
2964 4
2965 6
2966 5
2967 7
2968 4
2969 5
2970 5
2971 5
2972 13
2973 4
2974 2
2975 26
2976 29
2977 4
2978 18
2979 29
2980 7
2981 7
2982 13
2983 4
2984 2
2985 2
2986 5
2987 3
2988 2
2989 4
2990 6
2991 4
2992 4
2993 7
2994 10
2995 27
2996 6
2997 21
2998 6
2999 6
3000 4
3001 6
3002 7
3003 21
3004 5
3005 13
3006 5
3007 4
3008 2
3009 9
3010 13
3011 4
3012 2
3013 6
3014 18
3015 5
3016 13
3017 16
3018 5
3019 16
3020 2
3021 2
3022 16
3023 13
3024 8
3025 19
3026 14
3027 3
3028 4
3029 13
3030 4
3031 11
3032 10
3033 5
3034 4
3035 5
3036 9
3037 10
3038 16
3039 7
3040 7
3041 28
3042 6
3043 16
3044 4
3045 16
3046 6
3047 14
3048 11
3049 21
3050 5
3051 11
3052 16
3053 5
3054 13
3055 6
3056 21
3057 2
3058 6
3059 6
3060 6
3061 5
3062 30
3063 5
3064 11
3065 4
3066 14
3067 2
3068 5
3069 12
3070 5
3071 5
3072 16
3073 5
3074 4
3075 2
3076 5
3077 16
3078 7
3079 11
3080 2
3081 18
3082 18
3083 27
3084 13
3085 16
3086 5
3087 5
3088 18
3089 23
3090 14
3091 13
3092 2
3093 6
3094 18
3095 16
3096 5
3097 8
3098 6
3099 18
3100 5
3101 18
3102 0
3103 0
3104 6
3105 6
3106 23
3107 6
3108 14
3109 23
3110 5
3111 2
3112 24
3113 4
3114 16
3115 2
3116 23
3117 8
3118 6
3119 5
3120 4
3121 4
3122 10
3123 5
3124 23
3125 18
3126 7
3127 4
3128 4
3129 10
3130 11
3131 1
3132 6
3133 11
3134 4
3135 4
3136 2
3137 4
3138 14
3139 18
3140 9
3141 16
3142 27
3143 13
3144 16
3145 6
3146 5
3147 6
3148 7
3149 16
3150 23
3151 8
3152 23
3153 18
3154 6
3155 6
3156 16
3157 2
3158 5
3159 11
3160 5
3161 4
3162 2
3163 2
3164 6
3165 23
3166 6
3167 23
3168 5
3169 7
3170 13
3171 2
3172 5
3173 16
3174 5
3175 16
3176 5
3177 2
3178 4
3179 18
3180 5
3181 16
3182 6
3183 18
3184 18
3185 2
3186 18
3187 2
3188 5
3189 4
3190 18
3191 4
3192 5
3193 13
3194 11
3195 13
3196 5
3197 6
3198 6
3199 2
3200 13
3201 6
3202 4
3203 4
3204 5
3205 12
3206 5
3207 7
3208 4
3209 18
3210 5
3211 24
3212 11
3213 5
3214 3
3215 4
3216 11
3217 4
3218 13
3219 4
3220 18
3221 2
3222 5
3223 18
3224 23
3225 5
3226 3
3227 16
3228 25
3229 18
3230 5
3231 6
3232 6
3233 23
3234 4
3235 13
3236 6
3237 5
3238 4
3239 5
3240 6
3241 6
3242 11
3243 16
3244 25
3245 2
3246 6
3247 29
3248 7
3249 10
3250 7
3251 16
3252 18
3253 7
3254 4
3255 5
3256 16
3257 13
3258 4
3259 5
3260 8
3261 6
3262 13
3263 6
3264 21
3265 4
3266 5
3267 6
3268 5
3269 5
3270 6
3271 18
3272 6
3273 7
3274 5
3275 20
3276 5
3277 6
3278 4
3279 13
3280 2
3281 6
3282 4
3283 5
3284 4
3285 6
3286 5
3287 6
3288 16
3289 5
3290 6
3291 6
3292 18
3293 6
3294 7
3295 2
3296 18
3297 4
3298 6
3299 14
3300 18
3301 18
3302 12
3303 6
3304 21
3305 5
3306 5
3307 2
3308 5
3309 28
3310 6
3311 16
3312 16
3313 7
3314 4
3315 6
3316 30
3317 3
3318 5
3319 27
3320 0
3321 8
3322 13
3323 7
3324 4
3325 10
3326 16
3327 29
3328 4
3329 2
3330 18
3331 7
3332 14
3333 6
3334 9
3335 16
3336 24
3337 6
3338 23
3339 4
3340 20
3341 5
3342 7
3343 2
3344 6
3345 4
3346 6
3347 2
3348 6
3349 9
3350 6
3351 4
3352 5
3353 18
3354 29
3355 8
3356 4
3357 16
3358 5
3359 6
3360 5
3361 12
3362 6
3363 8
3364 8
3365 8
3366 12
3367 13
3368 6
3369 5
3370 5
3371 24
3372 2
3373 26
3374 18
3375 16
3376 8
3377 3
3378 16
3379 13
3380 5
3381 6
3382 23
3383 7
3384 17
3385 5
3386 18
3387 5
3388 22
3389 30
3390 21
3391 13
3392 29
3393 14
3394 6
3395 8
3396 6
3397 7
3398 19
3399 4
3400 6
3401 18
3402 4
3403 16
3404 16
3405 5
3406 5
3407 5
3408 15
3409 5
3410 9
3411 29
3412 5
3413 16
3414 21
3415 4
3416 13
3417 16
3418 18
3419 4
3420 6
3421 6
3422 2
3423 7
3424 17
3425 6
3426 5
3427 2
3428 16
3429 30
3430 21
3431 4
3432 2
3433 5
3434 0
3435 5
3436 6
3437 6
3438 2
3439 4
3440 10
3441 13
3442 5
3443 24
3444 23
3445 10
3446 18
3447 21
3448 7
3449 18
3450 6
3451 26
3452 5
3453 2
3454 19
3455 6
3456 2
3457 2
3458 23
3459 25
3460 8
3461 4
3462 4
3463 2
3464 13
3465 4
3466 6
3467 5
3468 8
3469 6
3470 4
3471 16
3472 16
3473 4
3474 7
3475 5
3476 23
3477 8
3478 23
3479 5
3480 29
3481 25
3482 5
3483 1
3484 5
3485 13
3486 30
3487 6
3488 5
3489 30
3490 23
3491 5
3492 5
3493 5
3494 10
3495 18
3496 2
3497 2
3498 13
3499 7
3500 2
3501 4
3502 16
3503 11
3504 8
3505 18
3506 0
3507 6
3508 7
3509 5
3510 6
3511 23
3512 13
3513 2
3514 4
3515 8
3516 13
3517 6
3518 5
3519 8
3520 4
3521 18
3522 4
3523 4
3524 20
3525 6
3526 13
3527 20
3528 6
3529 4
3530 2
3531 7
3532 13
3533 3
3534 23
3535 2
3536 21
3537 6
3538 29
3539 11
3540 4
3541 2
3542 5
3543 11
3544 24
3545 29
3546 15
3547 5
3548 16
3549 6
3550 4
3551 4
3552 4
3553 5
3554 9
3555 0
3556 23
3557 6
3558 4
3559 23
3560 4
3561 5
3562 6
3563 6
3564 4
3565 4
3566 18
3567 6
3568 23
3569 6
3570 4
3571 16
3572 18
3573 16
3574 2
3575 14
3576 2
3577 4
3578 18
3579 7
3580 7
3581 16
3582 4
3583 14
3584 18
3585 16
3586 6
3587 5
3588 18
3589 0
3590 24
3591 14
3592 25
3593 5
3594 2
3595 24
3596 11
3597 2
3598 10
3599 6
3600 20
3601 5
3602 8
3603 11
3604 7
3605 4
3606 2
3607 16
3608 8
3609 7
3610 11
3611 13
3612 7
3613 0
3614 11
3615 6
3616 12
3617 16
3618 7
3619 16
3620 2
3621 2
3622 0
3623 5
3624 5
3625 6
3626 13
3627 16
3628 5
3629 7
3630 7
3631 5
3632 2
3633 16
3634 4
3635 2
3636 5
3637 23
3638 5
3639 6
3640 8
3641 4
3642 5
3643 14
3644 18
3645 16
3646 6
3647 23
3648 18
3649 13
3650 7
3651 16
3652 27
3653 7
3654 4
3655 7
3656 5
3657 5
3658 5
3659 4
3660 2
3661 4
3662 19
3663 2
3664 16
3665 30
3666 23
3667 8
3668 6
3669 0
3670 7
3671 16
3672 13
3673 11
3674 27
3675 7
3676 5
3677 2
3678 2
3679 30
3680 4
3681 16
3682 11
3683 6
3684 6
3685 5
3686 7
3687 6
3688 13
3689 2
3690 13
3691 4
3692 16
3693 8
3694 16
3695 4
3696 5
3697 2
3698 6
3699 6
3700 22
3701 4
3702 5
3703 16
3704 5
3705 4
3706 18
3707 16
3708 18
3709 21
3710 20
3711 2
3712 13
3713 29
3714 13
3715 6
3716 14
3717 4
3718 5
3719 18
3720 16
3721 5
3722 13
3723 23
3724 16
3725 23
3726 16
3727 21
3728 2
3729 5
3730 8
3731 5
3732 4
3733 7
3734 30
3735 4
3736 5
3737 18
3738 13
3739 2
3740 6
3741 5
3742 5
3743 6
3744 10
3745 4
3746 29
3747 2
3748 5
3749 5
3750 10
3751 5
3752 5
3753 6
3754 16
3755 5
3756 13
3757 23
3758 6
3759 5
3760 4
3761 24
3762 16
3763 6
3764 23
3765 3
3766 8
3767 5
3768 4
3769 2
3770 4
3771 6
3772 13
3773 7
3774 2
3775 5
3776 16
3777 2
3778 2
3779 4
3780 18
3781 4
3782 5
3783 18
3784 6
3785 6
3786 16
3787 18
3788 5
3789 4
3790 4
3791 16
3792 0
3793 8
3794 5
3795 29
3796 2
3797 2
3798 16
3799 5
3800 4
3801 2
3802 4
3803 22
3804 2
3805 5
3806 21
3807 23
3808 16
3809 3
3810 5
3811 16
3812 6
3813 13
3814 6
3815 13
3816 16
3817 5
3818 5
3819 13
3820 7
3821 2
3822 5
3823 6
3824 10
3825 7
3826 5
3827 20
3828 16
3829 18
3830 18
3831 7
3832 5
3833 30
3834 11
3835 13
3836 16
3837 13
3838 6
3839 23
3840 23
3841 13
3842 4
3843 4
3844 1
3845 2
3846 4
3847 4
3848 16
3849 29
3850 18
3851 6
3852 6
3853 7
3854 2
3855 12
3856 4
3857 2
3858 18
3859 30
3860 7
3861 18
3862 11
3863 20
3864 16
3865 16
3866 6
3867 10
3868 29
3869 4
3870 16
3871 16
3872 5
3873 6
3874 16
3875 4
3876 6
3877 5
3878 23
3879 10
3880 6
3881 6
3882 4
3883 14
3884 20
3885 18
3886 5
3887 6
3888 4
3889 30
3890 2
3891 6
3892 7
3893 2
3894 13
3895 5
3896 6
3897 13
3898 29
3899 13
3900 2
3901 13
3902 5
3903 7
3904 7
3905 13
3906 6
3907 23
3908 16
3909 30
3910 18
3911 18
3912 2
3913 13
3914 18
3915 4
3916 23
3917 5
3918 5
3919 2
3920 11
3921 5
3922 10
3923 18
3924 26
3925 14
3926 18
3927 4
3928 2
3929 16
3930 20
3931 13
3932 18
3933 26
3934 5
3935 3
3936 4
3937 5
3938 18
3939 30
3940 7
3941 5
3942 18
3943 30
3944 23
3945 16
3946 10
3947 2
3948 2
3949 4
3950 6
3951 4
3952 16
3953 16
3954 5
3955 30
3956 5
3957 30
3958 2
3959 6
3960 5
3961 29
3962 23
3963 28
3964 6
3965 2
3966 5
3967 10
3968 17
3969 2
3970 2
3971 5
3972 13
3973 4
3974 16
3975 23
3976 5
3977 6
3978 18
3979 5
3980 2
3981 16
3982 2
3983 5
3984 4
3985 13
3986 4
3987 5
3988 13
3989 7
3990 6
3991 6
3992 4
3993 6
3994 6
3995 18
3996 5
3997 13
3998 11
3999 5
4000 16
4001 18
4002 4
4003 6
4004 6
4005 4
4006 6
4007 16
4008 2
4009 18
4010 2
4011 5
4012 4
4013 5
4014 6
4015 5
4016 16
4017 16
4018 16
4019 21
4020 4
4021 20
4022 6
4023 5
4024 16
4025 20
4026 6
4027 5
4028 6
4029 10
4030 2
4031 5
4032 4
4033 16
4034 6
4035 13
4036 16
4037 18
4038 5
4039 4
4040 16
4041 5
4042 5
4043 5
4044 16
4045 6
4046 8
4047 6
4048 5
4049 5
4050 5
4051 5
4052 23
4053 6
4054 23
4055 5
4056 5
4057 6
4058 6
4059 16
4060 2
4061 11
4062 23
4063 4
4064 4
4065 16
4066 6
4067 15
4068 7
4069 2
4070 7
4071 2
4072 2
4073 4
4074 4
4075 2
4076 13
4077 16
4078 27
4079 9
4080 5
4081 3
4082 10
4083 5
4084 5
4085 4
4086 2
4087 4
4088 2
4089 8
4090 24
4091 13
4092 5
4093 2
4094 23
4095 19
4096 23
4097 23
4098 4
4099 5
4100 5
4101 16
4102 6
4103 5
4104 20
4105 4
4106 29
4107 4
4108 3
4109 16
4110 5
4111 0
4112 5
4113 24
4114 8
4115 5
4116 25
4117 2
4118 5
4119 2
4120 18
4121 5
4122 21
4123 24
4124 4
4125 16
4126 2
4127 16
4128 6
4129 20
4130 4
4131 11
4132 6
4133 5
4134 18
4135 8
4136 2
4137 2
4138 4
4139 6
4140 21
4141 8
4142 26
4143 7
4144 6
4145 21
4146 5
4147 6
4148 24
4149 30
4150 16
4151 23
4152 6
4153 16
4154 26
4155 4
4156 8
4157 21
4158 5
4159 5
4160 8
4161 6
4162 14
4163 16
4164 4
4165 13
4166 4
4167 8
4168 22
4169 6
4170 19
4171 13
4172 14
4173 5
4174 16
4175 5
4176 22
4177 23
4178 2
4179 12
4180 5
4181 14
4182 2
4183 5
4184 19
4185 4
4186 6
4187 16
4188 23
4189 2
4190 6
4191 11
4192 21
4193 2
4194 2
4195 6
4196 6
4197 6
4198 27
4199 6
4200 25
4201 6
4202 16
4203 16
4204 6
4205 13
4206 1
4207 4
4208 4
4209 3
4210 0
4211 11
4212 4
4213 13
4214 2
4215 24
4216 8
4217 6
4218 10
4219 3
4220 5
4221 7
4222 13
4223 18
4224 13
4225 5
4226 10
4227 11
4228 4
4229 14
4230 6
4231 4
4232 29
4233 23
4234 16
4235 30
4236 2
4237 2
4238 7
4239 16
4240 29
4241 1
4242 11
4243 17
4244 8
4245 23
4246 30
4247 4
4248 13
4249 4
4250 6
4251 5
4252 13
4253 18
4254 13
4255 5
4256 6
4257 21
4258 18
4259 5
4260 4
4261 6
4262 1
4263 15
4264 7
4265 5
4266 2
4267 16
4268 4
4269 5
4270 1
4271 14
4272 6
4273 16
4274 6
4275 7
4276 11
4277 3
4278 16
4279 16
4280 8
4281 20
4282 15
4283 3
4284 13
4285 18
4286 13
4287 2
4288 8
4289 28
4290 6
4291 8
4292 11
4293 5
4294 11
4295 18
4296 8
4297 4
4298 5
4299 7
4300 14
4301 13
4302 6
4303 2
4304 18
4305 18
4306 6
4307 6
4308 6
4309 10
4310 2
4311 4
4312 10
4313 5
4314 5
4315 18
4316 14
4317 2
4318 2
4319 9
4320 5
4321 3
4322 8
4323 20
4324 2
4325 6
4326 13
4327 10
4328 7
4329 4
4330 2
4331 4
4332 24
4333 5
4334 8
4335 13
4336 7
4337 13
4338 5
4339 13
4340 2
4341 5
4342 2
4343 2
4344 7
4345 23
4346 14
4347 0
4348 2
4349 29
4350 18
4351 6
4352 11
4353 5
4354 5
4355 27
4356 11
4357 1
4358 6
4359 14
4360 18
4361 4
4362 12
4363 5
4364 16
4365 16
4366 2
4367 6
4368 18
4369 7
4370 2
4371 11
4372 5
4373 5
4374 6
4375 2
4376 7
4377 16
4378 7
4379 5
4380 23
4381 13
4382 6
4383 6
4384 5
4385 4
4386 7
4387 10
4388 13
4389 7
4390 4
4391 23
4392 4
4393 6
4394 14
4395 18
4396 5
4397 4
4398 13
4399 16
4400 23
4401 2
4402 8
4403 6
4404 4
4405 4
4406 16
4407 2
4408 6
4409 18
4410 7
4411 4
4412 5
4413 25
4414 5
4415 6
4416 11
4417 7
4418 5
4419 5
4420 6
4421 6
4422 4
4423 2
4424 2
4425 23
4426 2
4427 6
4428 13
4429 6
4430 15
4431 16
4432 16
4433 24
4434 4
4435 30
4436 23
4437 5
4438 7
4439 8
4440 18
4441 9
4442 23
4443 2
4444 30
4445 6
4446 2
4447 2
4448 27
4449 5
4450 7
4451 6
4452 2
4453 23
4454 7
4455 6
4456 5
4457 16
4458 5
4459 6
4460 10
4461 23
4462 5
4463 7
4464 4
4465 6
4466 11
4467 8
4468 5
4469 21
4470 11
4471 13
4472 5
4473 5
4474 6
4475 13
4476 5
4477 4
4478 13
4479 28
4480 0
4481 0
4482 0
4483 5
4484 10
4485 16
4486 2
4487 2
4488 8
4489 24
4490 16
4491 13
4492 6
4493 16
4494 6
4495 16
4496 6
4497 6
4498 5
4499 7
4500 4
4501 18
4502 4
4503 18
4504 18
4505 2
4506 4
4507 7
4508 1
4509 5
4510 6
4511 5
4512 26
4513 18
4514 18
4515 5
4516 18
4517 6
4518 6
4519 3
4520 20
4521 10
4522 4
4523 12
4524 18
4525 13
4526 11
4527 5
4528 5
4529 8
4530 6
4531 23
4532 2
4533 23
4534 16
4535 13
4536 7
4537 10
4538 30
4539 18
4540 5
4541 5
4542 5
4543 23
4544 13
4545 2
4546 23
4547 4
4548 8
4549 5
4550 18
4551 16
4552 7
4553 2
4554 5
4555 18
4556 8
4557 16
4558 4
4559 4
4560 13
4561 5
4562 5
4563 6
4564 6
4565 14
4566 5
4567 13
4568 29
4569 24
4570 6
4571 2
4572 5
4573 16
4574 18
4575 6
4576 27
4577 16
4578 5
4579 6
4580 16
4581 21
4582 13
4583 11
4584 6
4585 4
4586 16
4587 18
4588 5
4589 23
4590 18
4591 7
4592 4
4593 6
4594 6
4595 6
4596 18
4597 16
4598 6
4599 9
4600 5
4601 2
4602 5
4603 6
4604 6
4605 6
4606 12
4607 18
4608 2
4609 6
4610 7
4611 12
4612 5
4613 13
4614 2
4615 2
4616 5
4617 5
4618 18
4619 13
4620 4
4621 5
4622 27
4623 5
4624 8
4625 13
4626 20
4627 5
4628 24
4629 4
4630 6
4631 7
4632 13
4633 30
4634 6
4635 4
4636 5
4637 18
4638 17
4639 23
4640 5
4641 7
4642 6
4643 26
4644 6
4645 18
4646 6
4647 18
4648 6
4649 4
4650 18
4651 4
4652 11
4653 5
4654 11
4655 24
4656 6
4657 6
4658 18
4659 23
4660 7
4661 5
4662 5
4663 6
4664 6
4665 16
4666 16
4667 5
4668 23
4669 13
4670 8
4671 26
4672 5
4673 6
4674 6
4675 23
4676 27
4677 16
4678 6
4679 5
4680 16
4681 23
4682 4
4683 5
4684 2
4685 13
4686 16
4687 23
4688 6
4689 16
4690 4
4691 21
4692 6
4693 5
4694 18
4695 5
4696 5
4697 6
4698 1
4699 5
4700 24
4701 13
4702 13
4703 6
4704 7
4705 23
4706 4
4707 5
4708 6
4709 4
4710 6
4711 13
4712 4
4713 9
4714 5
4715 6
4716 13
4717 5
4718 29
4719 11
4720 6
4721 20
4722 16
4723 6
4724 13
4725 7
4726 2
4727 16
4728 4
4729 6
4730 1
4731 16
4732 16
4733 5
4734 2
4735 5
4736 13
4737 23
4738 5
4739 7
4740 21
4741 16
4742 4
4743 14
4744 5
4745 4
4746 5
4747 19
4748 2
4749 2
4750 4
4751 2
4752 6
4753 7
4754 29
4755 5
4756 7
4757 30
4758 16
4759 16
4760 7
4761 11
4762 6
4763 13
4764 12
4765 23
4766 5
4767 16
4768 5
4769 16
4770 7
4771 8
4772 5
4773 7
4774 6
4775 16
4776 13
4777 5
4778 23
4779 16
4780 14
4781 5
4782 5
4783 6
4784 6
4785 2
4786 16
4787 21
4788 23
4789 5
4790 5
4791 16
4792 19
4793 11
4794 5
4795 6
4796 2
4797 6
4798 13
4799 4
4800 14
4801 5
4802 5
4803 6
4804 16
4805 28
4806 5
4807 6
4808 12
4809 16
4810 7
4811 6
4812 16
4813 5
4814 18
4815 5
4816 11
4817 7
4818 5
4819 8
4820 10
4821 18
4822 6
4823 6
4824 5
4825 13
4826 6
4827 13
4828 2
4829 6
4830 0
4831 29
4832 4
4833 16
4834 6
4835 18
4836 4
4837 26
4838 4
4839 2
4840 13
4841 14
4842 29
4843 20
4844 4
4845 5
4846 18
4847 4
4848 28
4849 6
4850 5
4851 2
4852 6
4853 6
4854 19
4855 5
4856 30
4857 11
4858 18
4859 30
4860 24
4861 3
4862 5
4863 5
4864 23
4865 23
4866 8
4867 6
4868 4
4869 30
4870 2
4871 18
4872 16
4873 23
4874 4
4875 10
4876 16
4877 6
4878 18
4879 2
4880 4
4881 20
4882 5
4883 18
4884 16
4885 6
4886 18
4887 23
4888 18
4889 5
4890 7
4891 4
4892 16
4893 5
4894 16
4895 4
4896 4
4897 5
4898 2
4899 16
4900 2
4901 6
4902 2
4903 6
4904 4
4905 4
4906 5
4907 6
4908 6
4909 6
4910 5
4911 13
4912 29
4913 4
4914 4
4915 8
4916 4
4917 5
4918 5
4919 29
4920 5
4921 5
4922 30
4923 18
4924 2
4925 18
4926 21
4927 18
4928 4
4929 5
4930 2
4931 13
4932 18
4933 7
4934 5
4935 16
4936 6
4937 5
4938 4
4939 7
4940 2
4941 4
4942 4
4943 17
4944 30
4945 2
4946 6
4947 22
4948 4
4949 16
4950 15
4951 3
4952 5
4953 5
4954 21
4955 13
4956 6
4957 6
4958 7
4959 11
4960 4
4961 6
4962 10
4963 16
4964 16
4965 6
4966 7
4967 5
4968 5
4969 4
4970 7
4971 16
4972 12
4973 16
4974 4
4975 16
4976 4
4977 2
4978 6
4979 6
4980 5
4981 13
4982 6
4983 6
4984 2
4985 2
4986 2
4987 6
4988 6
4989 16
4990 23
4991 5
4992 4
4993 30
4994 16
4995 2
4996 4
4997 18
4998 2
4999 6
5000 5
5001 5
5002 2
5003 4
5004 6
5005 4
5006 2
5007 5
5008 5
5009 16
5010 16
5011 18
5012 6
5013 4
5014 6
5015 2
5016 6
5017 9
5018 6
5019 8
5020 6
5021 30
5022 5
5023 8
5024 13
5025 26
5026 6
5027 5
5028 10
5029 6
5030 2
5031 6
5032 5
5033 6
5034 18
5035 18
5036 5
5037 4
5038 4
5039 6
5040 5
5041 2
5042 2
5043 13
5044 13
5045 2
5046 18
5047 11
5048 13
5049 5
5050 4
5051 12
5052 16
5053 6
5054 11
5055 5
5056 18
5057 6
5058 11
5059 5
5060 2
5061 30
5062 10
5063 20
5064 16
5065 16
5066 5
5067 8
5068 5
5069 6
5070 2
5071 5
5072 4
5073 6
5074 29
5075 6
5076 13
5077 5
5078 6
5079 25
5080 20
5081 6
5082 6
5083 5
5084 5
5085 6
5086 5
5087 4
5088 6
5089 5
5090 16
5091 18
5092 4
5093 2
5094 5
5095 5
5096 13
5097 6
5098 13
5099 16
5100 2
5101 5
5102 4
5103 13
5104 2
5105 5
5106 4
5107 5
5108 6
5109 6
5110 18
5111 6
5112 4
5113 6
5114 16
5115 13
5116 20
5117 7
5118 2
5119 4
5120 12
5121 4
5122 20
5123 9
5124 30
5125 30
5126 7
5127 5
5128 16
5129 6
5130 10
5131 16
5132 16
5133 2
5134 23
5135 10
5136 5
5137 6
5138 2
5139 13
5140 23
5141 13
5142 18
5143 7
5144 4
5145 10
5146 17
5147 17
5148 30
5149 5
5150 5
5151 6
5152 2
5153 5
5154 6
5155 5
5156 5
5157 13
5158 16
5159 10
5160 23
5161 4
5162 6
5163 4
5164 19
5165 29
5166 6
5167 28
5168 6
5169 23
5170 6
5171 11
5172 5
5173 16
5174 5
5175 4
5176 5
5177 4
5178 2
5179 5
5180 5
5181 6
5182 18
5183 2
5184 11
5185 7
5186 4
5187 23
5188 18
5189 23
5190 16
5191 4
5192 15
5193 11
5194 5
5195 13
5196 21
5197 23
5198 6
5199 8
5200 2
5201 18
5202 0
5203 6
5204 24
5205 4
5206 4
5207 14
5208 20
5209 6
5210 5
5211 18
5212 18
5213 27
5214 5
5215 21
5216 5
5217 2
5218 4
5219 16
5220 6
5221 18
5222 21
5223 11
5224 5
5225 13
5226 16
5227 16
5228 2
5229 7
5230 2
5231 13
5232 6
5233 2
5234 0
5235 24
5236 6
5237 4
5238 2
5239 5
5240 4
5241 4
5242 16
5243 6
5244 18
5245 7
5246 16
5247 5
5248 4
5249 13
5250 4
5251 16
5252 23
5253 21
5254 8
5255 28
5256 6
5257 4
5258 2
5259 4
5260 5
5261 18
5262 6
5263 16
5264 8
5265 0
5266 8
5267 11
5268 18
5269 10
5270 4
5271 21
5272 11
5273 1
5274 18
5275 5
5276 5
5277 17
5278 5
5279 7
5280 4
5281 6
5282 16
5283 27
5284 6
5285 6
5286 7
5287 22
5288 16
5289 0
5290 8
5291 7
5292 21
5293 7
5294 13
5295 10
5296 6
5297 16
5298 15
5299 2
5300 13
5301 13
5302 23
5303 16
5304 4
5305 16
5306 5
5307 10
5308 6
5309 5
5310 13
5311 16
5312 6
5313 0
5314 20
5315 7
5316 6
5317 16
5318 23
5319 5
5320 5
5321 7
5322 5
5323 6
5324 18
5325 4
5326 2
5327 16
5328 11
5329 6
5330 23
5331 19
5332 10
5333 6
5334 4
5335 20
5336 4
5337 16
5338 4
5339 6
5340 16
5341 25
5342 13
5343 13
5344 4
5345 13
5346 12
5347 2
5348 16
5349 23
5350 16
5351 18
5352 4
5353 4
5354 7
5355 6
5356 16
5357 5
5358 2
5359 19
5360 18
5361 5
5362 29
5363 23
5364 27
5365 5
5366 4
5367 16
5368 22
5369 4
5370 20
5371 6
5372 5
5373 6
5374 7
5375 2
5376 5
5377 7
5378 6
5379 5
5380 2
5381 4
5382 4
5383 11
5384 4
5385 5
5386 6
5387 6
5388 2
5389 23
5390 2
5391 4
5392 5
5393 8
5394 7
5395 16
5396 16
5397 4
5398 5
5399 20
5400 4
5401 20
5402 6
5403 8
5404 5
5405 5
5406 13
5407 5
5408 23
5409 2
5410 18
5411 4
5412 2
5413 4
5414 2
5415 6
5416 13
5417 2
5418 20
5419 11
5420 14
5421 14
5422 6
5423 27
5424 4
5425 13
5426 6
5427 19
5428 5
5429 5
5430 6
5431 2
5432 18
5433 5
5434 8
5435 5
5436 5
5437 6
5438 5
5439 6
5440 5
5441 29
5442 18
5443 18
5444 4
5445 6
5446 6
5447 7
5448 6
5449 6
5450 19
5451 4
5452 13
5453 23
5454 6
5455 10
5456 13
5457 7
5458 13
5459 5
5460 5
5461 6
5462 5
5463 11
5464 13
5465 12
5466 7
5467 8
5468 5
5469 5
5470 4
5471 5
5472 5
5473 5
5474 5
5475 5
5476 30
5477 11
5478 5
5479 23
5480 18
5481 6
5482 5
5483 5
5484 13
5485 18
5486 7
5487 24
5488 5
5489 11
5490 2
5491 18
5492 24
5493 26
5494 18
5495 16
5496 4
5497 4
5498 16
5499 3
5500 0
5501 17
5502 2
5503 2
5504 11
5505 10
5506 2
5507 1
5508 7
5509 2
5510 5
5511 13
5512 5
5513 6
5514 16
5515 6
5516 11
5517 5
5518 2
5519 16
5520 16
5521 2
5522 13
5523 2
5524 5
5525 16
5526 13
5527 4
5528 26
5529 18
5530 2
5531 0
5532 8
5533 6
5534 2
5535 4
5536 4
5537 27
5538 14
5539 6
5540 5
5541 18
5542 5
5543 5
5544 6
5545 4
5546 10
5547 29
5548 5
5549 16
5550 6
5551 18
5552 22
5553 23
5554 5
5555 5
5556 16
5557 2
5558 7
5559 5
5560 2
5561 16
5562 23
5563 4
5564 2
5565 7
5566 6
5567 23
5568 2
5569 6
5570 21
5571 7
5572 6
5573 6
5574 2
5575 15
5576 2
5577 2
5578 24
5579 2
5580 3
5581 6
5582 13
5583 3
5584 2
5585 10
5586 18
5587 2
5588 8
5589 14
5590 23
5591 7
5592 8
5593 5
5594 5
5595 21
5596 13
5597 24
5598 24
5599 4
5600 29
5601 6
5602 6
5603 23
5604 19
5605 2
5606 5
5607 2
5608 16
5609 29
5610 13
5611 23
5612 2
5613 5
5614 13
5615 16
5616 16
5617 16
5618 5
5619 4
5620 6
5621 16
5622 8
5623 4
5624 2
5625 18
5626 23
5627 16
5628 29
5629 2
5630 16
5631 16
5632 6
5633 21
5634 13
5635 16
5636 16
5637 14
5638 11
5639 27
5640 23
5641 23
5642 4
5643 4
5644 16
5645 4
5646 16
5647 6
5648 8
5649 10
5650 11
5651 5
5652 1
5653 6
5654 2
5655 1
5656 5
5657 5
5658 4
5659 5
5660 10
5661 29
5662 5
5663 16
5664 4
5665 5
5666 6
5667 23
5668 2
5669 5
5670 9
5671 18
5672 0
5673 2
5674 13
5675 4
5676 4
5677 2
5678 6
5679 2
5680 11
5681 20
5682 24
5683 10
5684 5
5685 5
5686 4
5687 23
5688 2
5689 2
5690 6
5691 5
5692 29
5693 2
5694 6
5695 2
5696 2
5697 6
5698 5
5699 23
5700 4
5701 20
5702 5
5703 6
5704 5
5705 20
5706 18
5707 8
5708 4
5709 5
5710 6
5711 4
5712 8
5713 4
5714 5
5715 6
5716 23
5717 16
5718 5
5719 16
5720 23
5721 10
5722 14
5723 11
5724 16
5725 11
5726 8
5727 8
5728 13
5729 28
5730 5
5731 5
5732 6
5733 5
5734 5
5735 25
5736 5
5737 14
5738 6
5739 13
5740 18
5741 13
5742 2
5743 4
5744 13
5745 18
5746 3
5747 5
5748 7
5749 6
5750 5
5751 16
5752 2
5753 13
5754 5
5755 6
5756 16
5757 4
5758 29
5759 2
5760 29
5761 8
5762 5
5763 16
5764 10
5765 6
5766 8
5767 5
5768 5
5769 13
5770 14
5771 9
5772 4
5773 5
5774 1
5775 5
5776 2
5777 16
5778 6
5779 2
5780 7
5781 6
5782 30
5783 5
5784 7
5785 16
5786 5
5787 11
5788 13
5789 7
5790 6
5791 18
5792 4
5793 11
5794 5
5795 7
5796 13
5797 6
5798 6
5799 6
5800 30
5801 5
5802 23
5803 6
5804 23
5805 5
5806 6
5807 29
5808 2
5809 6
5810 6
5811 27
5812 4
5813 4
5814 6
5815 17
5816 13
5817 5
5818 2
5819 6
5820 5
5821 30
5822 6
5823 9
5824 16
5825 4
5826 5
5827 8
5828 4
5829 18
5830 6
5831 16
5832 18
5833 4
5834 7
5835 16
5836 5
5837 5
5838 4
5839 6
5840 6
5841 8
5842 1
5843 30
5844 5
5845 16
5846 2
5847 5
5848 16
5849 16
5850 2
5851 8
5852 16
5853 11
5854 23
5855 4
5856 3
5857 6
5858 18
5859 29
5860 13
5861 5
5862 4
5863 16
5864 18
5865 6
5866 4
5867 7
5868 4
5869 5
5870 6
5871 6
5872 5
5873 8
5874 6
5875 2
5876 18
5877 18
5878 6
5879 3
5880 2
5881 9
5882 10
5883 6
5884 18
5885 6
5886 5
5887 5
5888 7
5889 6
5890 16
5891 2
5892 16
5893 7
5894 29
5895 18
5896 16
5897 30
5898 18
5899 5
5900 4
5901 5
5902 8
5903 6
5904 23
5905 6
5906 4
5907 5
5908 18
5909 2
5910 6
5911 5
5912 5
5913 13
5914 21
5915 8
5916 5
5917 24
5918 5
5919 5
5920 2
5921 6
5922 6
5923 18
5924 23
5925 18
5926 11
5927 18
5928 7
5929 20
5930 6
5931 8
5932 13
5933 18
5934 5
5935 18
5936 5
5937 16
5938 4
5939 2
5940 4
5941 21
5942 1
5943 5
5944 2
5945 13
5946 17
5947 18
5948 6
5949 23
5950 21
5951 26
5952 6
5953 6
5954 1
5955 6
5956 6
5957 13
5958 4
5959 21
5960 6
5961 18
5962 11
5963 8
5964 2
5965 2
5966 12
5967 6
5968 6
5969 13
5970 5
5971 18
5972 16
5973 16
5974 30
5975 5
5976 5
5977 16
5978 16
5979 4
5980 23
5981 13
5982 7
5983 10
5984 8
5985 2
5986 16
5987 5
5988 18
5989 18
5990 6
5991 6
5992 5
5993 24
5994 2
5995 5
5996 5
5997 5
5998 11
5999 16
6000 5
6001 4
6002 13
6003 2
6004 18
6005 6
6006 6
6007 16
6008 16
6009 26
6010 5
6011 2
6012 16
6013 2
6014 5
6015 4
6016 5
6017 5
6018 3
6019 5
6020 6
6021 13
6022 4
6023 2
6024 4
6025 2
6026 6
6027 5
6028 16
6029 16
6030 4
6031 6
6032 6
6033 1
6034 13
6035 6
6036 23
6037 18
6038 21
6039 18
6040 6
6041 18
6042 11
6043 18
6044 14
6045 18
6046 18
6047 4
6048 20
6049 29
6050 16
6051 5
6052 6
6053 2
6054 6
6055 7
6056 23
6057 6
6058 5
6059 13
6060 16
6061 10
6062 1
6063 2
6064 6
6065 6
6066 23
6067 11
6068 16
6069 4
6070 6
6071 3
6072 21
6073 5
6074 18
6075 12
6076 5
6077 6
6078 6
6079 5
6080 4
6081 4
6082 4
6083 16
6084 5
6085 8
6086 5
6087 16
6088 16
6089 4
6090 23
6091 13
6092 13
6093 5
6094 6
6095 18
6096 5
6097 21
6098 6
6099 2
6100 5
6101 6
6102 7
6103 5
6104 2
6105 4
6106 18
6107 10
6108 8
6109 8
6110 2
6111 4
6112 10
6113 5
6114 18
6115 16
6116 6
6117 16
6118 5
6119 16
6120 13
6121 6
6122 28
6123 14
6124 30
6125 7
6126 5
6127 10
6128 7
6129 13
6130 5
6131 2
6132 6
6133 4
6134 13
6135 20
6136 8
6137 24
6138 6
6139 29
6140 2
6141 5
6142 23
6143 5
6144 4
6145 2
6146 4
6147 11
6148 5
6149 2
6150 8
6151 23
6152 16
6153 2
6154 5
6155 24
6156 8
6157 2
6158 6
6159 4
6160 5
6161 5
6162 2
6163 5
6164 7
6165 5
6166 7
6167 8
6168 4
6169 6
6170 6
6171 21
6172 5
6173 4
6174 24
6175 4
6176 1
6177 6
6178 13
6179 2
6180 6
6181 16
6182 2
6183 4
6184 2
6185 13
6186 6
6187 6
6188 4
6189 17
6190 18
6191 14
6192 11
6193 4
6194 11
6195 6
6196 6
6197 18
6198 2
6199 7
6200 4
6201 6
6202 13
6203 2
6204 18
6205 14
6206 6
6207 2
6208 28
6209 5
6210 5
6211 1
6212 2
6213 5
6214 8
6215 2
6216 4
6217 4
6218 13
6219 4
6220 12
6221 21
6222 2
6223 6
6224 18
6225 5
6226 5
6227 6
6228 4
6229 5
6230 6
6231 4
6232 6
6233 16
6234 4
6235 6
6236 24
6237 5
6238 18
6239 2
6240 18
6241 2
6242 16
6243 23
6244 13
6245 21
6246 5
6247 0
6248 21
6249 5
6250 2
6251 2
6252 6
6253 5
6254 18
6255 4
6256 6
6257 5
6258 18
6259 2
6260 7
6261 2
6262 18
6263 11
6264 18
6265 16
6266 6
6267 18
6268 10
6269 2
6270 7
6271 5
6272 6
6273 5
6274 30
6275 26
6276 6
6277 20
6278 4
6279 6
6280 7
6281 18
6282 5
6283 16
6284 4
6285 23
6286 13
6287 4
6288 10
6289 5
6290 11
6291 10
6292 16
6293 13
6294 5
6295 16
6296 5
6297 18
6298 5
6299 4
6300 4
6301 16
6302 7
6303 25
6304 7
6305 21
6306 5
6307 2
6308 2
6309 16
6310 6
6311 13
6312 18
6313 7
6314 5
6315 7
6316 5
6317 6
6318 16
6319 5
6320 7
6321 4
6322 6
6323 9
6324 13
6325 18
6326 6
6327 2
6328 4
6329 6
6330 13
6331 6
6332 13
6333 5
6334 18
6335 4
6336 6
6337 8
6338 12
6339 6
6340 19
6341 4
6342 18
6343 4
6344 4
6345 7
6346 16
6347 13
6348 5
6349 16
6350 6
6351 11
6352 29
6353 16
6354 3
6355 6
6356 2
6357 24
6358 5
6359 7
6360 5
6361 5
6362 4
6363 13
6364 18
6365 1
6366 18
6367 16
6368 16
6369 4
6370 10
6371 2
6372 5
6373 6
6374 6
6375 0
6376 6
6377 5
6378 6
6379 5
6380 10
6381 21
6382 16
6383 16
6384 3
6385 11
6386 30
6387 16
6388 4
6389 16
6390 16
6391 4
6392 18
6393 6
6394 18
6395 13
6396 23
6397 6
6398 5
6399 5
6400 13
6401 6
6402 29
6403 10
6404 13
6405 4
6406 29
6407 6
6408 16
6409 4
6410 6
6411 23
6412 23
6413 5
6414 2
6415 23
6416 5
6417 5
6418 14
6419 23
6420 5
6421 8
6422 2
6423 6
6424 4
6425 11
6426 10
6427 16
6428 23
6429 16
6430 4
6431 2
6432 5
6433 2
6434 7
6435 21
6436 16
6437 5
6438 7
6439 13
6440 2
6441 21
6442 8
6443 18
6444 5
6445 16
6446 6
6447 16
6448 7
6449 16
6450 13
6451 8
6452 20
6453 10
6454 29
6455 20
6456 5
6457 30
6458 22
6459 4
6460 18
6461 0
6462 6
6463 8
6464 5
6465 18
6466 30
6467 5
6468 4
6469 5
6470 4
6471 16
6472 5
6473 5
6474 28
6475 5
6476 0
6477 5
6478 16
6479 4
6480 16
6481 7
6482 13
6483 12
6484 16
6485 6
6486 5
6487 5
6488 18
6489 13
6490 12
6491 4
6492 6
6493 2
6494 16
6495 4
6496 2
6497 5
6498 8
6499 2
6500 6
6501 23
6502 2
6503 4
6504 1
6505 6
6506 6
6507 2
6508 16
6509 6
6510 4
6511 16
6512 6
6513 6
6514 2
6515 6
6516 18
6517 2
6518 4
6519 2
6520 5
6521 5
6522 5
6523 29
6524 5
6525 18
6526 5
6527 7
6528 2
6529 2
6530 6
6531 6
6532 5
6533 6
6534 13
6535 6
6536 10
6537 2
6538 7
6539 5
6540 4
6541 29
6542 5
6543 6
6544 2
6545 5
6546 16
6547 13
6548 4
6549 16
6550 30
6551 28
6552 6
6553 6
6554 5
6555 6
6556 14
6557 23
6558 7
6559 28
6560 29
6561 5
6562 25
6563 2
6564 29
6565 12
6566 6
6567 10
6568 8
6569 16
6570 30
6571 10
6572 23
6573 6
6574 5
6575 6
6576 2
6577 4
6578 6
6579 6
6580 16
6581 6
6582 16
6583 10
6584 5
6585 17
6586 13
6587 7
6588 5
6589 16
6590 21
6591 5
6592 2
6593 2
6594 4
6595 13
6596 4
6597 17
6598 9
6599 2
6600 6
6601 5
6602 18
6603 4
6604 18
6605 8
6606 8
6607 5
6608 24
6609 4
6610 16
6611 5
6612 29
6613 4
6614 18
6615 30
6616 16
6617 0
6618 2
6619 16
6620 9
6621 4
6622 13
6623 5
6624 0
6625 8
6626 10
6627 18
6628 18
6629 16
6630 5
6631 6
6632 6
6633 4
6634 18
6635 11
6636 13
6637 7
6638 23
6639 18
6640 18
6641 5
6642 8
6643 2
6644 22
6645 2
6646 6
6647 4
6648 29
6649 11
6650 6
6651 18
6652 17
6653 11
6654 29
6655 5
6656 16
6657 7
6658 5
6659 2
6660 16
6661 18
6662 10
6663 12
6664 10
6665 5
6666 5
6667 2
6668 6
6669 13
6670 20
6671 6
6672 13
6673 2
6674 5
6675 16
6676 11
6677 16
6678 2
6679 5
6680 5
6681 5
6682 4
6683 6
6684 4
6685 26
6686 5
6687 6
6688 6
6689 2
6690 6
6691 4
6692 7
6693 6
6694 6
6695 4
6696 2
6697 6
6698 11
6699 16
6700 6
6701 5
6702 5
6703 8
6704 5
6705 8
6706 10
6707 2
6708 13
6709 4
6710 16
6711 0
6712 13
6713 10
6714 20
6715 2
6716 4
6717 8
6718 4
6719 18
6720 23
6721 4
6722 18
6723 29
6724 8
6725 4
6726 10
6727 5
6728 27
6729 4
6730 2
6731 13
6732 6
6733 4
6734 16
6735 5
6736 4
6737 20
6738 6
6739 5
6740 4
6741 2
6742 16
6743 5
6744 5
6745 11
6746 18
6747 2
6748 5
6749 13
6750 2
6751 27
6752 5
6753 6
6754 4
6755 6
6756 5
6757 23
6758 13
6759 7
6760 5
6761 21
6762 5
6763 23
6764 5
6765 2
6766 18
6767 5
6768 2
6769 5
6770 5
6771 12
6772 3
6773 2
6774 18
6775 6
6776 5
6777 5
6778 2
6779 17
6780 4
6781 16
6782 2
6783 18
6784 5
6785 4
6786 16
6787 6
6788 4
6789 18
6790 4
6791 5
6792 16
6793 16
6794 23
6795 4
6796 8
6797 6
6798 4
6799 23
6800 13
6801 2
6802 11
6803 30
6804 7
6805 5
6806 8
6807 8
6808 13
6809 23
6810 4
6811 6
6812 5
6813 6
6814 7
6815 7
6816 6
6817 16
6818 29
6819 6
6820 4
6821 10
6822 16
6823 6
6824 2
6825 6
6826 5
6827 23
6828 6
6829 7
6830 4
6831 5
6832 29
6833 3
6834 5
6835 2
6836 16
6837 13
6838 4
6839 5
6840 5
6841 23
6842 6
6843 6
6844 13
6845 4
6846 16
6847 5
6848 18
6849 4
6850 7
6851 5
6852 5
6853 23
6854 6
6855 13
6856 18
6857 30
6858 7
6859 24
6860 4
6861 5
6862 6
6863 7
6864 10
6865 6
6866 2
6867 2
6868 5
6869 4
6870 5
6871 7
6872 2
6873 23
6874 8
6875 4
6876 13
6877 5
6878 5
6879 5
6880 13
6881 5
6882 13
6883 16
6884 5
6885 23
6886 16
6887 6
6888 30
6889 4
6890 6
6891 16
6892 6
6893 4
6894 18
6895 5
6896 5
6897 16
6898 6
6899 23
6900 0
6901 6
6902 18
6903 8
6904 16
6905 21
6906 29
6907 18
6908 8
6909 5
6910 2
6911 22
6912 16
6913 5
6914 5
6915 23
6916 13
6917 5
6918 13
6919 5
6920 13
6921 18
6922 18
6923 6
6924 20
6925 16
6926 18
6927 6
6928 6
6929 5
6930 18
6931 18
6932 5
6933 6
6934 8
6935 6
6936 12
6937 2
6938 5
6939 7
6940 16
6941 12
6942 20
6943 5
6944 2
6945 18
6946 6
6947 13
6948 5
6949 5
6950 5
6951 6
6952 6
6953 5
6954 4
6955 13
6956 5
6957 18
6958 8
6959 18
6960 14
6961 5
6962 5
6963 8
6964 6
6965 16
6966 2
6967 4
6968 16
6969 2
6970 2
6971 4
6972 4
6973 6
6974 18
6975 20
6976 16
6977 5
6978 21
6979 2
6980 27
6981 21
6982 4
6983 5
6984 9
6985 6
6986 7
6987 16
6988 13
6989 5
6990 5
6991 18
6992 5
6993 4
6994 5
6995 4
6996 16
6997 6
6998 16
6999 2
7000 6
7001 13
7002 18
7003 5
7004 10
7005 2
7006 4
7007 16
7008 13
7009 18
7010 23
7011 8
7012 4
7013 4
7014 4
7015 16
7016 16
7017 10
7018 5
7019 16
7020 7
7021 18
7022 2
7023 13
7024 2
7025 23
7026 13
7027 2
7028 4
7029 5
7030 18
7031 4
7032 8
7033 27
7034 4
7035 2
7036 8
7037 16
7038 16
7039 5
7040 14
7041 16
7042 16
7043 18
7044 13
7045 5
7046 8
7047 5
7048 6
7049 4
7050 28
7051 5
7052 5
7053 13
7054 6
7055 18
7056 6
7057 5
7058 5
7059 18
7060 13
7061 23
7062 16
7063 18
7064 18
7065 18
7066 18
7067 6
7068 7
7069 12
7070 5
7071 4
7072 10
7073 5
7074 23
7075 6
7076 1
7077 4
7078 4
7079 5
7080 2
7081 0
7082 18
7083 18
7084 2
7085 2
7086 6
7087 2
7088 6
7089 16
7090 2
7091 13
7092 5
7093 16
7094 16
7095 7
7096 5
7097 4
7098 16
7099 10
7100 2
7101 8
7102 9
7103 13
7104 5
7105 18
7106 27
7107 6
7108 4
7109 7
7110 16
7111 5
7112 13
7113 18
7114 16
7115 26
7116 4
7117 6
7118 11
7119 7
7120 6
7121 3
7122 7
7123 6
7124 13
7125 20
7126 23
7127 5
7128 11
7129 4
7130 16
7131 8
7132 13
7133 8
7134 23
7135 18
7136 6
7137 7
7138 11
7139 18
7140 12
7141 5
7142 18
7143 4
7144 20
7145 2
7146 18
7147 18
7148 23
7149 17
7150 4
7151 4
7152 13
7153 16
7154 7
7155 2
7156 21
7157 4
7158 2
7159 16
7160 18
7161 5
7162 14
7163 19
7164 13
7165 2
7166 4
7167 6
7168 16
7169 8
7170 5
7171 4
7172 14
7173 7
7174 0
7175 6
7176 2
7177 18
7178 8
7179 30
7180 5
7181 16
7182 6
7183 8
7184 10
7185 5
7186 16
7187 23
7188 6
7189 16
7190 4
7191 26
7192 6
7193 2
7194 6
7195 5
7196 5
7197 6
7198 4
7199 18
7200 23
7201 5
7202 18
7203 20
7204 13
7205 4
7206 2
7207 6
7208 18
7209 30
7210 6
7211 7
7212 6
7213 2
7214 16
7215 6
7216 26
7217 4
7218 24
7219 2
7220 18
7221 16
7222 4
7223 3
7224 16
7225 5
7226 6
7227 16
7228 8
7229 5
7230 2
7231 13
7232 4
7233 8
7234 6
7235 23
7236 2
7237 14
7238 10
7239 16
7240 16
7241 10
7242 5
7243 13
7244 12
7245 7
7246 7
7247 5
7248 4
7249 28
7250 25
7251 5
7252 5
7253 5
7254 29
7255 18
7256 5
7257 5
7258 18
7259 13
7260 2
7261 16
7262 16
7263 8
7264 30
7265 4
7266 16
7267 21
7268 6
7269 11
7270 6
7271 14
7272 19
7273 5
7274 7
7275 6
7276 7
7277 12
7278 21
7279 4
7280 5
7281 12
7282 5
7283 7
7284 5
7285 16
7286 2
7287 4
7288 30
7289 5
7290 13
7291 11
7292 13
7293 2
7294 2
7295 2
7296 6
7297 6
7298 18
7299 8
7300 5
7301 4
7302 2
7303 6
7304 5
7305 2
7306 16
7307 10
7308 23
7309 5
7310 5
7311 4
7312 5
7313 18
7314 30
7315 12
7316 5
7317 5
7318 11
7319 2
7320 16
7321 23
7322 4
7323 6
7324 6
7325 2
7326 23
7327 5
7328 29
7329 4
7330 8
7331 7
7332 5
7333 4
7334 7
7335 30
7336 6
7337 16
7338 13
7339 2
7340 7
7341 7
7342 6
7343 5
7344 6
7345 16
7346 2
7347 6
7348 18
7349 8
7350 5
7351 16
7352 29
7353 15
7354 2
7355 4
7356 4
7357 5
7358 6
7359 16
7360 4
7361 6
7362 16
7363 20
7364 5
7365 2
7366 6
7367 4
7368 2
7369 4
7370 4
7371 5
7372 5
7373 18
7374 13
7375 4
7376 23
7377 5
7378 18
7379 5
7380 5
7381 6
7382 21
7383 19
7384 21
7385 23
7386 6
7387 13
7388 2
7389 2
7390 27
7391 8
7392 4
7393 4
7394 27
7395 6
7396 16
7397 8
7398 6
7399 6
7400 4
7401 20
7402 4
7403 29
7404 10
7405 6
7406 2
7407 10
7408 13
7409 2
7410 7
7411 18
7412 6
7413 16
7414 7
7415 21
7416 4
7417 2
7418 6
7419 6
7420 13
7421 6
7422 16
7423 16
7424 4
7425 16
7426 4
7427 10
7428 10
7429 5
7430 29
7431 22
7432 8
7433 8
7434 4
7435 2
7436 16
7437 7
7438 6
7439 13
7440 4
7441 21
7442 23
7443 6
7444 6
7445 5
7446 16
7447 23
7448 5
7449 18
7450 13
7451 6
7452 6
7453 19
7454 4
7455 17
7456 7
7457 4
7458 0
7459 13
7460 11
7461 2
7462 4
7463 23
7464 2
7465 6
7466 7
7467 28
7468 15
7469 5
7470 6
7471 5
7472 2
7473 21
7474 6
7475 20
7476 2
7477 5
7478 29
7479 6
7480 8
7481 5
7482 30
7483 5
7484 13
7485 6
7486 4
7487 21
7488 20
7489 10
7490 2
7491 13
7492 7
7493 7
7494 8
7495 16
7496 24
7497 5
7498 13
7499 16
7500 13
7501 18
7502 2
7503 5
7504 16
7505 14
7506 27
7507 8
7508 6
7509 5
7510 4
7511 7
7512 23
7513 5
7514 13
7515 4
7516 2
7517 6
7518 16
7519 16
7520 28
7521 4
7522 5
7523 5
7524 4
7525 5
7526 7
7527 2
7528 23
7529 10
7530 6
7531 8
7532 6
7533 4
7534 6
7535 13
7536 5
7537 13
7538 2
7539 4
7540 4
7541 4
7542 2
7543 16
7544 2
7545 6
7546 11
7547 5
7548 2
7549 11
7550 7
7551 18
7552 3
7553 18
7554 13
7555 21
7556 7
7557 13
7558 6
7559 5
7560 23
7561 4
7562 10
7563 5
7564 5
7565 4
7566 3
7567 6
7568 11
7569 6
7570 7
7571 13
7572 5
7573 2
7574 2
7575 5
7576 13
7577 16
7578 4
7579 3
7580 5
7581 5
7582 6
7583 5
7584 2
7585 30
7586 5
7587 2
7588 6
7589 2
7590 19
7591 2
7592 7
7593 23
7594 5
7595 5
7596 2
7597 7
7598 18
7599 23
7600 6
7601 10
7602 13
7603 16
7604 5
7605 4
7606 13
7607 18
7608 4
7609 2
7610 18
7611 12
7612 2
7613 5
7614 6
7615 7
7616 4
7617 6
7618 4
7619 29
7620 29
7621 5
7622 13
7623 16
7624 6
7625 7
7626 18
7627 6
7628 30
7629 23
7630 13
7631 3
7632 16
7633 2
7634 4
7635 6
7636 10
7637 2
7638 7
7639 21
7640 5
7641 7
7642 13
7643 6
7644 2
7645 5
7646 6
7647 5
7648 6
7649 2
7650 11
7651 16
7652 2
7653 4
7654 4
7655 18
7656 7
7657 16
7658 29
7659 3
7660 19
7661 7
7662 6
7663 20
7664 16
7665 30
7666 4
7667 6
7668 4
7669 26
7670 2
7671 16
7672 5
7673 5
7674 4
7675 18
7676 5
7677 16
7678 6
7679 6
7680 6
7681 18
7682 18
7683 5
7684 5
7685 7
7686 16
7687 6
7688 15
7689 4
7690 4
7691 30
7692 13
7693 2
7694 4
7695 4
7696 18
7697 13
7698 4
7699 16
7700 4
7701 2
7702 21
7703 5
7704 0
7705 6
7706 16
7707 5
7708 13
7709 5
7710 16
7711 2
7712 16
7713 16
7714 30
7715 13
7716 16
7717 6
7718 10
7719 10
7720 6
7721 2
7722 13
7723 19
7724 14
7725 2
7726 8
7727 5
7728 2
7729 13
7730 16
7731 18
7732 5
7733 15
7734 2
7735 4
7736 6
7737 18
7738 2
7739 6
7740 16
7741 6
7742 23
7743 10
7744 23
7745 13
7746 4
7747 2
7748 2
7749 16
7750 13
7751 16
7752 6
7753 5
7754 2
7755 5
7756 5
7757 7
7758 13
7759 23
7760 6
7761 4
7762 4
7763 16
7764 6
7765 2
7766 6
7767 2
7768 2
7769 5
7770 2
7771 5
7772 2
7773 4
7774 6
7775 5
7776 16
7777 21
7778 7
7779 13
7780 6
7781 6
7782 15
7783 18
7784 5
7785 13
7786 16
7787 2
7788 18
7789 5
7790 0
7791 7
7792 26
7793 16
7794 13
7795 5
7796 6
7797 6
7798 5
7799 23
7800 23
7801 28
7802 18
7803 4
7804 21
7805 5
7806 6
7807 21
7808 13
7809 13
7810 5
7811 18
7812 16
7813 6
7814 6
7815 11
7816 17
7817 13
7818 5
7819 13
7820 5
7821 23
7822 2
7823 6
7824 8
7825 11
7826 4
7827 6
7828 7
7829 20
7830 11
7831 16
7832 2
7833 6
7834 5
7835 16
7836 18
7837 4
7838 6
7839 6
7840 5
7841 5
7842 5
7843 5
7844 6
7845 7
7846 6
7847 29
7848 5
7849 13
7850 5
7851 5
7852 4
7853 30
7854 2
7855 5
7856 6
7857 23
7858 5
7859 13
7860 4
7861 16
7862 9
7863 12
7864 6
7865 28
7866 23
7867 13
7868 5
7869 4
7870 18
7871 6
7872 4
7873 5
7874 6
7875 23
7876 18
7877 4
7878 5
7879 1
7880 2
7881 2
7882 5
7883 6
7884 6
7885 6
7886 6
7887 4
7888 4
7889 2
7890 3
7891 6
7892 16
7893 13
7894 7
7895 7
7896 23
7897 5
7898 7
7899 6
7900 14
7901 13
7902 4
7903 7
7904 6
7905 2
7906 5
7907 2
7908 23
7909 8
7910 5
7911 13
7912 6
7913 5
7914 2
7915 6
7916 2
7917 4
7918 5
7919 13
7920 13
7921 5
7922 5
7923 13
7924 5
7925 13
7926 6
7927 18
7928 2
7929 5
7930 5
7931 18
7932 18
7933 6
7934 6
7935 16
7936 8
7937 18
7938 5
7939 18
7940 10
7941 4
7942 5
7943 2
7944 29
7945 16
7946 5
7947 5
7948 5
7949 2
7950 5
7951 7
7952 4
7953 6
7954 23
7955 6
7956 10
7957 16
7958 16
7959 9
7960 6
7961 8
7962 18
7963 4
7964 21
7965 2
7966 16
7967 16
7968 18
7969 7
7970 8
7971 1
7972 3
7973 4
7974 18
7975 5
7976 4
7977 5
7978 30
7979 2
7980 29
7981 28
7982 18
7983 29
7984 16
7985 2
7986 16
7987 18
7988 5
7989 4
7990 4
7991 16
7992 5
7993 14
7994 18
7995 5
7996 6
7997 8
7998 6
7999 6
8000 5
8001 13
8002 18
8003 3
8004 5
8005 23
8006 16
8007 16
8008 6
8009 4
8010 5
8011 2
8012 4
8013 13
8014 2
8015 2
8016 16
8017 16
8018 4
8019 16
8020 2
8021 5
8022 16
8023 18
8024 16
8025 14
8026 13
8027 16
8028 5
8029 16
8030 3
8031 5
8032 5
8033 2
8034 3
8035 14
8036 7
8037 6
8038 23
8039 5
8040 6
8041 7
8042 11
8043 10
8044 23
8045 6
8046 16
8047 7
8048 23
8049 13
8050 6
8051 7
8052 18
8053 2
8054 6
8055 16
8056 18
8057 6
8058 6
8059 4
8060 14
8061 5
8062 1
8063 21
8064 16
8065 8
8066 16
8067 20
8068 2
8069 18
8070 6
8071 4
8072 6
8073 13
8074 21
8075 16
8076 7
8077 13
8078 5
8079 6
8080 5
8081 6
8082 21
8083 7
8084 5
8085 16
8086 4
8087 30
8088 18
8089 5
8090 13
8091 20
8092 30
8093 8
8094 11
8095 16
8096 4
8097 6
8098 2
8099 5
8100 6
8101 8
8102 30
8103 23
8104 6
8105 5
8106 4
8107 6
8108 16
8109 6
8110 6
8111 2
8112 6
8113 6
8114 18
8115 6
8116 7
8117 13
8118 16
8119 16
8120 24
8121 23
8122 5
8123 6
8124 6
8125 5
8126 1
8127 13
8128 10
8129 2
8130 20
8131 5
8132 23
8133 10
8134 23
8135 6
8136 5
8137 5
8138 5
8139 5
8140 13
8141 4
8142 23
8143 18
8144 6
8145 6
8146 18
8147 30
8148 2
8149 26
8150 11
8151 5
8152 16
8153 10
8154 10
8155 16
8156 5
8157 5
8158 5
8159 6
8160 11
8161 4
8162 16
8163 18
8164 8
8165 8
8166 18
8167 5
8168 5
8169 13
8170 20
8171 29
8172 23
8173 13
8174 4
8175 6
8176 5
8177 4
8178 2
8179 6
8180 29
8181 7
8182 23
8183 19
8184 2
8185 13
8186 4
8187 18
8188 27
8189 6
8190 8
8191 1
8192 4
8193 4
8194 5
8195 2
8196 2
8197 7
8198 10
8199 4
8200 8
8201 6
8202 13
8203 5
8204 5
8205 16
8206 5
8207 5
8208 18
8209 10
8210 16
8211 10
8212 2
8213 18
8214 11
8215 18
8216 4
8217 23
8218 18
8219 10
8220 7
8221 6
8222 13
8223 16
8224 5
8225 16
8226 3
8227 5
8228 16
8229 5
8230 29
8231 13
8232 15
8233 4
8234 6
8235 5
8236 2
8237 18
8238 21
8239 8
8240 6
8241 6
8242 5
8243 2
8244 18
8245 14
8246 21
8247 13
8248 8
8249 8
8250 2
8251 28
8252 7
8253 13
8254 5
8255 22
8256 4
8257 4
8258 7
8259 7
8260 5
8261 2
8262 16
8263 5
8264 2
8265 11
8266 8
8267 23
8268 6
8269 13
8270 6
8271 11
8272 6
8273 4
8274 6
8275 6
8276 16
8277 8
8278 4
8279 5
8280 18
8281 5
8282 27
8283 4
8284 13
8285 2
8286 4
8287 21
8288 6
8289 5
8290 16
8291 16
8292 18
8293 23
8294 13
8295 16
8296 2
8297 6
8298 13
8299 4
8300 10
8301 6
8302 13
8303 24
8304 8
8305 18
8306 10
8307 2
8308 5
8309 6
8310 6
8311 4
8312 5
8313 7
8314 5
8315 16
8316 5
8317 16
8318 6
8319 8
8320 18
8321 5
8322 5
8323 16
8324 5
8325 6
8326 13
8327 4
8328 13
8329 11
8330 15
8331 4
8332 6
8333 24
8334 16
8335 5
8336 16
8337 10
8338 4
8339 23
8340 5
8341 6
8342 25
8343 29
8344 4
8345 5
8346 18
8347 28
8348 6
8349 7
8350 6
8351 2
8352 10
8353 7
8354 4
8355 4
8356 5
8357 2
8358 6
8359 23
8360 6
8361 6
8362 18
8363 2
8364 5
8365 5
8366 11
8367 16
8368 5
8369 23
8370 16
8371 5
8372 2
8373 4
8374 6
8375 2
8376 7
8377 29
8378 8
8379 16
8380 4
8381 29
8382 20
8383 6
8384 2
8385 2
8386 6
8387 20
8388 11
8389 6
8390 5
8391 5
8392 4
8393 4
8394 5
8395 30
8396 13
8397 13
8398 4
8399 6
8400 23
8401 11
8402 6
8403 4
8404 2
8405 21
8406 16
8407 6
8408 7
8409 4
8410 5
8411 25
8412 5
8413 2
8414 20
8415 16
8416 3
8417 6
8418 23
8419 11
8420 5
8421 2
8422 5
8423 6
8424 2
8425 30
8426 5
8427 16
8428 18
8429 16
8430 16
8431 20
8432 5
8433 18
8434 29
8435 5
8436 6
8437 2
8438 25
8439 6
8440 22
8441 18
8442 5
8443 21
8444 4
8445 23
8446 18
8447 4
8448 10
8449 16
8450 2
8451 30
8452 8
8453 21
8454 2
8455 7
8456 7
8457 14
8458 16
8459 4
8460 5
8461 18
8462 13
8463 7
8464 6
8465 4
8466 2
8467 24
8468 6
8469 5
8470 13
8471 2
8472 11
8473 4
8474 0
8475 5
8476 5
8477 13
8478 13
8479 5
8480 16
8481 5
8482 6
8483 1
8484 6
8485 12
8486 21
8487 2
8488 23
8489 8
8490 6
8491 16
8492 29
8493 5
8494 2
8495 20
8496 2
8497 21
8498 4
8499 6
8500 5
8501 6
8502 18
8503 21
8504 23
8505 2
8506 5
8507 4
8508 5
8509 4
8510 5
8511 8
8512 4
8513 10
8514 2
8515 11
8516 23
8517 6
8518 4
8519 16
8520 4
8521 2
8522 18
8523 8
8524 6
8525 6
8526 16
8527 4
8528 4
8529 16
8530 4
8531 6
8532 16
8533 9
8534 13
8535 16
8536 16
8537 0
8538 4
8539 6
8540 6
8541 16
8542 30
8543 18
8544 5
8545 2
8546 9
8547 6
8548 16
8549 18
8550 2
8551 4
8552 18
8553 6
8554 23
8555 2
8556 4
8557 7
8558 12
8559 6
8560 4
8561 1
8562 6
8563 8
8564 18
8565 6
8566 13
8567 5
8568 17
8569 23
8570 5
8571 7
8572 4
8573 5
8574 14
8575 20
8576 8
8577 16
8578 10
8579 13
8580 29
8581 23
8582 10
8583 5
8584 2
8585 5
8586 6
8587 5
8588 6
8589 2
8590 13
8591 8
8592 6
8593 4
8594 4
8595 2
8596 5
8597 10
8598 7
8599 16
8600 30
8601 16
8602 6
8603 5
8604 6
8605 7
8606 2
8607 6
8608 2
8609 7
8610 16
8611 5
8612 9
8613 13
8614 5
8615 4
8616 6
8617 2
8618 6
8619 2
8620 6
8621 5
8622 5
8623 16
8624 17
8625 7
8626 2
8627 4
8628 2
8629 5
8630 4
8631 7
8632 6
8633 28
8634 16
8635 6
8636 5
8637 2
8638 16
8639 4
8640 4
8641 5
8642 20
8643 10
8644 18
8645 11
8646 19
8647 18
8648 4
8649 18
8650 23
8651 23
8652 26
8653 4
8654 6
8655 0
8656 18
8657 10
8658 2
8659 30
8660 18
8661 5
8662 2
8663 1
8664 18
8665 6
8666 6
8667 27
8668 18
8669 14
8670 4
8671 5
8672 23
8673 6
8674 13
8675 5
8676 6
8677 5
8678 4
8679 23
8680 6
8681 23
8682 4
8683 2
8684 6
8685 5
8686 27
8687 18
8688 2
8689 6
8690 23
8691 25
8692 4
8693 18
8694 5
8695 5
8696 6
8697 4
8698 13
8699 6
8700 4
8701 0
8702 13
8703 6
8704 2
8705 16
8706 16
8707 21
8708 6
8709 2
8710 4
8711 4
8712 5
8713 5
8714 4
8715 6
8716 18
8717 29
8718 2
8719 5
8720 5
8721 6
8722 2
8723 6
8724 5
8725 2
8726 28
8727 2
8728 11
8729 18
8730 11
8731 24
8732 13
8733 18
8734 2
8735 5
8736 28
8737 5
8738 5
8739 21
8740 6
8741 4
8742 16
8743 13
8744 6
8745 7
8746 5
8747 2
8748 7
8749 4
8750 7
8751 6
8752 8
8753 16
8754 13
8755 20
8756 6
8757 23
8758 5
8759 23
8760 18
8761 4
8762 6
8763 0
8764 2
8765 11
8766 5
8767 5
8768 2
8769 5
8770 11
8771 4
8772 6
8773 6
8774 6
8775 6
8776 4
8777 2
8778 16
8779 5
8780 4
8781 2
8782 4
8783 13
8784 2
8785 5
8786 23
8787 7
8788 16
8789 6
8790 7
8791 4
8792 5
8793 4
8794 6
8795 2
8796 5
8797 10
8798 18
8799 20
8800 2
8801 16
8802 16
8803 16
8804 6
8805 6
8806 0
8807 13
8808 23
8809 1
8810 6
8811 5
8812 6
8813 2
8814 5
8815 21
8816 23
8817 5
8818 5
8819 7
8820 30
8821 21
8822 6
8823 6
8824 8
8825 23
8826 5
8827 13
8828 6
8829 5
8830 4
8831 16
8832 11
8833 0
8834 5
8835 2
8836 5
8837 13
8838 10
8839 5
8840 5
8841 5
8842 4
8843 2
8844 4
8845 10
8846 6
8847 18
8848 16
8849 6
8850 26
8851 8
8852 6
8853 6
8854 2
8855 21
8856 4
8857 4
8858 5
8859 4
8860 29
8861 5
8862 5
8863 2
8864 16
8865 13
8866 6
8867 5
8868 4
8869 7
8870 8
8871 2
8872 3
8873 10
8874 5
8875 4
8876 13
8877 5
8878 16
8879 5
8880 4
8881 5
8882 8
8883 18
8884 16
8885 7
8886 13
8887 23
8888 26
8889 2
8890 5
8891 5
8892 7
8893 16
8894 18
8895 6
8896 5
8897 18
8898 20
8899 16
8900 22
8901 5
8902 6
8903 18
8904 5
8905 5
8906 7
8907 6
8908 6
8909 16
8910 4
8911 4
8912 6
8913 5
8914 6
8915 23
8916 6
8917 8
8918 4
8919 7
8920 10
8921 6
8922 6
8923 2
8924 23
8925 5
8926 6
8927 5
8928 29
8929 18
8930 16
8931 23
8932 18
8933 16
8934 5
8935 12
8936 2
8937 4
8938 5
8939 18
8940 6
8941 13
8942 5
8943 10
8944 16
8945 8
8946 18
8947 30
8948 16
8949 4
8950 5
8951 2
8952 6
8953 18
8954 7
8955 5
8956 5
8957 5
8958 18
8959 2
8960 5
8961 5
8962 2
8963 5
8964 5
8965 2
8966 5
8967 5
8968 4
8969 16
8970 5
8971 10
8972 11
8973 5
8974 6
8975 18
8976 5
8977 4
8978 23
8979 18
8980 7
8981 12
8982 5
8983 4
8984 16
8985 16
8986 5
8987 11
8988 4
8989 21
8990 2
8991 24
8992 5
8993 18
8994 5
8995 16
8996 13
8997 6
8998 4
8999 23
9000 16
9001 4
9002 2
9003 5
9004 13
9005 16
9006 10
9007 8
9008 16
9009 16
9010 6
9011 5
9012 5
9013 28
9014 7
9015 5
9016 6
9017 26
9018 5
9019 5
9020 2
9021 18
9022 13
9023 30
9024 18
9025 8
9026 11
9027 18
9028 5
9029 26
9030 5
9031 5
9032 23
9033 6
9034 23
9035 4
9036 6
9037 5
9038 6
9039 5
9040 13
9041 16
9042 2
9043 5
9044 5
9045 1
9046 2
9047 2
9048 2
9049 5
9050 5
9051 24
9052 30
9053 23
9054 13
9055 23
9056 5
9057 27
9058 7
9059 16
9060 9
9061 6
9062 11
9063 2
9064 4
9065 4
9066 7
9067 5
9068 18
9069 23
9070 4
9071 23
9072 5
9073 5
9074 6
9075 23
9076 5
9077 18
9078 5
9079 4
9080 13
9081 6
9082 5
9083 4
9084 16
9085 6
9086 18
9087 16
9088 13
9089 6
9090 6
9091 4
9092 2
9093 4
9094 2
9095 2
9096 8
9097 18
9098 5
9099 4
9100 16
9101 5
9102 2
9103 23
9104 6
9105 10
9106 2
9107 5
9108 6
9109 6
9110 18
9111 4
9112 6
9113 5
9114 4
9115 10
9116 4
9117 6
9118 11
9119 5
9120 6
9121 5
9122 5
9123 16
9124 4
9125 5
9126 4
9127 6
9128 5
9129 2
9130 2
9131 6
9132 5
9133 6
9134 18
9135 10
9136 5
9137 5
9138 2
9139 2
9140 13
9141 6
9142 5
9143 5
9144 6
9145 6
9146 13
9147 8
9148 6
9149 18
9150 4
9151 5
9152 13
9153 16
9154 4
9155 7
9156 30
9157 7
9158 23
9159 5
9160 2
9161 2
9162 23
9163 4
9164 5
9165 6
9166 7
9167 13
9168 4
9169 23
9170 30
9171 4
9172 11
9173 5
9174 13
9175 13
9176 16
9177 8
9178 13
9179 4
9180 4
9181 5
9182 2
9183 23
9184 6
9185 4
9186 2
9187 6
9188 2
9189 4
9190 18
9191 5
9192 6
9193 6
9194 5
9195 11
9196 6
9197 4
9198 7
9199 13
9200 29
9201 6
9202 6
9203 8
9204 16
9205 5
9206 4
9207 13
9208 4
9209 6
9210 17
9211 23
9212 6
9213 5
9214 6
9215 4
9216 18
9217 6
9218 16
9219 2
9220 4
9221 9
9222 4
9223 23
9224 11
9225 4
9226 30
9227 24
9228 2
9229 4
9230 5
9231 18
9232 5
9233 6
9234 13
9235 16
9236 16
9237 7
9238 18
9239 9
9240 13
9241 5
9242 23
9243 11
9244 16
9245 18
9246 8
9247 4
9248 16
9249 11
9250 5
9251 2
9252 2
9253 11
9254 23
9255 4
9256 16
9257 14
9258 6
9259 2
9260 8
9261 2
9262 16
9263 16
9264 2
9265 28
9266 6
9267 4
9268 23
9269 16
9270 6
9271 6
9272 24
9273 6
9274 8
9275 13
9276 18
9277 18
9278 2
9279 7
9280 18
9281 19
9282 23
9283 2
9284 5
9285 6
9286 16
9287 2
9288 19
9289 26
9290 11
9291 6
9292 2
9293 6
9294 8
9295 4
9296 4
9297 5
9298 18
9299 16
9300 13
9301 2
9302 0
9303 6
9304 2
9305 6
9306 16
9307 6
9308 6
9309 4
9310 18
9311 23
9312 5
9313 6
9314 16
9315 21
9316 14
9317 20
9318 6
9319 2
9320 2
9321 18
9322 5
9323 23
9324 4
9325 5
9326 2
9327 5
9328 4
9329 8
9330 11
9331 5
9332 4
9333 6
9334 8
9335 4
9336 3
9337 5
9338 10
9339 7
9340 14
9341 14
9342 6
9343 4
9344 4
9345 7
9346 5
9347 18
9348 4
9349 6
9350 10
9351 24
9352 11
9353 4
9354 6
9355 16
9356 6
9357 8
9358 5
9359 5
9360 30
9361 13
9362 2
9363 30
9364 5
9365 21
9366 4
9367 13
9368 27
9369 21
9370 16
9371 18
9372 5
9373 2
9374 2
9375 16
9376 6
9377 16
9378 6
9379 16
9380 5
9381 28
9382 8
9383 13
9384 13
9385 5
9386 18
9387 5
9388 4
9389 13
9390 6
9391 6
9392 4
9393 4
9394 8
9395 16
9396 7
9397 2
9398 4
9399 4
9400 7
9401 18
9402 3
9403 19
9404 6
9405 18
9406 23
9407 16
9408 16
9409 18
9410 5
9411 16
9412 18
9413 4
9414 5
9415 16
9416 4
9417 29
9418 6
9419 6
9420 1
9421 21
9422 4
9423 30
9424 18
9425 6
9426 4
9427 16
9428 5
9429 27
9430 18
9431 7
9432 20
9433 5
9434 6
9435 5
9436 4
9437 4
9438 2
9439 4
9440 18
9441 5
9442 2
9443 4
9444 18
9445 4
9446 6
9447 30
9448 4
9449 4
9450 16
9451 13
9452 5
9453 7
9454 6
9455 18
9456 5
9457 13
9458 2
9459 13
9460 5
9461 4
9462 5
9463 5
9464 21
9465 7
9466 21
9467 6
9468 4
9469 2
9470 7
9471 4
9472 13
9473 5
9474 10
9475 7
9476 18
9477 18
9478 26
9479 5
9480 4
9481 6
9482 6
9483 5
9484 18
9485 18
9486 30
9487 8
9488 4
9489 8
9490 16
9491 6
9492 18
9493 2
9494 30
9495 2
9496 5
9497 11
9498 6
9499 18
9500 6
9501 14
9502 5
9503 5
9504 8
9505 5
9506 18
9507 8
9508 13
9509 6
9510 30
9511 6
9512 6
9513 16
9514 15
9515 13
9516 4
9517 6
9518 18
9519 20
9520 6
9521 16
9522 5
9523 5
9524 10
9525 29
9526 5
9527 5
9528 13
9529 6
9530 2
9531 2
9532 11
9533 13
9534 2
9535 2
9536 25
9537 10
9538 2
9539 4
9540 10
9541 5
9542 13
9543 0
9544 5
9545 4
9546 30
9547 18
9548 5
9549 10
9550 4
9551 6
9552 6
9553 5
9554 2
9555 6
9556 28
9557 7
9558 7
9559 5
9560 7
9561 2
9562 7
9563 16
9564 4
9565 5
9566 5
9567 6
9568 8
9569 11
9570 13
9571 2
9572 28
9573 4
9574 8
9575 18
9576 21
9577 6
9578 7
9579 23
9580 4
9581 6
9582 3
9583 5
9584 18
9585 4
9586 29
9587 5
9588 16
9589 13
9590 5
9591 6
9592 7
9593 5
9594 13
9595 7
9596 5
9597 6
9598 4
9599 27
9600 6
9601 13
9602 7
9603 11
9604 5
9605 16
9606 5
9607 18
9608 2
9609 5
9610 4
9611 23
9612 5
9613 6
9614 6
9615 23
9616 4
9617 24
9618 29
9619 2
9620 6
9621 4
9622 5
9623 6
9624 21
9625 5
9626 13
9627 6
9628 18
9629 18
9630 4
9631 5
9632 2
9633 29
9634 6
9635 18
9636 6
9637 13
9638 16
9639 5
9640 16
9641 10
9642 2
9643 7
9644 4
9645 19
9646 16
9647 8
9648 6
9649 5
9650 13
9651 16
9652 6
9653 18
9654 7
9655 5
9656 4
9657 13
9658 10
9659 13
9660 5
9661 4
9662 2
9663 5
9664 2
9665 5
9666 4
9667 23
9668 5
9669 2
9670 4
9671 7
9672 6
9673 5
9674 2
9675 6
9676 29
9677 7
9678 18
9679 2
9680 6
9681 20
9682 4
9683 4
9684 16
9685 16
9686 4
9687 5
9688 6
9689 4
9690 6
9691 18
9692 6
9693 13
9694 4
9695 5
9696 5
9697 6
9698 16
9699 18
9700 5
9701 4
9702 23
9703 5
9704 13
9705 4
9706 18
9707 5
9708 26
9709 2
9710 10
9711 2
9712 4
9713 2
9714 3
9715 5
9716 5
9717 2
9718 6
9719 5
9720 2
9721 23
9722 23
9723 2
9724 5
9725 8
9726 2
9727 6
9728 13
9729 5
9730 18
9731 16
9732 2
9733 5
9734 5
9735 5
9736 6
9737 4
9738 7
9739 5
9740 2
9741 5
9742 2
9743 16
9744 5
9745 5
9746 7
9747 4
9748 23
9749 2
9750 30
9751 5
9752 13
9753 16
9754 18
9755 9
9756 6
9757 2
9758 4
9759 11
9760 2
9761 11
9762 18
9763 6
9764 5
9765 4
9766 18
9767 13
9768 23
9769 16
9770 4
9771 5
9772 12
9773 5
9774 6
9775 11
9776 2
9777 6
9778 27
9779 13
9780 13
9781 2
9782 28
9783 18
9784 4
9785 6
9786 24
9787 2
9788 13
9789 0
9790 7
9791 6
9792 6
9793 4
9794 23
9795 4
9796 30
9797 5
9798 30
9799 30
9800 11
9801 7
9802 19
9803 13
9804 13
9805 28
9806 18
9807 6
9808 5
9809 16
9810 16
9811 18
9812 13
9813 4
9814 5
9815 5
9816 5
9817 18
9818 4
9819 16
9820 4
9821 26
9822 5
9823 6
9824 13
9825 0
9826 11
9827 8
9828 29
9829 4
9830 16
9831 17
9832 7
9833 5
9834 5
9835 5
9836 6
9837 13
9838 4
9839 16
9840 24
9841 23
9842 6
9843 5
9844 7
9845 5
9846 23
9847 12
9848 16
9849 5
9850 6
9851 5
9852 12
9853 16
9854 4
9855 5
9856 28
9857 4
9858 2
9859 6
9860 4
9861 19
9862 5
9863 10
9864 6
9865 5
9866 18
9867 6
9868 20
9869 23
9870 6
9871 29
9872 5
9873 4
9874 13
9875 16
9876 6
9877 4
9878 16
9879 5
9880 23
9881 13
9882 2
9883 11
9884 7
9885 29
9886 7
9887 23
9888 2
9889 16
9890 6
9891 16
9892 0
9893 5
9894 6
9895 2
9896 4
9897 6
9898 18
9899 4
9900 4
9901 13
9902 12
9903 25
9904 6
9905 5
9906 8
9907 6
9908 5
9909 16
9910 28
9911 8
9912 13
9913 2
9914 7
9915 2
9916 18
9917 6
9918 16
9919 7
9920 8
9921 6
9922 4
9923 16
9924 16
9925 5
9926 7
9927 23
9928 5
9929 3
9930 23
9931 5
9932 4
9933 6
9934 16
9935 7
9936 6
9937 5
9938 6
9939 16
9940 2
9941 4
9942 7
9943 5
9944 6
9945 12
9946 10
9947 4
9948 5
9949 13
9950 16
9951 12
9952 8
9953 2
9954 5
9955 19
9956 4
9957 6
9958 2
9959 7
9960 16
9961 23
9962 6
9963 16
9964 12
9965 5
9966 5
9967 1
9968 25
9969 18
9970 6
9971 19
9972 16
9973 5
9974 5
9975 4
9976 23
9977 7
9978 21
9979 5
9980 4
9981 13
9982 11
9983 5
9984 10
9985 4
9986 8
9987 2
9988 2
9989 4
9990 6
9991 27
9992 2
9993 4
9994 5
9995 4
9996 5
9997 6
9998 18
9999 23
