0 700
0 705
0 205
0 918
0 100
0 932
0 541
0 669
0 489
1 552
1 488
1 637
1 857
1 897
1 771
1 22
1 219
1 226
1 581
1 723
2 6
2 846
2 918
2 47
2 985
2 909
2 900
2 948
3 122
3 155
3 712
3 119
3 820
3 710
3 403
3 831
3 38
3 955
3 421
3 989
4 909
4 777
4 173
4 796
4 346
4 754
4 861
5 160
5 345
5 117
5 549
5 576
5 566
5 194
5 358
5 174
6 131
6 691
6 223
6 177
6 911
6 336
6 924
6 165
6 139
6 660
6 638
6 9
6 931
6 10
6 95
6 202
7 604
7 700
7 358
7 760
7 189
8 516
8 523
8 235
8 431
8 145
8 775
8 941
8 264
8 723
9 554
9 642
9 785
9 52
9 140
9 918
9 335
9 850
9 947
9 590
9 719
9 449
10 638
10 826
10 700
10 431
10 469
10 349
10 692
10 263
10 558
10 125
10 780
10 818
10 236
10 764
10 656
10 182
11 607
11 900
11 140
11 915
11 658
11 266
11 737
11 796
11 395
11 542
12 700
12 778
12 893
12 403
12 572
12 81
12 598
12 993
12 932
12 601
12 47
12 386
13 888
13 509
13 454
13 87
13 588
13 378
13 737
13 885
13 851
13 204
13 317
13 873
13 831
13 360
13 216
13 596
13 298
13 506
13 696
14 14
14 540
14 36
14 340
14 471
14 570
14 842
14 638
14 484
14 178
14 113
14 44
14 675
14 723
15 780
15 850
15 539
15 83
15 118
15 166
15 786
15 483
15 465
15 492
16 315
16 797
16 255
16 328
16 96
16 764
16 998
16 524
16 611
16 182
16 852
16 800
17 812
17 955
17 144
17 366
17 70
17 511
17 609
17 59
17 42
18 781
18 441
18 822
18 97
18 753
18 279
18 348
19 340
19 639
19 295
19 21
19 107
19 431
19 993
19 742
19 370
20 131
20 579
20 909
20 529
20 995
20 867
20 608
20 931
20 192
20 851
20 202
21 604
21 651
21 654
21 764
21 998
21 189
21 43
21 966
21 121
21 303
21 937
21 193
21 229
21 927
22 90
22 268
22 261
22 794
22 743
22 579
22 255
22 219
22 363
22 431
22 581
22 440
23 362
23 681
23 581
23 961
23 970
23 892
23 360
23 395
23 913
23 378
23 513
23 845
23 351
23 49
23 488
23 868
23 182
24 842
24 604
24 359
24 443
24 287
24 590
24 926
25 516
25 485
25 673
25 120
25 688
25 524
25 75
25 793
25 359
25 362
25 452
25 613
25 506
25 246
25 232
25 682
25 417
25 824
25 40
25 831
25 920
25 707
25 868
26 573
26 589
26 905
26 635
26 669
26 931
26 798
27 900
27 910
27 837
27 771
27 994
27 820
27 541
27 170
27 155
27 682
27 664
27 374
28 923
28 359
28 812
28 904
28 993
28 472
28 230
28 77
28 601
28 477
29 61
29 893
29 219
29 624
29 694
29 466
29 793
29 562
29 666
29 329
29 919
29 925
29 256
29 369
29 790
29 622
29 222
29 812
29 998
29 703
29 445
30 993
30 419
30 295
30 768
30 949
30 395
31 169
31 993
31 936
31 179
31 659
31 80
31 490
31 462
31 349
31 875
31 915
31 931
32 510
32 657
32 455
32 592
32 138
32 571
32 492
32 479
32 316
33 265
33 779
33 864
33 617
33 626
33 349
33 173
33 44
33 247
33 203
33 878
34 550
34 658
34 571
34 429
34 590
34 588
34 558
34 954
34 120
34 761
34 660
34 185
34 926
34 543
34 657
34 948
34 449
35 372
35 169
35 355
35 795
35 849
35 296
35 203
35 879
35 201
35 241
35 590
35 870
35 271
36 672
36 151
36 714
36 883
36 111
36 636
36 48
36 455
37 925
37 829
37 975
37 848
37 317
37 279
37 363
37 101
38 569
38 589
38 488
38 735
39 275
39 399
39 954
39 998
39 287
39 584
39 60
39 387
39 601
39 141
39 910
39 439
40 589
40 431
40 108
40 581
40 895
40 899
40 293
40 51
40 364
40 655
41 311
41 709
41 182
41 713
41 497
41 960
41 362
41 543
42 50
42 431
42 935
42 231
42 523
42 819
42 339
42 470
42 855
42 66
42 752
42 521
42 368
42 273
43 868
43 919
43 733
43 864
43 527
43 674
43 772
43 148
43 765
43 572
44 900
44 132
44 634
44 681
44 761
44 451
44 145
44 470
44 417
44 493
44 985
44 542
44 100
44 357
44 575
44 660
44 578
44 238
44 436
44 65
44 760
44 50
44 631
44 328
44 782
44 622
44 999
45 211
45 196
45 103
45 99
45 436
45 309
45 891
45 888
45 422
45 589
45 998
45 790
46 691
46 597
46 953
46 980
46 612
46 59
46 734
46 879
46 492
46 343
47 205
47 900
47 954
47 993
47 435
47 563
47 636
47 411
47 334
47 989
47 780
47 165
47 55
47 732
47 131
47 481
47 154
47 775
47 971
47 119
47 531
47 143
47 916
47 579
47 443
47 511
47 868
47 453
47 552
47 428
47 319
47 348
48 127
48 516
48 413
48 696
48 497
48 439
49 998
49 590
49 849
49 450
49 480
50 842
50 555
50 190
50 975
50 559
50 478
50 691
50 638
50 657
50 984
51 900
51 83
51 796
51 593
51 989
51 931
52 623
52 794
52 93
52 733
52 512
52 886
52 417
52 485
52 383
52 812
52 497
52 703
52 590
52 824
52 916
52 325
53 579
53 164
53 829
53 704
53 644
53 283
53 334
53 386
54 130
54 485
54 954
54 814
54 393
54 431
54 530
54 308
54 931
54 988
55 417
55 714
55 869
55 644
55 862
55 781
55 997
55 935
55 349
55 931
55 696
55 851
55 370
55 440
56 130
56 86
56 310
56 480
56 516
56 167
56 325
56 581
56 742
56 953
56 926
56 798
56 800
57 570
57 936
57 120
57 982
57 605
57 471
58 423
58 472
58 527
58 438
58 227
58 590
59 557
59 950
59 138
59 753
59 134
59 702
59 261
59 812
59 558
59 803
59 297
59 564
59 314
59 453
59 795
59 529
60 727
60 993
60 871
60 492
60 922
60 128
60 381
60 370
60 195
60 214
60 82
60 394
60 616
60 87
60 659
60 498
61 569
61 436
61 699
61 364
61 287
61 648
61 675
62 700
62 589
62 943
62 772
62 683
62 94
62 405
62 352
63 557
63 604
63 651
63 423
63 548
63 596
63 692
64 451
64 789
64 704
64 221
64 896
64 817
64 275
64 191
64 913
64 202
65 275
65 456
65 528
65 414
65 192
66 168
66 635
66 558
66 278
66 498
66 72
67 557
67 573
67 950
67 95
67 872
67 894
67 497
67 541
67 262
68 700
68 807
68 431
68 273
68 711
68 115
69 564
69 992
69 521
69 216
69 669
69 600
69 834
69 952
69 739
70 671
70 684
70 998
70 454
70 752
70 796
70 741
70 997
71 509
71 181
71 92
71 912
71 559
71 723
71 963
71 141
71 832
72 275
72 187
72 304
72 318
72 981
72 852
72 89
72 325
72 78
72 764
72 166
72 859
72 482
72 236
72 741
72 993
72 861
72 196
73 700
73 516
73 639
73 554
73 947
73 540
74 700
74 589
74 954
74 392
74 682
74 478
74 636
74 322
74 841
74 202
75 770
75 863
75 222
75 121
75 775
75 825
75 192
75 627
75 391
75 840
75 232
75 925
75 307
75 753
75 590
75 398
75 395
76 102
76 492
76 590
76 656
76 528
76 90
76 504
76 103
76 963
76 730
76 588
76 279
76 270
76 349
76 430
76 861
76 140
76 357
76 202
77 888
77 464
77 107
77 590
77 302
77 401
77 153
77 437
77 213
77 473
77 612
77 330
77 381
77 483
77 545
77 738
77 858
77 508
77 553
77 452
77 663
77 95
77 435
78 993
78 213
78 120
78 520
78 595
78 564
78 204
79 700
79 747
79 581
79 405
79 92
79 921
79 482
79 217
79 781
79 620
79 843
79 176
79 187
79 88
79 901
80 187
80 900
80 954
80 455
80 767
80 255
80 431
80 930
81 727
81 647
81 307
81 475
81 782
81 317
81 313
81 856
82 267
82 884
82 296
82 776
82 175
82 335
82 806
82 179
82 279
82 218
83 130
83 200
83 998
83 581
83 626
83 658
83 106
83 577
83 332
83 826
83 829
83 608
83 825
83 852
83 320
83 435
83 415
83 309
83 276
83 815
83 501
83 232
83 758
83 507
83 437
83 375
83 985
83 775
83 723
83 301
83 584
83 288
83 624
83 686
84 581
84 478
84 931
84 742
84 501
84 808
84 253
84 686
84 343
85 443
85 561
85 518
85 434
85 431
85 656
86 516
86 589
86 368
86 91
86 187
86 631
86 439
86 772
86 967
86 656
87 424
87 440
87 188
87 471
87 463
87 95
88 285
88 683
88 471
88 538
88 588
88 633
88 595
88 552
88 492
88 796
89 152
89 383
89 306
89 232
89 435
89 521
89 571
89 969
89 680
89 856
90 411
90 838
90 377
90 575
90 311
90 973
90 659
90 105
91 215
91 431
91 993
91 590
91 910
91 804
92 125
92 94
92 665
92 301
92 347
92 155
92 408
92 875
92 218
92 224
93 954
93 797
93 687
93 581
93 776
93 845
93 270
93 931
93 114
93 800
94 552
94 979
94 516
94 711
94 492
94 941
94 358
94 702
94 274
94 348
94 816
94 520
94 359
94 469
94 128
94 932
94 721
94 646
94 484
94 590
94 601
95 606
95 485
95 684
95 590
95 989
95 306
95 618
95 947
95 232
95 555
95 249
95 117
95 661
95 143
96 886
96 937
96 265
96 789
96 998
96 594
96 583
96 418
96 117
96 881
96 212
96 273
96 129
97 842
97 113
97 897
97 847
97 166
97 116
97 720
97 601
97 327
98 151
98 285
98 904
98 497
98 701
98 492
98 932
99 998
99 610
99 590
99 176
100 372
100 259
100 160
100 957
100 168
100 853
100 737
100 804
101 589
101 567
101 472
101 238
101 353
101 988
101 747
101 966
101 915
101 225
101 763
102 340
102 485
102 900
102 540
102 893
102 287
102 472
102 957
102 163
102 582
103 291
103 855
103 129
103 569
103 213
103 731
103 677
103 512
103 655
104 509
104 173
104 466
104 686
104 457
104 834
104 719
105 695
105 895
105 344
105 150
106 905
106 572
106 558
106 220
106 455
107 877
107 843
107 466
107 781
107 385
107 875
107 974
107 189
107 266
108 673
108 135
108 748
108 946
108 450
108 327
108 452
109 211
109 954
109 509
109 754
109 905
109 571
109 288
109 661
110 993
110 667
110 729
110 156
110 658
111 900
111 782
111 951
111 535
111 673
111 399
111 163
111 988
111 655
111 445
112 737
112 334
112 753
112 433
112 328
112 903
113 484
113 492
113 477
113 302
113 395
113 197
113 608
113 723
114 998
114 307
114 931
114 455
114 376
114 769
114 983
114 621
114 499
114 944
114 740
114 531
115 529
115 184
115 392
115 522
115 846
115 478
115 253
115 500
116 275
116 662
116 673
116 423
116 149
116 422
116 284
117 775
117 733
117 931
117 939
117 684
117 865
117 952
117 176
118 516
118 496
118 685
118 157
118 672
118 959
118 140
118 847
118 404
118 461
118 809
118 431
118 897
118 492
119 594
119 922
119 162
119 652
119 537
119 973
119 827
119 508
120 529
120 272
120 541
120 812
120 423
120 998
120 581
120 596
120 783
120 694
120 861
121 311
121 700
121 300
121 789
121 876
121 675
121 989
121 883
122 588
122 552
122 999
122 937
122 934
122 495
122 952
123 169
123 773
123 426
123 639
123 247
123 784
123 195
123 937
123 904
123 716
123 398
123 534
123 696
124 399
124 954
124 175
124 641
124 884
124 889
124 380
124 283
124 693
124 677
124 766
125 407
125 649
125 772
125 125
125 664
125 822
125 618
125 634
125 879
125 505
125 164
125 786
125 953
125 487
125 187
125 950
125 370
125 903
125 359
125 493
125 703
125 896
125 930
126 200
126 900
126 424
126 493
126 576
126 683
126 974
126 591
126 913
127 925
127 666
127 590
127 137
127 558
127 140
127 631
127 249
128 581
128 213
128 940
128 544
128 741
128 686
128 334
128 308
128 502
128 438
129 130
129 248
129 156
129 533
129 607
129 981
129 501
129 767
129 742
129 497
129 482
129 202
130 579
130 372
130 347
130 803
130 602
130 905
130 275
130 549
130 627
130 954
130 715
130 681
130 645
130 735
131 742
131 512
131 603
131 912
131 691
131 570
131 842
131 900
131 236
131 676
131 839
131 887
131 793
131 956
132 700
132 232
132 461
132 672
132 534
132 649
132 378
132 891
132 327
132 428
132 669
132 717
132 140
132 936
132 998
132 472
133 409
133 338
133 146
133 615
133 399
133 849
133 641
133 812
133 989
134 912
134 826
134 388
134 976
134 573
134 911
134 798
134 856
134 440
135 224
135 577
135 350
135 251
135 472
135 625
135 181
135 997
135 218
135 913
136 469
136 492
136 727
136 388
136 586
136 803
137 565
137 589
137 904
137 270
137 932
137 636
138 557
138 417
138 974
138 492
138 555
138 299
138 385
139 579
139 649
139 621
139 796
139 916
139 368
139 607
139 391
139 590
139 860
139 641
140 967
140 877
140 244
140 506
140 966
140 406
140 151
140 937
140 749
140 989
140 890
140 589
140 761
140 974
140 568
140 729
140 788
140 748
140 792
140 734
140 205
140 652
140 993
140 790
141 720
141 936
141 911
141 993
141 584
142 787
142 814
142 423
142 492
142 262
142 498
142 783
143 171
143 700
143 668
143 743
143 304
143 348
143 202
143 508
144 389
144 446
144 171
144 212
144 581
145 431
145 454
145 567
145 217
145 279
146 750
146 391
146 989
146 860
146 178
147 799
147 513
147 967
147 713
147 857
147 284
147 891
147 686
147 767
147 449
147 452
148 787
148 867
148 232
148 583
148 176
148 466
148 650
148 367
148 512
148 354
148 334
148 719
149 161
149 571
149 281
149 580
149 199
149 318
149 245
149 272
149 416
149 993
149 587
149 719
149 393
149 300
149 740
149 990
149 931
149 952
150 864
150 239
150 409
150 972
150 993
150 682
150 286
151 937
151 700
151 429
151 479
151 547
152 244
152 561
152 260
152 308
152 566
152 759
152 907
152 400
152 404
152 646
152 936
152 752
152 675
152 457
153 456
153 658
153 540
153 304
153 243
153 284
153 999
153 653
153 581
153 682
153 810
153 374
154 301
154 634
154 610
154 636
154 970
154 746
154 395
155 842
155 700
155 443
155 757
155 282
155 899
155 326
155 743
155 331
155 952
156 170
156 581
156 522
156 543
156 759
156 796
157 340
157 900
157 304
157 911
158 651
158 292
158 414
158 865
158 998
158 626
158 449
159 469
159 563
159 487
159 169
159 431
159 735
159 345
159 730
160 570
160 643
160 712
160 443
160 168
160 724
160 589
160 992
160 590
160 693
160 471
160 444
161 662
161 545
161 746
161 793
161 714
161 541
161 943
161 680
161 858
162 979
162 900
162 777
162 829
162 751
162 843
162 590
162 493
162 395
162 471
163 210
163 431
163 497
163 415
163 734
163 564
163 795
163 802
163 865
163 366
163 862
163 323
163 924
163 254
163 403
163 200
163 590
163 373
164 909
164 622
164 265
164 534
164 674
164 423
164 635
164 871
164 657
164 659
164 988
164 293
165 579
165 619
165 315
165 635
165 492
165 943
165 346
165 719
165 536
165 352
166 833
166 248
166 431
166 993
166 590
166 350
166 231
166 575
167 187
167 972
167 942
167 200
168 592
168 520
168 502
168 333
168 338
168 619
168 437
168 815
168 933
168 182
169 580
169 938
169 944
169 762
169 290
169 389
169 504
169 564
169 581
169 896
169 636
169 395
170 647
170 663
170 856
170 347
170 201
170 435
170 782
170 299
170 518
170 331
170 786
170 664
171 928
171 451
171 559
171 188
171 712
171 573
171 700
171 492
171 518
172 757
172 532
172 728
172 566
172 801
172 840
172 506
173 464
173 671
173 674
173 775
173 502
173 887
173 859
173 368
173 626
173 365
173 519
173 390
173 525
173 526
173 851
174 842
174 342
174 405
174 516
174 933
174 717
174 600
174 891
174 955
175 196
175 954
175 472
175 848
175 220
175 222
175 398
175 407
175 578
175 341
176 700
176 400
176 556
176 728
176 475
176 331
177 638
177 774
177 792
177 363
177 880
177 635
177 474
177 299
177 854
178 954
178 756
178 323
178 498
178 293
178 390
178 202
179 826
179 294
179 472
179 935
179 925
179 425
179 395
179 948
180 244
180 713
180 998
180 952
180 345
181 579
181 232
181 688
181 927
181 636
181 931
181 449
182 431
182 347
182 846
182 199
182 383
182 369
182 915
183 627
183 561
183 964
183 331
183 775
183 958
183 796
183 661
183 856
184 607
184 516
184 274
184 550
184 888
185 700
185 792
185 911
185 283
185 576
185 776
185 638
185 548
185 813
185 186
185 601
185 540
186 242
186 531
186 815
186 570
186 604
187 937
187 564
187 787
187 935
187 972
187 700
187 424
187 631
187 986
187 534
187 374
187 800
187 999
188 342
188 607
188 646
188 720
188 291
188 400
188 629
188 218
189 995
189 744
189 472
189 581
189 216
189 563
189 496
189 488
189 540
189 479
189 377
190 265
190 905
190 472
190 590
190 406
191 900
191 431
191 703
191 256
191 524
191 935
191 379
191 591
192 590
192 726
192 530
192 551
192 954
192 662
192 948
192 978
193 431
193 413
193 292
193 865
194 700
194 993
194 304
194 492
194 398
194 768
194 931
194 202
195 215
195 973
195 630
195 828
195 932
196 319
196 591
196 712
196 589
196 218
197 614
197 592
197 748
197 403
197 591
197 778
197 205
197 696
197 220
197 351
197 822
198 399
198 416
198 849
198 284
198 604
198 808
198 736
198 839
198 401
199 479
199 977
199 267
199 907
199 274
199 395
200 833
200 370
200 895
200 317
200 446
200 589
200 524
201 872
201 604
201 468
201 241
201 496
201 829
201 305
202 909
202 712
202 497
202 296
202 452
202 680
202 229
202 535
202 703
202 335
202 782
202 390
202 985
202 359
202 774
202 570
202 932
202 247
202 845
202 562
202 683
202 957
203 338
203 561
203 399
203 700
203 900
203 446
203 973
203 982
203 534
203 882
204 877
204 548
204 454
204 272
204 901
204 514
204 302
205 700
205 633
205 419
205 992
205 334
205 522
205 312
205 298
205 798
206 487
206 492
206 324
206 931
206 302
206 637
206 365
206 980
206 900
206 330
206 348
206 449
207 372
207 724
207 225
207 589
207 265
207 479
207 524
207 264
208 375
208 900
208 932
208 796
208 819
208 760
209 453
209 976
209 478
209 645
209 327
209 582
209 935
209 855
209 682
209 806
209 885
209 305
210 700
210 705
210 691
210 702
210 310
210 581
210 283
210 249
211 464
211 294
211 765
211 640
211 631
211 681
211 734
211 484
211 395
212 431
212 472
212 555
212 732
212 796
212 774
212 701
212 820
212 812
212 297
212 350
212 448
212 352
212 948
213 239
213 688
213 649
213 722
213 566
213 875
213 527
213 590
213 946
213 878
213 913
214 638
214 700
214 900
214 637
214 498
214 460
214 367
215 638
215 414
215 830
215 423
215 657
216 687
216 634
216 226
216 548
216 492
216 640
216 696
216 858
216 878
217 893
217 931
217 669
217 462
217 727
218 842
218 564
218 702
218 472
218 681
218 781
218 929
218 769
218 762
218 815
218 357
218 949
218 244
218 396
218 526
218 642
218 258
219 219
219 395
219 309
219 772
219 707
219 958
219 432
219 612
219 742
219 446
219 569
219 776
219 993
219 817
219 743
219 812
219 911
219 382
219 811
219 970
220 472
220 229
220 964
220 544
220 411
220 995
220 891
220 674
220 777
220 501
220 297
220 622
220 479
220 612
220 655
221 750
221 972
221 429
221 590
221 664
222 395
222 427
222 980
222 534
223 909
223 904
223 993
223 957
223 492
224 589
224 547
224 554
225 700
225 750
225 594
225 344
225 800
225 307
225 891
225 449
226 541
226 965
226 907
226 228
226 248
226 472
226 734
226 591
226 632
227 235
227 993
227 617
227 367
227 931
227 373
228 973
228 675
228 866
228 250
229 407
229 795
229 876
229 431
229 581
229 963
229 502
229 579
229 566
229 851
230 399
230 976
230 993
230 307
230 764
230 492
230 429
230 522
230 246
231 691
231 700
231 248
231 590
231 255
231 773
231 878
232 399
232 648
232 254
232 436
232 624
232 659
232 368
232 747
232 976
232 811
232 822
233 918
233 291
233 899
233 484
233 937
233 718
233 802
234 469
234 684
234 472
234 530
234 304
234 484
234 996
234 279
234 628
235 900
235 738
235 396
235 968
235 780
236 850
236 883
236 830
236 885
236 790
236 810
236 829
236 993
236 998
236 617
236 590
236 824
237 842
237 682
237 492
237 441
237 415
237 242
237 533
237 419
238 538
238 702
238 635
238 837
238 492
238 625
238 661
238 508
239 646
239 395
239 366
239 674
239 472
239 381
239 590
240 338
240 376
240 636
240 252
240 677
240 735
241 815
241 304
241 534
242 501
242 998
242 896
242 961
242 454
242 588
242 279
243 627
243 431
243 492
243 522
243 609
243 813
243 428
244 724
244 833
244 671
244 566
244 488
244 581
244 822
245 399
245 905
245 277
245 505
245 414
245 881
246 799
246 700
246 711
246 589
246 682
246 478
246 591
246 349
246 697
246 290
246 560
247 928
247 807
247 845
247 260
247 891
248 780
248 764
248 401
248 282
248 454
248 477
249 900
249 488
249 314
249 475
249 979
249 564
249 434
249 940
249 331
250 954
250 357
250 796
250 425
250 752
250 969
251 842
251 580
251 307
251 577
251 601
252 516
252 392
252 681
252 980
252 683
252 810
252 931
252 707
252 352
253 583
253 544
253 928
253 962
253 952
254 581
254 704
254 358
254 416
254 977
254 843
254 796
254 707
254 373
255 691
255 797
255 806
255 581
255 484
255 585
256 972
256 520
256 607
256 376
256 840
257 691
257 937
257 868
257 392
257 716
257 849
257 828
257 500
258 314
258 472
258 721
258 330
258 782
258 806
258 914
258 559
258 259
258 381
258 796
259 724
259 959
259 736
259 443
259 658
259 725
260 307
260 492
260 636
260 515
260 696
260 691
260 646
260 543
260 719
260 603
260 952
260 572
261 435
261 690
261 318
261 603
262 967
262 478
262 498
262 776
262 425
262 872
262 901
262 832
263 579
263 715
263 795
263 303
263 928
263 436
263 307
263 635
263 581
263 429
263 984
264 400
264 497
264 581
264 532
264 957
264 873
264 844
264 462
264 393
264 899
264 938
264 287
264 768
264 466
264 870
264 499
265 779
265 829
265 617
265 810
265 430
265 347
265 985
265 679
265 900
265 758
265 524
265 433
265 998
265 860
265 455
266 517
266 431
266 637
266 348
267 267
267 880
267 971
267 295
267 408
268 639
268 759
268 770
268 679
268 497
268 492
269 338
269 416
269 497
269 726
269 930
269 749
270 747
270 285
270 838
270 555
270 929
271 498
271 601
271 596
271 896
272 842
272 662
272 589
272 783
272 499
272 952
273 682
273 348
273 327
273 811
274 338
274 974
274 826
275 275
275 912
275 842
275 882
275 604
275 524
275 871
275 304
275 678
275 959
275 459
275 540
275 586
275 503
275 359
275 487
275 435
275 756
275 938
275 954
275 581
275 324
275 590
275 299
275 696
275 348
275 572
276 673
276 933
276 627
276 803
277 550
277 770
277 945
277 757
277 527
278 651
278 998
278 650
278 350
279 357
279 746
279 414
279 280
279 344
279 598
279 689
279 975
279 548
279 677
280 808
280 291
280 829
280 810
280 822
281 423
281 497
281 799
281 789
281 848
281 896
281 492
281 811
282 490
282 494
282 589
282 856
283 493
283 778
283 916
283 836
283 492
283 710
283 395
284 884
284 992
284 704
284 837
284 612
285 967
285 622
285 472
285 581
285 304
285 492
285 349
286 579
286 842
286 638
286 516
287 589
287 333
287 307
287 581
287 591
287 677
287 735
287 534
288 923
288 842
288 665
288 998
288 345
288 958
288 596
288 882
288 964
288 716
288 590
288 657
289 672
289 561
289 451
289 932
289 636
289 657
289 322
289 793
289 952
290 754
290 993
290 497
290 492
290 432
291 372
291 886
291 470
291 914
291 766
291 673
291 958
291 993
291 555
291 856
292 764
292 765
292 708
292 549
292 735
293 954
293 571
293 322
294 406
294 380
294 449
294 808
294 574
294 589
294 443
294 940
294 889
295 570
295 905
295 591
295 601
295 540
295 861
296 992
296 304
296 682
296 590
296 953
297 561
297 812
297 905
297 793
297 726
298 700
298 764
298 590
298 664
298 788
298 726
299 342
299 900
299 785
299 472
299 581
299 528
299 460
299 894
299 722
299 343
300 886
300 646
300 323
300 819
300 735
300 871
300 353
300 952
301 589
301 487
301 691
301 617
301 908
301 530
301 952
302 691
302 663
302 635
302 369
302 731
302 901
302 310
302 345
302 534
303 665
303 689
303 324
304 954
304 306
304 724
304 466
304 515
304 893
304 864
304 401
304 830
304 482
304 579
304 560
304 721
304 965
304 492
304 675
305 516
305 584
305 868
305 985
305 520
305 313
305 735
305 678
305 640
305 952
305 449
305 739
306 646
306 412
306 811
306 935
306 613
306 960
306 561
306 492
306 609
307 606
307 700
307 688
307 938
307 973
307 529
307 465
307 407
307 867
307 484
307 906
307 968
307 440
307 444
307 494
307 778
307 786
307 472
307 454
307 679
307 952
308 627
308 516
308 392
308 992
308 497
308 870
308 988
308 851
309 959
309 589
309 900
309 880
309 345
309 479
309 343
310 899
310 497
310 447
310 581
310 784
311 340
311 460
311 700
311 808
311 849
311 669
312 579
312 435
312 491
312 535
312 796
313 760
313 834
313 517
313 737
313 882
314 570
314 487
314 582
314 673
314 341
315 469
315 511
315 461
315 914
315 828
315 400
315 426
316 954
316 795
316 636
316 438
316 414
316 718
316 325
317 350
317 590
317 686
318 329
318 817
318 564
318 990
319 596
319 961
319 696
319 856
319 504
320 700
320 918
320 770
320 484
320 555
320 590
320 980
320 498
320 696
321 380
321 673
321 684
321 472
321 464
321 479
321 840
321 693
321 349
321 467
321 370
322 638
322 772
322 590
322 434
322 714
322 790
322 444
323 570
323 574
323 663
323 580
323 512
323 388
323 997
324 876
324 581
324 528
324 763
324 507
324 949
324 351
324 907
324 999
324 978
325 998
325 868
325 664
325 688
325 706
326 619
326 778
326 337
326 344
326 649
326 509
326 786
326 362
326 595
326 379
326 451
326 397
326 687
326 994
326 561
326 956
326 933
326 464
327 790
327 621
327 625
327 796
327 721
327 763
327 700
327 505
328 472
328 518
328 411
328 858
329 443
329 730
329 544
329 626
329 438
329 646
329 762
329 610
329 479
330 579
330 635
330 479
330 744
330 656
330 670
331 375
331 700
331 409
331 492
331 971
331 861
332 997
332 437
332 564
332 581
333 711
333 939
333 497
333 618
333 675
333 822
334 524
334 751
334 649
334 529
335 912
335 392
335 775
335 819
335 992
335 530
335 884
336 775
336 592
336 530
336 859
336 590
336 980
336 353
337 649
337 548
337 753
337 639
337 404
337 524
337 591
338 557
338 543
338 723
338 414
338 672
338 485
338 621
338 611
338 725
338 550
338 581
338 856
339 638
339 900
339 939
339 497
339 810
339 832
339 373
340 561
340 737
340 797
340 776
340 368
340 902
340 538
340 974
340 703
340 848
341 516
341 969
341 595
341 704
341 719
342 342
342 356
342 602
342 937
342 789
342 560
342 974
342 591
343 904
343 522
343 858
343 654
343 893
343 391
344 864
344 702
344 400
344 413
344 571
344 655
345 479
345 360
345 772
345 945
346 431
346 498
346 920
346 742
346 702
347 639
347 487
347 400
347 581
347 810
347 741
347 696
348 979
348 484
348 970
348 834
348 470
348 768
348 769
348 622
348 593
348 985
348 660
348 839
348 800
348 752
349 399
349 847
349 815
349 656
349 965
349 494
349 499
349 931
350 573
350 900
350 652
350 581
350 707
351 733
351 554
351 870
351 609
351 786
352 687
353 492
353 596
353 920
353 973
353 639
353 871
353 861
354 842
354 992
354 974
354 776
354 615
354 950
354 588
354 802
355 479
355 590
355 404
355 399
355 819
355 390
355 852
356 684
356 761
356 429
356 600
357 393
357 932
357 824
357 756
357 848
357 467
358 537
358 744
358 381
358 479
358 836
358 840
358 916
358 931
358 881
359 679
359 751
359 933
359 472
359 405
359 482
360 569
360 629
360 796
360 868
360 925
360 952
361 665
361 526
361 425
361 746
361 553
361 484
361 492
362 564
362 913
362 619
362 762
362 423
362 497
362 861
363 588
363 774
363 424
363 457
363 641
363 898
363 993
363 472
363 778
363 849
363 655
364 479
364 839
364 743
365 437
365 899
365 493
365 766
366 472
366 581
366 869
366 480
367 993
367 454
367 662
367 406
367 374
368 900
368 898
368 423
369 853
369 454
369 699
369 649
369 503
369 610
369 609
369 765
369 630
370 715
370 811
370 618
370 967
370 965
371 563
371 449
371 830
371 535
371 581
371 723
372 627
372 436
372 659
372 543
372 431
372 456
372 942
372 440
373 561
373 910
373 811
373 680
373 599
373 539
373 965
373 726
373 769
373 492
373 571
373 776
373 849
373 459
374 895
374 521
374 509
375 537
375 538
375 944
375 399
375 954
375 967
375 657
376 900
376 410
376 491
376 414
376 484
376 492
376 524
377 725
377 487
377 810
377 997
378 619
378 954
378 620
378 420
378 443
378 490
378 803
378 480
378 395
378 542
379 570
379 799
379 606
379 497
379 781
379 700
379 808
379 400
379 472
379 597
379 556
379 518
380 516
380 417
380 617
380 927
380 458
380 801
380 497
380 603
381 517
381 485
381 900
381 698
381 787
381 644
381 684
381 492
382 557
382 910
382 993
382 404
382 790
382 947
383 842
383 900
383 431
383 837
383 957
383 741
383 440
384 700
384 755
384 397
384 965
384 696
385 842
385 604
385 918
385 719
386 905
386 636
386 661
386 873
386 747
386 626
386 485
386 763
387 579
387 910
387 989
387 815
388 541
388 601
388 721
389 588
389 626
389 967
389 413
389 998
389 658
389 449
390 552
390 700
390 687
390 521
390 474
390 579
390 493
390 999
391 838
391 567
391 455
391 873
391 530
392 611
392 889
392 998
392 798
393 462
393 920
393 506
393 681
394 959
394 847
394 900
394 993
394 888
394 472
394 583
394 449
395 672
395 561
395 755
395 484
395 615
395 398
395 981
395 528
395 745
395 779
395 962
395 542
395 909
395 829
396 615
396 544
396 960
396 900
396 991
396 993
396 581
396 966
396 603
396 661
397 842
397 838
397 487
397 730
397 581
397 871
397 650
397 913
398 636
398 775
398 957
398 662
398 642
398 718
399 651
399 407
399 662
399 898
399 774
399 415
399 420
399 848
399 432
399 679
399 889
400 900
400 713
400 488
400 660
400 567
400 514
400 700
400 573
400 841
400 883
400 503
400 491
400 470
400 489
400 603
401 409
401 620
401 714
401 984
401 633
401 402
402 604
402 785
402 570
402 659
402 863
402 809
402 472
402 581
403 998
403 594
403 492
403 479
404 460
404 853
404 431
404 870
404 512
404 929
405 900
405 998
405 892
406 424
406 776
406 632
406 993
406 667
406 483
406 719
407 638
407 889
407 700
407 642
407 993
407 478
407 719
407 436
408 472
408 933
408 562
408 860
409 691
409 700
409 486
409 934
409 758
409 436
409 655
409 863
409 604
409 770
409 617
409 492
409 590
409 767
409 818
410 755
410 609
410 617
410 825
410 834
411 472
411 590
411 421
411 935
412 847
412 438
412 658
412 840
413 694
413 561
413 472
413 514
413 625
413 981
413 931
414 525
414 703
414 472
414 634
414 539
414 913
414 988
414 685
414 708
414 601
415 911
415 522
415 524
416 589
416 900
416 991
416 638
416 982
416 627
416 629
416 989
416 804
417 871
417 631
417 565
417 431
417 548
417 581
418 614
418 700
418 464
418 456
419 497
419 931
419 696
419 890
420 887
420 956
420 594
420 722
420 532
420 498
420 988
420 686
420 861
421 702
421 522
421 524
422 673
422 898
422 976
422 846
422 893
422 931
423 747
423 871
423 531
423 652
423 688
423 833
423 643
423 544
423 530
423 514
423 457
424 753
424 578
424 442
424 562
424 430
424 429
424 817
424 954
424 995
424 492
425 691
425 497
425 590
425 636
426 770
426 774
426 464
427 672
427 668
427 933
427 849
428 686
428 920
428 924
429 789
429 963
429 877
429 893
429 668
429 720
430 465
430 817
430 514
431 965
431 702
431 456
431 736
431 992
431 764
431 443
431 757
431 463
431 464
431 922
431 664
431 477
431 657
431 928
431 711
431 511
431 645
431 857
431 991
431 632
431 873
431 583
431 929
431 968
431 636
431 656
431 816
432 577
432 513
433 754
433 714
433 870
433 669
433 962
433 703
434 567
434 712
434 713
434 555
435 472
435 452
435 532
435 630
436 972
437 557
437 792
437 752
437 750
437 900
437 954
437 878
438 589
438 647
438 845
438 768
438 896
438 962
439 461
439 760
439 476
440 584
440 624
441 900
441 488
441 582
441 791
442 604
442 700
442 492
442 931
443 674
443 443
443 747
443 595
443 471
443 553
443 498
443 937
443 924
443 869
443 841
443 454
443 572
444 923
444 691
444 842
444 920
444 680
444 934
444 713
444 742
444 654
444 849
445 909
445 896
445 689
445 541
446 899
446 990
446 594
446 521
447 561
447 925
447 674
447 971
447 952
448 589
448 647
448 681
448 562
448 626
448 759
448 590
449 554
449 729
449 742
449 560
449 513
450 577
450 479
450 534
451 484
451 783
451 823
451 671
451 636
451 810
451 760
452 900
452 492
452 612
453 826
453 647
453 570
453 832
453 479
453 522
453 524
453 643
454 792
454 993
454 903
454 542
454 551
454 533
454 473
454 817
454 613
454 781
454 498
454 492
454 590
454 481
455 663
455 942
455 614
456 842
456 668
456 925
456 524
456 963
456 590
457 933
457 896
458 695
458 668
458 827
458 849
458 920
458 544
459 900
459 840
459 590
459 534
460 787
460 634
460 720
460 968
460 697
460 757
460 993
460 556
461 918
461 698
461 497
461 686
461 696
462 700
462 589
462 764
463 513
463 761
463 674
463 609
464 561
464 700
464 506
464 859
464 673
464 993
464 703
464 530
464 696
465 581
465 485
466 928
466 773
467 700
467 937
467 648
468 877
468 896
468 590
468 685
469 969
469 549
469 493
469 509
469 897
469 696
470 665
470 668
470 683
471 636
471 936
471 558
471 500
471 766
471 821
471 900
472 688
472 701
472 676
472 561
472 840
472 693
472 811
472 755
472 679
472 666
472 669
472 556
472 686
472 681
472 604
472 514
472 793
472 902
472 782
472 569
472 908
472 708
472 954
472 942
472 645
472 739
473 900
473 474
473 931
473 570
473 792
474 550
474 993
474 899
475 550
475 914
475 599
475 889
475 641
475 587
476 684
476 609
476 962
476 639
476 503
477 939
477 993
477 496
477 867
477 980
477 819
478 487
478 666
478 796
478 931
479 709
479 608
479 528
479 834
479 609
479 703
479 686
479 894
479 660
479 495
479 723
479 727
479 768
479 632
479 576
479 603
480 589
480 501
480 669
480 952
481 534
481 489
481 599
481 993
481 928
482 700
482 931
483 684
483 548
483 891
483 655
483 601
484 905
484 974
484 650
484 803
484 508
484 852
484 559
484 987
484 798
484 853
484 986
484 919
484 771
484 977
484 630
484 747
484 594
484 735
484 755
484 549
484 542
484 651
485 928
485 893
485 525
485 845
485 917
485 650
485 906
485 871
485 998
485 916
485 913
486 912
486 646
486 900
486 954
486 702
486 611
486 849
486 997
487 900
487 929
487 800
488 905
488 524
489 705
489 977
489 590
489 849
490 900
490 607
490 966
491 993
491 849
491 987
491 568
492 689
492 558
492 492
492 957
492 773
492 904
492 668
492 867
492 804
492 598
492 578
492 860
492 740
492 849
492 975
492 847
492 540
492 908
492 564
492 653
492 708
492 807
492 520
492 544
492 581
492 543
492 990
492 522
492 983
492 811
492 843
492 621
492 891
492 531
492 971
492 986
492 679
492 883
492 590
492 913
493 739
493 927
493 716
493 931
494 674
494 687
494 897
494 816
494 590
495 672
495 684
495 993
495 831
495 649
496 646
496 560
496 820
496 780
496 874
496 634
496 726
496 792
496 509
496 796
497 965
497 972
497 976
497 905
497 939
497 820
497 836
497 501
497 663
497 798
497 985
497 543
497 517
497 521
497 838
497 949
497 717
497 989
497 872
497 562
497 691
497 839
497 606
497 551
497 688
497 548
498 904
498 872
498 607
498 736
499 557
499 671
500 849
500 950
500 636
501 646
501 727
501 639
501 919
501 709
501 572
502 886
502 746
502 815
502 926
502 997
503 561
503 516
503 567
503 972
503 993
503 977
503 524
504 691
504 513
504 993
504 535
504 705
504 878
504 560
504 755
505 764
505 970
506 525
506 628
506 878
506 952
507 997
507 732
507 600
508 509
509 509
509 718
509 788
509 901
509 766
509 842
510 886
510 513
510 516
510 737
510 989
510 840
510 778
510 696
511 700
511 900
511 609
511 824
512 663
512 863
512 623
513 866
513 545
513 720
513 804
513 684
513 947
513 921
514 899
514 528
514 827
514 910
514 949
514 571
514 597
515 522
515 524
515 590
515 749
515 748
515 548
515 591
515 723
515 719
516 552
516 866
516 516
516 994
516 763
516 718
516 958
516 879
516 685
516 798
516 940
516 740
516 573
516 530
516 929
516 964
516 578
516 894
516 953
516 911
516 878
517 937
517 849
517 566
517 700
517 684
518 619
518 812
518 848
518 758
519 700
519 993
519 558
519 779
519 540
520 654
521 646
521 892
521 590
521 796
521 997
522 888
522 811
522 880
522 729
522 960
522 650
522 805
522 563
522 642
522 922
522 884
522 813
522 625
523 838
523 672
523 882
523 831
523 590
523 784
523 696
524 555
524 611
524 943
524 559
524 576
524 911
524 751
524 684
524 587
524 904
524 750
524 610
524 818
524 791
524 936
524 774
524 754
524 998
524 528
524 848
524 665
524 989
524 735
525 533
525 736
525 808
525 900
525 871
525 766
525 719
526 570
526 993
526 635
526 636
526 913
527 704
527 969
527 812
527 657
527 602
527 735
528 866
528 806
529 604
529 738
529 674
529 823
529 933
530 551
530 892
530 878
530 766
531 857
531 755
531 615
532 561
532 700
532 900
532 889
532 618
533 704
533 747
533 806
533 761
533 755
533 686
534 700
534 711
534 963
534 657
534 988
534 714
534 784
534 953
534 663
535 698
535 804
536 589
536 848
536 657
536 834
536 603
537 613
537 867
537 660
537 954
537 717
537 934
538 900
538 869
538 878
539 623
539 589
539 541
539 931
540 945
540 654
540 567
540 929
541 923
542 850
542 625
542 961
543 928
543 660
543 618
543 973
543 700
543 646
543 989
544 560
544 750
544 616
544 821
544 808
545 995
545 715
545 684
545 897
545 580
546 850
546 581
546 558
546 818
546 603
546 931
546 696
547 711
547 648
547 682
547 591
547 931
547 941
548 902
548 774
548 771
548 682
549 852
549 567
549 904
549 831
549 842
549 590
549 931
550 588
550 550
550 656
550 699
550 642
550 599
550 843
550 765
551 652
551 753
551 872
551 932
551 636
552 577
552 916
552 954
552 652
553 557
553 998
553 571
553 590
554 554
554 947
554 601
554 661
555 702
555 735
556 923
556 981
557 891
557 621
557 609
557 812
557 798
558 700
558 897
558 936
558 702
559 667
559 732
559 670
560 700
560 632
560 867
560 864
560 636
560 953
561 614
561 838
561 836
561 701
561 914
561 883
561 636
561 774
561 682
561 887
561 900
561 565
561 954
561 677
562 972
562 970
562 885
562 948
563 726
563 880
564 662
564 932
564 776
564 950
564 677
565 715
565 764
565 954
565 720
565 647
565 649
565 719
566 764
566 590
566 731
567 864
567 677
567 723
568 838
568 732
568 860
568 696
568 851
568 843
569 994
569 748
569 706
569 826
569 633
569 700
569 781
569 696
570 579
570 691
570 915
570 587
570 723
570 845
570 703
570 891
570 586
570 769
570 849
570 886
570 757
570 946
570 931
570 878
571 574
571 842
571 900
571 986
571 797
571 636
571 931
571 962
571 821
572 874
572 706
572 899
572 953
572 607
573 709
573 664
573 926
573 891
574 825
574 917
574 931
575 633
575 866
575 943
576 759
576 905
576 993
576 890
577 797
577 881
577 959
577 704
577 858
577 636
578 700
578 900
578 777
578 993
579 923
579 579
579 830
579 580
579 885
579 892
579 846
579 973
579 961
579 850
579 998
579 694
580 627
580 799
580 868
581 897
581 587
581 837
581 871
581 848
581 604
581 906
581 706
581 771
581 923
581 914
581 981
581 674
581 608
581 924
581 747
581 665
581 986
581 859
581 795
581 649
581 872
581 968
581 599
581 671
581 659
581 972
581 678
581 900
581 611
581 869
581 657
582 590
583 900
583 681
583 810
583 864
583 634
584 933
584 607
584 643
584 887
584 895
584 931
584 655
585 799
585 631
585 812
585 775
585 884
585 693
586 676
586 778
586 595
587 700
587 768
587 590
587 796
588 741
588 902
588 752
588 845
588 700
588 589
588 778
589 808
589 792
589 847
589 759
589 589
589 917
589 771
589 879
589 874
589 898
589 779
589 832
589 777
589 923
589 994
589 754
589 604
589 815
589 702
589 744
589 704
589 723
590 757
590 993
590 615
590 803
590 625
590 609
590 839
590 590
590 629
590 934
590 680
590 666
590 623
590 919
590 979
590 631
590 898
590 958
590 662
590 971
590 695
590 802
590 628
590 598
590 739
590 991
590 619
590 879
590 823
590 702
590 593
590 741
590 603
590 889
590 945
590 810
590 786
590 704
590 754
590 792
590 719
590 736
590 937
590 892
590 999
590 881
590 961
591 942
591 838
591 835
591 691
591 798
592 888
592 928
592 708
593 842
593 905
593 927
593 819
594 697
594 799
594 933
594 650
595 691
595 772
595 963
595 609
595 636
595 783
595 932
596 772
596 951
596 972
596 887
596 826
596 931
596 704
596 890
597 695
597 932
597 907
597 863
597 856
597 952
598 669
598 921
599 625
600 658
600 761
600 669
600 646
601 969
601 840
601 873
601 926
601 773
601 732
601 734
601 723
601 689
601 837
602 981
602 776
602 980
603 918
603 904
603 931
603 719
603 992
604 604
604 971
604 934
604 914
604 819
604 682
604 916
604 655
605 954
605 690
605 804
605 791
605 841
606 826
606 610
606 654
606 863
606 827
606 620
606 931
606 832
607 985
607 941
607 998
607 961
608 619
608 614
608 646
608 696
609 684
609 685
609 850
609 973
609 825
609 852
609 972
609 719
610 633
610 913
610 948
611 733
611 811
611 891
611 657
612 663
612 844
613 691
613 706
613 828
613 694
613 937
613 909
613 733
613 961
614 796
614 977
614 701
614 700
614 671
614 719
615 700
615 649
615 728
615 865
616 896
616 685
616 855
616 966
616 655
617 993
617 932
617 930
618 946
618 898
618 956
619 799
619 725
619 905
619 636
620 774
620 942
620 719
620 896
620 811
620 895
620 962
623 923
623 842
623 968
623 681
623 919
624 900
624 931
624 805
625 960
625 835
625 796
625 754
625 669
625 991
625 963
625 956
626 647
626 681
626 794
626 696
627 938
627 836
627 900
627 998
627 760
628 656
628 750
629 700
629 900
629 733
629 779
630 680
630 992
630 761
631 705
631 866
631 725
631 778
631 892
631 897
632 737
632 889
633 909
633 863
633 700
633 689
634 905
634 670
634 697
634 808
634 769
634 913
635 687
635 786
635 769
635 736
636 684
636 762
636 769
636 943
636 685
636 705
636 715
636 835
637 979
637 998
637 746
638 935
638 902
638 693
638 853
638 962
638 856
639 978
639 900
639 661
640 993
640 998
640 871
641 676
641 739
642 937
642 846
642 951
642 900
642 775
642 726
642 930
642 884
642 903
643 998
643 703
644 842
644 926
644 852
645 954
645 814
645 758
645 655
646 774
646 673
646 750
646 702
647 736
647 859
647 901
647 741
647 993
647 941
648 826
648 747
648 910
648 741
648 865
649 993
649 719
650 829
650 959
650 659
651 683
651 975
651 681
652 702
652 845
652 967
652 993
652 998
652 703
653 900
653 924
653 669
654 912
654 854
654 814
654 993
654 940
655 700
655 993
655 782
655 697
655 862
655 826
655 755
655 731
655 735
655 922
656 717
656 825
656 658
657 918
657 933
657 733
657 926
657 858
657 663
657 955
657 692
657 825
657 947
657 931
657 670
658 993
658 871
658 944
658 802
658 841
658 711
658 759
659 774
659 993
659 955
659 747
659 709
659 680
659 719
660 954
661 993
661 801
661 739
661 669
661 732
661 735
661 913
662 676
662 700
662 984
663 936
663 985
663 756
663 879
663 834
663 716
664 744
664 871
664 789
664 889
664 952
665 937
665 918
665 989
665 851
665 935
665 950
665 948
666 900
667 713
667 945
667 793
668 729
668 905
668 782
669 853
669 842
669 808
669 690
669 902
670 974
670 948
671 923
671 994
671 807
671 831
671 883
672 937
672 791
672 684
672 880
672 829
672 896
673 755
673 693
673 935
673 779
673 867
673 704
673 736
673 793
674 910
674 958
674 906
674 923
674 921
674 714
674 876
675 822
675 994
675 863
675 953
676 998
676 908
676 838
676 986
677 937
677 915
677 722
677 909
677 898
677 698
677 905
677 833
677 802
678 967
678 732
679 700
679 782
679 805
680 905
680 792
680 840
680 798
680 894
681 787
681 739
681 754
681 854
682 954
682 833
682 866
682 920
682 889
683 954
683 993
683 710
684 918
684 797
684 896
684 723
684 745
684 867
684 863
684 907
684 969
684 838
684 924
684 874
684 948
685 868
685 744
685 729
687 842
687 809
687 828
688 813
688 800
689 809
689 918
689 990
690 893
690 993
690 916
690 814
691 888
691 763
691 858
691 699
692 905
692 728
692 861
693 793
693 952
694 785
694 973
694 763
694 702
695 912
695 892
695 993
696 700
696 964
696 730
696 749
696 835
696 876
696 809
696 947
696 850
696 854
696 759
696 794
697 779
697 984
697 937
698 996
698 881
698 938
698 885
698 812
699 796
699 800
700 826
700 925
700 700
700 979
700 838
700 959
700 906
700 761
700 779
700 973
700 880
700 917
700 992
700 874
700 862
700 852
700 976
700 916
700 711
700 735
700 960
700 934
700 990
700 944
700 939
700 785
700 975
701 925
701 954
701 829
701 961
701 996
701 758
701 718
701 767
701 841
702 774
702 841
702 831
702 835
702 968
702 728
702 733
703 900
703 772
703 796
703 878
704 886
704 724
704 777
705 951
705 931
706 900
706 927
706 710
706 794
707 900
707 947
707 782
707 746
707 960
707 751
707 810
707 856
708 905
708 874
708 856
709 974
709 859
709 796
709 913
710 778
710 896
711 995
711 954
711 904
711 778
713 993
713 760
714 998
715 728
715 769
715 812
715 811
715 801
716 873
716 796
716 721
717 900
717 919
718 951
718 956
719 822
719 934
719 992
719 927
719 836
720 826
720 812
720 745
721 900
721 797
722 900
722 990
723 850
724 807
725 967
725 993
725 801
726 833
726 780
726 915
726 908
727 877
727 979
727 775
728 826
728 959
728 790
728 796
729 842
730 735
731 894
731 809
731 952
732 844
733 896
733 913
734 900
734 904
734 943
734 811
735 843
735 989
736 740
736 977
736 945
736 916
736 805
737 954
737 750
738 995
738 946
738 756
739 903
739 757
739 840
740 993
740 760
740 834
741 774
741 995
741 866
742 823
742 970
743 961
743 931
744 864
744 851
744 932
744 834
744 793
745 947
745 846
745 981
746 747
746 815
746 998
747 900
747 954
747 847
747 951
747 844
748 975
749 998
749 751
749 918
749 980
750 894
751 753
751 780
751 851
751 926
752 812
752 850
752 971
752 758
754 987
754 993
754 891
755 768
755 834
756 842
756 896
756 931
756 798
757 809
757 912
758 865
759 992
760 829
760 993
760 771
761 974
761 874
762 809
762 996
763 877
764 941
766 866
767 916
768 965
768 931
769 842
769 805
770 954
770 908
772 874
773 797
773 905
774 986
774 966
775 820
775 974
775 822
775 915
776 954
776 913
778 900
778 937
778 939
778 917
780 993
780 849
781 827
782 850
783 793
784 993
784 804
785 904
785 992
786 872
786 870
787 900
787 954
787 817
787 805
788 919
788 990
789 951
789 896
789 953
790 954
790 982
790 843
790 840
791 905
791 952
792 957
792 953
792 913
794 905
795 914
795 918
796 923
796 902
796 803
796 807
796 826
796 823
796 988
798 931
799 954
800 983
801 989
802 993
802 839
803 847
803 900
804 826
804 923
804 976
804 904
805 992
805 961
806 936
806 847
807 994
808 965
809 860
809 853
810 875
811 995
811 939
811 957
811 920
811 844
812 919
812 882
812 875
812 943
813 904
814 889
814 820
814 993
814 998
814 961
814 931
815 867
816 900
816 981
816 854
816 840
817 980
817 851
818 834
818 952
820 842
820 848
820 966
821 953
821 851
822 914
822 856
823 971
824 833
826 937
826 932
826 891
826 897
826 993
826 952
827 954
827 993
827 908
828 900
829 891
829 988
831 924
831 987
832 979
832 959
832 876
833 968
833 913
834 995
835 913
837 877
837 907
838 862
838 900
839 937
839 855
840 940
840 866
842 919
842 933
843 882
848 990
848 983
850 885
851 898
852 885
853 954
853 909
853 979
854 936
855 905
857 900
859 863
860 900
861 900
862 925
863 910
863 887
864 901
865 993
865 973
865 945
866 969
867 917
868 979
868 933
868 993
869 956
870 972
871 931
871 952
872 898
872 993
872 897
874 972
874 993
875 900
875 905
876 982
878 900
879 939
881 910
886 972
886 911
886 993
887 897
889 995
889 930
890 993
890 895
891 930
893 904
895 926
896 976
896 925
896 977
896 958
897 959
898 954
898 968
898 993
898 952
899 971
899 931
900 954
900 914
900 928
900 942
900 905
900 948
900 901
900 947
900 902
901 933
902 905
902 993
903 978
905 972
905 928
905 926
905 998
905 999
906 923
909 985
910 981
912 954
913 977
913 969
913 961
913 929
913 970
914 989
915 931
918 996
918 930
920 923
921 986
921 983
921 990
925 954
928 947
928 942
928 997
929 947
930 972
930 931
931 933
931 989
931 991
932 948
937 973
948 952
951 995
954 954
954 996
954 978
954 998
960 998
962 976
963 979
964 993
964 980
965 993
967 987
967 974
967 988
976 998
983 993
986 997
988 989
992 998
