0 64
1 129
2 59
3 138
4 144
5 74
6 95
7 46
8 122
9 26
10 82
11 58
12 68
13 64
14 120
15 3
16 40
17 96
18 112
19 107
20 124
21 144
22 78
23 146
24 53
25 90
26 128
27 125
28 108
29 34
30 32
31 36
32 37
33 92
34 108
35 22
36 100
37 3
38 5
39 50
40 125
41 99
42 139
43 105
44 74
45 73
46 101
47 5
48 59
49 37
50 45
51 76
52 142
53 142
54 64
55 85
56 114
57 63
58 26
59 23
60 14
61 50
62 72
63 92
64 35
65 113
66 124
67 132
68 4
69 28
70 26
71 69
72 121
73 140
74 52
75 33
76 9
77 130
78 92
79 100
80 76
81 105
82 110
83 80
84 101
85 55
86 39
87 59
88 33
89 15
90 144
91 132
92 20
93 3
94 56
95 139
96 21
97 40
98 113
99 22
100 142
101 117
102 32
103 70
104 101
105 93
106 64
107 15
108 58
109 113
110 50
111 17
112 110
113 100
114 121
115 136
116 135
117 23
118 91
119 132
120 39
121 40
122 104
123 62
124 107
125 39
126 105
127 91
128 93
129 86
130 16
131 121
132 113
133 52
134 90
135 85
136 6
137 90
138 123
139 76
140 125
141 112
142 119
143 125
144 109
145 132
146 101
147 3
148 35
149 90
150 23
151 7
152 126
153 52
154 38
155 32
156 71
157 64
158 142
159 5
160 81
161 74
162 5
163 48
164 90
165 81
166 1
167 112
168 6
169 8
170 73
171 25
172 91
173 63
174 25
175 39
176 7
177 48
178 41
179 125
180 38
181 22
182 103
183 37
184 115
185 71
186 103
187 125
188 38
189 23
190 25
191 109
192 63
193 11
194 37
195 133
196 91
197 11
198 51
199 45
200 81
201 125
202 125
203 6
204 113
205 5
206 103
207 33
208 103
209 111
210 82
211 115
212 150
213 95
214 5
215 40
216 103
217 23
218 35
219 70
220 121
221 35
222 37
223 23
224 106
225 142
226 58
227 146
228 52
229 59
230 113
231 42
232 133
233 37
234 71
235 72
236 132
237 147
238 34
239 45
240 18
241 107
242 51
243 120
244 90
245 8
246 95
247 88
248 8
249 111
250 83
251 0
252 42
253 90
254 124
255 63
256 8
257 142
258 38
259 8
260 125
261 147
262 124
263 11
264 21
265 147
266 52
267 73
268 40
269 90
270 88
271 1
272 98
273 126
274 4
275 43
276 104
277 52
278 7
279 144
280 139
281 124
282 35
283 84
284 79
285 5
286 150
287 103
288 113
289 38
290 35
291 11
292 150
293 128
294 103
295 21
296 102
297 112
298 0
299 101
300 78
301 147
302 139
303 147
304 112
305 117
306 149
307 0
308 101
309 84
310 38
311 136
312 62
313 147
314 103
315 123
316 25
317 86
318 81
319 127
320 101
321 130
322 139
323 117
324 2
325 41
326 81
327 117
328 67
329 22
330 21
331 7
332 32
333 107
334 99
335 9
336 32
337 112
338 73
339 69
340 137
341 103
342 76
343 76
344 130
345 90
346 47
347 17
348 21
349 81
350 90
351 103
352 136
353 85
354 150
355 10
356 88
357 15
358 118
359 27
360 107
361 124
362 149
363 39
364 8
365 75
366 10
367 144
368 107
369 95
370 135
371 133
372 35
373 5
374 7
375 72
376 103
377 102
378 38
379 76
380 92
381 139
382 62
383 128
384 128
385 111
386 124
387 48
388 18
389 150
390 70
391 137
392 5
393 44
394 13
395 7
396 112
397 140
398 38
399 133
400 94
401 13
402 47
403 72
404 27
405 52
406 64
407 124
408 84
409 15
410 140
411 54
412 111
413 8
414 124
415 111
416 25
417 53
418 107
419 71
420 32
421 147
422 89
423 112
424 36
425 147
426 73
427 4
428 53
429 32
430 86
431 56
432 98
433 85
434 54
435 72
436 82
437 133
438 140
439 151
440 140
441 103
442 11
443 62
444 51
445 78
446 4
447 108
448 100
449 92
450 73
451 6
452 0
453 64
454 36
455 105
456 107
457 53
458 64
459 36
460 112
461 127
462 132
463 149
464 98
465 140
466 109
467 100
468 59
469 6
470 54
471 59
472 63
473 32
474 66
475 140
476 95
477 72
478 59
479 11
480 38
481 140
482 63
483 23
484 135
485 140
486 36
487 59
488 132
489 36
490 135
491 150
492 72
493 0
494 36
495 98
496 34
497 110
498 3
499 132
500 58
501 59
502 36
503 111
504 110
505 132
506 59
507 72
508 5
509 118
510 103
511 44
512 3
513 111
514 147
515 111
516 85
517 72
518 97
519 150
520 111
521 147
522 113
523 88
524 142
525 23
526 92
527 149
528 98
529 150
530 73
531 37
532 36
533 63
534 91
535 118
536 103
537 72
538 135
539 98
540 110
541 58
542 145
543 83
544 124
545 45
546 22
547 81
548 101
549 102
550 72
551 59
552 81
553 59
554 133
555 5
556 59
557 103
558 100
559 6
560 10
561 3
562 116
563 19
564 14
565 51
566 83
567 118
568 22
569 36
570 10
571 103
572 64
573 53
574 14
575 53
576 76
577 151
578 74
579 136
580 101
581 136
582 91
583 17
584 135
585 10
586 5
587 111
588 23
589 85
590 135
591 103
592 52
593 20
594 51
595 152
596 119
597 59
598 147
599 53
600 72
601 74
602 91
603 78
604 72
605 145
606 64
607 42
608 74
609 91
610 139
611 135
612 95
613 23
614 35
615 47
616 15
617 132
618 96
619 135
620 143
621 53
622 35
623 53
624 10
625 135
626 100
627 105
628 22
629 52
630 47
631 128
632 98
633 16
634 118
635 37
636 48
637 74
638 35
639 101
640 93
641 37
642 53
643 71
644 53
645 108
646 53
647 47
648 124
649 152
650 128
651 10
652 47
653 10
654 38
655 112
656 69
657 150
658 8
659 112
660 48
661 54
662 74
663 111
664 113
665 111
666 81
667 59
668 82
669 8
670 72
671 0
672 107
673 110
674 38
675 142
676 28
677 0
678 47
679 110
680 135
681 22
682 38
683 130
684 125
685 8
686 37
687 3
688 38
689 125
690 101
691 3
692 74
693 108
694 142
695 105
696 45
697 109
698 45
699 111
700 58
701 72
702 11
703 32
704 126
705 32
706 22
707 37
708 40
709 59
710 119
711 11
712 52
713 37
714 107
715 20
716 8
717 72
718 84
719 59
720 35
721 111
722 81
723 64
724 53
725 139
726 120
727 72
728 142
729 35
730 45
731 135
732 8
733 103
734 8
735 38
736 74
737 51
738 0
739 7
740 51
741 112
742 90
743 74
744 54
745 23
746 25
747 81
748 35
749 53
750 110
751 10
752 35
753 35
754 35
755 74
756 74
757 140
758 127
759 54
760 4
761 135
762 68
763 40
764 142
765 95
766 125
767 107
768 95
769 39
770 54
771 8
772 72
773 74
774 84
775 18
776 142
777 52
778 54
779 17
780 23
781 95
782 105
783 51
784 113
785 74
786 10
787 25
788 74
789 125
790 32
791 124
792 22
793 106
794 139
795 95
796 53
797 88
798 25
799 111
800 47
801 53
802 11
803 15
804 74
805 71
806 54
807 64
808 147
809 74
810 0
811 142
812 31
813 76
814 8
815 147
816 34
817 52
818 107
819 53
820 114
821 51
822 47
823 23
824 76
825 150
826 139
827 103
828 50
829 72
830 94
831 119
832 124
833 23
834 113
835 90
836 10
837 81
838 72
839 67
840 135
841 23
842 72
843 8
844 48
845 27
846 51
847 112
848 0
849 53
850 72
851 124
852 54
853 48
854 53
855 95
856 10
857 105
858 74
859 111
860 133
861 113
862 51
863 124
864 138
865 145
866 98
867 142
868 118
869 54
870 103
871 81
872 112
873 53
874 112
875 95
876 125
877 121
878 112
879 113
880 15
881 107
882 114
883 81
884 128
885 135
886 74
887 138
888 8
889 64
890 25
891 59
892 10
893 64
894 145
895 32
896 76
897 152
898 113
899 105
900 22
901 74
902 133
903 32
904 59
905 142
906 142
907 74
908 107
909 91
910 51
911 0
912 146
913 5
914 53
915 0
916 10
917 44
918 8
919 113
920 74
921 32
922 95
923 147
924 140
925 64
926 23
927 68
928 135
929 91
930 25
931 21
932 48
933 111
934 74
935 103
936 117
937 52
938 113
939 135
940 90
941 53
942 140
943 25
944 74
945 37
946 10
947 63
948 53
949 130
950 11
951 140
952 110
953 81
954 0
955 53
956 100
957 91
958 7
959 46
960 91
961 35
962 120
963 103
964 95
965 81
966 109
967 23
968 59
969 132
970 32
971 28
972 125
973 100
974 0
975 11
976 111
977 53
978 125
979 36
980 64
981 38
982 128
983 45
984 59
985 114
986 111
987 138
988 95
989 105
990 64
991 44
992 40
993 59
994 71
995 142
996 54
997 135
998 107
999 37
1000 100
1001 36
1002 124
1003 32
1004 11
1005 40
1006 107
1007 50
1008 36
1009 135
1010 0
1011 74
1012 125
1013 125
1014 139
1015 74
1016 3
1017 107
1018 98
1019 130
1020 54
1021 22
1022 0
1023 103
1024 76
1025 147
1026 36
1027 91
1028 113
1029 34
1030 125
1031 5
1032 118
1033 47
1034 125
1035 81
1036 110
1037 45
1038 74
1039 111
1040 54
1041 103
1042 110
1043 142
1044 95
1045 107
1046 109
1047 63
1048 57
1049 30
1050 142
1051 5
1052 0
1053 103
1054 58
1055 72
1056 116
1057 147
1058 19
1059 95
1060 130
1061 131
1062 100
1063 11
1064 54
1065 100
1066 22
1067 113
1068 24
1069 113
1070 64
1071 59
1072 144
1073 125
1074 10
1075 135
1076 28
1077 117
1078 123
1079 126
1080 74
1081 113
1082 20
1083 10
1084 109
1085 121
1086 68
1087 132
1088 85
1089 51
1090 94
1091 86
1092 137
1093 132
1094 88
1095 99
1096 4
1097 37
1098 81
1099 34
1100 22
1101 142
1102 100
1103 125
1104 79
1105 64
1106 53
1107 91
1108 88
1109 59
1110 113
1111 125
1112 72
1113 124
1114 0
1115 47
1116 106
1117 105
1118 130
1119 115
1120 51
1121 57
1122 22
1123 48
1124 113
1125 59
1126 10
1127 105
1128 59
1129 103
1130 148
1131 113
1132 125
1133 74
1134 133
1135 113
1136 120
1137 16
1138 47
1139 113
1140 59
1141 23
1142 143
1143 62
1144 59
1145 10
1146 78
1147 121
1148 53
1149 17
1150 35
1151 22
1152 10
1153 65
1154 37
1155 104
1156 114
1157 82
1158 93
1159 22
1160 59
1161 149
1162 72
1163 40
1164 91
1165 3
1166 81
1167 114
1168 59
1169 135
1170 38
1171 51
1172 74
1173 8
1174 101
1175 64
1176 47
1177 38
1178 135
1179 82
1180 103
1181 135
1182 47
1183 103
1184 47
1185 35
1186 100
1187 53
1188 101
1189 63
1190 8
1191 125
1192 23
1193 52
1194 22
1195 36
1196 92
1197 16
1198 10
1199 107
1200 53
1201 135
1202 135
1203 47
1204 35
1205 38
1206 10
1207 38
1208 51
1209 35
1210 135
1211 103
1212 142
1213 105
1214 23
1215 100
1216 5
1217 110
1218 120
1219 133
1220 8
1221 120
1222 8
1223 150
1224 63
1225 115
1226 63
1227 142
1228 63
1229 142
1230 46
1231 114
1232 8
1233 25
1234 59
1235 19
1236 122
1237 135
1238 80
1239 47
1240 107
1241 59
1242 110
1243 45
1244 59
1245 113
1246 142
1247 3
1248 91
1249 22
1250 36
1251 38
1252 22
1253 105
1254 10
1255 53
1256 44
1257 73
1258 6
1259 150
1260 65
1261 74
1262 135
1263 31
1264 91
1265 91
1266 151
1267 44
1268 133
1269 125
1270 38
1271 38
1272 105
1273 142
1274 107
1275 0
1276 91
1277 35
1278 103
1279 16
1280 105
1281 107
1282 150
1283 147
1284 8
1285 5
1286 45
1287 118
1288 89
1289 2
1290 128
1291 38
1292 128
1293 42
1294 35
1295 40
1296 2
1297 124
1298 35
1299 3
1300 63
1301 135
1302 139
1303 95
1304 11
1305 25
1306 38
1307 47
1308 139
1309 126
1310 147
1311 128
1312 124
1313 98
1314 76
1315 109
1316 113
1317 59
1318 53
1319 8
1320 102
1321 76
1322 107
1323 10
1324 35
1325 135
1326 101
1327 108
1328 74
1329 47
1330 131
1331 107
1332 147
1333 101
1334 95
1335 52
1336 117
1337 0
1338 147
1339 59
1340 142
1341 25
1342 86
1343 124
1344 34
1345 0
1346 76
1347 107
1348 81
1349 59
1350 33
1351 59
1352 107
1353 8
1354 59
1355 142
1356 47
1357 103
1358 139
1359 8
1360 147
1361 5
1362 67
1363 44
1364 75
1365 53
1366 101
1367 91
1368 103
1369 135
1370 121
1371 53
1372 142
1373 52
1374 93
1375 32
1376 48
1377 32
1378 58
1379 8
1380 135
1381 95
1382 93
1383 22
1384 103
1385 81
1386 81
1387 105
1388 103
1389 53
1390 0
1391 0
1392 112
1393 18
1394 147
1395 59
1396 10
1397 60
1398 0
1399 103
1400 136
1401 68
1402 131
1403 135
1404 111
1405 113
1406 10
1407 135
1408 10
1409 17
1410 128
1411 107
1412 74
1413 72
1414 64
1415 64
1416 91
1417 10
1418 114
1419 151
1420 72
1421 135
1422 50
1423 139
1424 87
1425 0
1426 93
1427 64
1428 142
1429 64
1430 148
1431 53
1432 72
1433 85
1434 25
1435 108
1436 142
1437 47
1438 74
1439 124
1440 96
1441 10
1442 53
1443 63
1444 111
1445 74
1446 136
1447 107
1448 140
1449 101
1450 59
1451 132
1452 123
1453 32
1454 111
1455 144
1456 64
1457 85
1458 51
1459 103
1460 64
1461 5
1462 59
1463 72
1464 81
1465 8
1466 128
1467 142
1468 48
1469 35
1470 103
1471 102
1472 132
1473 0
1474 132
1475 107
1476 95
1477 80
1478 120
1479 132
1480 82
1481 53
1482 72
1483 107
1484 124
1485 64
1486 144
1487 53
1488 0
1489 142
1490 147
1491 147
1492 114
1493 133
1494 72
1495 73
1496 44
1497 53
1498 0
1499 111
1500 112
1501 23
1502 130
1503 81
1504 0
1505 81
1506 53
1507 103
1508 32
1509 37
1510 91
1511 117
1512 74
1513 91
1514 54
1515 3
1516 0
1517 10
1518 76
1519 74
1520 100
1521 51
1522 117
1523 26
1524 114
1525 72
1526 84
1527 128
1528 91
1529 118
1530 145
1531 32
1532 59
1533 91
1534 53
1535 72
1536 54
1537 36
1538 76
1539 128
1540 11
1541 142
1542 103
1543 59
1544 39
1545 37
1546 45
1547 54
1548 25
1549 142
1550 47
1551 105
1552 88
1553 88
1554 23
1555 132
1556 93
1557 124
1558 13
1559 109
1560 105
1561 128
1562 72
1563 139
1564 16
1565 24
1566 126
1567 103
1568 22
1569 5
1570 32
1571 114
1572 38
1573 132
1574 91
1575 72
1576 128
1577 114
1578 128
1579 23
1580 34
1581 109
1582 114
1583 135
1584 20
1585 95
1586 109
1587 124
1588 70
1589 72
1590 0
1591 81
1592 79
1593 6
1594 120
1595 64
1596 59
1597 135
1598 2
1599 10
1600 10
1601 121
1602 81
1603 5
1604 59
1605 140
1606 135
1607 103
1608 120
1609 72
1610 114
1611 98
1612 58
1613 142
1614 151
1615 24
1616 107
1617 139
1618 49
1619 74
1620 5
1621 5
1622 88
1623 52
1624 45
1625 149
1626 142
1627 107
1628 142
1629 109
1630 53
1631 45
1632 10
1633 64
1634 0
1635 36
1636 35
1637 53
1638 18
1639 103
1640 48
1641 100
1642 40
1643 105
1644 31
1645 15
1646 51
1647 83
1648 5
1649 74
1650 132
1651 135
1652 15
1653 40
1654 107
1655 47
1656 150
1657 93
1658 138
1659 113
1660 59
1661 74
1662 53
1663 47
1664 74
1665 10
1666 82
1667 114
1668 35
1669 15
1670 48
1671 91
1672 88
1673 111
1674 47
1675 100
1676 105
1677 76
1678 105
1679 54
1680 47
1681 107
1682 107
1683 146
1684 135
1685 113
1686 142
1687 22
1688 57
1689 63
1690 121
1691 124
1692 54
1693 117
1694 37
1695 89
1696 142
1697 112
1698 150
1699 103
1700 8
1701 38
1702 47
1703 105
1704 112
1705 91
1706 63
1707 111
1708 74
1709 81
1710 54
1711 111
1712 87
1713 4
1714 91
1715 149
1716 107
1717 37
1718 96
1719 107
1720 1
1721 128
1722 3
1723 99
1724 117
1725 99
1726 125
1727 123
1728 45
1729 131
1730 0
1731 81
1732 107
1733 149
1734 142
1735 73
1736 125
1737 110
1738 75
1739 24
1740 112
1741 107
1742 103
1743 145
1744 0
1745 54
1746 124
1747 152
1748 20
1749 122
1750 54
1751 111
1752 136
1753 7
1754 10
1755 25
1756 107
1757 35
1758 74
1759 3
1760 103
1761 40
1762 51
1763 142
1764 112
1765 142
1766 38
1767 52
1768 35
1769 59
1770 138
1771 0
1772 20
1773 136
1774 107
1775 81
1776 25
1777 53
1778 105
1779 45
1780 124
1781 81
1782 54
1783 38
1784 54
1785 13
1786 54
1787 63
1788 112
1789 33
1790 53
1791 111
1792 103
1793 140
1794 74
1795 53
1796 86
1797 72
1798 134
1799 11
1800 51
1801 105
1802 142
1803 35
1804 73
1805 21
1806 34
1807 40
1808 25
1809 113
1810 125
1811 14
1812 59
1813 103
1814 150
1815 72
1816 0
1817 135
1818 53
1819 142
1820 100
1821 4
1822 59
1823 25
1824 0
1825 111
1826 76
1827 59
1828 60
1829 8
1830 54
1831 40
1832 140
1833 38
1834 128
1835 111
1836 112
1837 56
1838 140
1839 51
1840 59
1841 105
1842 59
1843 117
1844 105
1845 147
1846 128
1847 142
1848 81
1849 23
1850 10
1851 20
1852 10
1853 53
1854 51
1855 124
1856 103
1857 51
1858 107
1859 111
1860 74
1861 91
1862 53
1863 121
1864 130
1865 22
1866 100
1867 54
1868 0
1869 141
1870 59
1871 81
1872 95
1873 105
1874 67
1875 38
1876 111
1877 38
1878 32
1879 139
1880 51
1881 74
1882 22
1883 47
1884 0
1885 135
1886 72
1887 10
1888 20
1889 48
1890 114
1891 32
1892 135
1893 10
1894 34
1895 51
1896 47
1897 47
1898 128
1899 91
1900 111
1901 67
1902 53
1903 90
1904 47
1905 10
1906 23
1907 147
1908 72
1909 111
1910 47
1911 48
1912 142
1913 135
1914 74
1915 76
1916 21
1917 74
1918 140
1919 7
1920 23
1921 51
1922 103
1923 69
1924 74
1925 37
1926 105
1927 142
1928 105
1929 22
1930 135
1931 111
1932 118
1933 51
1934 135
1935 10
1936 142
1937 0
1938 81
1939 0
1940 10
1941 36
1942 133
1943 111
1944 93
1945 72
1946 105
1947 112
1948 23
1949 54
1950 123
1951 54
1952 51
1953 111
1954 107
1955 19
1956 107
1957 0
1958 147
1959 22
1960 10
1961 34
1962 51
1963 91
1964 132
1965 125
1966 25
1967 81
1968 22
1969 23
1970 74
1971 117
1972 147
1973 47
1974 10
1975 53
1976 149
1977 17
1978 95
1979 105
1980 0
1981 22
1982 149
1983 51
1984 44
1985 107
1986 91
1987 22
1988 111
1989 23
1990 113
1991 47
1992 107
1993 59
1994 111
1995 22
1996 45
1997 101
1998 105
1999 0
2000 36
2001 142
2002 135
2003 64
2004 59
2005 64
2006 134
2007 58
2008 10
2009 111
2010 72
2011 53
2012 111
2013 150
2014 125
2015 124
2016 72
2017 48
2018 81
2019 3
2020 55
2021 81
2022 140
2023 95
2024 22
2025 103
2026 107
2027 51
2028 32
2029 72
2030 128
2031 113
2032 54
2033 3
2034 54
2035 37
2036 105
2037 38
2038 59
2039 142
2040 21
2041 133
2042 23
2043 140
2044 74
2045 81
2046 54
2047 112
2048 142
2049 113
2050 81
2051 135
2052 82
2053 48
2054 82
2055 124
2056 90
2057 72
2058 5
2059 84
2060 88
2061 76
2062 106
2063 36
2064 117
2065 107
2066 91
2067 19
2068 24
2069 59
2070 147
2071 132
2072 114
2073 23
2074 107
2075 13
2076 90
2077 95
2078 22
2079 123
2080 142
2081 23
2082 142
2083 88
2084 134
2085 111
2086 51
2087 30
2088 125
2089 113
2090 45
2091 110
2092 87
2093 113
2094 129
2095 22
2096 91
2097 23
2098 3
2099 19
2100 142
2101 36
2102 23
2103 125
2104 74
2105 22
2106 3
2107 64
2108 128
2109 25
2110 5
2111 26
2112 112
2113 54
2114 125
2115 23
2116 86
2117 23
2118 132
2119 100
2120 92
2121 41
2122 72
2123 111
2124 119
2125 41
2126 102
2127 37
2128 52
2129 149
2130 5
2131 72
2132 52
2133 47
2134 111
2135 54
2136 59
2137 93
2138 133
2139 143
2140 5
2141 115
2142 70
2143 124
2144 113
2145 138
2146 36
2147 133
2148 47
2149 113
2150 26
2151 100
2152 58
2153 23
2154 104
2155 36
2156 14
2157 125
2158 132
2159 19
2160 139
2161 107
2162 148
2163 100
2164 111
2165 35
2166 107
2167 132
2168 113
2169 22
2170 132
2171 21
2172 90
2173 142
2174 142
2175 111
2176 55
2177 7
2178 103
2179 17
2180 90
2181 54
2182 127
2183 73
2184 67
2185 111
2186 55
2187 54
2188 38
2189 90
2190 113
2191 62
2192 15
2193 24
2194 125
2195 36
2196 82
2197 140
2198 45
2199 8
2200 17
2201 111
2202 7
2203 118
2204 110
2205 135
2206 38
2207 139
2208 109
2209 52
2210 22
2211 135
2212 73
2213 98
2214 130
2215 63
2216 142
2217 11
2218 25
2219 132
2220 47
2221 35
2222 66
2223 25
2224 103
2225 6
2226 142
2227 111
2228 149
2229 100
2230 103
2231 103
2232 90
2233 142
2234 90
2235 72
2236 58
2237 105
2238 112
2239 15
2240 92
2241 103
2242 50
2243 36
2244 142
2245 84
2246 109
2247 32
2248 114
2249 22
2250 136
2251 10
2252 3
2253 103
2254 92
2255 125
2256 65
2257 110
2258 110
2259 58
2260 83
2261 125
2262 76
2263 54
2264 45
2265 38
2266 25
2267 136
2268 12
2269 52
2270 45
2271 23
2272 147
2273 38
2274 23
2275 37
2276 125
2277 125
2278 95
2279 8
2280 147
2281 144
2282 52
2283 85
2284 21
2285 113
2286 129
2287 103
2288 92
2289 110
2290 109
2291 124
2292 149
2293 107
2294 0
2295 103
2296 142
2297 12
2298 107
2299 128
2300 142
2301 36
2302 35
2303 52
2304 92
2305 79
2306 126
2307 124
2308 45
2309 142
2310 101
2311 78
2312 22
2313 150
2314 64
2315 86
2316 113
2317 74
2318 107
2319 38
2320 78
2321 52
2322 34
2323 95
2324 147
2325 112
2326 128
2327 120
2328 103
2329 8
2330 15
2331 53
2332 38
2333 47
2334 88
2335 25
2336 60
2337 128
2338 63
2339 142
2340 147
2341 107
2342 21
2343 78
2344 51
2345 107
2346 84
2347 120
2348 35
2349 53
2350 22
2351 142
2352 107
2353 8
2354 24
2355 141
2356 66
2357 14
2358 14
2359 47
2360 40
2361 140
2362 135
2363 62
2364 85
2365 81
2366 95
2367 110
2368 103
2369 0
2370 117
2371 13
2372 139
2373 66
2374 34
2375 99
2376 45
2377 54
2378 121
2379 51
2380 8
2381 111
2382 81
2383 90
2384 40
2385 42
2386 149
2387 40
2388 76
2389 142
2390 107
2391 81
2392 99
2393 76
2394 22
2395 103
2396 124
2397 107
2398 25
2399 89
2400 145
2401 97
2402 103
2403 93
2404 81
2405 10
2406 53
2407 37
2408 112
2409 113
2410 11
2411 142
2412 7
2413 53
2414 0
2415 48
2416 10
2417 107
2418 40
2419 95
2420 47
2421 7
2422 49
2423 124
2424 0
2425 35
2426 10
2427 10
2428 120
2429 111
2430 41
2431 7
2432 20
2433 64
2434 100
2435 150
2436 81
2437 65
2438 14
2439 134
2440 129
2441 81
2442 35
2443 151
2444 76
2445 95
2446 67
2447 53
2448 133
2449 76
2450 111
2451 111
2452 111
2453 76
2454 140
2455 32
2456 12
2457 53
2458 5
2459 81
2460 7
2461 77
2462 51
2463 35
2464 86
2465 122
2466 147
2467 100
2468 10
2469 133
2470 80
2471 135
2472 81
2473 139
2474 149
2475 82
2476 72
2477 51
2478 26
2479 103
2480 92
2481 72
2482 2
2483 35
2484 107
2485 95
2486 107
2487 72
2488 32
2489 0
2490 142
2491 53
2492 10
2493 92
2494 139
2495 112
2496 147
2497 54
2498 4
2499 39
2500 0
2501 93
2502 18
2503 135
2504 51
2505 51
2506 111
2507 95
2508 51
2509 133
2510 82
2511 72
2512 103
2513 95
2514 10
2515 132
2516 64
2517 62
2518 84
2519 81
2520 128
2521 25
2522 142
2523 140
2524 51
2525 103
2526 25
2527 73
2528 53
2529 23
2530 23
2531 23
2532 48
2533 108
2534 111
2535 95
2536 103
2537 3
2538 91
2539 147
2540 59
2541 59
2542 59
2543 103
2544 37
2545 52
2546 64
2547 111
2548 72
2549 38
2550 107
2551 135
2552 81
2553 138
2554 107
2555 81
2556 147
2557 10
2558 74
2559 109
2560 140
2561 90
2562 10
2563 59
2564 103
2565 99
2566 100
2567 21
2568 127
2569 63
2570 8
2571 129
2572 91
2573 142
2574 51
2575 132
2576 110
2577 103
2578 5
2579 76
2580 64
2581 114
2582 59
2583 36
2584 34
2585 36
2586 54
2587 19
2588 37
2589 91
2590 109
2591 82
2592 42
2593 0
2594 14
2595 95
2596 8
2597 82
2598 76
2599 63
2600 34
2601 32
2602 53
2603 90
2604 98
2605 23
2606 5
2607 142
2608 74
2609 135
2610 107
2611 10
2612 42
2613 44
2614 103
2615 54
2616 98
2617 71
2618 103
2619 74
2620 111
2621 12
2622 53
2623 68
2624 32
2625 23
2626 147
2627 32
2628 136
2629 22
2630 29
2631 135
2632 128
2633 127
2634 5
2635 22
2636 91
2637 142
2638 41
2639 24
2640 135
2641 101
2642 59
2643 135
2644 113
2645 107
2646 37
2647 104
2648 135
2649 142
2650 117
2651 35
2652 59
2653 140
2654 149
2655 72
2656 103
2657 56
2658 22
2659 89
2660 51
2661 144
2662 70
2663 109
2664 111
2665 124
2666 35
2667 133
2668 113
2669 74
2670 37
2671 65
2672 147
2673 51
2674 108
2675 74
2676 111
2677 40
2678 59
2679 40
2680 53
2681 49
2682 5
2683 148
2684 125
2685 142
2686 95
2687 40
2688 130
2689 52
2690 142
2691 52
2692 95
2693 47
2694 22
2695 107
2696 149
2697 111
2698 64
2699 103
2700 59
2701 44
2702 107
2703 7
2704 47
2705 1
2706 25
2707 91
2708 109
2709 150
2710 24
2711 37
2712 8
2713 54
2714 10
2715 150
2716 141
2717 101
2718 22
2719 48
2720 132
2721 17
2722 47
2723 112
2724 35
2725 150
2726 13
2727 139
2728 63
2729 87
2730 107
2731 149
2732 74
2733 76
2734 142
2735 32
2736 137
2737 10
2738 22
2739 11
2740 53
2741 146
2742 0
2743 111
2744 120
2745 152
2746 128
2747 107
2748 103
2749 53
2750 93
2751 125
2752 107
2753 5
2754 47
2755 98
2756 51
2757 8
2758 142
2759 98
2760 0
2761 76
2762 74
2763 0
2764 135
2765 77
2766 84
2767 8
2768 0
2769 74
2770 142
2771 0
2772 81
2773 72
2774 107
2775 8
2776 125
2777 10
2778 38
2779 111
2780 0
2781 3
2782 54
2783 142
2784 72
2785 54
2786 37
2787 145
2788 53
2789 146
2790 54
2791 10
2792 54
2793 147
2794 51
2795 111
2796 103
2797 135
2798 142
2799 142
2800 50
2801 95
2802 53
2803 0
2804 105
2805 111
2806 74
2807 10
2808 10
2809 103
2810 35
2811 54
2812 124
2813 81
2814 22
2815 81
2816 111
2817 59
2818 51
2819 150
2820 147
2821 135
2822 150
2823 111
2824 107
2825 85
2826 51
2827 78
2828 103
2829 23
2830 54
2831 51
2832 1
2833 105
2834 38
2835 51
2836 142
2837 150
2838 87
2839 72
2840 140
2841 100
2842 78
2843 140
2844 51
2845 105
2846 98
2847 135
2848 142
2849 72
2850 53
2851 81
2852 53
2853 139
2854 0
2855 59
2856 54
2857 54
2858 72
2859 14
2860 107
2861 140
2862 16
2863 34
2864 142
2865 150
2866 105
2867 124
2868 51
2869 59
2870 51
2871 112
2872 111
2873 37
2874 125
2875 72
2876 37
2877 92
2878 142
2879 139
2880 72
2881 0
2882 23
2883 34
2884 51
2885 111
2886 51
2887 23
2888 54
2889 107
2890 10
2891 58
2892 72
2893 70
2894 1
2895 37
2896 147
2897 124
2898 54
2899 81
2900 72
2901 72
2902 105
2903 135
2904 72
2905 10
2906 17
2907 25
2908 113
2909 76
2910 135
2911 74
2912 60
2913 10
2914 17
2915 142
2916 113
2917 67
2918 139
2919 112
2920 111
2921 37
2922 105
2923 107
2924 10
2925 3
2926 22
2927 22
2928 53
2929 91
2930 112
2931 25
2932 84
2933 0
2934 35
2935 111
2936 38
2937 105
2938 53
2939 72
2940 111
2941 107
2942 23
2943 105
2944 105
2945 113
2946 45
2947 142
2948 111
2949 103
2950 37
2951 23
2952 91
2953 135
2954 4
2955 23
2956 72
2957 53
2958 140
2959 54
2960 37
2961 152
2962 59
2963 15
2964 37
2965 105
2966 105
2967 103
2968 112
2969 10
2970 0
2971 107
2972 37
2973 32
2974 53
2975 83
2976 125
2977 147
2978 59
2979 22
2980 81
2981 132
2982 107
2983 22
2984 74
2985 53
2986 129
2987 74
2988 92
2989 101
2990 10
2991 23
2992 147
2993 113
2994 37
2995 59
2996 21
2997 142
2998 113
2999 53
3000 22
3001 0
3002 113
3003 72
3004 73
3005 133
3006 61
3007 72
3008 103
3009 72
3010 113
3011 91
3012 61
3013 53
3014 105
3015 10
3016 105
3017 90
3018 125
3019 8
3020 63
3021 125
3022 23
3023 81
3024 16
3025 140
3026 81
3027 23
3028 74
3029 0
3030 36
3031 10
3032 51
3033 59
3034 113
3035 37
3036 11
3037 53
3038 113
3039 74
3040 84
3041 81
3042 64
3043 105
3044 37
3045 56
3046 74
3047 31
3048 135
3049 72
3050 107
3051 36
3052 105
3053 95
3054 10
3055 63
3056 135
3057 140
3058 22
3059 111
3060 128
3061 103
3062 103
3063 125
3064 112
3065 59
3066 64
3067 62
3068 81
3069 81
3070 147
3071 91
3072 50
3073 64
3074 3
3075 50
3076 22
3077 37
3078 125
3079 139
3080 42
3081 5
3082 76
3083 87
3084 103
3085 73
3086 62
3087 23
3088 42
3089 113
3090 22
3091 59
3092 113
3093 142
3094 105
3095 103
3096 74
3097 126
3098 130
3099 24
3100 112
3101 142
3102 90
3103 0
3104 98
3105 51
3106 5
3107 88
3108 135
3109 140
3110 148
3111 37
3112 132
3113 113
3114 23
3115 114
3116 47
3117 74
3118 74
3119 0
3120 142
3121 72
3122 23
3123 69
3124 118
3125 64
3126 81
3127 51
3128 98
3129 22
3130 125
3131 124
3132 113
3133 142
3134 135
3135 64
3136 62
3137 74
3138 142
3139 103
3140 135
3141 74
3142 135
3143 107
3144 80
3145 59
3146 113
3147 111
3148 105
3149 121
3150 132
3151 24
3152 91
3153 100
3154 105
3155 53
3156 59
3157 111
3158 141
3159 59
3160 3
3161 35
3162 36
3163 142
3164 107
3165 3
3166 22
3167 139
3168 10
3169 65
3170 54
3171 78
3172 20
3173 105
3174 123
3175 53
3176 81
3177 107
3178 72
3179 142
3180 117
3181 72
3182 128
3183 133
3184 28
3185 105
3186 113
3187 54
3188 126
3189 105
3190 10
3191 103
3192 22
3193 74
3194 37
3195 74
3196 101
3197 59
3198 35
3199 42
3200 81
3201 41
3202 0
3203 91
3204 21
3205 37
3206 42
3207 5
3208 53
3209 142
3210 32
3211 115
3212 66
3213 142
3214 38
3215 90
3216 32
3217 142
3218 142
3219 105
3220 1
3221 91
3222 125
3223 82
3224 103
3225 135
3226 12
3227 38
3228 53
3229 16
3230 150
3231 103
3232 135
3233 78
3234 152
3235 74
3236 22
3237 81
3238 112
3239 47
3240 53
3241 74
3242 54
3243 105
3244 74
3245 16
3246 42
3247 38
3248 31
3249 44
3250 36
3251 59
3252 8
3253 150
3254 35
3255 29
3256 10
3257 105
3258 66
3259 5
3260 23
3261 150
3262 59
3263 47
3264 57
3265 105
3266 135
3267 35
3268 6
3269 59
3270 59
3271 47
3272 103
3273 134
3274 126
3275 37
3276 107
3277 108
3278 142
3279 32
3280 3
3281 38
3282 52
3283 40
3284 136
3285 38
3286 47
3287 13
3288 60
3289 135
3290 14
3291 35
3292 125
3293 150
3294 103
3295 38
3296 113
3297 57
3298 135
3299 25
3300 105
3301 51
3302 38
3303 105
3304 35
3305 125
3306 45
3307 26
3308 22
3309 62
3310 22
3311 149
3312 116
3313 90
3314 64
3315 105
3316 28
3317 21
3318 10
3319 64
3320 90
3321 72
3322 103
3323 38
3324 53
3325 68
3326 40
3327 50
3328 105
3329 142
3330 6
3331 103
3332 53
3333 3
3334 59
3335 142
3336 74
3337 62
3338 105
3339 59
3340 65
3341 8
3342 53
3343 53
3344 11
3345 128
3346 124
3347 100
3348 25
3349 74
3350 59
3351 100
3352 103
3353 10
3354 59
3355 124
3356 105
3357 53
3358 107
3359 55
3360 149
3361 105
3362 21
3363 107
3364 63
3365 97
3366 117
3367 117
3368 19
3369 35
3370 131
3371 128
3372 82
3373 17
3374 45
3375 135
3376 140
3377 114
3378 40
3379 80
3380 105
3381 5
3382 101
3383 2
3384 10
3385 125
3386 74
3387 124
3388 90
3389 107
3390 105
3391 100
3392 92
3393 59
3394 38
3395 76
3396 63
3397 29
3398 0
3399 8
3400 74
3401 117
3402 81
3403 109
3404 136
3405 113
3406 14
3407 23
3408 66
3409 142
3410 95
3411 143
3412 78
3413 95
3414 61
3415 47
3416 142
3417 81
3418 127
3419 133
3420 103
3421 63
3422 81
3423 112
3424 53
3425 107
3426 32
3427 135
3428 105
3429 144
3430 81
3431 32
3432 139
3433 105
3434 15
3435 21
3436 16
3437 81
3438 133
3439 97
3440 140
3441 124
3442 81
3443 142
3444 108
3445 54
3446 38
3447 29
3448 40
3449 28
3450 53
3451 103
3452 140
3453 111
3454 40
3455 81
3456 32
3457 72
3458 105
3459 95
3460 54
3461 55
3462 81
3463 140
3464 135
3465 53
3466 81
3467 149
3468 19
3469 54
3470 17
3471 0
3472 25
3473 74
3474 10
3475 54
3476 95
3477 72
3478 44
3479 135
3480 57
3481 1
3482 59
3483 124
3484 103
3485 59
3486 142
3487 35
3488 103
3489 105
3490 110
3491 10
3492 103
3493 70
3494 124
3495 22
3496 128
3497 97
3498 25
3499 87
3500 135
3501 135
3502 105
3503 35
3504 85
3505 78
3506 133
3507 73
3508 103
3509 92
3510 103
3511 149
3512 42
3513 21
3514 144
3515 44
3516 72
3517 130
3518 81
3519 10
3520 95
3521 135
3522 107
3523 0
3524 53
3525 103
3526 6
3527 131
3528 35
3529 11
3530 72
3531 150
3532 59
3533 74
3534 101
3535 27
3536 99
3537 90
3538 17
3539 10
3540 64
3541 96
3542 101
3543 111
3544 52
3545 74
3546 111
3547 27
3548 23
3549 74
3550 32
3551 127
3552 53
3553 91
3554 120
3555 72
3556 107
3557 111
3558 72
3559 111
3560 0
3561 52
3562 135
3563 53
3564 59
3565 54
3566 91
3567 37
3568 91
3569 37
3570 51
3571 59
3572 10
3573 109
3574 23
3575 105
3576 27
3577 114
3578 139
3579 117
3580 10
3581 10
3582 132
3583 14
3584 28
3585 36
3586 36
3587 147
3588 32
3589 81
3590 59
3591 47
3592 3
3593 109
3594 118
3595 36
3596 124
3597 137
3598 82
3599 25
3600 103
3601 0
3602 103
3603 21
3604 139
3605 23
3606 59
3607 118
3608 114
3609 117
3610 0
3611 84
3612 3
3613 59
3614 63
3615 142
3616 147
3617 105
3618 38
3619 142
3620 123
3621 135
3622 1
3623 21
3624 111
3625 74
3626 121
3627 22
3628 139
3629 74
3630 22
3631 53
3632 59
3633 10
3634 11
3635 105
3636 6
3637 32
3638 10
3639 17
3640 139
3641 103
3642 32
3643 99
3644 49
3645 100
3646 8
3647 142
3648 34
3649 113
3650 98
3651 113
3652 103
3653 134
3654 10
3655 103
3656 37
3657 132
3658 103
3659 91
3660 3
3661 4
3662 98
3663 135
3664 105
3665 10
3666 140
3667 47
3668 74
3669 103
3670 33
3671 15
3672 66
3673 59
3674 121
3675 85
3676 10
3677 103
3678 105
3679 105
3680 53
3681 3
3682 60
3683 21
3684 113
3685 105
3686 142
3687 48
3688 48
3689 54
3690 72
3691 10
3692 46
3693 10
3694 147
3695 81
3696 47
3697 22
3698 40
3699 60
3700 53
3701 22
3702 23
3703 38
3704 142
3705 113
3706 67
3707 59
3708 106
3709 53
3710 143
3711 74
3712 59
3713 60
3714 9
3715 49
3716 90
3717 74
3718 142
3719 27
3720 135
3721 91
3722 149
3723 63
3724 125
3725 135
3726 90
3727 10
3728 134
3729 59
3730 10
3731 145
3732 5
3733 117
3734 17
3735 53
3736 40
3737 142
3738 107
3739 86
3740 111
3741 135
3742 38
3743 103
3744 111
3745 53
3746 135
3747 113
3748 54
3749 90
3750 35
3751 105
3752 93
3753 22
3754 40
3755 59
3756 0
3757 10
3758 74
3759 48
3760 103
3761 150
3762 135
3763 142
3764 63
3765 103
3766 52
3767 112
3768 100
3769 103
3770 72
3771 130
3772 36
3773 53
3774 111
3775 135
3776 74
3777 105
3778 142
3779 53
3780 72
3781 53
3782 91
3783 0
3784 135
3785 81
3786 72
3787 35
3788 8
3789 105
3790 107
3791 100
3792 72
3793 109
3794 38
3795 81
3796 0
3797 142
3798 23
3799 45
3800 103
3801 125
3802 103
3803 53
3804 135
3805 21
3806 105
3807 105
3808 0
3809 112
3810 35
3811 107
3812 45
3813 134
3814 111
3815 84
3816 147
3817 45
3818 97
3819 149
3820 0
3821 44
3822 38
3823 21
3824 147
3825 142
3826 84
3827 34
3828 111
3829 53
3830 142
3831 151
3832 81
3833 98
3834 105
3835 128
3836 107
3837 77
3838 54
3839 2
3840 103
3841 120
3842 74
3843 84
3844 142
3845 125
3846 10
3847 113
3848 103
3849 25
3850 72
3851 135
3852 142
3853 123
3854 147
3855 42
3856 8
3857 74
3858 88
3859 23
3860 59
3861 72
3862 51
3863 142
3864 133
3865 21
3866 65
3867 74
3868 5
3869 105
3870 54
3871 135
3872 117
3873 40
3874 10
3875 101
3876 105
3877 59
3878 111
3879 142
3880 135
3881 147
3882 59
3883 140
3884 110
3885 124
3886 128
3887 114
3888 46
3889 40
3890 72
3891 135
3892 105
3893 135
3894 113
3895 72
3896 74
3897 59
3898 128
3899 80
3900 23
3901 0
3902 111
3903 72
3904 22
3905 103
3906 135
3907 124
3908 81
3909 138
3910 113
3911 51
3912 103
3913 74
3914 51
3915 111
3916 56
3917 68
3918 0
3919 0
3920 22
3921 103
3922 76
3923 22
3924 117
3925 125
3926 37
3927 81
3928 59
3929 0
3930 135
3931 60
3932 135
3933 105
3934 105
3935 72
3936 133
3937 2
3938 51
3939 142
3940 107
3941 113
3942 0
3943 54
3944 107
3945 37
3946 59
3947 72
3948 45
3949 37
3950 127
3951 8
3952 142
3953 125
3954 64
3955 91
3956 72
3957 23
3958 0
3959 47
3960 113
3961 35
3962 8
3963 128
3964 95
3965 91
3966 17
3967 135
3968 0
3969 25
3970 54
3971 37
3972 25
3973 37
3974 81
3975 23
3976 72
3977 72
3978 37
3979 63
3980 122
3981 54
3982 74
3983 63
3984 43
3985 143
3986 111
3987 1
3988 23
3989 72
3990 107
3991 103
3992 105
3993 93
3994 37
3995 37
3996 142
3997 91
3998 113
3999 0
4000 111
4001 51
4002 105
4003 125
4004 135
4005 74
4006 125
4007 53
4008 113
4009 142
4010 105
4011 22
4012 44
4013 0
4014 51
4015 110
4016 54
4017 113
4018 54
4019 135
4020 107
4021 23
4022 54
4023 23
4024 111
4025 0
4026 105
4027 73
4028 0
4029 142
4030 105
4031 22
4032 59
4033 103
4034 45
4035 29
4036 135
4037 64
4038 81
4039 84
4040 23
4041 103
4042 87
4043 59
4044 133
4045 37
4046 147
4047 103
4048 0
4049 95
4050 51
4051 130
4052 53
4053 0
4054 103
4055 151
4056 125
4057 44
4058 124
4059 45
4060 23
4061 51
4062 72
4063 132
4064 76
4065 111
4066 0
4067 60
4068 107
4069 37
4070 150
4071 142
4072 113
4073 142
4074 107
4075 34
4076 54
4077 113
4078 84
4079 37
4080 59
4081 76
4082 111
4083 59
4084 135
4085 91
4086 100
4087 115
4088 42
4089 150
4090 3
4091 42
4092 125
4093 51
4094 81
4095 109
4096 54
4097 36
4098 23
4099 14
4100 118
4101 36
4102 38
4103 106
4104 8
4105 69
4106 14
4107 0
4108 11
4109 146
4110 34
4111 140
4112 147
4113 63
4114 135
4115 72
4116 95
4117 34
4118 120
4119 142
4120 132
4121 111
4122 92
4123 91
4124 121
4125 142
4126 105
4127 53
4128 71
4129 51
4130 132
4131 114
4132 119
4133 117
4134 22
4135 109
4136 113
4137 5
4138 0
4139 32
4140 58
4141 114
4142 14
4143 95
4144 22
4145 54
4146 114
4147 139
4148 86
4149 74
4150 149
4151 87
4152 111
4153 22
4154 97
4155 36
4156 84
4157 81
4158 10
4159 37
4160 139
4161 10
4162 107
4163 116
4164 140
4165 1
4166 132
4167 21
4168 92
4169 53
4170 10
4171 60
4172 142
4173 142
4174 91
4175 24
4176 93
4177 32
4178 91
4179 147
4180 91
4181 54
4182 54
4183 25
4184 34
4185 55
4186 125
4187 7
4188 135
4189 7
4190 127
4191 145
4192 40
4193 113
4194 127
4195 23
4196 117
4197 3
4198 21
4199 114
4200 52
4201 100
4202 147
4203 101
4204 142
4205 47
4206 15
4207 71
4208 40
4209 105
4210 113
4211 32
4212 151
4213 98
4214 105
4215 139
4216 40
4217 58
4218 142
4219 14
4220 88
4221 86
4222 38
4223 47
4224 125
4225 26
4226 100
4227 47
4228 74
4229 37
4230 108
4231 38
4232 99
4233 108
4234 90
4235 125
4236 35
4237 150
4238 91
4239 112
4240 63
4241 100
4242 86
4243 40
4244 8
4245 98
4246 142
4247 13
4248 132
4249 23
4250 59
4251 133
4252 7
4253 93
4254 46
4255 8
4256 12
4257 135
4258 89
4259 98
4260 99
4261 80
4262 108
4263 36
4264 40
4265 142
4266 3
4267 54
4268 110
4269 19
4270 7
4271 142
4272 125
4273 3
4274 140
4275 146
4276 41
4277 84
4278 22
4279 8
4280 101
4281 100
4282 25
4283 119
4284 71
4285 99
4286 63
4287 110
4288 87
4289 125
4290 103
4291 40
4292 90
4293 142
4294 125
4295 117
4296 142
4297 112
4298 121
4299 110
4300 91
4301 35
4302 25
4303 25
4304 20
4305 103
4306 144
4307 108
4308 101
4309 90
4310 0
4311 112
4312 47
4313 139
4314 40
4315 92
4316 14
4317 62
4318 73
4319 147
4320 58
4321 92
4322 58
4323 142
4324 78
4325 37
4326 21
4327 107
4328 95
4329 38
4330 71
4331 45
4332 3
4333 97
4334 52
4335 58
4336 7
4337 58
4338 124
4339 113
4340 95
4341 102
4342 110
4343 150
4344 69
4345 104
4346 47
4347 128
4348 35
4349 107
4350 64
4351 142
4352 102
4353 3
4354 38
4355 9
4356 128
4357 8
4358 140
4359 35
4360 128
4361 25
4362 95
4363 62
4364 99
4365 64
4366 91
4367 18
4368 40
4369 51
4370 115
4371 87
4372 78
4373 140
4374 0
4375 124
4376 115
4377 0
4378 35
4379 11
4380 92
4381 150
4382 45
4383 142
4384 25
4385 47
4386 5
4387 21
4388 103
4389 27
4390 76
4391 25
4392 90
4393 17
4394 53
4395 94
4396 19
4397 139
4398 0
4399 40
4400 3
4401 71
4402 47
4403 113
4404 114
4405 0
4406 78
4407 128
4408 92
4409 107
4410 43
4411 0
4412 21
4413 0
4414 144
4415 113
4416 107
4417 87
4418 142
4419 95
4420 23
4421 3
4422 107
4423 35
4424 99
4425 100
4426 67
4427 140
4428 98
4429 142
4430 128
4431 82
4432 90
4433 53
4434 117
4435 152
4436 114
4437 125
4438 103
4439 113
4440 143
4441 8
4442 52
4443 122
4444 0
4445 145
4446 101
4447 80
4448 12
4449 56
4450 76
4451 103
4452 0
4453 10
4454 138
4455 64
4456 47
4457 10
4458 26
4459 14
4460 147
4461 23
4462 0
4463 110
4464 149
4465 48
4466 54
4467 54
4468 76
4469 111
4470 142
4471 17
4472 81
4473 111
4474 135
4475 23
4476 81
4477 135
4478 103
4479 53
4480 76
4481 81
4482 60
4483 16
4484 38
4485 107
4486 72
4487 10
4488 147
4489 54
4490 86
4491 44
4492 107
4493 53
4494 10
4495 10
4496 67
4497 103
4498 7
4499 135
4500 147
4501 0
4502 109
4503 72
4504 135
4505 54
4506 35
4507 54
4508 135
4509 64
4510 53
4511 132
4512 40
4513 7
4514 111
4515 53
4516 149
4517 51
4518 64
4519 0
4520 116
4521 111
4522 50
4523 82
4524 72
4525 107
4526 32
4527 6
4528 103
4529 92
4530 152
4531 107
4532 64
4533 53
4534 112
4535 54
4536 71
4537 103
4538 53
4539 81
4540 59
4541 72
4542 76
4543 142
4544 140
4545 54
4546 110
4547 85
4548 82
4549 53
4550 95
4551 117
4552 0
4553 51
4554 64
4555 108
4556 35
4557 0
4558 62
4559 94
4560 107
4561 135
4562 61
4563 132
4564 81
4565 100
4566 95
4567 147
4568 81
4569 147
4570 8
4571 81
4572 112
4573 25
4574 30
4575 37
4576 108
4577 47
4578 81
4579 59
4580 3
4581 23
4582 109
4583 32
4584 10
4585 81
4586 80
4587 103
4588 132
4589 152
4590 107
4591 72
4592 59
4593 15
4594 0
4595 37
4596 54
4597 59
4598 72
4599 127
4600 73
4601 135
4602 53
4603 10
4604 74
4605 126
4606 108
4607 111
4608 109
4609 59
4610 54
4611 51
4612 72
4613 59
4614 3
4615 45
4616 37
4617 11
4618 118
4619 87
4620 37
4621 74
4622 98
4623 130
4624 140
4625 72
4626 23
4627 107
4628 64
4629 10
4630 103
4631 132
4632 48
4633 59
4634 6
4635 142
4636 63
4637 35
4638 142
4639 132
4640 97
4641 34
4642 42
4643 77
4644 21
4645 98
4646 5
4647 131
4648 142
4649 58
4650 118
4651 98
4652 92
4653 98
4654 78
4655 70
4656 13
4657 54
4658 58
4659 70
4660 10
4661 74
4662 59
4663 26
4664 74
4665 103
4666 150
4667 4
4668 64
4669 5
4670 36
4671 32
4672 37
4673 85
4674 36
4675 16
4676 53
4677 53
4678 51
4679 53
4680 24
4681 36
4682 98
4683 107
4684 114
4685 135
4686 142
4687 0
4688 121
4689 107
4690 100
4691 53
4692 11
4693 74
4694 91
4695 95
4696 48
4697 135
4698 140
4699 138
4700 142
4701 31
4702 5
4703 32
4704 91
4705 3
4706 100
4707 103
4708 5
4709 47
4710 59
4711 15
4712 107
4713 74
4714 109
4715 35
4716 149
4717 26
4718 61
4719 111
4720 103
4721 12
4722 28
4723 23
4724 67
4725 147
4726 42
4727 35
4728 5
4729 54
4730 51
4731 35
4732 35
4733 98
4734 74
4735 150
4736 103
4737 111
4738 51
4739 103
4740 51
4741 111
4742 2
4743 59
4744 53
4745 107
4746 47
4747 100
4748 103
4749 3
4750 135
4751 111
4752 10
4753 43
4754 1
4755 29
4756 150
4757 22
4758 52
4759 0
4760 24
4761 142
4762 111
4763 114
4764 111
4765 3
4766 32
4767 22
4768 103
4769 107
4770 150
4771 135
4772 59
4773 99
4774 59
4775 38
4776 142
4777 72
4778 142
4779 109
4780 35
4781 53
4782 38
4783 105
4784 53
4785 72
4786 52
4787 53
4788 80
4789 91
4790 54
4791 46
4792 8
4793 142
4794 92
4795 53
4796 40
4797 103
4798 59
4799 142
4800 53
4801 113
4802 135
4803 51
4804 53
4805 53
4806 105
4807 146
4808 142
4809 111
4810 5
4811 72
4812 32
4813 59
4814 74
4815 38
4816 10
4817 142
4818 27
4819 54
4820 53
4821 127
4822 59
4823 110
4824 21
4825 0
4826 59
4827 105
4828 53
4829 142
4830 142
4831 8
4832 105
4833 142
4834 107
4835 103
4836 0
4837 53
4838 59
4839 105
4840 54
4841 72
4842 113
4843 54
4844 142
4845 107
4846 40
4847 47
4848 105
4849 59
4850 149
4851 38
4852 72
4853 103
4854 139
4855 35
4856 3
4857 103
4858 111
4859 81
4860 51
4861 21
4862 60
4863 10
4864 81
4865 111
4866 111
4867 74
4868 103
4869 59
4870 0
4871 142
4872 25
4873 10
4874 87
4875 53
4876 96
4877 135
4878 54
4879 54
4880 142
4881 103
4882 140
4883 45
4884 45
4885 72
4886 128
4887 84
4888 135
4889 48
4890 103
4891 135
4892 53
4893 54
4894 105
4895 139
4896 51
4897 76
4898 112
4899 35
4900 105
4901 10
4902 128
4903 10
4904 135
4905 23
4906 74
4907 88
4908 53
4909 124
4910 53
4911 107
4912 6
4913 95
4914 107
4915 21
4916 22
4917 113
4918 91
4919 111
4920 10
4921 135
4922 107
4923 139
4924 59
4925 47
4926 112
4927 111
4928 40
4929 100
4930 16
4931 22
4932 136
4933 53
4934 74
4935 10
4936 59
4937 37
4938 105
4939 81
4940 51
4941 107
4942 142
4943 37
4944 137
4945 0
4946 109
4947 92
4948 74
4949 54
4950 23
4951 111
4952 113
4953 34
4954 112
4955 54
4956 47
4957 72
4958 103
4959 32
4960 59
4961 93
4962 135
4963 142
4964 107
4965 37
4966 22
4967 81
4968 95
4969 23
4970 111
4971 23
4972 113
4973 51
4974 54
4975 141
4976 51
4977 149
4978 23
4979 59
4980 59
4981 135
4982 81
4983 59
4984 91
4985 37
4986 32
4987 125
4988 105
4989 74
4990 59
4991 37
4992 54
4993 140
4994 54
4995 26
4996 74
4997 22
4998 10
4999 112
5000 140
5001 91
5002 23
5003 38
5004 107
5005 75
5006 147
5007 63
5008 142
5009 101
5010 54
5011 111
5012 23
5013 10
5014 32
5015 124
5016 150
5017 108
5018 91
5019 81
5020 54
5021 37
5022 135
5023 74
5024 21
5025 112
5026 91
5027 23
5028 54
5029 91
5030 124
5031 53
5032 59
5033 74
5034 53
5035 23
5036 112
5037 6
5038 23
5039 111
5040 105
5041 147
5042 0
5043 111
5044 52
5045 142
5046 117
5047 11
5048 58
5049 54
5050 128
5051 103
5052 0
5053 107
5054 54
5055 38
5056 59
5057 59
5058 91
5059 81
5060 51
5061 142
5062 72
5063 37
5064 111
5065 63
5066 72
5067 51
5068 135
5069 22
5070 64
5071 22
5072 111
5073 109
5074 111
5075 10
5076 0
5077 38
5078 44
5079 2
5080 142
5081 54
5082 59
5083 113
5084 147
5085 58
5086 105
5087 111
5088 150
5089 74
5090 44
5091 53
5092 81
5093 103
5094 111
5095 130
5096 37
5097 59
5098 111
5099 3
5100 22
5101 10
5102 133
5103 125
5104 54
5105 107
5106 22
5107 45
5108 125
5109 54
5110 142
5111 125
5112 81
5113 64
5114 74
5115 150
5116 117
5117 76
5118 125
5119 135
5120 36
5121 51
5122 28
5123 98
5124 91
5125 54
5126 100
5127 74
5128 31
5129 81
5130 150
5131 98
5132 23
5133 42
5134 117
5135 5
5136 51
5137 128
5138 142
5139 37
5140 137
5141 21
5142 5
5143 100
5144 91
5145 32
5146 36
5147 132
5148 114
5149 130
5150 140
5151 103
5152 128
5153 96
5154 111
5155 59
5156 113
5157 121
5158 37
5159 142
5160 126
5161 64
5162 76
5163 87
5164 127
5165 84
5166 128
5167 111
5168 59
5169 74
5170 5
5171 2
5172 142
5173 142
5174 115
5175 59
5176 24
5177 51
5178 74
5179 59
5180 74
5181 59
5182 103
5183 32
5184 129
5185 22
5186 23
5187 59
5188 53
5189 59
5190 59
5191 98
5192 64
5193 59
5194 53
5195 37
5196 59
5197 22
5198 105
5199 105
5200 135
5201 22
5202 109
5203 113
5204 73
5205 22
5206 23
5207 91
5208 142
5209 105
5210 140
5211 3
5212 10
5213 84
5214 88
5215 35
5216 105
5217 23
5218 8
5219 132
5220 38
5221 35
5222 115
5223 10
5224 69
5225 144
5226 123
5227 47
5228 144
5229 147
5230 107
5231 7
5232 48
5233 10
5234 74
5235 123
5236 78
5237 121
5238 135
5239 53
5240 10
5241 62
5242 47
5243 103
5244 108
5245 22
5246 95
5247 23
5248 54
5249 44
5250 132
5251 48
5252 5
5253 144
5254 22
5255 132
5256 53
5257 37
5258 128
5259 103
5260 53
5261 107
5262 86
5263 125
5264 113
5265 51
5266 142
5267 40
5268 107
5269 82
5270 38
5271 64
5272 78
5273 105
5274 110
5275 10
5276 3
5277 53
5278 93
5279 62
5280 8
5281 59
5282 142
5283 37
5284 8
5285 5
5286 93
5287 107
5288 150
5289 51
5290 124
5291 74
5292 35
5293 59
5294 71
5295 35
5296 51
5297 73
5298 79
5299 107
5300 125
5301 31
5302 111
5303 74
5304 10
5305 103
5306 142
5307 10
5308 142
5309 142
5310 74
5311 142
5312 105
5313 45
5314 25
5315 53
5316 142
5317 135
5318 54
5319 135
5320 150
5321 99
5322 142
5323 103
5324 15
5325 109
5326 140
5327 11
5328 132
5329 70
5330 91
5331 114
5332 3
5333 24
5334 73
5335 72
5336 5
5337 30
5338 21
5339 59
5340 73
5341 135
5342 112
5343 64
5344 89
5345 22
5346 142
5347 56
5348 21
5349 142
5350 8
5351 55
5352 73
5353 91
5354 84
5355 142
5356 35
5357 53
5358 84
5359 135
5360 25
5361 74
5362 142
5363 53
5364 100
5365 105
5366 74
5367 48
5368 98
5369 135
5370 74
5371 84
5372 105
5373 37
5374 142
5375 62
5376 53
5377 74
5378 147
5379 135
5380 142
5381 87
5382 95
5383 64
5384 103
5385 142
5386 23
5387 0
5388 97
5389 53
5390 22
5391 38
5392 10
5393 135
5394 38
5395 103
5396 15
5397 142
5398 95
5399 98
5400 135
5401 59
5402 27
5403 105
5404 22
5405 45
5406 40
5407 140
5408 142
5409 107
5410 48
5411 112
5412 25
5413 35
5414 107
5415 140
5416 142
5417 14
5418 97
5419 135
5420 117
5421 56
5422 1
5423 74
5424 117
5425 90
5426 128
5427 150
5428 74
5429 128
5430 74
5431 135
5432 10
5433 25
5434 51
5435 8
5436 45
5437 117
5438 128
5439 105
5440 145
5441 16
5442 145
5443 25
5444 128
5445 92
5446 113
5447 112
5448 10
5449 96
5450 103
5451 121
5452 31
5453 150
5454 53
5455 128
5456 135
5457 74
5458 1
5459 137
5460 3
5461 81
5462 152
5463 103
5464 107
5465 10
5466 127
5467 103
5468 60
5469 47
5470 63
5471 74
5472 93
5473 53
5474 151
5475 44
5476 53
5477 121
5478 128
5479 94
5480 33
5481 107
5482 121
5483 94
5484 103
5485 53
5486 90
5487 94
5488 148
5489 34
5490 16
5491 27
5492 81
5493 142
5494 103
5495 90
5496 142
5497 149
5498 54
5499 81
5500 76
5501 78
5502 59
5503 38
5504 93
5505 67
5506 32
5507 105
5508 9
5509 72
5510 117
5511 0
5512 0
5513 103
5514 128
5515 0
5516 74
5517 108
5518 53
5519 81
5520 137
5521 103
5522 103
5523 106
5524 0
5525 103
5526 44
5527 82
5528 135
5529 117
5530 100
5531 72
5532 81
5533 10
5534 140
5535 53
5536 59
5537 111
5538 108
5539 132
5540 64
5541 0
5542 8
5543 76
5544 0
5545 81
5546 111
5547 107
5548 59
5549 152
5550 59
5551 51
5552 10
5553 10
5554 53
5555 92
5556 135
5557 132
5558 54
5559 79
5560 74
5561 63
5562 111
5563 52
5564 58
5565 136
5566 10
5567 108
5568 59
5569 53
5570 111
5571 74
5572 74
5573 59
5574 117
5575 64
5576 142
5577 39
5578 111
5579 62
5580 117
5581 147
5582 27
5583 0
5584 8
5585 124
5586 56
5587 117
5588 100
5589 32
5590 91
5591 105
5592 10
5593 111
5594 6
5595 85
5596 107
5597 7
5598 54
5599 74
5600 38
5601 72
5602 84
5603 103
5604 128
5605 145
5606 103
5607 0
5608 112
5609 130
5610 67
5611 111
5612 23
5613 106
5614 130
5615 124
5616 147
5617 72
5618 139
5619 5
5620 14
5621 123
5622 81
5623 107
5624 74
5625 51
5626 51
5627 72
5628 140
5629 130
5630 140
5631 74
5632 107
5633 52
5634 112
5635 110
5636 36
5637 103
5638 35
5639 65
5640 105
5641 98
5642 142
5643 124
5644 124
5645 23
5646 98
5647 59
5648 33
5649 142
5650 64
5651 76
5652 39
5653 23
5654 142
5655 0
5656 111
5657 5
5658 17
5659 120
5660 142
5661 135
5662 115
5663 23
5664 124
5665 147
5666 58
5667 109
5668 0
5669 64
5670 37
5671 78
5672 88
5673 73
5674 114
5675 108
5676 100
5677 132
5678 92
5679 36
5680 74
5681 147
5682 124
5683 76
5684 91
5685 142
5686 10
5687 58
5688 74
5689 124
5690 95
5691 74
5692 10
5693 105
5694 142
5695 135
5696 5
5697 53
5698 38
5699 74
5700 51
5701 23
5702 85
5703 140
5704 105
5705 53
5706 124
5707 53
5708 99
5709 74
5710 101
5711 142
5712 51
5713 67
5714 10
5715 88
5716 103
5717 51
5718 142
5719 72
5720 47
5721 142
5722 47
5723 72
5724 5
5725 48
5726 140
5727 59
5728 86
5729 81
5730 53
5731 10
5732 107
5733 35
5734 113
5735 100
5736 53
5737 35
5738 29
5739 105
5740 59
5741 36
5742 94
5743 37
5744 135
5745 60
5746 124
5747 107
5748 23
5749 10
5750 54
5751 47
5752 96
5753 142
5754 47
5755 125
5756 0
5757 105
5758 144
5759 59
5760 147
5761 98
5762 103
5763 107
5764 59
5765 38
5766 88
5767 90
5768 125
5769 40
5770 38
5771 13
5772 63
5773 51
5774 107
5775 59
5776 111
5777 59
5778 107
5779 107
5780 25
5781 74
5782 110
5783 53
5784 40
5785 59
5786 35
5787 150
5788 91
5789 124
5790 103
5791 0
5792 91
5793 103
5794 111
5795 54
5796 10
5797 149
5798 81
5799 150
5800 52
5801 110
5802 107
5803 81
5804 10
5805 72
5806 10
5807 54
5808 72
5809 5
5810 67
5811 10
5812 35
5813 59
5814 5
5815 59
5816 54
5817 72
5818 74
5819 54
5820 72
5821 59
5822 81
5823 142
5824 74
5825 44
5826 142
5827 54
5828 52
5829 59
5830 58
5831 54
5832 110
5833 10
5834 81
5835 50
5836 135
5837 0
5838 0
5839 111
5840 115
5841 24
5842 99
5843 47
5844 23
5845 11
5846 98
5847 0
5848 107
5849 103
5850 59
5851 54
5852 10
5853 135
5854 10
5855 107
5856 103
5857 81
5858 72
5859 142
5860 11
5861 74
5862 149
5863 6
5864 84
5865 62
5866 103
5867 0
5868 125
5869 91
5870 51
5871 103
5872 95
5873 59
5874 91
5875 105
5876 5
5877 38
5878 147
5879 0
5880 135
5881 141
5882 100
5883 111
5884 105
5885 45
5886 21
5887 51
5888 150
5889 54
5890 105
5891 59
5892 142
5893 103
5894 124
5895 74
5896 107
5897 105
5898 105
5899 59
5900 107
5901 107
5902 135
5903 103
5904 107
5905 54
5906 128
5907 105
5908 88
5909 53
5910 111
5911 25
5912 53
5913 74
5914 74
5915 65
5916 54
5917 45
5918 23
5919 72
5920 55
5921 40
5922 51
5923 139
5924 47
5925 128
5926 142
5927 59
5928 107
5929 103
5930 22
5931 22
5932 54
5933 135
5934 8
5935 52
5936 107
5937 140
5938 8
5939 135
5940 22
5941 22
5942 105
5943 51
5944 22
5945 37
5946 107
5947 23
5948 3
5949 139
5950 53
5951 135
5952 105
5953 103
5954 0
5955 95
5956 53
5957 23
5958 105
5959 142
5960 21
5961 17
5962 38
5963 10
5964 8
5965 113
5966 88
5967 53
5968 112
5969 54
5970 58
5971 95
5972 144
5973 107
5974 103
5975 53
5976 65
5977 81
5978 59
5979 111
5980 113
5981 93
5982 139
5983 128
5984 142
5985 147
5986 128
5987 125
5988 67
5989 142
5990 47
5991 105
5992 53
5993 124
5994 76
5995 53
5996 91
5997 72
5998 103
5999 140
6000 111
6001 10
6002 95
6003 125
6004 54
6005 125
6006 91
6007 103
6008 58
6009 151
6010 0
6011 32
6012 111
6013 8
6014 113
6015 64
6016 125
6017 111
6018 82
6019 103
6020 135
6021 0
6022 0
6023 51
6024 95
6025 59
6026 142
6027 72
6028 114
6029 103
6030 37
6031 104
6032 45
6033 63
6034 81
6035 81
6036 103
6037 22
6038 105
6039 23
6040 147
6041 85
6042 142
6043 37
6044 72
6045 59
6046 81
6047 23
6048 13
6049 93
6050 76
6051 11
6052 135
6053 13
6054 51
6055 128
6056 81
6057 76
6058 25
6059 135
6060 59
6061 10
6062 11
6063 81
6064 37
6065 113
6066 37
6067 81
6068 125
6069 105
6070 54
6071 62
6072 23
6073 135
6074 132
6075 72
6076 91
6077 45
6078 91
6079 111
6080 113
6081 54
6082 105
6083 124
6084 59
6085 91
6086 91
6087 107
6088 63
6089 140
6090 75
6091 81
6092 105
6093 111
6094 72
6095 100
6096 149
6097 23
6098 36
6099 135
6100 84
6101 109
6102 10
6103 22
6104 135
6105 133
6106 135
6107 53
6108 103
6109 100
6110 90
6111 36
6112 116
6113 135
6114 142
6115 59
6116 105
6117 135
6118 22
6119 10
6120 107
6121 99
6122 73
6123 54
6124 74
6125 130
6126 53
6127 124
6128 107
6129 125
6130 47
6131 95
6132 59
6133 100
6134 0
6135 11
6136 37
6137 113
6138 103
6139 54
6140 110
6141 91
6142 72
6143 105
6144 98
6145 98
6146 27
6147 2
6148 84
6149 51
6150 64
6151 6
6152 76
6153 135
6154 3
6155 98
6156 123
6157 142
6158 53
6159 142
6160 59
6161 112
6162 74
6163 78
6164 120
6165 36
6166 64
6167 61
6168 142
6169 36
6170 72
6171 105
6172 121
6173 108
6174 88
6175 71
6176 64
6177 132
6178 6
6179 63
6180 99
6181 74
6182 54
6183 0
6184 98
6185 22
6186 92
6187 6
6188 19
6189 100
6190 73
6191 18
6192 108
6193 44
6194 37
6195 70
6196 139
6197 74
6198 100
6199 42
6200 142
6201 117
6202 22
6203 71
6204 144
6205 130
6206 121
6207 142
6208 132
6209 121
6210 90
6211 111
6212 34
6213 107
6214 113
6215 113
6216 32
6217 20
6218 70
6219 140
6220 98
6221 52
6222 8
6223 105
6224 111
6225 113
6226 91
6227 98
6228 20
6229 147
6230 0
6231 141
6232 88
6233 125
6234 149
6235 136
6236 22
6237 145
6238 40
6239 117
6240 105
6241 122
6242 42
6243 76
6244 97
6245 71
6246 102
6247 146
6248 45
6249 36
6250 145
6251 125
6252 110
6253 29
6254 28
6255 54
6256 142
6257 6
6258 151
6259 77
6260 108
6261 65
6262 2
6263 105
6264 142
6265 51
6266 144
6267 22
6268 150
6269 111
6270 37
6271 149
6272 149
6273 8
6274 105
6275 48
6276 125
6277 51
6278 47
6279 72
6280 50
6281 89
6282 51
6283 111
6284 142
6285 142
6286 40
6287 142
6288 6
6289 142
6290 149
6291 127
6292 35
6293 19
6294 67
6295 142
6296 132
6297 58
6298 142
6299 110
6300 113
6301 30
6302 62
6303 6
6304 116
6305 30
6306 142
6307 57
6308 135
6309 83
6310 17
6311 98
6312 112
6313 39
6314 150
6315 23
6316 3
6317 35
6318 76
6319 38
6320 53
6321 142
6322 125
6323 103
6324 103
6325 103
6326 99
6327 130
6328 64
6329 5
6330 131
6331 35
6332 72
6333 63
6334 99
6335 46
6336 65
6337 99
6338 91
6339 103
6340 70
6341 46
6342 111
6343 103
6344 74
6345 87
6346 3
6347 112
6348 103
6349 103
6350 142
6351 85
6352 144
6353 142
6354 103
6355 9
6356 27
6357 101
6358 5
6359 106
6360 72
6361 45
6362 142
6363 39
6364 90
6365 105
6366 125
6367 9
6368 72
6369 99
6370 8
6371 103
6372 33
6373 117
6374 120
6375 3
6376 57
6377 125
6378 28
6379 45
6380 35
6381 151
6382 35
6383 84
6384 27
6385 103
6386 54
6387 45
6388 103
6389 58
6390 15
6391 45
6392 103
6393 125
6394 147
6395 128
6396 107
6397 35
6398 92
6399 14
6400 9
6401 25
6402 15
6403 52
6404 47
6405 90
6406 124
6407 98
6408 0
6409 147
6410 67
6411 0
6412 53
6413 0
6414 0
6415 107
6416 103
6417 109
6418 42
6419 11
6420 47
6421 125
6422 30
6423 24
6424 128
6425 24
6426 92
6427 91
6428 53
6429 107
6430 105
6431 16
6432 88
6433 124
6434 112
6435 142
6436 142
6437 113
6438 76
6439 99
6440 21
6441 110
6442 17
6443 121
6444 6
6445 147
6446 112
6447 24
6448 125
6449 128
6450 128
6451 148
6452 150
6453 42
6454 0
6455 42
6456 140
6457 123
6458 112
6459 113
6460 45
6461 5
6462 101
6463 76
6464 132
6465 68
6466 0
6467 140
6468 130
6469 90
6470 24
6471 135
6472 142
6473 103
6474 78
6475 35
6476 125
6477 101
6478 37
6479 45
6480 38
6481 76
6482 89
6483 0
6484 101
6485 0
6486 2
6487 58
6488 81
6489 107
6490 21
6491 8
6492 103
6493 135
6494 135
6495 5
6496 103
6497 60
6498 135
6499 59
6500 38
6501 32
6502 147
6503 152
6504 84
6505 135
6506 108
6507 107
6508 135
6509 103
6510 76
6511 21
6512 8
6513 61
6514 114
6515 10
6516 81
6517 142
6518 10
6519 81
6520 49
6521 108
6522 55
6523 143
6524 53
6525 47
6526 108
6527 44
6528 93
6529 112
6530 113
6531 142
6532 72
6533 53
6534 40
6535 95
6536 54
6537 149
6538 49
6539 103
6540 140
6541 17
6542 76
6543 38
6544 124
6545 128
6546 30
6547 0
6548 28
6549 100
6550 10
6551 57
6552 107
6553 143
6554 111
6555 103
6556 134
6557 51
6558 81
6559 64
6560 10
6561 103
6562 132
6563 36
6564 10
6565 32
6566 130
6567 107
6568 51
6569 54
6570 112
6571 111
6572 21
6573 76
6574 36
6575 10
6576 72
6577 135
6578 138
6579 81
6580 72
6581 81
6582 142
6583 81
6584 132
6585 32
6586 107
6587 1
6588 69
6589 130
6590 111
6591 72
6592 10
6593 76
6594 54
6595 51
6596 92
6597 82
6598 142
6599 53
6600 131
6601 32
6602 12
6603 11
6604 132
6605 142
6606 103
6607 3
6608 111
6609 123
6610 137
6611 22
6612 132
6613 145
6614 150
6615 0
6616 110
6617 142
6618 120
6619 30
6620 91
6621 138
6622 116
6623 81
6624 72
6625 103
6626 23
6627 138
6628 37
6629 53
6630 7
6631 91
6632 107
6633 7
6634 51
6635 65
6636 51
6637 64
6638 138
6639 59
6640 51
6641 111
6642 59
6643 0
6644 128
6645 106
6646 91
6647 36
6648 124
6649 112
6650 51
6651 147
6652 25
6653 135
6654 139
6655 74
6656 69
6657 110
6658 135
6659 23
6660 111
6661 90
6662 128
6663 36
6664 142
6665 51
6666 103
6667 75
6668 88
6669 88
6670 142
6671 110
6672 37
6673 36
6674 32
6675 51
6676 51
6677 42
6678 24
6679 16
6680 76
6681 120
6682 76
6683 84
6684 150
6685 142
6686 142
6687 59
6688 54
6689 32
6690 135
6691 51
6692 59
6693 132
6694 91
6695 10
6696 59
6697 5
6698 84
6699 71
6700 78
6701 5
6702 103
6703 89
6704 81
6705 23
6706 50
6707 22
6708 91
6709 42
6710 144
6711 107
6712 142
6713 71
6714 8
6715 142
6716 53
6717 59
6718 74
6719 91
6720 135
6721 53
6722 45
6723 84
6724 10
6725 111
6726 144
6727 33
6728 52
6729 100
6730 101
6731 10
6732 18
6733 74
6734 1
6735 67
6736 10
6737 40
6738 53
6739 100
6740 114
6741 98
6742 100
6743 47
6744 103
6745 113
6746 91
6747 92
6748 10
6749 135
6750 98
6751 139
6752 5
6753 117
6754 114
6755 53
6756 135
6757 4
6758 35
6759 135
6760 0
6761 45
6762 151
6763 93
6764 54
6765 103
6766 135
6767 128
6768 91
6769 59
6770 103
6771 81
6772 125
6773 53
6774 38
6775 53
6776 35
6777 100
6778 20
6779 38
6780 64
6781 103
6782 142
6783 10
6784 103
6785 128
6786 10
6787 111
6788 74
6789 34
6790 141
6791 111
6792 6
6793 5
6794 47
6795 135
6796 74
6797 74
6798 76
6799 53
6800 75
6801 0
6802 48
6803 105
6804 105
6805 105
6806 135
6807 125
6808 23
6809 111
6810 47
6811 147
6812 0
6813 111
6814 86
6815 74
6816 135
6817 53
6818 142
6819 56
6820 63
6821 135
6822 44
6823 112
6824 54
6825 17
6826 51
6827 53
6828 59
6829 118
6830 54
6831 103
6832 51
6833 0
6834 8
6835 0
6836 124
6837 103
6838 52
6839 105
6840 74
6841 59
6842 14
6843 105
6844 81
6845 112
6846 103
6847 98
6848 135
6849 105
6850 36
6851 103
6852 144
6853 15
6854 152
6855 38
6856 111
6857 103
6858 125
6859 135
6860 150
6861 105
6862 8
6863 111
6864 52
6865 8
6866 99
6867 142
6868 40
6869 10
6870 135
6871 107
6872 45
6873 148
6874 142
6875 133
6876 109
6877 95
6878 54
6879 59
6880 150
6881 10
6882 95
6883 51
6884 81
6885 10
6886 74
6887 81
6888 0
6889 111
6890 105
6891 90
6892 123
6893 103
6894 51
6895 43
6896 8
6897 149
6898 124
6899 95
6900 95
6901 72
6902 125
6903 74
6904 54
6905 10
6906 0
6907 59
6908 109
6909 105
6910 111
6911 112
6912 8
6913 142
6914 54
6915 51
6916 145
6917 59
6918 103
6919 111
6920 105
6921 72
6922 91
6923 81
6924 142
6925 135
6926 37
6927 92
6928 74
6929 140
6930 59
6931 103
6932 59
6933 95
6934 105
6935 120
6936 10
6937 124
6938 10
6939 47
6940 51
6941 40
6942 81
6943 81
6944 22
6945 135
6946 74
6947 0
6948 113
6949 38
6950 114
6951 107
6952 149
6953 76
6954 59
6955 103
6956 95
6957 119
6958 103
6959 146
6960 8
6961 96
6962 22
6963 53
6964 86
6965 135
6966 103
6967 147
6968 95
6969 126
6970 37
6971 92
6972 74
6973 134
6974 105
6975 22
6976 37
6977 59
6978 81
6979 37
6980 37
6981 103
6982 67
6983 111
6984 53
6985 90
6986 76
6987 54
6988 22
6989 135
6990 107
6991 52
6992 135
6993 81
6994 104
6995 120
6996 22
6997 72
6998 147
6999 34
7000 0
7001 128
7002 142
7003 37
7004 14
7005 74
7006 32
7007 125
7008 23
7009 124
7010 10
7011 124
7012 142
7013 124
7014 81
7015 51
7016 38
7017 107
7018 10
7019 149
7020 91
7021 103
7022 150
7023 72
7024 23
7025 142
7026 72
7027 37
7028 74
7029 139
7030 150
7031 53
7032 117
7033 113
7034 72
7035 133
7036 140
7037 22
7038 150
7039 135
7040 111
7041 59
7042 67
7043 64
7044 59
7045 23
7046 23
7047 147
7048 8
7049 10
7050 113
7051 48
7052 32
7053 47
7054 111
7055 0
7056 110
7057 23
7058 59
7059 111
7060 141
7061 16
7062 10
7063 103
7064 132
7065 107
7066 72
7067 67
7068 140
7069 22
7070 103
7071 125
7072 113
7073 81
7074 135
7075 107
7076 117
7077 81
7078 113
7079 105
7080 37
7081 105
7082 74
7083 0
7084 38
7085 37
7086 92
7087 81
7088 113
7089 36
7090 10
7091 130
7092 59
7093 6
7094 38
7095 105
7096 105
7097 108
7098 37
7099 135
7100 53
7101 125
7102 0
7103 142
7104 142
7105 35
7106 37
7107 10
7108 22
7109 107
7110 142
7111 36
7112 93
7113 37
7114 113
7115 81
7116 93
7117 54
7118 147
7119 23
7120 85
7121 91
7122 142
7123 91
7124 120
7125 22
7126 130
7127 92
7128 10
7129 23
7130 70
7131 36
7132 59
7133 0
7134 113
7135 95
7136 108
7137 37
7138 113
7139 91
7140 129
7141 105
7142 105
7143 10
7144 92
7145 59
7146 142
7147 113
7148 10
7149 125
7150 22
7151 107
7152 103
7153 112
7154 135
7155 107
7156 62
7157 146
7158 100
7159 72
7160 45
7161 111
7162 23
7163 64
7164 46
7165 109
7166 105
7167 74
7168 53
7169 19
7170 11
7171 113
7172 103
7173 92
7174 74
7175 81
7176 133
7177 22
7178 98
7179 128
7180 113
7181 3
7182 125
7183 98
7184 32
7185 108
7186 105
7187 84
7188 98
7189 58
7190 10
7191 59
7192 123
7193 120
7194 109
7195 22
7196 72
7197 142
7198 22
7199 113
7200 58
7201 83
7202 24
7203 123
7204 135
7205 98
7206 27
7207 114
7208 130
7209 86
7210 80
7211 74
7212 95
7213 135
7214 42
7215 113
7216 74
7217 105
7218 95
7219 53
7220 53
7221 65
7222 111
7223 22
7224 91
7225 59
7226 58
7227 41
7228 124
7229 105
7230 142
7231 37
7232 51
7233 132
7234 63
7235 59
7236 105
7237 70
7238 103
7239 74
7240 91
7241 9
7242 10
7243 51
7244 78
7245 135
7246 59
7247 142
7248 74
7249 151
7250 74
7251 59
7252 106
7253 3
7254 74
7255 10
7256 109
7257 53
7258 132
7259 36
7260 33
7261 125
7262 105
7263 77
7264 135
7265 103
7266 3
7267 117
7268 135
7269 149
7270 78
7271 149
7272 53
7273 67
7274 36
7275 53
7276 60
7277 22
7278 103
7279 59
7280 59
7281 128
7282 74
7283 51
7284 125
7285 108
7286 74
7287 113
7288 44
7289 74
7290 52
7291 103
7292 115
7293 102
7294 31
7295 104
7296 37
7297 74
7298 43
7299 23
7300 26
7301 47
7302 145
7303 103
7304 135
7305 141
7306 14
7307 103
7308 52
7309 103
7310 122
7311 98
7312 103
7313 10
7314 38
7315 35
7316 111
7317 107
7318 53
7319 16
7320 53
7321 91
7322 110
7323 59
7324 135
7325 90
7326 59
7327 23
7328 142
7329 6
7330 25
7331 90
7332 36
7333 107
7334 71
7335 112
7336 8
7337 114
7338 53
7339 10
7340 126
7341 142
7342 22
7343 112
7344 10
7345 45
7346 79
7347 142
7348 6
7349 91
7350 107
7351 103
7352 17
7353 43
7354 105
7355 25
7356 90
7357 83
7358 107
7359 114
7360 135
7361 52
7362 125
7363 92
7364 44
7365 145
7366 142
7367 85
7368 109
7369 67
7370 110
7371 5
7372 10
7373 103
7374 36
7375 10
7376 93
7377 90
7378 90
7379 74
7380 53
7381 120
7382 130
7383 112
7384 12
7385 25
7386 59
7387 120
7388 74
7389 21
7390 10
7391 35
7392 15
7393 85
7394 120
7395 107
7396 62
7397 12
7398 112
7399 10
7400 107
7401 35
7402 38
7403 10
7404 109
7405 53
7406 150
7407 133
7408 136
7409 10
7410 36
7411 103
7412 151
7413 147
7414 135
7415 44
7416 147
7417 123
7418 93
7419 60
7420 147
7421 107
7422 14
7423 8
7424 142
7425 107
7426 107
7427 53
7428 135
7429 22
7430 72
7431 55
7432 135
7433 10
7434 134
7435 151
7436 14
7437 53
7438 49
7439 74
7440 103
7441 124
7442 142
7443 88
7444 47
7445 15
7446 125
7447 8
7448 114
7449 0
7450 51
7451 8
7452 74
7453 74
7454 105
7455 38
7456 73
7457 98
7458 74
7459 61
7460 95
7461 44
7462 103
7463 47
7464 109
7465 107
7466 8
7467 76
7468 77
7469 0
7470 139
7471 88
7472 125
7473 84
7474 71
7475 142
7476 105
7477 150
7478 105
7479 81
7480 135
7481 5
7482 74
7483 81
7484 103
7485 103
7486 112
7487 146
7488 105
7489 94
7490 105
7491 45
7492 10
7493 142
7494 53
7495 117
7496 107
7497 35
7498 140
7499 128
7500 74
7501 105
7502 14
7503 130
7504 144
7505 68
7506 105
7507 81
7508 32
7509 78
7510 107
7511 38
7512 40
7513 75
7514 135
7515 95
7516 59
7517 113
7518 47
7519 40
7520 35
7521 107
7522 74
7523 135
7524 7
7525 38
7526 140
7527 135
7528 40
7529 47
7530 59
7531 0
7532 107
7533 124
7534 23
7535 118
7536 76
7537 7
7538 0
7539 85
7540 42
7541 142
7542 93
7543 105
7544 74
7545 62
7546 10
7547 15
7548 74
7549 54
7550 3
7551 105
7552 135
7553 59
7554 82
7555 40
7556 111
7557 135
7558 10
7559 21
7560 27
7561 111
7562 95
7563 74
7564 105
7565 59
7566 47
7567 107
7568 142
7569 105
7570 44
7571 0
7572 141
7573 81
7574 59
7575 6
7576 133
7577 62
7578 64
7579 100
7580 51
7581 72
7582 8
7583 59
7584 105
7585 17
7586 111
7587 0
7588 53
7589 53
7590 135
7591 107
7592 100
7593 103
7594 54
7595 140
7596 92
7597 20
7598 107
7599 142
7600 36
7601 59
7602 135
7603 6
7604 32
7605 59
7606 20
7607 43
7608 129
7609 36
7610 128
7611 0
7612 96
7613 81
7614 146
7615 10
7616 53
7617 15
7618 0
7619 74
7620 59
7621 103
7622 63
7623 113
7624 4
7625 102
7626 123
7627 74
7628 109
7629 147
7630 81
7631 39
7632 66
7633 135
7634 59
7635 135
7636 67
7637 105
7638 147
7639 81
7640 0
7641 54
7642 142
7643 37
7644 147
7645 136
7646 142
7647 59
7648 91
7649 32
7650 72
7651 74
7652 125
7653 7
7654 151
7655 59
7656 123
7657 111
7658 103
7659 81
7660 132
7661 142
7662 54
7663 51
7664 105
7665 37
7666 10
7667 111
7668 8
7669 105
7670 98
7671 23
7672 142
7673 73
7674 11
7675 105
7676 107
7677 59
7678 10
7679 63
7680 37
7681 74
7682 1
7683 132
7684 100
7685 45
7686 49
7687 78
7688 23
7689 128
7690 98
7691 72
7692 54
7693 92
7694 91
7695 135
7696 8
7697 145
7698 105
7699 59
7700 0
7701 135
7702 58
7703 76
7704 37
7705 36
7706 36
7707 33
7708 7
7709 28
7710 59
7711 72
7712 114
7713 51
7714 101
7715 72
7716 147
7717 91
7718 62
7719 95
7720 42
7721 152
7722 51
7723 142
7724 142
7725 69
7726 37
7727 135
7728 111
7729 125
7730 0
7731 51
7732 37
7733 126
7734 147
7735 27
7736 10
7737 121
7738 21
7739 91
7740 54
7741 144
7742 36
7743 21
7744 103
7745 140
7746 10
7747 54
7748 105
7749 46
7750 113
7751 82
7752 54
7753 11
7754 130
7755 107
7756 59
7757 103
7758 120
7759 84
7760 17
7761 117
7762 79
7763 77
7764 59
7765 54
7766 52
7767 69
7768 30
7769 52
7770 142
7771 152
7772 128
7773 60
7774 35
7775 142
7776 74
7777 51
7778 55
7779 142
7780 105
7781 135
7782 105
7783 47
7784 59
7785 100
7786 35
7787 64
7788 22
7789 127
7790 139
7791 149
7792 103
7793 130
7794 74
7795 76
7796 81
7797 5
7798 105
7799 22
7800 32
7801 55
7802 103
7803 111
7804 105
7805 142
7806 95
7807 98
7808 101
7809 8
7810 51
7811 80
7812 132
7813 105
7814 74
7815 105
7816 72
7817 53
7818 111
7819 82
7820 35
7821 90
7822 105
7823 10
7824 22
7825 16
7826 13
7827 125
7828 82
7829 142
7830 6
7831 142
7832 142
7833 113
7834 76
7835 76
7836 103
7837 142
7838 128
7839 87
7840 103
7841 74
7842 103
7843 105
7844 59
7845 105
7846 135
7847 142
7848 130
7849 37
7850 103
7851 10
7852 72
7853 126
7854 112
7855 72
7856 142
7857 150
7858 120
7859 135
7860 0
7861 37
7862 53
7863 54
7864 54
7865 13
7866 111
7867 107
7868 3
7869 133
7870 50
7871 8
7872 23
7873 36
7874 112
7875 53
7876 0
7877 113
7878 107
7879 113
7880 3
7881 81
7882 72
7883 10
7884 20
7885 48
7886 92
7887 14
7888 11
7889 111
7890 53
7891 54
7892 111
7893 53
7894 10
7895 107
7896 21
7897 47
7898 0
7899 150
7900 3
7901 59
7902 35
7903 59
7904 90
7905 110
7906 38
7907 74
7908 142
7909 51
7910 107
7911 123
7912 3
7913 51
7914 135
7915 51
7916 81
7917 105
7918 111
7919 134
7920 97
7921 140
7922 10
7923 72
7924 111
7925 142
7926 142
7927 142
7928 23
7929 72
7930 74
7931 3
7932 51
7933 72
7934 38
7935 10
7936 90
7937 54
7938 22
7939 10
7940 81
7941 103
7942 74
7943 64
7944 135
7945 23
7946 0
7947 61
7948 51
7949 74
7950 54
7951 125
7952 23
7953 142
7954 54
7955 111
7956 81
7957 53
7958 135
7959 81
7960 72
7961 117
7962 22
7963 103
7964 74
7965 53
7966 74
7967 125
7968 58
7969 140
7970 147
7971 35
7972 22
7973 0
7974 143
7975 105
7976 117
7977 72
7978 107
7979 23
7980 114
7981 19
7982 74
7983 22
7984 22
7985 59
7986 22
7987 142
7988 8
7989 23
7990 49
7991 35
7992 105
7993 0
7994 34
7995 78
7996 128
7997 22
7998 105
7999 103
8000 51
8001 130
8002 74
8003 78
8004 106
8005 103
8006 17
8007 76
8008 72
8009 142
8010 59
8011 112
8012 67
8013 103
8014 117
8015 103
8016 103
8017 95
8018 47
8019 10
8020 22
8021 124
8022 137
8023 145
8024 54
8025 59
8026 135
8027 105
8028 16
8029 51
8030 37
8031 54
8032 147
8033 72
8034 22
8035 0
8036 113
8037 98
8038 81
8039 92
8040 54
8041 23
8042 113
8043 0
8044 107
8045 124
8046 59
8047 38
8048 72
8049 54
8050 59
8051 10
8052 22
8053 0
8054 7
8055 54
8056 91
8057 23
8058 54
8059 59
8060 26
8061 72
8062 53
8063 107
8064 118
8065 150
8066 91
8067 64
8068 105
8069 142
8070 22
8071 0
8072 81
8073 7
8074 95
8075 74
8076 105
8077 107
8078 22
8079 103
8080 91
8081 111
8082 112
8083 53
8084 105
8085 147
8086 125
8087 51
8088 32
8089 72
8090 107
8091 81
8092 113
8093 132
8094 10
8095 111
8096 37
8097 23
8098 54
8099 76
8100 74
8101 142
8102 103
8103 132
8104 72
8105 113
8106 105
8107 51
8108 111
8109 81
8110 113
8111 125
8112 124
8113 23
8114 53
8115 135
8116 37
8117 139
8118 117
8119 103
8120 59
8121 103
8122 35
8123 112
8124 81
8125 81
8126 32
8127 91
8128 107
8129 32
8130 125
8131 81
8132 132
8133 111
8134 10
8135 72
8136 111
8137 59
8138 132
8139 130
8140 100
8141 37
8142 21
8143 84
8144 74
8145 53
8146 91
8147 47
8148 95
8149 135
8150 107
8151 147
8152 54
8153 54
8154 142
8155 54
8156 51
8157 53
8158 37
8159 54
8160 124
8161 37
8162 59
8163 81
8164 103
8165 110
8166 3
8167 149
8168 53
8169 23
8170 84
8171 35
8172 22
8173 51
8174 112
8175 96
8176 6
8177 81
8178 98
8179 105
8180 91
8181 146
8182 10
8183 4
8184 111
8185 74
8186 91
8187 105
8188 84
8189 47
8190 107
8191 22
8192 109
8193 142
8194 54
8195 5
8196 124
8197 142
8198 51
8199 11
8200 128
8201 8
8202 81
8203 36
8204 96
8205 7
8206 0
8207 140
8208 91
8209 126
8210 51
8211 36
8212 147
8213 134
8214 132
8215 72
8216 24
8217 51
8218 11
8219 64
8220 51
8221 8
8222 122
8223 115
8224 113
8225 10
8226 0
8227 113
8228 34
8229 117
8230 102
8231 46
8232 22
8233 118
8234 37
8235 70
8236 110
8237 98
8238 91
8239 128
8240 54
8241 32
8242 100
8243 113
8244 11
8245 59
8246 124
8247 21
8248 5
8249 136
8250 5
8251 34
8252 10
8253 64
8254 54
8255 103
8256 127
8257 0
8258 36
8259 115
8260 107
8261 23
8262 64
8263 135
8264 54
8265 32
8266 51
8267 113
8268 37
8269 142
8270 93
8271 3
8272 48
8273 78
8274 105
8275 91
8276 88
8277 85
8278 100
8279 37
8280 91
8281 47
8282 72
8283 81
8284 0
8285 116
8286 118
8287 52
8288 11
8289 142
8290 141
8291 47
8292 106
8293 132
8294 125
8295 18
8296 135
8297 15
8298 138
8299 32
8300 105
8301 113
8302 42
8303 101
8304 54
8305 140
8306 142
8307 26
8308 23
8309 71
8310 113
8311 5
8312 67
8313 65
8314 149
8315 125
8316 50
8317 113
8318 22
8319 133
8320 98
8321 17
8322 13
8323 8
8324 122
8325 142
8326 94
8327 74
8328 150
8329 76
8330 132
8331 118
8332 101
8333 4
8334 98
8335 35
8336 22
8337 139
8338 100
8339 34
8340 57
8341 49
8342 108
8343 95
8344 81
8345 112
8346 101
8347 62
8348 113
8349 35
8350 31
8351 52
8352 47
8353 24
8354 111
8355 42
8356 34
8357 142
8358 38
8359 11
8360 117
8361 29
8362 11
8363 134
8364 112
8365 133
8366 150
8367 100
8368 64
8369 31
8370 103
8371 150
8372 124
8373 115
8374 103
8375 22
8376 48
8377 37
8378 76
8379 37
8380 144
8381 73
8382 105
8383 92
8384 76
8385 105
8386 110
8387 92
8388 3
8389 139
8390 103
8391 20
8392 109
8393 22
8394 151
8395 99
8396 81
8397 112
8398 79
8399 130
8400 51
8401 132
8402 89
8403 103
8404 51
8405 100
8406 113
8407 17
8408 37
8409 63
8410 150
8411 125
8412 82
8413 73
8414 98
8415 72
8416 21
8417 60
8418 40
8419 38
8420 73
8421 37
8422 133
8423 116
8424 138
8425 47
8426 142
8427 102
8428 150
8429 113
8430 39
8431 10
8432 146
8433 106
8434 99
8435 34
8436 47
8437 118
8438 11
8439 30
8440 73
8441 48
8442 126
8443 140
8444 142
8445 142
8446 50
8447 5
8448 90
8449 107
8450 91
8451 111
8452 37
8453 128
8454 128
8455 53
8456 121
8457 50
8458 44
8459 119
8460 75
8461 36
8462 74
8463 47
8464 106
8465 4
8466 132
8467 150
8468 110
8469 107
8470 103
8471 91
8472 10
8473 45
8474 58
8475 110
8476 95
8477 0
8478 8
8479 53
8480 40
8481 72
8482 58
8483 37
8484 140
8485 0
8486 84
8487 142
8488 113
8489 31
8490 0
8491 42
8492 52
8493 84
8494 107
8495 147
8496 45
8497 60
8498 79
8499 107
8500 6
8501 124
8502 81
8503 81
8504 11
8505 74
8506 152
8507 84
8508 0
8509 40
8510 142
8511 142
8512 140
8513 34
8514 67
8515 107
8516 14
8517 109
8518 107
8519 53
8520 88
8521 35
8522 90
8523 81
8524 104
8525 81
8526 130
8527 0
8528 112
8529 8
8530 53
8531 100
8532 32
8533 112
8534 35
8535 81
8536 135
8537 40
8538 115
8539 140
8540 95
8541 110
8542 124
8543 124
8544 128
8545 147
8546 70
8547 103
8548 0
8549 76
8550 149
8551 114
8552 53
8553 0
8554 105
8555 22
8556 124
8557 107
8558 135
8559 48
8560 107
8561 0
8562 107
8563 0
8564 54
8565 95
8566 116
8567 142
8568 95
8569 90
8570 81
8571 103
8572 98
8573 53
8574 116
8575 33
8576 64
8577 81
8578 78
8579 48
8580 25
8581 103
8582 82
8583 54
8584 32
8585 107
8586 81
8587 62
8588 0
8589 117
8590 54
8591 15
8592 54
8593 53
8594 72
8595 72
8596 15
8597 111
8598 135
8599 72
8600 119
8601 117
8602 111
8603 51
8604 8
8605 100
8606 103
8607 53
8608 0
8609 0
8610 72
8611 64
8612 38
8613 38
8614 117
8615 113
8616 72
8617 32
8618 107
8619 10
8620 8
8621 60
8622 64
8623 10
8624 76
8625 11
8626 135
8627 8
8628 78
8629 10
8630 72
8631 53
8632 6
8633 103
8634 83
8635 38
8636 81
8637 36
8638 52
8639 93
8640 36
8641 93
8642 6
8643 54
8644 60
8645 73
8646 47
8647 101
8648 107
8649 110
8650 111
8651 14
8652 107
8653 95
8654 84
8655 112
8656 36
8657 53
8658 32
8659 54
8660 21
8661 10
8662 142
8663 73
8664 103
8665 81
8666 48
8667 10
8668 103
8669 40
8670 107
8671 6
8672 101
8673 54
8674 92
8675 95
8676 103
8677 74
8678 72
8679 72
8680 59
8681 130
8682 0
8683 91
8684 10
8685 139
8686 51
8687 90
8688 54
8689 37
8690 23
8691 10
8692 84
8693 100
8694 62
8695 33
8696 58
8697 72
8698 23
8699 111
8700 3
8701 135
8702 140
8703 23
8704 92
8705 103
8706 76
8707 54
8708 103
8709 98
8710 139
8711 32
8712 3
8713 53
8714 72
8715 112
8716 27
8717 110
8718 135
8719 5
8720 98
8721 14
8722 142
8723 76
8724 64
8725 59
8726 72
8727 63
8728 114
8729 100
8730 6
8731 59
8732 19
8733 3
8734 135
8735 51
8736 115
8737 42
8738 56
8739 43
8740 101
8741 83
8742 100
8743 36
8744 69
8745 4
8746 54
8747 121
8748 22
8749 32
8750 114
8751 128
8752 91
8753 63
8754 142
8755 51
8756 147
8757 110
8758 42
8759 51
8760 42
8761 136
8762 124
8763 24
8764 98
8765 139
8766 64
8767 136
8768 23
8769 78
8770 53
8771 83
8772 113
8773 107
8774 51
8775 10
8776 91
8777 52
8778 121
8779 59
8780 73
8781 113
8782 17
8783 52
8784 77
8785 107
8786 103
8787 10
8788 30
8789 23
8790 141
8791 67
8792 35
8793 93
8794 60
8795 98
8796 93
8797 53
8798 107
8799 86
8800 93
8801 121
8802 129
8803 111
8804 103
8805 35
8806 59
8807 103
8808 35
8809 24
8810 59
8811 10
8812 37
8813 132
8814 35
8815 64
8816 10
8817 142
8818 135
8819 10
8820 103
8821 21
8822 103
8823 90
8824 52
8825 17
8826 93
8827 103
8828 128
8829 22
8830 37
8831 78
8832 10
8833 40
8834 10
8835 8
8836 47
8837 35
8838 107
8839 88
8840 74
8841 135
8842 81
8843 142
8844 111
8845 105
8846 0
8847 105
8848 93
8849 53
8850 10
8851 72
8852 111
8853 75
8854 53
8855 107
8856 1
8857 54
8858 0
8859 138
8860 78
8861 53
8862 74
8863 103
8864 53
8865 76
8866 142
8867 47
8868 51
8869 83
8870 150
8871 111
8872 46
8873 59
8874 103
8875 59
8876 0
8877 53
8878 45
8879 110
8880 125
8881 11
8882 10
8883 59
8884 74
8885 37
8886 142
8887 81
8888 135
8889 125
8890 125
8891 53
8892 32
8893 22
8894 46
8895 105
8896 35
8897 8
8898 60
8899 103
8900 81
8901 72
8902 74
8903 0
8904 0
8905 40
8906 37
8907 112
8908 81
8909 10
8910 5
8911 107
8912 81
8913 108
8914 23
8915 105
8916 135
8917 60
8918 93
8919 108
8920 84
8921 10
8922 72
8923 84
8924 95
8925 93
8926 15
8927 129
8928 74
8929 10
8930 142
8931 0
8932 59
8933 59
8934 35
8935 105
8936 142
8937 107
8938 111
8939 92
8940 111
8941 5
8942 81
8943 58
8944 51
8945 10
8946 81
8947 53
8948 74
8949 21
8950 10
8951 147
8952 72
8953 124
8954 54
8955 33
8956 142
8957 54
8958 109
8959 54
8960 35
8961 111
8962 53
8963 107
8964 105
8965 74
8966 107
8967 111
8968 111
8969 0
8970 54
8971 88
8972 140
8973 74
8974 135
8975 95
8976 74
8977 0
8978 111
8979 142
8980 150
8981 105
8982 5
8983 103
8984 0
8985 107
8986 142
8987 142
8988 103
8989 51
8990 112
8991 51
8992 103
8993 111
8994 142
8995 21
8996 59
8997 0
8998 59
8999 95
9000 139
9001 142
9002 107
9003 51
9004 90
9005 112
9006 110
9007 103
9008 112
9009 54
9010 22
9011 111
9012 72
9013 23
9014 85
9015 105
9016 53
9017 139
9018 59
9019 37
9020 54
9021 72
9022 76
9023 21
9024 107
9025 37
9026 22
9027 53
9028 59
9029 113
9030 107
9031 72
9032 113
9033 53
9034 10
9035 142
9036 23
9037 54
9038 59
9039 32
9040 0
9041 103
9042 125
9043 74
9044 111
9045 151
9046 32
9047 92
9048 112
9049 23
9050 16
9051 81
9052 105
9053 125
9054 1
9055 43
9056 54
9057 22
9058 111
9059 25
9060 101
9061 64
9062 95
9063 81
9064 0
9065 103
9066 0
9067 59
9068 10
9069 33
9070 0
9071 45
9072 53
9073 128
9074 51
9075 0
9076 112
9077 54
9078 125
9079 125
9080 125
9081 22
9082 123
9083 44
9084 105
9085 74
9086 16
9087 142
9088 145
9089 121
9090 54
9091 54
9092 95
9093 22
9094 76
9095 117
9096 81
9097 48
9098 135
9099 93
9100 10
9101 140
9102 37
9103 103
9104 53
9105 142
9106 74
9107 103
9108 47
9109 95
9110 59
9111 66
9112 23
9113 32
9114 108
9115 72
9116 22
9117 53
9118 132
9119 76
9120 51
9121 125
9122 23
9123 124
9124 72
9125 22
9126 105
9127 111
9128 53
9129 107
9130 74
9131 135
9132 105
9133 52
9134 130
9135 65
9136 37
9137 23
9138 72
9139 140
9140 100
9141 91
9142 91
9143 107
9144 23
9145 107
9146 0
9147 142
9148 107
9149 105
9150 63
9151 51
9152 1
9153 103
9154 144
9155 38
9156 81
9157 135
9158 22
9159 72
9160 9
9161 37
9162 140
9163 51
9164 111
9165 53
9166 142
9167 33
9168 140
9169 124
9170 37
9171 76
9172 0
9173 58
9174 22
9175 103
9176 23
9177 23
9178 80
9179 8
9180 140
9181 14
9182 37
9183 10
9184 138
9185 25
9186 73
9187 128
9188 135
9189 91
9190 23
9191 53
9192 142
9193 51
9194 105
9195 105
9196 100
9197 113
9198 63
9199 23
9200 132
9201 98
9202 55
9203 0
9204 105
9205 55
9206 135
9207 142
9208 34
9209 37
9210 53
9211 132
9212 74
9213 59
9214 118
9215 21
9216 110
9217 100
9218 142
9219 3
9220 11
9221 125
9222 131
9223 59
9224 133
9225 32
9226 87
9227 117
9228 36
9229 103
9230 128
9231 76
9232 42
9233 8
9234 36
9235 119
9236 139
9237 37
9238 91
9239 111
9240 91
9241 107
9242 103
9243 16
9244 81
9245 108
9246 77
9247 23
9248 142
9249 142
9250 14
9251 111
9252 121
9253 39
9254 59
9255 148
9256 103
9257 34
9258 113
9259 116
9260 53
9261 10
9262 101
9263 135
9264 148
9265 16
9266 101
9267 74
9268 135
9269 43
9270 125
9271 98
9272 4
9273 11
9274 0
9275 59
9276 59
9277 135
9278 142
9279 124
9280 142
9281 8
9282 111
9283 123
9284 59
9285 46
9286 53
9287 144
9288 105
9289 81
9290 41
9291 115
9292 53
9293 103
9294 0
9295 103
9296 89
9297 107
9298 93
9299 147
9300 93
9301 102
9302 105
9303 106
9304 53
9305 125
9306 103
9307 135
9308 35
9309 53
9310 59
9311 23
9312 74
9313 14
9314 135
9315 125
9316 91
9317 111
9318 23
9319 117
9320 54
9321 105
9322 61
9323 5
9324 48
9325 53
9326 3
9327 48
9328 140
9329 48
9330 5
9331 107
9332 24
9333 0
9334 146
9335 105
9336 74
9337 35
9338 100
9339 23
9340 125
9341 150
9342 142
9343 135
9344 100
9345 142
9346 76
9347 121
9348 47
9349 120
9350 74
9351 106
9352 107
9353 135
9354 3
9355 112
9356 10
9357 38
9358 132
9359 142
9360 107
9361 63
9362 47
9363 13
9364 150
9365 108
9366 142
9367 112
9368 125
9369 141
9370 53
9371 107
9372 22
9373 111
9374 31
9375 59
9376 59
9377 91
9378 110
9379 53
9380 36
9381 98
9382 76
9383 142
9384 52
9385 51
9386 99
9387 103
9388 3
9389 10
9390 74
9391 10
9392 142
9393 53
9394 23
9395 130
9396 105
9397 132
9398 38
9399 103
9400 112
9401 59
9402 112
9403 107
9404 17
9405 74
9406 127
9407 5
9408 105
9409 45
9410 91
9411 6
9412 17
9413 99
9414 90
9415 59
9416 107
9417 125
9418 68
9419 46
9420 48
9421 103
9422 62
9423 111
9424 107
9425 108
9426 74
9427 45
9428 47
9429 92
9430 135
9431 74
9432 151
9433 135
9434 81
9435 106
9436 149
9437 127
9438 107
9439 10
9440 107
9441 142
9442 10
9443 95
9444 142
9445 125
9446 142
9447 105
9448 10
9449 123
9450 28
9451 107
9452 66
9453 93
9454 21
9455 112
9456 74
9457 10
9458 105
9459 59
9460 113
9461 140
9462 47
9463 74
9464 58
9465 86
9466 21
9467 109
9468 105
9469 11
9470 147
9471 0
9472 0
9473 74
9474 51
9475 120
9476 25
9477 128
9478 10
9479 91
9480 40
9481 58
9482 103
9483 128
9484 114
9485 0
9486 74
9487 10
9488 42
9489 38
9490 130
9491 150
9492 142
9493 44
9494 0
9495 147
9496 112
9497 140
9498 38
9499 105
9500 105
9501 150
9502 40
9503 88
9504 140
9505 125
9506 21
9507 132
9508 91
9509 59
9510 59
9511 135
9512 78
9513 142
9514 3
9515 88
9516 45
9517 37
9518 142
9519 45
9520 142
9521 40
9522 0
9523 114
9524 105
9525 3
9526 84
9527 142
9528 74
9529 139
9530 0
9531 135
9532 101
9533 22
9534 142
9535 105
9536 115
9537 10
9538 142
9539 115
9540 76
9541 53
9542 21
9543 25
9544 0
9545 76
9546 74
9547 125
9548 124
9549 42
9550 74
9551 81
9552 142
9553 75
9554 48
9555 53
9556 77
9557 8
9558 112
9559 59
9560 112
9561 128
9562 92
9563 52
9564 127
9565 92
9566 0
9567 25
9568 93
9569 10
9570 59
9571 48
9572 76
9573 124
9574 106
9575 22
9576 139
9577 38
9578 118
9579 68
9580 57
9581 88
9582 59
9583 135
9584 112
9585 54
9586 53
9587 135
9588 135
9589 142
9590 111
9591 103
9592 105
9593 113
9594 60
9595 111
9596 72
9597 101
9598 103
9599 105
9600 53
9601 81
9602 142
9603 124
9604 111
9605 47
9606 27
9607 97
9608 135
9609 105
9610 6
9611 118
9612 72
9613 90
9614 27
9615 142
9616 130
9617 62
9618 140
9619 82
9620 22
9621 54
9622 135
9623 53
9624 90
9625 135
9626 81
9627 22
9628 123
9629 53
9630 45
9631 111
9632 111
9633 54
9634 53
9635 95
9636 64
9637 140
9638 13
9639 54
9640 142
9641 10
9642 11
9643 128
9644 34
9645 74
9646 0
9647 34
9648 133
9649 10
9650 52
9651 111
9652 48
9653 139
9654 105
9655 10
9656 32
9657 81
9658 80
9659 54
9660 81
9661 105
9662 139
9663 142
9664 103
9665 111
9666 21
9667 81
9668 59
9669 103
9670 105
9671 146
9672 47
9673 9
9674 38
9675 103
9676 73
9677 72
9678 51
9679 6
9680 10
9681 105
9682 72
9683 139
9684 1
9685 0
9686 67
9687 78
9688 64
9689 111
9690 23
9691 103
9692 53
9693 74
9694 91
9695 32
9696 51
9697 81
9698 3
9699 11
9700 72
9701 135
9702 92
9703 123
9704 38
9705 51
9706 103
9707 91
9708 142
9709 81
9710 84
9711 132
9712 0
9713 15
9714 142
9715 64
9716 27
9717 103
9718 95
9719 111
9720 23
9721 59
9722 72
9723 103
9724 35
9725 114
9726 105
9727 95
9728 142
9729 15
9730 51
9731 34
9732 112
9733 107
9734 59
9735 135
9736 59
9737 142
9738 142
9739 23
9740 86
9741 109
9742 96
9743 103
9744 103
9745 28
9746 1
9747 117
9748 37
9749 78
9750 98
9751 99
9752 5
9753 54
9754 63
9755 59
9756 23
9757 107
9758 55
9759 114
9760 22
9761 75
9762 120
9763 72
9764 128
9765 63
9766 70
9767 135
9768 135
9769 142
9770 103
9771 3
9772 74
9773 73
9774 134
9775 23
9776 76
9777 134
9778 37
9779 74
9780 136
9781 51
9782 139
9783 84
9784 109
9785 5
9786 40
9787 12
9788 10
9789 103
9790 84
9791 59
9792 105
9793 127
9794 105
9795 145
9796 95
9797 10
9798 23
9799 67
9800 105
9801 84
9802 109
9803 51
9804 52
9805 5
9806 107
9807 52
9808 135
9809 53
9810 91
9811 37
9812 70
9813 41
9814 143
9815 59
9816 105
9817 142
9818 23
9819 103
9820 105
9821 54
9822 105
9823 74
9824 74
9825 59
9826 105
9827 53
9828 40
9829 95
9830 17
9831 74
9832 56
9833 107
9834 103
9835 103
9836 142
9837 74
9838 135
9839 111
9840 113
9841 72
9842 60
9843 53
9844 74
9845 47
9846 17
9847 111
9848 5
9849 48
9850 31
9851 59
9852 14
9853 74
9854 135
9855 74
9856 135
9857 23
9858 86
9859 93
9860 41
9861 53
9862 35
9863 59
9864 36
9865 59
9866 10
9867 63
9868 142
9869 44
9870 105
9871 8
9872 33
9873 3
9874 25
9875 103
9876 113
9877 23
9878 105
9879 111
9880 105
9881 74
9882 150
9883 90
9884 103
9885 6
9886 38
9887 105
9888 35
9889 147
9890 72
9891 132
9892 142
9893 107
9894 81
9895 149
9896 37
9897 114
9898 93
9899 6
9900 53
9901 26
9902 54
9903 103
9904 132
9905 142
9906 135
9907 74
9908 10
9909 142
9910 4
9911 107
9912 74
9913 53
9914 81
9915 38
9916 142
9917 72
9918 59
9919 53
9920 81
9921 112
9922 135
9923 10
9924 72
9925 63
9926 74
9927 54
9928 74
9929 23
9930 111
9931 136
9932 74
9933 22
9934 54
9935 66
9936 125
9937 111
9938 135
9939 10
9940 26
9941 25
9942 72
9943 130
9944 53
9945 81
9946 142
9947 138
9948 105
9949 37
9950 58
9951 107
9952 10
9953 54
9954 142
9955 72
9956 15
9957 135
9958 111
9959 125
9960 112
9961 10
9962 99
9963 22
9964 146
9965 29
9966 55
9967 135
9968 21
9969 60
9970 142
9971 90
9972 93
9973 111
9974 111
9975 14
9976 54
9977 51
9978 107
9979 35
9980 59
9981 59
9982 125
9983 51
9984 62
9985 103
9986 128
9987 10
9988 0
9989 140
9990 95
9991 54
9992 0
9993 81
9994 125
9995 120
9996 38
9997 135
9998 140
9999 51
