0 0
1 8
2 14
3 28
4 35
5 46
6 52
7 85
8 91
9 95
10 99
11 105
12 111
13 118
14 123
15 132
16 140
17 152
18 3
19 180
20 194
21 5
22 109
23 127
24 3
25 96
26 215
27 225
28 228
29 231
30 2
31 245
32 4
33 257
34 228
35 263
36 141
37 4
38 77
39 287
40 291
41 306
42 313
43 320
44 322
45 326
46 11
47 77
48 14
49 242
50 344
51 349
52 353
53 357
54 360
55 365
56 78
57 80
58 383
59 1
60 398
61 288
62 16
63 257
64 361
65 425
66 435
67 21
68 447
69 12
70 450
71 452
72 239
73 456
74 474
75 478
76 482
77 278
78 257
79 141
80 42
81 499
82 6
83 513
84 11
85 518
86 523
87 14
88 478
89 444
90 533
91 21
92 25
93 540
94 297
95 548
96 192
97 554
98 3
99 562
100 568
101 48
102 2
103 578
104 11
105 587
106 591
107 444
108 105
109 605
110 1
111 19
112 622
113 141
114 239
115 354
116 25
117 1
118 651
119 21
120 523
121 150
122 81
123 210
124 677
125 523
126 684
127 690
128 695
129 49
130 531
131 239
132 68
133 474
134 96
135 234
136 85
137 96
138 284
139 762
140 294
141 168
142 777
143 25
144 458
145 784
146 11
147 11
148 94
149 96
150 1
151 11
152 812
153 474
154 3
155 2
156 827
157 832
158 833
159 839
160 841
161 5
162 77
163 852
164 96
165 5
166 96
167 873
168 85
169 879
170 326
171 47
172 889
173 80
174 555
175 665
176 11
177 905
178 909
179 292
180 3
181 607
182 369
183 4
184 55
185 827
186 880
187 934
188 509
189 1
190 952
191 755
192 16
193 966
194 971
195 735
196 655
197 982
198 986
199 16
200 996
201 781
202 21
203 1001
204 745
205 77
206 1010
207 478
208 1016
209 5
210 1023
211 1027
212 1029
213 1035
214 77
215 1041
216 1042
217 1
218 361
219 1071
220 239
221 420
222 1086
223 1
224 196
225 77
226 105
227 127
228 474
229 1106
230 490
231 173
232 276
233 1111
234 1116
235 16
236 21
237 168
238 232
239 1136
240 1139
241 1143
242 4
243 123
244 96
245 90
246 1160
247 1163
248 1169
249 5
250 5
251 4
252 173
253 96
254 1179
255 80
256 1186
257 1193
258 691
259 25
260 941
261 4
262 88
263 1232
264 4
265 10
266 723
267 326
268 150
269 96
270 240
271 96
272 1264
273 1267
274 447
275 286
276 81
277 474
278 11
279 1291
280 4
281 1068
282 1112
283 44
284 1312
285 77
286 49
287 1321
288 717
289 299
290 5
291 1307
292 77
293 1342
294 1323
295 1356
296 1359
297 1316
298 4
299 11
300 109
301 1373
302 1379
303 168
304 163
305 48
306 1405
307 4
308 11
309 44
310 3
311 354
312 1399
313 10
314 342
315 284
316 1083
317 49
318 996
319 5
320 11
321 278
322 1208
323 48
324 16
325 1436
326 1442
327 48
328 1451
329 955
330 1458
331 11
332 2
333 5
334 1501
335 482
336 2
337 1514
338 326
339 452
340 901
341 214
342 4
343 1532
344 278
345 96
346 1544
347 19
348 192
349 749
350 96
351 1352
352 354
353 2
354 1563
355 1567
356 37
357 444
358 306
359 25
360 124
361 1588
362 928
363 523
364 1599
365 1604
366 1605
367 5
368 1608
369 178
370 25
371 1619
372 361
373 77
374 11
375 16
376 1624
377 1359
378 1629
379 1633
380 257
381 1377
382 16
383 1642
384 1149
385 5
386 1230
387 1658
388 1660
389 1664
390 1304
391 901
392 77
393 1674
394 164
395 11
396 600
397 1693
398 250
399 14
400 1699
401 164
402 1703
403 1706
404 1713
405 14
406 216
407 1722
408 44
409 1731
410 1733
411 1736
412 5
413 5
414 5
415 5
416 47
417 3
418 302
419 827
420 2
421 10
422 5
423 5
424 621
425 1760
426 326
427 3
428 4
429 2
430 49
431 459
432 1779
433 744
434 1783
435 16
436 1792
437 735
438 1794
439 1797
440 1798
441 1801
442 1804
443 1399
444 1252
445 109
446 1273
447 228
448 1822
449 257
450 326
451 85
452 4
453 1834
454 1836
455 1839
456 1146
457 3
458 1322
459 1067
460 1848
461 176
462 21
463 1858
464 814
465 1864
466 458
467 141
468 14
469 1878
470 25
471 14
472 80
473 2
474 1890
475 1894
476 845
477 1900
478 5
479 1905
480 5
481 1909
482 80
483 1
484 25
485 464
486 1704
487 14
488 1938
489 1941
490 25
491 467
492 16
493 4
494 25
495 117
496 1959
497 127
498 5
499 21
500 105
501 14
502 1875
503 5
504 6
505 1819
506 1986
507 16
508 77
509 306
510 882
511 1077
512 270
513 5
514 1185
515 5
516 1258
517 16
518 2009
519 3
520 5
521 10
522 2020
523 3
524 25
525 1
526 257
527 1940
528 25
529 2037
530 326
531 4
532 940
533 80
534 2049
535 306
536 2057
537 16
538 25
539 1220
540 6
541 105
542 2070
543 710
544 1480
545 2081
546 2085
547 5
548 11
549 1359
550 16
551 14
552 2098
553 1337
554 735
555 77
556 14
557 938
558 141
559 85
560 458
561 138
562 1173
563 2132
564 398
565 2155
566 1156
567 1284
568 574
569 1756
570 2165
571 88
572 957
573 3
574 2138
575 942
576 4
577 343
578 339
579 443
580 11
581 354
582 2197
583 19
584 25
585 2206
586 77
587 5
588 16
589 372
590 25
591 2220
592 2112
593 1082
594 2223
595 200
596 2226
597 14
598 2232
599 3
600 16
601 2237
602 2241
603 109
604 16
605 380
606 2245
607 173
608 269
609 488
610 2
611 25
612 647
613 1
614 3
615 2110
616 444
617 21
618 152
619 25
620 1036
621 3
622 361
623 3
624 2284
625 25
626 141
627 2302
628 2162
629 686
630 96
631 2307
632 2308
633 531
634 306
635 4
636 5
637 2317
638 416
639 11
640 2324
641 2326
642 3
643 1119
644 3
645 228
646 3
647 2337
648 2339
649 200
650 1962
651 2347
652 1466
653 2286
654 2349
655 1304
656 452
657 1556
658 1421
659 160
660 1162
661 5
662 2366
663 5
664 1328
665 5
666 1957
667 14
668 100
669 380
670 16
671 4
672 2386
673 39
674 1907
675 25
676 12
677 4
678 2396
679 6
680 2401
681 2402
682 3
683 278
684 25
685 1311
686 1152
687 4
688 664
689 25
690 11
691 706
692 5
693 228
694 25
695 11
696 311
697 2243
698 311
699 5
700 105
701 16
702 2054
703 2
704 2459
705 2
706 1097
707 770
708 149
709 2475
710 2230
711 968
712 1746
713 2481
714 2044
715 410
716 2487
717 16
718 44
719 2491
720 361
721 741
722 896
723 444
724 3
725 5
726 123
727 16
728 1200
729 1305
730 311
731 25
732 2488
733 2251
734 2526
735 987
736 2532
737 2540
738 4
739 11
740 989
741 1362
742 96
743 2430
744 2555
745 1
746 2559
747 1742
748 1340
749 2567
750 2569
751 2572
752 147
753 361
754 361
755 3
756 888
757 463
758 176
759 102
760 3
761 25
762 641
763 150
764 250
765 4
766 2591
767 2592
768 64
769 524
770 2596
771 2598
772 16
773 2604
774 44
775 78
776 2
777 2614
778 102
779 19
780 1
781 2625
782 2627
783 1185
784 2620
785 308
786 2636
787 1841
788 1834
789 4
790 2
791 1263
792 4
793 196
794 2650
795 376
796 3
797 240
798 953
799 5
800 2192
801 3
802 2665
803 444
804 5
805 827
806 102
807 211
808 168
809 88
810 4
811 2435
812 2685
813 521
814 2693
815 168
816 231
817 721
818 1811
819 3
820 78
821 1671
822 2704
823 2707
824 976
825 144
826 2651
827 2713
828 21
829 16
830 5
831 2717
832 2340
833 1
834 2
835 96
836 1558
837 5
838 2726
839 1271
840 25
841 1
842 16
843 2731
844 2735
845 25
846 993
847 9
848 4
849 3
850 993
851 2745
852 1254
853 907
854 3
855 949
856 4
857 1657
858 2752
859 5
860 3
861 68
862 2758
863 479
864 2764
865 773
866 117
867 1210
868 306
869 102
870 408
871 536
872 2777
873 3
874 9
875 58
876 11
877 239
878 1728
879 403
880 444
881 541
882 78
883 1591
884 871
885 25
886 2794
887 2796
888 2797
889 4
890 2642
891 2803
892 1939
893 4
894 380
895 2806
896 2690
897 200
898 2020
899 2339
900 2817
901 226
902 735
903 2
904 2827
905 2831
906 2035
907 25
908 2836
909 2840
910 327
911 4
912 127
913 77
914 2852
915 4
916 2854
917 1675
918 498
919 1800
920 2474
921 2
922 2865
923 2867
924 2870
925 1554
926 1
927 998
928 25
929 2841
930 2876
931 702
932 1677
933 2880
934 25
935 2885
936 48
937 2174
938 717
939 1366
940 96
941 3
942 396
943 897
944 5
945 23
946 1682
947 80
948 3
949 278
950 1669
951 2908
952 2910
953 5
954 4
955 3
956 141
957 2421
958 11
959 85
960 1251
961 273
962 123
963 189
964 333
965 1075
966 458
967 1
968 14
969 21
970 2
971 1236
972 2606
973 141
974 4
975 2666
976 5
977 3
978 2957
979 1942
980 1926
981 3
982 2961
983 2962
984 14
985 78
986 2963
987 1522
988 56
989 2967
990 1663
991 1561
992 150
993 2979
994 827
995 2384
996 5
997 25
998 2991
999 1005
1000 2291
1001 114
1002 2997
1003 2
1004 1510
1005 1350
1006 1583
1007 944
1008 14
1009 25
1010 4
1011 208
1012 78
1013 141
1014 3013
1015 3015
1016 138
1017 1097
1018 5
1019 278
1020 59
1021 1014
1022 4
1023 1288
1024 3030
1025 10
1026 3037
1027 3038
1028 1925
1029 231
1030 1418
1031 77
1032 306
1033 2761
1034 1974
1035 1672
1036 2511
1037 329
1038 3056
1039 5
1040 5
1041 1011
1042 2571
1043 3065
1044 52
1045 180
1046 1914
1047 80
1048 860
1049 1688
1050 2701
1051 77
1052 4
1053 2445
1054 105
1055 3035
1056 67
1057 1776
1058 226
1059 57
1060 278
1061 3093
1062 25
1063 769
1064 5
1065 141
1066 993
1067 427
1068 3101
1069 1328
1070 692
1071 14
1072 5
1073 378
1074 4
1075 25
1076 12
1077 48
1078 1540
1079 177
1080 21
1081 3104
1082 300
1083 3
1084 798
1085 1218
1086 115
1087 21
1088 366
1089 21
1090 570
1091 49
1092 901
1093 21
1094 92
1095 1499
1096 3
1097 4
1098 1591
1099 1949
1100 1094
1101 125
1102 141
1103 5
1104 1796
1105 1227
1106 3
1107 2277
1108 240
1109 440
1110 727
1111 25
1112 154
1113 5
1114 4
1115 1670
1116 196
1117 3153
1118 278
1119 704
1120 3159
1121 3161
1122 3162
1123 536
1124 5
1125 14
1126 141
1127 1702
1128 14
1129 5
1130 1980
1131 2032
1132 3177
1133 1429
1134 3
1135 547
1136 123
1137 531
1138 3182
1139 3164
1140 5
1141 1
1142 3184
1143 3186
1144 3190
1145 1079
1146 109
1147 239
1148 3
1149 19
1150 361
1151 1616
1152 826
1153 486
1154 242
1155 81
1156 78
1157 3203
1158 239
1159 407
1160 2463
1161 3207
1162 16
1163 150
1164 3212
1165 1997
1166 3
1167 78
1168 14
1169 25
1170 419
1171 25
1172 5
1173 1701
1174 2789
1175 5
1176 892
1177 2404
1178 634
1179 2795
1180 3232
1181 2296
1182 169
1183 1043
1184 4
1185 701
1186 141
1187 3
1188 11
1189 80
1190 3243
1191 296
1192 1
1193 725
1194 2721
1195 1374
1196 3249
1197 531
1198 3208
1199 491
1200 3
1201 25
1202 25
1203 3257
1204 361
1205 1221
1206 4
1207 2203
1208 2940
1209 361
1210 25
1211 681
1212 262
1213 303
1214 1
1215 141
1216 77
1217 2823
1218 123
1219 735
1220 1189
1221 123
1222 294
1223 671
1224 80
1225 55
1226 80
1227 2186
1228 80
1229 1659
1230 85
1231 78
1232 3
1233 897
1234 14
1235 2938
1236 2952
1237 25
1238 513
1239 3291
1240 3059
1241 14
1242 6
1243 2353
1244 14
1245 2369
1246 4
1247 2117
1248 2965
1249 1818
1250 3302
1251 5
1252 644
1253 1085
1254 4
1255 3
1256 4
1257 326
1258 85
1259 1987
1260 486
1261 88
1262 25
1263 4
1264 2694
1265 687
1266 349
1267 1992
1268 3321
1269 295
1270 942
1271 4
1272 258
1273 213
1274 5
1275 4
1276 693
1277 1056
1278 3328
1279 531
1280 3331
1281 3334
1282 671
1283 2629
1284 2381
1285 3340
1286 5
1287 306
1288 5
1289 730
1290 3346
1291 3
1292 3073
1293 173
1294 2496
1295 3354
1296 1434
1297 1945
1298 147
1299 5
1300 80
1301 25
1302 1295
1303 949
1304 1669
1305 47
1306 4
1307 298
1308 3365
1309 816
1310 2461
1311 3369
1312 4
1313 650
1314 2688
1315 458
1316 373
1317 2785
1318 3
1319 3373
1320 1359
1321 764
1322 5
1323 2946
1324 3197
1325 25
1326 11
1327 228
1328 77
1329 1712
1330 552
1331 2934
1332 168
1333 11
1334 4
1335 1829
1336 48
1337 4
1338 3147
1339 1516
1340 2535
1341 47
1342 49
1343 3392
1344 2890
1345 4
1346 1897
1347 1322
1348 5
1349 5
1350 4
1351 2873
1352 495
1353 3273
1354 2498
1355 1204
1356 3403
1357 2087
1358 2204
1359 3405
1360 168
1361 77
1362 5
1363 1485
1364 478
1365 3
1366 11
1367 2782
1368 2546
1369 2379
1370 239
1371 3
1372 3076
1373 1243
1374 2160
1375 2
1376 2619
1377 2
1378 105
1379 3420
1380 25
1381 3072
1382 2705
1383 563
1384 2533
1385 5
1386 483
1387 2103
1388 1714
1389 2470
1390 4
1391 4
1392 119
1393 5
1394 168
1395 14
1396 2363
1397 3438
1398 4
1399 1916
1400 354
1401 1376
1402 2742
1403 25
1404 5
1405 3260
1406 1964
1407 4
1408 553
1409 19
1410 3451
1411 802
1412 2532
1413 16
1414 1835
1415 2754
1416 840
1417 2382
1418 78
1419 343
1420 16
1421 25
1422 288
1423 2309
1424 1087
1425 4
1426 3462
1427 3463
1428 931
1429 2012
1430 3468
1431 3
1432 16
1433 365
1434 954
1435 228
1436 1984
1437 3474
1438 3
1439 3089
1440 152
1441 2954
1442 2804
1443 80
1444 5
1445 1766
1446 354
1447 2312
1448 3483
1449 11
1450 5
1451 21
1452 3045
1453 2
1454 5
1455 3274
1456 1322
1457 640
1458 1144
1459 3492
1460 2972
1461 77
1462 14
1463 16
1464 3498
1465 3499
1466 3500
1467 1689
1468 3502
1469 94
1470 933
1471 1359
1472 21
1473 4
1474 441
1475 3292
1476 2897
1477 4
1478 123
1479 21
1480 13
1481 3514
1482 2864
1483 2763
1484 2080
1485 364
1486 878
1487 3
1488 4
1489 785
1490 1130
1491 3527
1492 78
1493 3098
1494 3533
1495 326
1496 2564
1497 3
1498 4
1499 5
1500 813
1501 1
1502 278
1503 3127
1504 4
1505 5
1506 3
1507 3544
1508 2
1509 23
1510 3550
1511 48
1512 2
1513 3313
1514 102
1515 138
1516 4
1517 882
1518 3554
1519 3
1520 141
1521 3025
1522 48
1523 98
1524 78
1525 16
1526 44
1527 2830
1528 1005
1529 306
1530 380
1531 2
1532 14
1533 654
1534 3
1535 16
1536 5
1537 4
1538 70
1539 3567
1540 1188
1541 423
1542 1870
1543 756
1544 523
1545 3572
1546 3
1547 1528
1548 47
1549 3577
1550 4
1551 5
1552 3579
1553 3564
1554 1
1555 21
1556 239
1557 2340
1558 164
1559 458
1560 3586
1561 156
1562 3382
1563 326
1564 531
1565 136
1566 3364
1567 5
1568 4
1569 77
1570 2
1571 78
1572 3
1573 21
1574 944
1575 1902
1576 5
1577 78
1578 2658
1579 1
1580 2635
1581 458
1582 78
1583 4
1584 3612
1585 573
1586 1776
1587 3338
1588 1073
1589 16
1590 4
1591 957
1592 3142
1593 85
1594 123
1595 1737
1596 2829
1597 25
1598 3357
1599 1937
1600 1941
1601 239
1602 5
1603 77
1604 14
1605 1494
1606 25
1607 3
1608 123
1609 16
1610 78
1611 730
1612 105
1613 5
1614 343
1615 136
1616 171
1617 1404
1618 923
1619 3640
1620 77
1621 77
1622 3617
1623 3643
1624 995
1625 3278
1626 3401
1627 2849
1628 3558
1629 3609
1630 3
1631 311
1632 1644
1633 1
1634 4
1635 4
1636 361
1637 3
1638 3658
1639 1654
1640 25
1641 141
1642 150
1643 1445
1644 3666
1645 444
1646 310
1647 1172
1648 77
1649 282
1650 679
1651 25
1652 444
1653 150
1654 2812
1655 331
1656 671
1657 239
1658 34
1659 2369
1660 1359
1661 2329
1662 1852
1663 4
1664 4
1665 25
1666 1877
1667 78
1668 414
1669 444
1670 16
1671 3
1672 240
1673 5
1674 5
1675 141
1676 3696
1677 858
1678 2525
1679 5
1680 1546
1681 495
1682 2669
1683 127
1684 25
1685 2851
1686 1290
1687 3706
1688 3708
1689 80
1690 239
1691 198
1692 3660
1693 48
1694 242
1695 3343
1696 213
1697 2927
1698 2710
1699 993
1700 918
1701 3
1702 1465
1703 2975
1704 9
1705 3348
1706 80
1707 5
1708 2429
1709 2814
1710 3
1711 5
1712 1087
1713 2864
1714 3363
1715 2844
1716 1343
1717 250
1718 152
1719 5
1720 96
1721 2015
1722 3740
1723 102
1724 48
1725 1126
1726 937
1727 2176
1728 5
1729 1256
1730 4
1731 571
1732 3004
1733 1453
1734 2042
1735 326
1736 3156
1737 3746
1738 3748
1739 136
1740 875
1741 25
1742 3366
1743 380
1744 4
1745 218
1746 3751
1747 2088
1748 556
1749 2116
1750 392
1751 5
1752 354
1753 1461
1754 2895
1755 47
1756 3758
1757 361
1758 3679
1759 279
1760 2770
1761 150
1762 506
1763 260
1764 9
1765 148
1766 3
1767 722
1768 361
1769 14
1770 2348
1771 4
1772 855
1773 354
1774 25
1775 2064
1776 1101
1777 3
1778 2187
1779 3767
1780 2080
1781 3525
1782 2597
1783 3
1784 25
1785 164
1786 767
1787 80
1788 1382
1789 478
1790 3
1791 5
1792 1792
1793 462
1794 244
1795 3167
1796 49
1797 16
1798 1069
1799 3020
1800 530
1801 2275
1802 1255
1803 3778
1804 326
1805 1355
1806 1134
1807 2793
1808 1083
1809 1331
1810 670
1811 2133
1812 5
1813 485
1814 671
1815 16
1816 4
1817 134
1818 3445
1819 3205
1820 141
1821 1274
1822 2730
1823 3788
1824 4
1825 5
1826 4
1827 14
1828 5
1829 1741
1830 14
1831 150
1832 71
1833 3
1834 1649
1835 5
1836 2904
1837 2356
1838 1910
1839 3
1840 14
1841 3654
1842 14
1843 48
1844 87
1845 168
1846 3798
1847 1970
1848 5
1849 1164
1850 3801
1851 2654
1852 5
1853 3285
1854 3350
1855 488
1856 5
1857 3703
1858 2628
1859 5
1860 3
1861 2053
1862 3361
1863 239
1864 278
1865 3506
1866 141
1867 102
1868 4
1869 3813
1870 14
1871 3440
1872 3141
1873 3623
1874 685
1875 3
1876 5
1877 3
1878 2
1879 3457
1880 1153
1881 3818
1882 14
1883 2395
1884 4
1885 25
1886 16
1887 1307
1888 252
1889 3
1890 78
1891 2
1892 25
1893 4
1894 484
1895 505
1896 169
1897 2449
1898 3822
1899 2431
1900 5
1901 2541
1902 2917
1903 96
1904 817
1905 3
1906 1
1907 2629
1908 3374
1909 5
1910 1059
1911 3664
1912 2915
1913 25
1914 4
1915 765
1916 192
1917 5
1918 1799
1919 11
1920 1
1921 3021
1922 3440
1923 452
1924 2050
1925 242
1926 3444
1927 110
1928 87
1929 407
1930 25
1931 5
1932 306
1933 2013
1934 25
1935 641
1936 493
1937 4
1938 3845
1939 4
1940 77
1941 1930
1942 2744
1943 5
1944 3
1945 16
1946 3095
1947 9
1948 1
1949 3850
1950 593
1951 5
1952 2083
1953 5
1954 1343
1955 938
1956 2352
1957 4
1958 3857
1959 2789
1960 3858
1961 1618
1962 3559
1963 715
1964 21
1965 1341
1966 47
1967 595
1968 2587
1969 1088
1970 2012
1971 764
1972 3
1973 872
1974 5
1975 3
1976 3863
1977 307
1978 949
1979 3867
1980 4
1981 3869
1982 3437
1983 1039
1984 2728
1985 3254
1986 3684
1987 268
1988 5
1989 1
1990 1420
1991 1446
1992 5
1993 14
1994 5
1995 2903
1996 25
1997 11
1998 512
1999 4
2000 1820
2001 3883
2002 25
2003 3885
2004 14
2005 559
2006 2339
2007 105
2008 1414
2009 5
2010 2773
2011 3
2012 5
2013 3893
2014 3894
2015 3526
2016 16
2017 1482
2018 1396
2019 1368
2020 518
2021 2264
2022 3896
2023 3898
2024 633
2025 190
2026 1426
2027 3258
2028 2
2029 1122
2030 1319
2031 3816
2032 2072
2033 860
2034 3651
2035 5
2036 2151
2037 202
2038 2648
2039 3303
2040 1357
2041 3824
2042 391
2043 963
2044 3476
2045 2848
2046 1785
2047 9
2048 1830
2049 1281
2050 1694
2051 25
2052 3293
2053 1551
2054 3911
2055 1746
2056 96
2057 3382
2058 77
2059 44
2060 2931
2061 3917
2062 196
2063 14
2064 48
2065 1811
2066 153
2067 920
2068 136
2069 21
2070 1260
2071 21
2072 78
2073 754
2074 743
2075 164
2076 96
2077 2259
2078 1562
2079 284
2080 5
2081 1
2082 639
2083 240
2084 3638
2085 5
2086 4
2087 1669
2088 685
2089 68
2090 2443
2091 39
2092 1087
2093 2082
2094 246
2095 266
2096 2842
2097 1164
2098 3939
2099 920
2100 3402
2101 3940
2102 1
2103 2659
2104 2548
2105 567
2106 1887
2107 2406
2108 1650
2109 47
2110 77
2111 3083
2112 813
2113 985
2114 1814
2115 1
2116 49
2117 1
2118 21
2119 2292
2120 257
2121 4
2122 16
2123 5
2124 1808
2125 3412
2126 1359
2127 4
2128 1364
2129 3092
2130 77
2131 16
2132 474
2133 3950
2134 5
2135 102
2136 2159
2137 1422
2138 1698
2139 1722
2140 77
2141 55
2142 3528
2143 3922
2144 1327
2145 2766
2146 698
2147 1933
2148 1705
2149 2032
2150 98
2151 141
2152 105
2153 1
2154 81
2155 2163
2156 2143
2157 3
2158 2246
2159 3
2160 899
2161 3538
2162 2510
2163 141
2164 5
2165 361
2166 2679
2167 21
2168 886
2169 407
2170 21
2171 3914
2172 96
2173 4
2174 1241
2175 5
2176 3563
2177 11
2178 25
2179 3193
2180 96
2181 3
2182 176
2183 326
2184 453
2185 5
2186 518
2187 102
2188 3
2189 96
2190 430
2191 3108
2192 444
2193 136
2194 975
2195 3354
2196 2894
2197 3983
2198 25
2199 304
2200 19
2201 5
2202 11
2203 306
2204 6
2205 25
2206 2207
2207 1456
2208 458
2209 290
2210 2623
2211 25
2212 326
2213 5
2214 3090
2215 80
2216 1196
2217 3098
2218 903
2219 21
2220 2866
2221 361
2222 3991
2223 47
2224 141
2225 1879
2226 3716
2227 5
2228 3823
2229 141
2230 2093
2231 4
2232 96
2233 846
2234 96
2235 16
2236 105
2237 3284
2238 3540
2239 1309
2240 257
2241 1335
2242 1535
2243 4
2244 5
2245 44
2246 458
2247 2
2248 78
2249 16
2250 354
2251 3588
2252 3
2253 1006
2254 1051
2255 1751
2256 486
2257 1876
2258 6
2259 105
2260 710
2261 4
2262 2513
2263 3952
2264 994
2265 3
2266 887
2267 443
2268 321
2269 820
2270 4
2271 1
2272 10
2273 3
2274 1
2275 242
2276 778
2277 4
2278 62
2279 3
2280 1048
2281 3431
2282 1400
2283 373
2284 192
2285 61
2286 3288
2287 96
2288 257
2289 2571
2290 5
2291 1069
2292 559
2293 102
2294 4
2295 3772
2296 1154
2297 321
2298 2387
2299 3196
2300 1884
2301 4
2302 2370
2303 1593
2304 257
2305 3662
2306 1237
2307 1212
2308 2863
2309 3389
2310 11
2311 109
2312 1454
2313 671
2314 2205
2315 49
2316 3681
2317 2414
2318 2189
2319 3
2320 109
2321 719
2322 2011
2323 5
2324 1060
2325 3
2326 2364
2327 123
2328 1990
2329 3265
2330 444
2331 3
2332 2266
2333 271
2334 240
2335 47
2336 3
2337 25
2338 80
2339 2646
2340 2228
2341 186
2342 5
2343 109
2344 2224
2345 3513
2346 44
2347 123
2348 2637
2349 3
2350 1150
2351 1793
2352 302
2353 3874
2354 136
2355 4
2356 1244
2357 116
2358 2135
2359 197
2360 2743
2361 4036
2362 25
2363 3356
2364 3556
2365 2014
2366 949
2367 6
2368 1127
2369 4
2370 48
2371 164
2372 2561
2373 516
2374 4042
2375 102
2376 3135
2377 2621
2378 3387
2379 2156
2380 1128
2381 5
2382 41
2383 96
2384 150
2385 173
2386 884
2387 150
2388 497
2389 1193
2390 3472
2391 4050
2392 102
2393 858
2394 3396
2395 537
2396 5
2397 623
2398 47
2399 3126
2400 380
2401 3305
2402 3544
2403 1371
2404 779
2405 4
2406 3
2407 242
2408 4062
2409 219
2410 822
2411 635
2412 11
2413 3
2414 4
2415 1551
2416 2506
2417 1489
2418 1363
2419 1402
2420 3436
2421 11
2422 4068
2423 3082
2424 4
2425 2807
2426 3761
2427 1107
2428 123
2429 5
2430 1024
2431 11
2432 3043
2433 2637
2434 141
2435 4
2436 815
2437 486
2438 2140
2439 3941
2440 243
2441 1694
2442 2423
2443 343
2444 260
2445 3256
2446 3
2447 3
2448 3283
2449 4
2450 5
2451 5
2452 5
2453 2181
2454 3896
2455 2
2456 321
2457 3
2458 77
2459 5
2460 11
2461 38
2462 76
2463 1283
2464 49
2465 1716
2466 1761
2467 141
2468 1386
2469 4079
2470 513
2471 25
2472 508
2473 4080
2474 1405
2475 100
2476 4081
2477 3140
2478 2041
2479 83
2480 257
2481 25
2482 250
2483 4084
2484 2352
2485 63
2486 25
2487 16
2488 2
2489 4
2490 4002
2491 3
2492 3636
2493 2661
2494 1176
2495 175
2496 10
2497 3686
2498 1276
2499 524
2500 4
2501 2016
2502 94
2503 300
2504 697
2505 25
2506 5
2507 96
2508 557
2509 1080
2510 100
2511 2257
2512 25
2513 14
2514 965
2515 3157
2516 2537
2517 3826
2518 44
2519 1109
2520 3877
2521 47
2522 25
2523 3
2524 1151
2525 3672
2526 2314
2527 326
2528 3
2529 1088
2530 1
2531 1
2532 2359
2533 228
2534 5
2535 60
2536 3637
2537 881
2538 2517
2539 3
2540 14
2541 786
2542 2135
2543 5
2544 1115
2545 721
2546 3206
2547 5
2548 16
2549 299
2550 507
2551 25
2552 5
2553 4
2554 489
2555 1768
2556 1131
2557 3134
2558 2222
2559 5
2560 44
2561 96
2562 3694
2563 14
2564 2342
2565 102
2566 141
2567 1357
2568 176
2569 80
2570 3225
2571 243
2572 2781
2573 2632
2574 4111
2575 21
2576 2624
2577 4112
2578 77
2579 4
2580 1639
2581 78
2582 14
2583 1929
2584 3808
2585 3240
2586 102
2587 5
2588 242
2589 3224
2590 458
2591 100
2592 173
2593 4
2594 4
2595 4
2596 3719
2597 100
2598 351
2599 80
2600 4066
2601 2
2602 3
2603 96
2604 117
2605 1
2606 77
2607 5
2608 88
2609 25
2610 1610
2611 4124
2612 173
2613 3717
2614 4117
2615 2582
2616 1918
2617 827
2618 25
2619 3859
2620 5
2621 321
2622 3
2623 445
2624 2
2625 1
2626 3032
2627 2
2628 354
2629 567
2630 597
2631 25
2632 1645
2633 176
2634 77
2635 399
2636 933
2637 1873
2638 4071
2639 136
2640 5
2641 11
2642 1460
2643 25
2644 68
2645 5
2646 4
2647 81
2648 25
2649 5
2650 48
2651 147
2652 1022
2653 4
2654 3541
2655 16
2656 133
2657 459
2658 2462
2659 1531
2660 2759
2661 5
2662 239
2663 5
2664 5
2665 3752
2666 361
2667 2104
2668 1007
2669 2318
2670 242
2671 486
2672 2868
2673 4137
2674 228
2675 244
2676 5
2677 150
2678 14
2679 150
2680 3
2681 1406
2682 3233
2683 3174
2684 2
2685 4
2686 237
2687 150
2688 278
2689 525
2690 2577
2691 312
2692 2046
2693 1192
2694 3982
2695 25
2696 3593
2697 5
2698 5
2699 1187
2700 5
2701 2899
2702 623
2703 5
2704 2594
2705 96
2706 47
2707 3897
2708 458
2709 1665
2710 136
2711 242
2712 1813
2713 25
2714 3
2715 3965
2716 4
2717 11
2718 1902
2719 261
2720 21
2721 19
2722 2316
2723 1304
2724 4154
2725 3676
2726 496
2727 550
2728 80
2729 1087
2730 5
2731 3645
2732 1552
2733 1533
2734 1729
2735 2
2736 901
2737 3117
2738 566
2739 1234
2740 3
2741 4159
2742 4
2743 5
2744 123
2745 2341
2746 585
2747 1423
2748 885
2749 3
2750 239
2751 2422
2752 1927
2753 77
2754 1732
2755 1047
2756 1166
2757 5
2758 3690
2759 25
2760 2656
2761 865
2762 1253
2763 4
2764 25
2765 38
2766 44
2767 3406
2768 4
2769 2739
2770 169
2771 4
2772 5
2773 906
2774 25
2775 3475
2776 3781
2777 25
2778 3
2779 5
2780 4
2781 1508
2782 3566
2783 4013
2784 16
2785 102
2786 14
2787 380
2788 3
2789 127
2790 549
2791 229
2792 5
2793 168
2794 4170
2795 5
2796 3384
2797 25
2798 836
2799 2530
2800 288
2801 4171
2802 3
2803 4
2804 336
2805 5
2806 3480
2807 1285
2808 373
2809 3999
2810 3262
2811 1736
2812 2327
2813 2
2814 2305
2815 401
2816 5
2817 14
2818 4088
2819 1033
2820 168
2821 25
2822 671
2823 5
2824 3359
2825 4051
2826 3995
2827 109
2828 1348
2829 274
2830 1564
2831 3238
2832 96
2833 1667
2834 3
2835 2996
2836 2089
2837 671
2838 4
2839 16
2840 2045
2841 141
2842 109
2843 4181
2844 2545
2845 3464
2846 3402
2847 5
2848 171
2849 998
2850 3
2851 716
2852 3
2853 316
2854 4
2855 5
2856 102
2857 5
2858 16
2859 4192
2860 2949
2861 1910
2862 531
2863 174
2864 2577
2865 1477
2866 2529
2867 2612
2868 530
2869 3796
2870 2504
2871 1467
2872 5
2873 242
2874 936
2875 16
2876 2106
2877 257
2878 739
2879 4
2880 16
2881 4
2882 611
2883 2877
2884 2711
2885 5
2886 1474
2887 1
2888 1091
2889 2310
2890 1553
2891 105
2892 16
2893 1367
2894 96
2895 3806
2896 168
2897 11
2898 102
2899 5
2900 967
2901 16
2902 4197
2903 25
2904 16
2905 1909
2906 19
2907 2898
2908 1444
2909 4
2910 25
2911 213
2912 2076
2913 3106
2914 307
2915 4
2916 25
2917 805
2918 3227
2919 875
2920 5
2921 859
2922 3760
2923 541
2924 4
2925 2275
2926 3143
2927 4
2928 3
2929 466
2930 9
2931 1257
2932 44
2933 4
2934 1057
2935 5
2936 664
2937 2768
2938 3
2939 4206
2940 5
2941 3200
2942 1
2943 4
2944 2724
2945 2230
2946 2147
2947 2595
2948 5
2949 106
2950 2306
2951 1
2952 259
2953 405
2954 447
2955 1462
2956 16
2957 3
2958 464
2959 102
2960 242
2961 200
2962 265
2963 444
2964 242
2965 11
2966 87
2967 4212
2968 678
2969 1495
2970 4
2971 898
2972 242
2973 2
2974 3
2975 710
2976 2137
2977 377
2978 273
2979 2473
2980 2261
2981 21
2982 186
2983 2565
2984 4152
2985 2185
2986 3488
2987 4097
2988 257
2989 11
2990 1317
2991 1
2992 168
2993 718
2994 572
2995 14
2996 192
2997 3337
2998 72
2999 3
3000 796
3001 4
3002 5
3003 16
3004 326
3005 2989
3006 26
3007 3811
3008 210
3009 967
3010 4217
3011 14
3012 362
3013 3
3014 3091
3015 4
3016 17
3017 96
3018 3542
3019 3
3020 80
3021 1868
3022 1
3023 2420
3024 2948
3025 1679
3026 996
3027 274
3028 758
3029 4
3030 2393
3031 2857
3032 1108
3033 2301
3034 717
3035 3063
3036 1287
3037 3
3038 4226
3039 758
3040 44
3041 704
3042 2413
3043 832
3044 4
3045 459
3046 2884
3047 2537
3048 25
3049 1919
3050 900
3051 698
3052 811
3053 1809
3054 337
3055 80
3056 25
3057 461
3058 407
3059 5
3060 2067
3061 189
3062 156
3063 25
3064 9
3065 3
3066 3234
3067 1415
3068 815
3069 842
3070 4229
3071 4230
3072 288
3073 4231
3074 1680
3075 288
3076 3233
3077 242
3078 1045
3079 1431
3080 2801
3081 77
3082 1777
3083 1087
3084 4
3085 326
3086 1806
3087 1
3088 173
3089 5
3090 5
3091 14
3092 21
3093 2372
3094 4237
3095 1074
3096 786
3097 3731
3098 4
3099 136
3100 874
3101 1814
3102 96
3103 4
3104 1002
3105 3985
3106 77
3107 25
3108 25
3109 1410
3110 2510
3111 5
3112 21
3113 646
3114 1
3115 78
3116 1787
3117 2539
3118 4241
3119 4
3120 2166
3121 4242
3122 1
3123 452
3124 306
3125 3183
3126 3482
3127 21
3128 4118
3129 1211
3130 2581
3131 5
3132 3
3133 3
3134 25
3135 27
3136 4011
3137 346
3138 1653
3139 5
3140 25
3141 4
3142 25
3143 5
3144 514
3145 14
3146 5
3147 5
3148 3633
3149 1404
3150 21
3151 136
3152 711
3153 141
3154 3204
3155 3
3156 2463
3157 5
3158 1174
3159 14
3160 387
3161 3687
3162 21
3163 3954
3164 5
3165 1651
3166 350
3167 1297
3168 1655
3169 486
3170 25
3171 109
3172 3762
3173 87
3174 284
3175 4085
3176 1591
3177 5
3178 1631
3179 468
3180 48
3181 16
3182 2269
3183 735
3184 12
3185 4
3186 394
3187 2652
3188 1237
3189 4
3190 4256
3191 1046
3192 407
3193 3448
3194 242
3195 2414
3196 11
3197 14
3198 1351
3199 173
3200 2189
3201 910
3202 4
3203 890
3204 192
3205 2438
3206 173
3207 77
3208 3
3209 389
3210 2
3211 55
3212 1891
3213 1720
3214 978
3215 96
3216 2
3217 4261
3218 1653
3219 1645
3220 96
3221 3270
3222 2334
3223 3433
3224 1636
3225 25
3226 321
3227 5
3228 3
3229 531
3230 1409
3231 2429
3232 3958
3233 109
3234 200
3235 3724
3236 804
3237 3
3238 9
3239 271
3240 3
3241 4178
3242 1332
3243 1239
3244 673
3245 531
3246 173
3247 4
3248 2919
3249 5
3250 1914
3251 4
3252 1600
3253 3581
3254 94
3255 1395
3256 3589
3257 4172
3258 4260
3259 77
3260 1
3261 1030
3262 14
3263 1995
3264 2040
3265 4
3266 25
3267 1338
3268 205
3269 1745
3270 3956
3271 136
3272 1626
3273 2311
3274 5
3275 1895
3276 659
3277 228
3278 4245
3279 2
3280 280
3281 3
3282 1242
3283 150
3284 354
3285 3
3286 614
3287 164
3288 3727
3289 25
3290 1810
3291 696
3292 2295
3293 671
3294 603
3295 1419
3296 21
3297 3271
3298 25
3299 47
3300 3943
3301 647
3302 3
3303 87
3304 361
3305 2199
3306 1156
3307 98
3308 128
3309 4184
3310 1550
3311 1224
3312 4093
3313 96
3314 4270
3315 712
3316 2031
3317 192
3318 1096
3319 3051
3320 96
3321 1719
3322 3520
3323 2772
3324 3
3325 2585
3326 150
3327 288
3328 2440
3329 25
3330 85
3331 1690
3332 3
3333 3102
3334 14
3335 3
3336 3925
3337 4274
3338 1492
3339 14
3340 486
3341 1
3342 1924
3343 4076
3344 1906
3345 1345
3346 195
3347 141
3348 47
3349 758
3350 5
3351 1710
3352 579
3353 354
3354 2216
3355 1219
3356 2655
3357 3
3358 1842
3359 518
3360 1289
3361 1012
3362 3971
3363 185
3364 80
3365 2905
3366 48
3367 48
3368 920
3369 361
3370 4276
3371 3381
3372 3993
3373 1795
3374 25
3375 25
3376 462
3377 78
3378 150
3379 1901
3380 4220
3381 77
3382 3277
3383 4278
3384 78
3385 670
3386 25
3387 2982
3388 96
3389 659
3390 4147
3391 141
3392 257
3393 3139
3394 3
3395 352
3396 80
3397 1132
3398 4
3399 2105
3400 2055
3401 48
3402 4282
3403 3371
3404 354
3405 277
3406 1
3407 619
3408 3509
3409 5
3410 178
3411 2271
3412 1347
3413 84
3414 1095
3415 249
3416 2
3417 493
3418 1758
3419 735
3420 25
3421 80
3422 2064
3423 3
3424 3
3425 2219
3426 2
3427 25
3428 4286
3429 2153
3430 16
3431 2
3432 1298
3433 3319
3434 444
3435 3332
3436 531
3437 716
3438 451
3439 5
3440 464
3441 2974
3442 1447
3443 1469
3444 228
3445 102
3446 2004
3447 3671
3448 150
3449 4139
3450 3
3451 2624
3452 1542
3453 5
3454 2410
3455 14
3456 2
3457 16
3458 512
3459 1791
3460 25
3461 518
3462 2210
3463 3218
3464 25
3465 2916
3466 1816
3467 2914
3468 1493
3469 3934
3470 19
3471 4
3472 2351
3473 2534
3474 3
3475 25
3476 949
3477 16
3478 1815
3479 25
3480 2973
3481 96
3482 14
3483 3393
3484 4294
3485 2653
3486 2171
3487 3248
3488 3
3489 4
3490 6
3491 1571
3492 1353
3493 1073
3494 3834
3495 567
3496 48
3497 16
3498 1953
3499 2300
3500 25
3501 3107
3502 3308
3503 3410
3504 3
3505 109
3506 735
3507 326
3508 2644
3509 3493
3510 4209
3511 3
3512 2825
3513 4188
3514 4015
3515 1992
3516 1889
3517 278
3518 3297
3519 596
3520 970
3521 25
3522 4
3523 4
3524 1687
3525 800
3526 4138
3527 1367
3528 3795
3529 3242
3530 16
3531 3314
3532 3980
3533 4279
3534 11
3535 4094
3536 1499
3537 96
3538 19
3539 1448
3540 1594
3541 152
3542 11
3543 5
3544 724
3545 2539
3546 5
3547 1028
3548 1
3549 269
3550 2
3551 1479
3552 3
3553 532
3554 123
3555 3512
3556 1250
3557 5
3558 2454
3559 5
3560 1223
3561 474
3562 25
3563 3
3564 14
3565 2674
3566 2277
3567 260
3568 693
3569 242
3570 3899
3571 14
3572 397
3573 5
3574 1
3575 3965
3576 301
3577 78
3578 5
3579 630
3580 2895
3581 2990
3582 21
3583 165
3584 12
3585 698
3586 1612
3587 168
3588 2
3589 1743
3590 14
3591 271
3592 3398
3593 1616
3594 306
3595 1931
3596 1749
3597 901
3598 2424
3599 1860
3600 3172
3601 4
3602 357
3603 4255
3604 4
3605 1
3606 4302
3607 1284
3608 78
3609 48
3610 4
3611 44
3612 5
3613 4304
3614 80
3615 3728
3616 10
3617 4
3618 155
3619 2550
3620 3404
3621 2321
3622 96
3623 192
3624 3494
3625 3094
3626 239
3627 1818
3628 1296
3629 1917
3630 2248
3631 3
3632 2265
3633 3725
3634 822
3635 4
3636 3306
3637 2
3638 1315
3639 298
3640 2
3641 5
3642 2
3643 3099
3644 923
3645 141
3646 3816
3647 5
3648 2695
3649 3
3650 117
3651 209
3652 3765
3653 4309
3654 4
3655 1354
3656 4
3657 21
3658 2816
3659 250
3660 418
3661 1275
3662 1805
3663 25
3664 2142
3665 1076
3666 3835
3667 2111
3668 3948
3669 4306
3670 478
3671 444
3672 1893
3673 3926
3674 239
3675 5
3676 1714
3677 2244
3678 3791
3679 87
3680 1421
3681 2119
3682 1104
3683 1947
3684 661
3685 4123
3686 1207
3687 2547
3688 4
3689 102
3690 3370
3691 5
3692 25
3693 3
3694 2645
3695 5
3696 2761
3697 3532
3698 150
3699 33
3700 3
3701 2570
3702 1
3703 3
3704 1873
3705 209
3706 899
3707 14
3708 196
3709 97
3710 2272
3711 5
3712 14
3713 1216
3714 2461
3715 923
3716 96
3717 1602
3718 2344
3719 1582
3720 1656
3721 141
3722 4314
3723 80
3724 3910
3725 25
3726 96
3727 1827
3728 709
3729 14
3730 2096
3731 380
3732 77
3733 48
3734 2581
3735 469
3736 2158
3737 992
3738 264
3739 49
3740 5
3741 183
3742 942
3743 1380
3744 5
3745 4025
3746 25
3747 1336
3748 5
3749 96
3750 361
3751 14
3752 239
3753 1403
3754 150
3755 2780
3756 4
3757 3604
3758 4198
3759 3682
3760 2573
3761 671
3762 25
3763 368
3764 80
3765 2825
3766 474
3767 1392
3768 141
3769 3908
3770 1386
3771 278
3772 5
3773 3
3774 5
3775 25
3776 2720
3777 2866
3778 25
3779 3
3780 16
3781 3
3782 4012
3783 4
3784 25
3785 2901
3786 16
3787 2230
3788 1513
3789 3421
3790 124
3791 141
3792 4319
3793 3048
3794 3121
3795 13
3796 4
3797 3253
3798 1
3799 311
3800 3241
3801 5
3802 993
3803 3
3804 25
3805 192
3806 3521
3807 4
3808 4
3809 645
3810 361
3811 3551
3812 1
3813 3423
3814 5
3815 44
3816 1240
3817 311
3818 41
3819 2068
3820 4
3821 4296
3822 3
3823 192
3824 4
3825 4322
3826 44
3827 204
3828 3058
3829 3
3830 238
3831 343
3832 536
3833 1606
3834 5
3835 228
3836 2943
3837 38
3838 4183
3839 3345
3840 432
3841 123
3842 4189
3843 44
3844 1776
3845 1974
3846 3208
3847 3
3848 3817
3849 1249
3850 470
3851 25
3852 4
3853 367
3854 1568
3855 173
3856 1155
3857 1106
3858 2091
3859 1
3860 14
3861 16
3862 636
3863 522
3864 735
3865 192
3866 486
3867 2549
3868 77
3869 3602
3870 1644
3871 25
3872 4247
3873 25
3874 2165
3875 11
3876 811
3877 14
3878 5
3879 3759
3880 25
3881 10
3882 14
3883 911
3884 6
3885 3264
3886 1648
3887 78
3888 85
3889 4
3890 16
3891 1557
3892 2677
3893 25
3894 3933
3895 2608
3896 230
3897 2280
3898 1647
3899 530
3900 1053
3901 4
3902 5
3903 16
3904 567
3905 1013
3906 25
3907 2557
3908 2875
3909 2946
3910 3
3911 561
3912 1016
3913 2320
3914 74
3915 5
3916 459
3917 4125
3918 4
3919 4
3920 4
3921 3770
3922 2180
3923 3005
3924 48
3925 4145
3926 4
3927 1262
3928 2477
3929 4
3930 1229
3931 3454
3932 2268
3933 3852
3934 2938
3935 16
3936 3
3937 2013
3938 2007
3939 2390
3940 921
3941 1017
3942 4
3943 4289
3944 180
3945 242
3946 3815
3947 16
3948 632
3949 4262
3950 176
3951 3
3952 4182
3953 3352
3954 960
3955 3783
3956 16
3957 1
3958 4
3959 2826
3960 432
3961 361
3962 3132
3963 4
3964 2452
3965 3871
3966 19
3967 25
3968 4
3969 47
3970 1000
3971 527
3972 47
3973 31
3974 536
3975 2028
3976 1709
3977 16
3978 242
3979 80
3980 4070
3981 1615
3982 4180
3983 80
3984 3
3985 2270
3986 5
3987 96
3988 1
3989 16
3990 3634
3991 795
3992 87
3993 25
3994 5
3995 242
3996 1414
3997 974
3998 3001
3999 4
4000 1886
4001 174
4002 1774
4003 25
4004 3
4005 4336
4006 25
4007 3
4008 21
4009 3467
4010 2497
4011 1818
4012 1992
4013 4
4014 5
4015 2624
4016 5
4017 251
4018 102
4019 3884
4020 457
4021 1
4022 3113
4023 1
4024 5
4025 4
4026 3252
4027 326
4028 4
4029 3281
4030 4339
4031 399
4032 5
4033 2019
4034 2856
4035 1132
4036 25
4037 1125
4038 3495
4039 44
4040 1
4041 3230
4042 4156
4043 25
4044 1346
4045 242
4046 2461
4047 1044
4048 4
4049 1899
4050 5
4051 278
4052 3
4053 4
4054 9
4055 3210
4056 3
4057 2728
4058 1038
4059 311
4060 3626
4061 2703
4062 16
4063 21
4064 1989
4065 5
4066 4
4067 2012
4068 3810
4069 2635
4070 1304
4071 2154
4072 4
4073 551
4074 2771
4075 1135
4076 1579
4077 1946
4078 44
4079 312
4080 3388
4081 762
4082 5
4083 3821
4084 25
4085 693
4086 141
4087 778
4088 173
4089 558
4090 134
4091 173
4092 746
4093 3165
4094 3114
4095 2580
4096 102
4097 1346
4098 1
4099 2146
4100 306
4101 3302
4102 3
4103 196
4104 14
4105 452
4106 2144
4107 4
4108 983
4109 127
4110 1843
4111 1695
4112 2861
4113 80
4114 2671
4115 2164
4116 25
4117 233
4118 123
4119 5
4120 21
4121 5
4122 257
4123 2051
4124 239
4125 1154
4126 199
4127 3
4128 827
4129 1235
4130 21
4131 78
4132 3289
4133 48
4134 2715
4135 458
4136 5
4137 77
4138 4
4139 2
4140 105
4141 78
4142 2139
4143 4141
4144 4
4145 1547
4146 78
4147 3000
4148 49
4149 2260
4150 1778
4151 1763
4152 5
4153 567
4154 330
4155 1952
4156 44
4157 2563
4158 494
4159 242
4160 927
4161 3
4162 25
4163 67
4164 4105
4165 96
4166 21
4167 962
4168 257
4169 3
4170 1994
4171 1216
4172 3786
4173 25
4174 3179
4175 3977
4176 239
4177 2
4178 711
4179 168
4180 2930
4181 1736
4182 1615
4183 47
4184 1032
4185 518
4186 2210
4187 11
4188 25
4189 11
4190 176
4191 380
4192 150
4193 3680
4194 176
4195 1
4196 48
4197 946
4198 4164
4199 78
4200 2531
4201 141
4202 3116
4203 1777
4204 4128
4205 3298
4206 444
4207 1118
4208 3865
4209 167
4210 2
4211 2
4212 343
4213 4341
4214 2923
4215 213
4216 1365
4217 105
4218 4344
4219 4
4220 240
4221 49
4222 1808
4223 733
4224 2478
4225 384
4226 141
4227 3014
4228 4
4229 1673
4230 228
4231 2405
4232 669
4233 228
4234 96
4235 4346
4236 1058
4237 671
4238 2339
4239 9
4240 80
4241 141
4242 49
4243 2468
4244 3180
4245 638
4246 1414
4247 164
4248 21
4249 1
4250 3811
4251 735
4252 11
4253 239
4254 85
4255 90
4256 321
4257 25
4258 1322
4259 534
4260 1503
4261 3569
4262 228
4263 4
4264 1334
4265 1948
4266 1245
4267 150
4268 4091
4269 1686
4270 11
4271 4
4272 2653
4273 4
4274 21
4275 127
4276 912
4277 44
4278 2162
4279 3722
4280 11
4281 141
4282 2964
4283 2229
4284 601
4285 3079
4286 80
4287 2298
4288 1087
4289 4129
4290 400
4291 4275
4292 96
4293 785
4294 533
4295 532
4296 191
4297 3191
4298 239
4299 6
4300 3090
4301 94
4302 895
4303 2783
4304 538
4305 1523
4306 3486
4307 228
4308 11
4309 96
4310 4
4311 1755
4312 3419
4313 2415
4314 1518
4315 3426
4316 674
4317 180
4318 326
4319 182
4320 105
4321 257
4322 105
4323 1198
4324 109
4325 260
4326 192
4327 2784
4328 2425
4329 3
4330 1577
4331 2
4332 172
4333 3226
4334 686
4335 105
4336 11
4337 105
4338 2080
4339 4350
4340 2929
4341 1359
4342 6
4343 1565
4344 452
4345 81
4346 3318
4347 1641
4348 30
4349 154
4350 782
4351 25
4352 1359
4353 5
4354 509
4355 482
4356 102
4357 2601
4358 3201
4359 3091
4360 3990
4361 47
4362 61
4363 2039
4364 5
4365 1639
4366 390
4367 3
4368 2469
4369 174
4370 55
4371 1087
4372 109
4373 4238
4374 4
4375 4021
4376 55
4377 4
4378 1194
4379 2069
4380 1874
4381 2354
4382 2444
4383 2094
4384 4331
4385 2472
4386 77
4387 379
4388 2157
4389 2000
4390 2733
4391 904
4392 96
4393 1851
4394 3
4395 1700
4396 3304
4397 2
4398 4
4399 1004
4400 5
4401 827
4402 271
4403 3678
4404 78
4405 4
4406 109
4407 224
4408 257
4409 2947
4410 286
4411 4
4412 1021
4413 4
4414 413
4415 635
4416 3395
4417 1280
4418 3773
4419 64
4420 1
4421 5
4422 25
4423 147
4424 2820
4425 141
4426 2566
4427 396
4428 1889
4429 3194
4430 984
4431 100
4432 96
4433 3
4434 48
4435 200
4436 78
4437 1974
4438 3661
4439 1329
4440 2966
4441 2838
4442 474
4443 4352
4444 4
4445 380
4446 11
4447 513
4448 321
4449 459
4450 699
4451 1146
4452 4
4453 922
4454 1771
4455 1506
4456 1
4457 3
4458 36
4459 2136
4460 3618
4461 1
4462 4
4463 6
4464 2148
4465 2358
4466 102
4467 2507
4468 4130
4469 5
4470 4295
4471 19
4472 3301
4473 5
4474 1973
4475 1
4476 4192
4477 25
4478 25
4479 3
4480 1349
4481 1831
4482 4040
4483 531
4484 3
4485 3379
4486 16
4487 4173
4488 835
4489 2932
4490 49
4491 1815
4492 171
4493 3
4494 1721
4495 3
4496 324
4497 3864
4498 11
4499 25
4500 3861
4501 4
4502 2987
4503 4038
4504 25
4505 25
4506 877
4507 102
4508 25
4509 5
4510 1031
4511 21
4512 1299
4513 11
4514 3
4515 3
4516 620
4517 174
4518 957
4519 4
4520 67
4521 5
4522 4
4523 100
4524 967
4525 1545
4526 2
4527 85
4528 412
4529 257
4530 200
4531 4017
4532 2798
4533 3
4534 775
4535 5
4536 929
4537 707
4538 3
4539 4271
4540 1019
4541 16
4542 791
4543 120
4544 2676
4545 3769
4546 2023
4547 2005
4548 100
4549 1740
4550 1129
4551 48
4552 4
4553 1824
4554 250
4555 228
4556 361
4557 4
4558 3188
4559 108
4560 3530
4561 25
4562 3847
4563 21
4564 2682
4565 141
4566 151
4567 1753
4568 777
4569 168
4570 2213
4571 3309
4572 1849
4573 47
4574 1861
4575 1841
4576 228
4577 3362
4578 3864
4579 14
4580 138
4581 1
4582 458
4583 2
4584 1882
4585 375
4586 1666
4587 3
4588 21
4589 200
4590 185
4591 4287
4592 1146
4593 4211
4594 4
4595 3507
4596 102
4597 14
4598 16
4599 176
4600 326
4601 25
4602 3
4603 1567
4604 613
4605 5
4606 228
4607 5
4608 458
4609 14
4610 2746
4611 5
4612 16
4613 2301
4614 138
4615 2889
4616 3979
4617 5
4618 306
4619 1280
4620 242
4621 5
4622 838
4623 278
4624 1735
4625 16
4626 1
4627 5
4628 3144
4629 2173
4630 102
4631 21
4632 2361
4633 14
4634 1524
4635 4249
4636 80
4637 1026
4638 846
4639 21
4640 5
4641 3042
4642 173
4643 38
4644 3246
4645 4090
4646 77
4647 552
4648 2057
4649 105
4650 306
4651 646
4652 257
4653 1493
4654 109
4655 2994
4656 164
4657 2616
4658 105
4659 1072
4660 1569
4661 2437
4662 3136
4663 2129
4664 2576
4665 1293
4666 3294
4667 3
4668 3628
4669 77
4670 340
4671 2
4672 737
4673 2995
4674 2371
4675 531
4676 3
4677 3
4678 3165
4679 4115
4680 136
4681 3470
4682 3809
4683 3872
4684 78
4685 25
4686 778
4687 4
4688 239
4689 2968
4690 141
4691 3
4692 4
4693 668
4694 651
4695 25
4696 2360
4697 25
4698 2493
4699 2294
4700 25
4701 3039
4702 77
4703 2
4704 2679
4705 270
4706 141
4707 659
4708 77
4709 5
4710 14
4711 444
4712 1343
4713 668
4714 458
4715 3040
4716 2063
4717 14
4718 207
4719 5
4720 3489
4721 321
4722 3109
4723 1
4724 75
4725 168
4726 3275
4727 414
4728 77
4729 5
4730 3543
4731 2227
4732 361
4733 3
4734 3503
4735 671
4736 433
4737 5
4738 393
4739 2771
4740 4
4741 982
4742 5
4743 14
4744 11
4745 2712
4746 3804
4747 141
4748 2208
4749 1337
4750 25
4751 5
4752 3247
4753 1498
4754 96
4755 597
4756 1030
4757 147
4758 474
4759 4
4760 136
4761 3178
4762 5
4763 78
4764 5
4765 2427
4766 2
4767 444
4768 3812
4769 4
4770 671
4771 25
4772 2955
4773 3695
4774 2532
4775 3
4776 1810
4777 16
4778 4
4779 458
4780 3248
4781 3
4782 3
4783 3239
4784 3
4785 16
4786 2150
4787 3
4788 3
4789 3386
4790 2675
4791 85
4792 918
4793 4
4794 1874
4795 509
4796 150
4797 2157
4798 1466
4799 5
4800 3
4801 1525
4802 25
4803 1526
4804 3
4805 3
4806 2442
4807 127
4808 801
4809 5
4810 77
4811 16
4812 2
4813 14
4814 2900
4815 250
4816 257
4817 5
4818 2609
4819 25
4820 3
4821 176
4822 14
4823 6
4824 1862
4825 4
4826 5
4827 2304
4828 3
4829 256
4830 3377
4831 2926
4832 3055
4833 1201
4834 2189
4835 740
4836 4
4837 4351
4838 4
4839 2483
4840 3901
4841 1
4842 2813
4843 102
4844 565
4845 1752
4846 150
4847 210
4848 581
4849 2301
4850 25
4851 419
4852 1708
4853 1870
4854 3070
4855 3376
4856 2120
4857 3391
4858 5
4859 174
4860 561
4861 2485
4862 2875
4863 3656
4864 3215
4865 5
4866 5
4867 156
4868 3663
4869 1457
4870 4
4871 4
4872 45
4873 2056
4874 1087
4875 2329
4876 152
4877 4175
4878 3
4879 102
4880 1776
4881 3484
4882 465
4883 170
4884 311
4885 16
4886 3198
4887 44
4888 945
4889 1981
4890 3902
4891 25
4892 1213
4893 3754
4894 440
4895 3803
4896 3792
4897 1736
4898 3789
4899 701
4900 1085
4901 1258
4902 1885
4903 3624
4904 3996
4905 1
4906 239
4907 1711
4908 1716
4909 4075
4910 3927
4911 1140
4912 85
4913 52
4914 3928
4915 192
4916 3649
4917 3
4918 1110
4919 5
4920 2753
4921 2128
4922 5
4923 2
4924 2794
4925 1496
4926 1515
4927 5
4928 4
4929 141
4930 531
4931 3442
4932 354
4933 3
4934 3650
4935 787
4936 14
4937 5
4938 3924
4939 2586
4940 5
4941 1318
4942 404
4943 4148
4944 901
4945 4
4946 2737
4947 257
4948 2006
4949 4153
4950 1
4951 5
4952 4109
4953 5
4954 1960
4955 3251
4956 3189
4957 2025
4958 411
4959 2
4960 14
4961 239
4962 4174
4963 1209
4964 1343
4965 4
4966 21
4967 5
4968 62
4969 16
4970 5
4971 1
4972 3504
4973 1662
4974 3097
4975 1037
4976 3125
4977 281
4978 1
4979 2828
4980 3330
4981 2551
4982 2033
4983 14
4984 188
4985 731
4986 2
4987 187
4988 1399
4989 2606
4990 3905
4991 737
4992 25
4993 1922
4994 25
4995 3360
4996 4
4997 2162
4998 305
4999 1967
5000 1943
5001 2084
5002 1
5003 69
5004 2095
5005 2519
5006 16
5007 80
5008 4019
5009 11
5010 102
5011 5
5012 1
5013 1561
5014 2
5015 4177
5016 671
5017 228
5018 4299
5019 1738
5020 102
5021 242
5022 25
5023 3491
5024 4042
5025 9
5026 4065
5027 1
5028 102
5029 693
5030 1590
5031 3
5032 14
5033 2289
5034 3
5035 1
5036 1678
5037 85
5038 1
5039 2774
5040 87
5041 168
5042 4
5043 5
5044 474
5045 2434
5046 48
5047 2907
5048 105
5049 3
5050 3920
5051 189
5052 4
5053 5
5054 102
5055 2350
5056 14
5057 14
5058 3096
5059 3961
5060 1770
5061 3670
5062 4272
5063 1228
5064 5
5065 80
5066 16
5067 4
5068 156
5069 2
5070 2845
5071 3790
5072 5
5073 3610
5074 2099
5075 3508
5076 4
5077 155
5078 3534
5079 3712
5080 5
5081 985
5082 14
5083 3
5084 168
5085 105
5086 3608
5087 5
5088 828
5089 3860
5090 21
5091 3
5092 3227
5093 752
5094 5
5095 278
5096 1895
5097 14
5098 1907
5099 139
5100 1846
5101 3223
5102 2747
5103 50
5104 102
5105 2092
5106 3607
5107 1539
5108 2
5109 25
5110 1725
5111 335
5112 1611
5113 1468
5114 501
5115 671
5116 48
5117 2872
5118 1269
5119 2496
5120 2408
5121 5
5122 1971
5123 2738
5124 4250
5125 583
5126 141
5127 1120
5128 1450
5129 3657
5130 671
5131 3
5132 1584
5133 173
5134 48
5135 77
5136 2976
5137 2961
5138 631
5139 242
5140 901
5141 192
5142 77
5143 141
5144 227
5145 2
5146 1215
5147 21
5148 78
5149 278
5150 2335
5151 5
5152 222
5153 363
5154 5
5155 1624
5156 1089
5157 5
5158 242
5159 3819
5160 4018
5161 909
5162 2765
5163 1087
5164 4133
5165 3333
5166 747
5167 5
5168 14
5169 4200
5170 77
5171 1435
5172 238
5173 3397
5174 55
5175 2008
5176 3517
5177 506
5178 269
5179 14
5180 3
5181 4
5182 3450
5183 2
5184 4041
5185 3774
5186 1
5187 339
5188 3
5189 25
5190 14
5191 2074
5192 4146
5193 866
5194 354
5195 242
5196 1970
5197 4004
5198 2946
5199 1315
5200 4311
5201 143
5202 480
5203 4
5204 326
5205 3267
5206 1
5207 1412
5208 594
5209 3791
5210 3619
5211 139
5212 3118
5213 44
5214 240
5215 25
5216 87
5217 3741
5218 103
5219 21
5220 3
5221 1141
5222 1520
5223 5
5224 452
5225 5
5226 284
5227 1192
5228 3701
5229 1634
5230 1341
5231 11
5232 3235
5233 2290
5234 3010
5235 284
5236 1370
5237 239
5238 257
5239 368
5240 16
5241 3430
5242 3685
5243 3794
5244 228
5245 1789
5246 2209
5247 1
5248 102
5249 3707
5250 21
5251 2748
5252 77
5253 590
5254 2419
5255 21
5256 3
5257 4
5258 2788
5259 4054
5260 3
5261 3375
5262 49
5263 2950
5264 3439
5265 3892
5266 1308
5267 150
5268 3912
5269 100
5270 3220
5271 2691
5272 109
5273 4366
5274 1979
5275 2134
5276 1837
5277 3
5278 2705
5279 598
5280 2599
5281 14
5282 3394
5283 242
5284 3793
5285 77
5286 239
5287 2495
5288 1750
5289 5
5290 5
5291 3235
5292 361
5293 1308
5294 827
5295 1078
5296 1320
5297 1519
5298 1999
5299 2605
5300 141
5301 1300
5302 5
5303 88
5304 1050
5305 5
5306 1344
5307 2723
5308 3146
5309 3389
5310 750
5311 815
5312 2059
5313 5
5314 29
5315 3
5316 778
5317 3622
5318 2594
5319 4
5320 2516
5321 1502
5322 3545
5323 3229
5324 444
5325 4
5326 2808
5327 968
5328 21
5329 3
5330 657
5331 78
5332 270
5333 136
5334 326
5335 788
5336 77
5337 1861
5338 3332
5339 4010
5340 1519
5341 25
5342 2913
5343 1322
5344 3342
5345 566
5346 5
5347 459
5348 5
5349 183
5350 2357
5351 2750
5352 326
5353 5
5354 44
5355 2035
5356 2322
5357 16
5358 44
5359 2610
5360 1953
5361 1801
5362 1208
5363 4332
5364 141
5365 2999
5366 4321
5367 1086
5368 3023
5369 25
5370 3547
5371 44
5372 5
5373 672
5374 3416
5375 3356
5376 4195
5377 88
5378 3900
5379 25
5380 2792
5381 4
5382 2590
5383 2490
5384 579
5385 3052
5386 1
5387 4
5388 5
5389 3
5390 3693
5391 3
5392 654
5393 3041
5394 3
5395 3029
5396 444
5397 4
5398 2499
5399 838
5400 529
5401 14
5402 1028
5403 87
5404 2305
5405 1369
5406 1224
5407 18
5408 3598
5409 4034
5410 2293
5411 875
5412 47
5413 5
5414 5
5415 1
5416 5
5417 2109
5418 3333
5419 4234
5420 48
5421 459
5422 96
5423 5
5424 48
5425 1765
5426 16
5427 671
5428 4258
5429 4022
5430 3443
5431 25
5432 3121
5433 47
5434 3160
5435 2375
5436 2147
5437 739
5438 1149
5439 3
5440 380
5441 531
5442 380
5443 102
5444 4311
5445 257
5446 14
5447 9
5448 844
5449 152
5450 3230
5451 239
5452 3667
5453 671
5454 3
5455 3
5456 2875
5457 2770
5458 96
5459 901
5460 4108
5461 4194
5462 200
5463 255
5464 186
5465 3
5466 3413
5467 77
5468 3
5469 1574
5470 80
5471 2152
5472 2547
5473 3
5474 343
5475 2558
5476 2869
5477 4131
5478 1509
5479 589
5480 478
5481 1337
5482 239
5483 80
5484 1045
5485 3
5486 96
5487 5
5488 3838
5489 1413
5490 531
5491 51
5492 3219
5493 120
5494 1425
5495 96
5496 213
5497 2394
5498 25
5499 3459
5500 3461
5501 109
5502 14
5503 137
5504 3677
5505 1261
5506 2
5507 2433
5508 482
5509 254
5510 48
5511 4
5512 4
5513 3
5514 394
5515 4
5516 3085
5517 228
5518 3
5519 5
5520 901
5521 1084
5522 3732
5523 196
5524 4
5525 1802
5526 2061
5527 100
5528 25
5529 48
5530 141
5531 2663
5532 536
5533 1558
5534 1543
5535 3
5536 3548
5537 5
5538 228
5539 21
5540 1511
5541 4
5542 4
5543 3378
5544 4
5545 3105
5546 5
5547 180
5548 2250
5549 200
5550 3103
5551 471
5552 4095
5553 1495
5554 2194
5555 257
5556 25
5557 21
5558 1334
5559 1314
5560 2238
5561 80
5562 5
5563 3947
5564 105
5565 354
5566 430
5567 228
5568 3630
5569 3
5570 5
5571 751
5572 806
5573 2988
5574 48
5575 2805
5576 627
5577 524
5578 5
5579 3108
5580 48
5581 10
5582 14
5583 4
5584 4116
5585 5
5586 459
5587 48
5588 141
5589 2
5590 878
5591 5
5592 2725
5593 5
5594 85
5595 2215
5596 79
5597 11
5598 102
5599 3372
5600 3
5601 16
5602 44
5603 4
5604 3
5605 4161
5606 2756
5607 4
5608 4
5609 278
5610 75
5611 5
5612 16
5613 196
5614 3090
5615 1137
5616 168
5617 16
5618 2304
5619 77
5620 546
5621 284
5622 2683
5623 3237
5624 4
5625 4223
5626 561
5627 16
5628 1865
5629 278
5630 1840
5631 3879
5632 2108
5633 3320
5634 157
5635 6
5636 3921
5637 1137
5638 196
5639 2018
5640 319
5641 3353
5642 3726
5643 947
5644 1230
5645 16
5646 1266
5647 14
5648 478
5649 260
5650 3466
5651 3252
5652 523
5653 1
5654 1485
5655 4
5656 5
5657 2267
5658 307
5659 123
5660 1613
5661 25
5662 55
5663 1
5664 3718
5665 3
5666 105
5667 458
5668 4
5669 2169
5670 242
5671 109
5672 4
5673 326
5674 78
5675 228
5676 141
5677 21
5678 257
5679 3371
5680 269
5681 168
5682 5
5683 1527
5684 3131
5685 25
5686 4326
5687 105
5688 1991
5689 2391
5690 1614
5691 1915
5692 2906
5693 811
5694 1100
5695 25
5696 77
5697 3
5698 3
5699 1685
5700 1824
5701 1
5702 2941
5703 1923
5704 2385
5705 3
5706 1230
5707 2918
5708 3981
5709 360
5710 11
5711 1015
5712 4343
5713 2541
5714 3269
5715 1576
5716 997
5717 4333
5718 4246
5719 1424
5720 2036
5721 3577
5722 4007
5723 981
5724 77
5725 77
5726 1920
5727 1755
5728 49
5729 2202
5730 3
5731 3
5732 1259
5733 94
5734 3140
5735 141
5736 3
5737 361
5738 460
5739 135
5740 3647
5741 3955
5742 589
5743 4251
5744 25
5745 753
5746 2607
5747 187
5748 3415
5749 3742
5750 4
5751 3
5752 152
5753 4
5754 2643
5755 3192
5756 4
5757 4355
5758 4266
5759 2988
5760 168
5761 4
5762 2170
5763 2727
5764 14
5765 3
5766 240
5767 96
5768 25
5769 150
5770 3776
5771 164
5772 80
5773 4
5774 2640
5775 3011
5776 5
5777 14
5778 228
5779 25
5780 47
5781 5
5782 3018
5783 3
5784 150
5785 764
5786 361
5787 671
5788 1975
5789 3087
5790 3833
5791 4
5792 2052
5793 275
5794 1613
5795 102
5796 4330
5797 3675
5798 5
5799 4248
5800 290
5801 1211
5802 4
5803 3060
5804 3597
5805 967
5806 3064
5807 5
5808 3456
5809 77
5810 75
5811 3735
5812 1439
5813 3571
5814 77
5815 917
5816 78
5817 16
5818 88
5819 102
5820 16
5821 4157
5822 848
5823 1456
5824 1692
5825 851
5826 1401
5827 1334
5828 726
5829 1146
5830 105
5831 3750
5832 6
5833 3
5834 5
5835 288
5836 25
5837 4
5838 4
5839 5
5840 55
5841 136
5842 1505
5843 2124
5844 1
5845 3036
5846 1924
5847 4
5848 1928
5849 864
5850 14
5851 2365
5852 3830
5853 25
5854 1155
5855 2858
5856 25
5857 3743
5858 1896
5859 3639
5860 985
5861 3
5862 4047
5863 85
5864 44
5865 676
5866 2466
5867 4
5868 3024
5869 891
5870 4029
5871 25
5872 3
5873 2191
5874 761
5875 2584
5876 77
5877 4009
5878 3648
5879 4
5880 25
5881 1037
5882 141
5883 5
5884 88
5885 2554
5886 192
5887 520
5888 854
5889 219
5890 2889
5891 14
5892 1203
5893 880
5894 2188
5895 13
5896 1143
5897 434
5898 1826
5899 5
5900 2622
5901 3
5902 25
5903 3123
5904 180
5905 1332
5906 1463
5907 1530
5908 2217
5909 3
5910 5
5911 2542
5912 1997
5913 2175
5914 1538
5915 486
5916 102
5917 1247
5918 3297
5919 16
5920 518
5921 1769
5922 4
5923 913
5924 5
5925 14
5926 213
5927 14
5928 2276
5929 3866
5930 793
5931 2403
5932 2673
5933 25
5934 3
5935 1718
5936 2315
5937 5
5938 3290
5939 25
5940 2819
5941 3855
5942 1936
5943 5
5944 1913
5945 242
5946 515
5947 1
5948 270
5949 4359
5950 3
5951 25
5952 4356
5953 3710
5954 567
5955 1965
5956 3
5957 1
5958 3226
5959 1830
5960 894
5961 2330
5962 145
5963 2457
5964 3286
5965 560
5966 240
5967 3
5968 163
5969 3699
5970 105
5971 3067
5972 967
5973 3715
5974 4369
5975 3
5976 486
5977 1817
5978 14
5979 5
5980 4
5981 2471
5982 3458
5983 4056
5984 2465
5985 168
5986 3588
5987 936
5988 2027
5989 990
5990 4
5991 4191
5992 3
5993 439
5994 768
5995 3
5996 3291
5997 4005
5998 48
5999 1303
6000 5
6001 4
6002 2195
6003 2177
6004 102
6005 25
6006 4368
6007 2626
6008 105
6009 2183
6010 4
6011 2
6012 5
6013 2738
6014 2874
6015 5
6016 941
6017 5
6018 100
6019 933
6020 25
6021 4
6022 4
6023 174
6024 1824
6025 4063
6026 2065
6027 2
6028 78
6029 643
6030 4059
6031 81
6032 2799
6033 80
6034 3482
6035 5
6036 113
6037 4214
6038 3881
6039 1
6040 3367
6041 3
6042 2521
6043 242
6044 1384
6045 338
6046 2407
6047 1
6048 164
6049 239
6050 126
6051 2336
6052 25
6053 164
6054 2692
6055 1509
6056 1443
6057 70
6058 328
6059 25
6060 4121
6061 2959
6062 3785
6063 5
6064 973
6065 68
6066 2977
6067 2126
6068 1324
6069 759
6070 25
6071 1399
6072 1346
6073 1318
6074 21
6075 967
6076 4288
6077 2149
6078 2389
6079 893
6080 142
6081 2727
6082 3674
6083 1559
6084 4257
6085 3091
6086 694
6087 3962
6088 80
6089 1696
6090 411
6091 3137
6092 2552
6093 5
6094 3066
6095 141
6096 4196
6097 2942
6098 3112
6099 25
6100 44
6101 458
6102 3973
6103 931
6104 25
6105 980
6106 25
6107 5
6108 3986
6109 141
6110 96
6111 3605
6112 67
6113 25
6114 4187
6115 866
6116 25
6117 25
6118 3583
6119 3054
6120 1853
6121 102
6122 326
6123 1882
6124 2127
6125 278
6126 3
6127 3518
6128 2484
6129 88
6130 760
6131 65
6132 14
6133 1142
6134 4
6135 3854
6136 242
6137 3414
6138 3446
6139 2983
6140 2912
6141 4064
6142 16
6143 4360
6144 2331
6145 2850
6146 1803
6147 325
6148 44
6149 25
6150 4334
6151 85
6152 4158
6153 25
6154 4
6155 2755
6156 284
6157 4122
6158 3
6159 1221
6160 3088
6161 162
6162 1857
6163 109
6164 123
6165 698
6166 692
6167 4
6168 1984
6169 3
6170 16
6171 3539
6172 239
6173 228
6174 1577
6175 827
6176 4146
6177 21
6178 85
6179 80
6180 308
6181 1175
6182 2476
6183 4
6184 3782
6185 935
6186 257
6187 85
6188 1537
6189 141
6190 326
6191 2613
6192 228
6193 2512
6194 2800
6195 3383
6196 3365
6197 2810
6198 141
6199 173
6200 205
6201 48
6202 4035
6203 3744
6204 5
6205 3683
6206 239
6207 728
6208 21
6209 239
6210 96
6211 5
6212 1326
6213 426
6214 917
6215 1005
6216 2
6217 2489
6218 3771
6219 1167
6220 3084
6221 3047
6222 1601
6223 123
6224 5
6225 4
6226 437
6227 1125
6228 25
6229 10
6230 4
6231 1037
6232 1575
6233 2825
6234 926
6235 354
6236 3075
6237 2768
6238 2195
6239 48
6240 3
6241 2958
6242 173
6243 4166
6244 5
6245 827
6246 1325
6247 127
6248 311
6249 698
6250 380
6251 1681
6252 6
6253 1395
6254 12
6255 4207
6256 1086
6257 4045
6258 343
6259 3417
6260 228
6261 486
6262 1435
6263 4323
6264 4
6265 530
6266 203
6267 3341
6268 3775
6269 5
6270 588
6271 1416
6272 1859
6273 3185
6274 3195
6275 2115
6276 1192
6277 1770
6278 2494
6279 16
6280 2100
6281 1487
6282 5
6283 5
6284 493
6285 2514
6286 150
6287 421
6288 85
6289 1365
6290 4049
6291 3413
6292 1968
6293 4
6294 1452
6295 4
6296 21
6297 105
6298 21
6299 629
6300 2453
6301 3932
6302 3655
6303 85
6304 67
6305 1861
6306 647
6307 2332
6308 25
6309 710
6310 2791
6311 738
6312 3
6313 524
6314 671
6315 1
6316 799
6317 2878
6318 168
6319 1630
6320 3
6321 4
6322 4
6323 577
6324 3
6325 2953
6326 4176
6327 278
6328 1790
6329 77
6330 552
6331 2775
6332 2121
6333 80
6334 102
6335 85
6336 2274
6337 359
6338 1911
6339 1124
6340 580
6341 85
6342 5
6343 2573
6344 3235
6345 1087
6346 139
6347 3
6348 5
6349 25
6350 213
6351 714
6352 5
6353 4074
6354 4
6355 482
6356 1582
6357 11
6358 77
6359 196
6360 3829
6361 3100
6362 5
6363 524
6364 96
6365 2588
6366 232
6367 482
6368 2984
6369 1932
6370 2600
6371 4102
6372 478
6373 48
6374 123
6375 270
6376 130
6377 3
6378 3108
6379 3049
6380 361
6381 4
6382 361
6383 44
6384 5
6385 1904
6386 295
6387 311
6388 2657
6389 105
6390 444
6391 4269
6392 493
6393 293
6394 10
6395 1855
6396 4
6397 1968
6398 257
6399 16
6400 482
6401 47
6402 444
6403 121
6404 2501
6405 96
6406 4052
6407 3057
6408 4
6409 168
6410 21
6411 4
6412 3
6413 4
6414 4
6415 184
6416 1265
6417 5
6418 2732
6419 539
6420 271
6421 1974
6422 2122
6423 136
6424 2416
6425 136
6426 257
6427 669
6428 3498
6429 88
6430 221
6431 531
6432 825
6433 3980
6434 175
6435 2701
6436 1464
6437 394
6438 699
6439 4043
6440 192
6441 6
6442 19
6443 239
6444 3755
6445 1
6446 4228
6447 136
6448 4204
6449 3115
6450 2439
6451 1407
6452 1271
6453 3344
6454 4
6455 173
6456 4037
6457 2846
6458 979
6459 2482
6460 1248
6461 77
6462 11
6463 1214
6464 21
6465 564
6466 4
6467 2231
6468 278
6469 96
6470 136
6471 25
6472 1205
6473 933
6474 109
6475 3299
6476 4126
6477 3279
6478 242
6479 2282
6480 3
6481 2839
6482 4
6483 4
6484 11
6485 4
6486 325
6487 105
6488 1948
6489 885
6490 708
6491 317
6492 4
6493 25
6494 25
6495 77
6496 776
6497 4
6498 25
6499 3077
6500 3653
6501 2
6502 168
6503 200
6504 44
6505 25
6506 228
6507 2297
6508 25
6509 1734
6510 3632
6511 3779
6512 25
6513 3213
6514 78
6515 1638
6516 1114
6517 25
6518 3096
6519 614
6520 923
6521 228
6522 518
6523 1036
6524 3
6525 2664
6526 228
6527 1815
6528 700
6529 9
6530 431
6531 2535
6532 16
6533 3
6534 2
6535 949
6536 1786
6537 4047
6538 923
6539 915
6540 4
6541 19
6542 272
6543 3
6544 2327
6545 5
6546 1688
6547 4
6548 12
6549 141
6550 2214
6551 3708
6552 5
6553 1036
6554 5
6555 25
6556 4149
6557 1375
6558 5
6559 3453
6560 2638
6561 2937
6562 21
6563 1978
6564 3120
6565 2
6566 278
6567 2727
6568 1397
6569 102
6570 158
6571 5
6572 1862
6573 3031
6574 2183
6575 5
6576 2392
6577 25
6578 2348
6579 536
6580 16
6581 3549
6582 213
6583 401
6584 21
6585 2
6586 623
6587 96
6588 452
6589 278
6590 5
6591 16
6592 2736
6593 2649
6594 4167
6595 4044
6596 257
6597 100
6598 3501
6599 3
6600 4185
6601 2
6602 321
6603 2149
6604 21
6605 4215
6606 189
6607 647
6608 5
6609 284
6610 901
6611 2776
6612 21
6613 380
6614 1246
6615 4
6616 6
6617 260
6618 123
6619 4225
6620 3317
6621 901
6622 67
6623 623
6624 1903
6625 1852
6626 619
6627 2946
6628 3529
6629 2102
6630 803
6631 4
6632 2992
6633 11
6634 1397
6635 486
6636 5
6637 5
6638 1838
6639 1988
6640 797
6641 5
6642 5
6643 4
6644 4039
6645 196
6646 2790
6647 86
6648 2080
6649 2258
6650 3951
6651 4107
6652 47
6653 105
6654 25
6655 2892
6656 452
6657 3747
6658 25
6659 1
6660 5
6661 96
6662 961
6663 621
6664 2769
6665 877
6666 2328
6667 1604
6668 2
6669 1182
6670 5
6671 4307
6672 1723
6673 1612
6674 2
6675 3669
6676 174
6677 1125
6678 136
6679 531
6680 5
6681 123
6682 2200
6683 44
6684 3945
6685 1653
6686 3211
6687 14
6688 102
6689 2
6690 1993
6691 345
6692 3408
6693 3
6694 1175
6695 2043
6696 14
6697 1881
6698 44
6699 827
6700 109
6701 77
6702 902
6703 2196
6704 1408
6705 1
6706 288
6707 1403
6708 3123
6709 173
6710 3329
6711 3175
6712 1206
6713 1119
6714 2451
6715 3889
6716 3
6717 14
6718 586
6719 3222
6720 25
6721 3
6722 311
6723 44
6724 2024
6725 5
6726 3888
6727 478
6728 721
6729 141
6730 11
6731 424
6732 35
6733 5
6734 96
6735 3129
6736 4202
6737 2114
6738 3
6739 141
6740 78
6741 1027
6742 141
6743 105
6744 3737
6745 2859
6746 2338
6747 257
6748 1472
6749 25
6750 5
6751 4201
6752 77
6753 48
6754 1294
6755 3
6756 25
6757 447
6758 3537
6759 25
6760 4
6761 311
6762 16
6763 1138
6764 2716
6765 2208
6766 25
6767 4
6768 2373
6769 14
6770 3842
6771 3
6772 3641
6773 3250
6774 3
6775 2891
6776 1305
6777 141
6778 3802
6779 3
6780 66
6781 3149
6782 4
6783 4233
6784 411
6785 223
6786 883
6787 5
6788 1394
6789 1908
6790 436
6791 4
6792 85
6793 77
6794 3078
6795 446
6796 11
6797 850
6798 4
6799 3
6800 4089
6801 4
6802 608
6803 2440
6804 9
6805 164
6806 25
6807 3
6808 1
6809 5
6810 3432
6811 3861
6812 4
6813 5
6814 49
6815 2716
6816 25
6817 3
6818 2699
6819 459
6820 80
6821 25
6822 1676
6823 9
6824 1286
6825 19
6826 1397
6827 5
6828 3111
6829 306
6830 2873
6831 3997
6832 4003
6833 4
6834 2527
6835 4
6836 4244
6837 3568
6838 3972
6839 2740
6840 213
6841 590
6842 2134
6843 642
6844 2667
6845 1683
6846 3907
6847 991
6848 4001
6849 5
6850 1932
6851 916
6852 25
6853 2263
6854 200
6855 3
6856 5
6857 1066
6858 575
6859 25
6860 671
6861 4057
6862 1190
6863 5
6864 3644
6865 2734
6866 943
6867 4
6868 3574
6869 4
6870 25
6871 25
6872 748
6873 715
6874 3287
6875 1302
6876 1587
6877 1063
6878 3497
6879 87
6880 3276
6881 3580
6882 1572
6883 5
6884 536
6885 3461
6886 3837
6887 1481
6888 4
6889 5
6890 1607
6891 96
6892 105
6893 3435
6894 877
6895 2536
6896 1102
6897 1475
6898 2428
6899 1824
6900 977
6901 16
6902 517
6903 129
6904 663
6905 3460
6906 4
6907 5
6908 2060
6909 87
6910 5
6911 1684
6912 3721
6913 2182
6914 1883
6915 174
6916 380
6917 14
6918 4113
6919 5
6920 3496
6921 5
6922 1812
6923 77
6924 849
6925 25
6926 242
6927 1874
6928 2533
6929 3646
6930 4226
6931 1625
6932 3
6933 3007
6934 1407
6935 123
6936 4224
6937 931
6938 3841
6939 3
6940 1977
6941 150
6942 212
6943 455
6944 3615
6945 25
6946 4134
6947 4
6948 2860
6949 834
6950 78
6951 3918
6952 2480
6953 2460
6954 14
6955 1473
6956 388
6957 772
6958 4136
6959 127
6960 2043
6961 152
6962 1092
6963 3
6964 49
6965 25
6966 3915
6967 1185
6968 641
6969 82
6970 4020
6971 257
6972 958
6973 709
6974 4046
6975 25
6976 2362
6977 4
6978 5
6979 242
6980 477
6981 5
6982 3299
6983 1988
6984 3
6985 96
6986 699
6987 1736
6988 4317
6989 25
6990 2593
6991 474
6992 25
6993 1052
6994 81
6995 123
6996 1500
6997 16
6998 3527
6999 487
7000 4
7001 3
7002 4
7003 242
7004 2137
7005 1161
7006 2
7007 807
7008 1
7009 1068
7010 1573
7011 5
7012 1103
7013 429
7014 4014
7015 4353
7016 3
7017 5
7018 3
7019 3347
7020 2757
7021 2446
7022 2970
7023 16
7024 1
7025 1197
7026 688
7027 2911
7028 2313
7029 2779
7030 741
7031 2218
7032 1589
7033 3121
7034 2502
7035 735
7036 2700
7037 567
7038 3193
7039 25
7040 5
7041 2250
7042 3766
7043 2686
7044 355
7045 1
7046 1
7047 10
7048 2377
7049 2574
7050 3969
7051 4150
7052 2
7053 680
7054 5
7055 4
7056 3028
7057 1
7058 14
7059 5
7060 1037
7061 531
7062 3
7063 1158
7064 21
7065 818
7066 16
7067 1399
7068 464
7069 5
7070 933
7071 3614
7072 3
7073 4354
7074 25
7075 2779
7076 48
7077 2896
7078 68
7079 2678
7080 242
7081 444
7082 3903
7083 4
7084 3
7085 3068
7086 4
7087 3929
7088 3
7089 347
7090 3832
7091 278
7092 3479
7093 85
7094 3
7095 87
7096 3764
7097 228
7098 2357
7099 1717
7100 3
7101 1516
7102 4
7103 3525
7104 4281
7105 361
7106 103
7107 4219
7108 3296
7109 79
7110 1003
7111 698
7112 239
7113 242
7114 4
7115 4313
7116 239
7117 3576
7118 576
7119 5
7120 744
7121 2503
7122 3689
7123 25
7124 123
7125 3295
7126 278
7127 257
7128 2786
7129 2408
7130 239
7131 1850
7132 2617
7133 4
7134 2618
7135 59
7136 228
7137 2418
7138 3447
7139 1580
7140 8
7141 309
7142 3618
7143 4
7144 257
7145 3895
7146 174
7147 3
7148 16
7149 1535
7150 2047
7151 876
7152 529
7153 4
7154 25
7155 3807
7156 585
7157 127
7158 141
7159 3516
7160 2447
7161 5
7162 1
7163 4099
7164 85
7165 458
7166 1969
7167 3989
7168 3
7169 3022
7170 732
7171 2058
7172 675
7173 257
7174 3480
7175 5
7176 1432
7177 566
7178 3531
7179 1643
7180 2168
7181 2078
7182 1272
7183 4120
7184 2
7185 228
7186 4
7187 44
7188 4293
7189 105
7190 2017
7191 14
7192 284
7193 123
7194 545
7195 2
7196 16
7197 4165
7198 2741
7199 1133
7200 105
7201 710
7202 136
7203 284
7204 25
7205 4370
7206 5
7207 78
7208 278
7209 49
7210 513
7211 1339
7212 1009
7213 25
7214 173
7215 3960
7216 492
7217 3854
7218 52
7219 3
7220 4027
7221 2837
7222 5
7223 2047
7224 1597
7225 2560
7226 105
7227 3263
7228 1068
7229 4221
7230 4329
7231 972
7232 3087
7233 21
7234 80
7235 14
7236 3886
7237 2709
7238 2679
7239 40
7240 250
7241 482
7242 448
7243 5
7244 109
7245 601
7246 14
7247 861
7248 3026
7249 343
7250 2708
7251 3594
7252 196
7253 5
7254 2002
7255 104
7256 5
7257 3
7258 21
7259 1612
7260 478
7261 1383
7262 3471
7263 38
7264 25
7265 563
7266 4303
7267 48
7268 3322
7269 4048
7270 109
7271 2615
7272 3
7273 3299
7274 1486
7275 3
7276 4083
7277 567
7278 3230
7279 3130
7280 3
7281 1646
7282 2677
7283 3756
7284 1430
7285 228
7286 2283
7287 4283
7288 1233
7289 3150
7290 2518
7291 4
7292 55
7293 2090
7294 4
7295 81
7296 3946
7297 3
7298 2388
7299 1
7300 3358
7301 3259
7302 380
7303 25
7304 25
7305 1527
7306 4
7307 217
7308 474
7309 956
7310 2172
7311 1863
7312 314
7313 3158
7314 3
7315 4312
7316 5
7317 2071
7318 3
7319 531
7320 3
7321 736
7322 6
7323 4235
7324 25
7325 96
7326 14
7327 1
7328 2821
7329 85
7330 48
7331 96
7332 248
7333 2484
7334 827
7335 4169
7336 2378
7337 78
7338 3
7339 1985
7340 1237
7341 183
7342 2570
7343 163
7344 2751
7345 1715
7346 1408
7347 422
7348 85
7349 3797
7350 5
7351 3138
7352 19
7353 3919
7354 604
7355 47
7356 96
7357 710
7358 3325
7359 1470
7360 25
7361 474
7362 2128
7363 257
7364 2978
7365 380
7366 543
7367 1780
7368 1121
7369 75
7370 102
7371 77
7372 3422
7373 88
7374 1612
7375 3510
7376 1954
7377 96
7378 96
7379 4263
7380 4053
7381 123
7382 278
7383 9
7384 321
7385 895
7386 14
7387 123
7388 3016
7389 192
7390 2052
7391 415
7392 444
7393 744
7394 123
7395 171
7396 2871
7397 321
7398 9
7399 1398
7400 25
7401 361
7402 3
7403 4227
7404 3
7405 3
7406 925
7407 279
7408 354
7409 2125
7410 1612
7411 119
7412 343
7413 10
7414 25
7415 757
7416 2461
7417 284
7418 5
7419 4199
7420 3034
7421 2945
7422 3
7423 2451
7424 14
7425 3
7426 186
7427 3
7428 25
7429 680
7430 1183
7431 518
7432 3310
7433 618
7434 3380
7435 2184
7436 398
7437 2568
7438 923
7439 5
7440 1046
7441 2648
7442 1195
7443 825
7444 1260
7445 444
7446 296
7447 3163
7448 78
7449 4
7450 471
7451 102
7452 2240
7453 2886
7454 2
7455 4
7456 326
7457 3585
7458 1697
7459 3787
7460 949
7461 3168
7462 2679
7463 1450
7464 458
7465 3390
7466 824
7467 513
7468 38
7469 4
7470 1433
7471 92
7472 3407
7473 44
7474 827
7475 3
7476 2256
7477 671
7478 535
7479 3411
7480 25
7481 77
7482 2235
7483 1898
7484 3523
7485 25
7486 3406
7487 127
7488 3880
7489 1009
7490 476
7491 1955
7492 3642
7493 120
7494 3
7495 48
7496 1586
7497 924
7498 1333
7499 3949
7500 1027
7501 3
7502 950
7503 278
7504 1920
7505 641
7506 179
7507 847
7508 2
7509 109
7510 1821
7511 2206
7512 150
7513 3
7514 25
7515 11
7516 809
7517 3098
7518 5
7519 402
7520 361
7521 1341
7522 1339
7523 4267
7524 11
7525 1222
7526 1866
7527 25
7528 150
7529 3181
7530 2193
7531 4
7532 541
7533 3519
7534 1
7535 306
7536 4
7537 1427
7538 4
7539 745
7540 5
7541 5
7542 4092
7543 2426
7544 3840
7545 1754
7546 3119
7547 444
7548 1381
7549 102
7550 138
7551 87
7552 25
7553 14
7554 99
7555 2467
7556 5
7557 2862
7558 4
7559 5
7560 5
7561 5
7562 2464
7563 24
7564 4078
7565 4
7566 21
7567 3988
7568 1781
7569 4337
7570 91
7571 4
7572 4
7573 4030
7574 14
7575 85
7576 454
7577 4232
7578 131
7579 141
7580 707
7581 16
7582 4327
7583 2793
7584 87
7585 307
7586 5
7587 4
7588 789
7589 3
7590 25
7591 942
7592 141
7593 2429
7594 3698
7595 4106
7596 257
7597 3613
7598 3335
7599 3368
7600 1930
7601 14
7602 25
7603 3890
7604 2
7605 14
7606 1020
7607 286
7608 102
7609 1951
7610 683
7611 4
7612 152
7613 1075
7614 127
7615 305
7616 3
7617 444
7618 4
7619 4213
7620 3209
7621 1310
7622 80
7623 2369
7624 1275
7625 1359
7626 188
7627 4
7628 458
7629 3582
7630 5
7631 2853
7632 2640
7633 25
7634 2216
7635 25
7636 2367
7637 1113
7638 10
7639 1301
7640 4
7641 102
7642 2022
7643 4
7644 168
7645 354
7646 3688
7647 14
7648 658
7649 2
7650 16
7651 3925
7652 3757
7653 11
7654 4
7655 206
7656 4
7657 5
7658 3552
7659 25
7660 21
7661 2262
7662 25
7663 3916
7664 3
7665 417
7666 4067
7667 5
7668 2860
7669 2749
7670 3074
7671 118
7672 1814
7673 326
7674 2924
7675 3799
7676 3930
7677 2179
7678 2722
7679 80
7680 242
7681 4103
7682 96
7683 21
7684 141
7685 311
7686 1214
7687 109
7688 792
7689 3500
7690 4357
7691 2164
7692 734
7693 257
7694 693
7695 25
7696 1428
7697 380
7698 1950
7699 723
7700 4
7701 25
7702 105
7703 1099
7704 242
7705 5
7706 542
7707 478
7708 11
7709 2630
7710 3019
7711 1934
7712 78
7713 4
7714 11
7715 16
7716 819
7717 3656
7718 2729
7719 3409
7720 173
7721 200
7722 3
7723 25
7724 3729
7725 452
7726 3123
7727 25
7728 5
7729 983
7730 4
7731 77
7732 4
7733 16
7734 168
7735 5
7736 77
7737 239
7738 192
7739 3434
7740 3739
7741 2287
7742 621
7743 703
7744 2161
7745 867
7746 1668
7747 2445
7748 199
7749 85
7750 2813
7751 100
7752 794
7753 4
7754 278
7755 4006
7756 3047
7757 3925
7758 123
7759 44
7760 25
7761 48
7762 1596
7763 38
7764 14
7765 1661
7766 2273
7767 452
7768 3355
7769 3
7770 1628
7771 5
7772 2079
7773 3324
7774 4026
7775 3128
7776 2455
7777 3238
7778 518
7779 568
7780 3535
7781 25
7782 2698
7783 21
7784 14
7785 141
7786 147
7787 1555
7788 993
7789 4127
7790 4
7791 2303
7792 3974
7793 278
7794 652
7795 791
7796 13
7797 77
7798 2309
7799 3853
7800 2
7801 518
7802 2981
7803 5
7804 4
7805 2822
7806 949
7807 2288
7808 11
7809 2734
7810 3133
7811 2397
7812 21
7813 3429
7814 4033
7815 4179
7816 4205
7817 3
7818 5
7819 2042
7820 3891
7821 96
7822 2426
7823 1592
7824 1581
7825 531
7826 164
7827 2
7828 100
7829 569
7830 85
7831 771
7832 2589
7833 4
7834 1833
7835 3027
7836 3738
7837 582
7838 4284
7839 1087
7840 2648
7841 1775
7842 4
7843 4225
7844 14
7845 87
7846 25
7847 3825
7848 278
7849 4
7850 3132
7851 2
7852 16
7853 3555
7854 4362
7855 2411
7856 110
7857 332
7858 123
7859 1366
7860 4
7861 764
7862 3
7863 102
7864 2809
7865 164
7866 2583
7867 2276
7868 1996
7869 1009
7870 288
7871 3720
7872 1
7873 25
7874 1304
7875 970
7876 4
7877 239
7878 1844
7879 3
7880 138
7881 4239
7882 16
7883 405
7884 1411
7885 1358
7886 257
7887 2141
7888 4
7889 5
7890 1730
7891 102
7892 5
7893 1669
7894 3427
7895 3
7896 192
7897 3575
7898 4
7899 2696
7900 280
7901 14
7902 361
7903 2383
7904 96
7905 6
7906 3
7907 25
7908 2003
7909 381
7910 1497
7911 284
7912 138
7913 3169
7914 25
7915 3149
7916 2722
7917 4144
7918 5
7919 851
7920 3987
7921 4277
7922 2448
7923 16
7924 5
7925 3280
7926 1488
7927 3282
7928 1
7929 16
7930 269
7931 2882
7932 1185
7933 2436
7934 4265
7935 4310
7936 96
7937 102
7938 1165
7939 1570
7940 3976
7941 4186
7942 831
7943 2205
7944 25
7945 1
7946 4
7947 3553
7948 1178
7949 1018
7950 4252
7951 4338
7952 1
7953 1294
7954 102
7955 5
7956 3469
7957 3
7958 1624
7959 536
7960 16
7961 48
7962 102
7963 2641
7964 269
7965 3
7966 3452
7967 2177
7968 105
7969 1534
7970 78
7971 3730
7972 1455
7973 4
7974 2432
7975 1181
7976 48
7977 16
7978 2987
7979 1
7980 78
7981 920
7982 275
7983 25
7984 2
7985 3595
7986 96
7987 3155
7988 812
7989 1
7990 4340
7991 3221
7992 4
7993 4
7994 993
7995 109
7996 4
7997 96
7998 4114
7999 3561
8000 3906
8001 278
8002 1972
8003 109
8004 196
8005 1961
8006 19
8007 1026
8008 3069
8009 3753
8010 4208
8011 1154
8012 5
8013 1385
8014 48
8015 1271
8016 830
8017 4291
8018 2399
8019 4028
8020 3511
8021 2998
8022 901
8023 380
8024 3768
8025 3828
8026 25
8027 2909
8028 531
8029 1907
8030 242
8031 1736
8032 168
8033 16
8034 1707
8035 4
8036 2969
8037 976
8038 21
8039 257
8040 1579
8041 1
8042 209
8043 4
8044 16
8045 2997
8046 374
8047 2203
8048 16
8049 5
8050 3245
8051 4087
8052 2196
8053 4
8054 11
8055 2368
8056 1154
8057 1
8058 102
8059 481
8060 385
8061 1966
8062 3
8063 3050
8064 306
8065 1944
8066 466
8067 2971
8068 4
8069 120
8070 607
8071 4
8072 1279
8073 11
8074 933
8075 146
8076 236
8077 2718
8078 1014
8079 2182
8080 3839
8081 5
8082 3
8083 3
8084 5
8085 168
8086 3156
8087 3
8088 2
8089 16
8090 567
8091 2333
8092 3
8093 21
8094 965
8095 5
8096 242
8097 1
8098 2697
8099 2689
8100 613
8101 5
8102 3650
8103 21
8104 1123
8105 68
8106 2131
8107 3400
8108 5
8109 2450
8110 1330
8111 3312
8112 3485
8113 1
8114 1182
8115 25
8116 2182
8117 5
8118 48
8119 993
8120 3231
8121 2166
8122 361
8123 3591
8124 2101
8125 4347
8126 2
8127 656
8128 914
8129 2
8130 3046
8131 3876
8132 21
8133 5
8134 2377
8135 3913
8136 5
8137 1788
8138 21
8139 278
8140 141
8141 4
8142 192
8143 44
8144 3145
8145 3
8146 1828
8147 5
8148 4023
8149 25
8150 3557
8151 168
8152 1784
8153 2921
8154 4
8155 2086
8156 3931
8157 3
8158 592
8159 1334
8160 2985
8161 112
8162 5
8163 3052
8164 2153
8165 2602
8166 138
8167 1940
8168 3
8169 1
8170 44
8171 361
8172 265
8173 3621
8174 1361
8175 152
8176 85
8177 1483
8178 3957
8179 3784
8180 885
8181 127
8182 3862
8183 1277
8184 5
8185 1766
8186 788
8187 2687
8188 44
8189 3349
8190 1417
8191 2
8192 458
8193 1845
8194 102
8195 77
8196 1289
8197 25
8198 4
8199 2233
8200 2914
8201 1912
8202 1782
8203 1623
8204 152
8205 11
8206 4
8207 2500
8208 4222
8209 1270
8210 174
8211 1612
8212 2944
8213 3477
8214 21
8215 2681
8216 136
8217 3431
8218 1238
8219 473
8220 742
8221 2523
8222 4365
8223 4140
8224 1854
8225 3694
8226 4
8227 4
8228 993
8229 48
8230 1359
8231 85
8232 2660
8233 306
8234 242
8235 239
8236 6
8237 5
8238 250
8239 649
8240 5
8241 2
8242 141
8243 606
8244 1232
8245 14
8246 16
8247 1898
8248 77
8249 354
8250 77
8251 231
8252 5
8253 3629
8254 25
8255 2174
8256 3693
8257 4
8258 2832
8259 55
8260 180
8261 754
8262 3228
8263 25
8264 102
8265 2
8266 3399
8267 2116
8268 2528
8269 3441
8270 239
8271 3152
8272 1
8273 2121
8274 3206
8275 693
8276 825
8277 3428
8278 141
8279 4
8280 1691
8281 271
8282 3923
8283 2505
8284 4
8285 67
8286 306
8287 609
8288 3570
8289 3266
8290 1037
8291 922
8292 196
8293 21
8294 3012
8295 3659
8296 25
8297 444
8298 1
8299 2
8300 87
8301 107
8302 173
8303 11
8304 102
8305 3311
8306 1093
8307 386
8308 1
8309 1117
8310 3
8311 77
8312 2802
8313 486
8314 1859
8315 225
8316 611
8317 3154
8318 4
8319 1491
8320 117
8321 307
8322 164
8323 2914
8324 1739
8325 125
8326 1771
8327 1748
8328 790
8329 1065
8330 21
8331 306
8332 11
8333 3
8334 1177
8335 4073
8336 1818
8337 318
8338 141
8339 628
8340 1049
8341 923
8342 228
8343 1773
8344 3425
8345 5
8346 11
8347 16
8348 717
8349 2575
8350 4
8351 3455
8352 2280
8353 136
8354 5
8355 173
8356 5
8357 1471
8358 370
8359 283
8360 48
8361 2249
8362 395
8363 709
8364 1390
8365 3848
8366 1246
8367 141
8368 1062
8369 2225
8370 880
8371 1496
8372 16
8373 4101
8374 3008
8375 267
8376 1372
8377 2481
8378 2520
8379 242
8380 4
8381 326
8382 4301
8383 257
8384 2243
8385 1399
8386 6
8387 257
8388 2118
8389 318
8390 932
8391 637
8392 458
8393 147
8394 343
8395 25
8396 3053
8397 9
8398 1313
8399 278
8400 2647
8401 21
8402 783
8403 3017
8404 5
8405 141
8406 406
8407 19
8408 4273
8409 80
8410 2038
8411 795
8412 101
8413 326
8414 260
8415 16
8416 192
8417 5
8418 2544
8419 509
8420 5
8421 4058
8422 3
8423 67
8424 4325
8425 241
8426 3
8427 1359
8428 3006
8429 5
8430 665
8431 3599
8432 127
8433 196
8434 102
8435 2198
8436 3560
8437 306
8438 395
8439 2159
8440 326
8441 948
8442 1268
8443 3346
8444 25
8445 1248
8446 288
8447 77
8448 96
8449 181
8450 3603
8451 5
8452 2993
8453 610
8454 1090
8455 3
8456 239
8457 843
8458 4292
8459 25
8460 1637
8461 3002
8462 3966
8463 271
8464 196
8465 3
8466 21
8467 3937
8468 1201
8469 1217
8470 2524
8471 3844
8472 5
8473 311
8474 105
8475 4240
8476 1688
8477 4
8478 3723
8479 3
8480 150
8481 16
8482 105
8483 2935
8484 1921
8485 4
8486 44
8487 449
8488 2021
8489 3424
8490 4
8491 173
8492 3385
8493 44
8494 88
8495 168
8496 1191
8497 3
8498 4348
8499 185
8500 85
8501 912
8502 2289
8503 16
8504 1998
8505 4349
8506 200
8507 4031
8508 4
8509 150
8510 4342
8511 3697
8512 2902
8513 289
8514 1325
8515 3968
8516 1360
8517 3122
8518 3
8519 3
8520 1621
8521 1055
8522 96
8523 3846
8524 81
8525 1622
8526 278
8527 4
8528 161
8529 2376
8530 4318
8531 141
8532 2
8533 9
8534 4203
8535 843
8536 25
8537 4196
8538 55
8539 625
8540 56
8541 6
8542 3
8543 2881
8544 102
8545 168
8546 109
8547 25
8548 4
8549 1512
8550 1159
8551 78
8552 3
8553 4
8554 5
8555 2818
8556 1480
8557 5
8558 25
8559 853
8560 4160
8561 4
8562 3050
8563 4
8564 1886
8565 2590
8566 67
8567 1225
8568 3088
8569 96
8570 2960
8571 3625
8572 4168
8573 3
8574 67
8575 478
8576 220
8577 2586
8578 109
8579 4151
8580 1559
8581 3351
8582 3942
8583 5
8584 2
8585 2951
8586 5
8587 1215
8588 4
8589 48
8590 1547
8591 444
8592 102
8593 3
8594 16
8595 16
8596 3989
8597 5
8598 25
8599 16
8600 1869
8601 3110
8602 5
8603 1867
8604 2522
8605 1823
8606 2611
8607 3
8608 4
8609 4
8610 16
8611 4
8612 3
8613 987
8614 48
8615 4236
8616 16
8617 2
8618 2888
8619 2299
8620 3009
8621 2012
8622 5
8623 3
8624 1976
8625 667
8626 25
8627 380
8628 109
8629 4363
8630 16
8631 3
8632 85
8633 933
8634 1172
8635 544
8636 1226
8637 2325
8638 720
8639 239
8640 1145
8641 70
8642 21
8643 1585
8644 3904
8645 1519
8646 2211
8647 11
8648 3
8649 3062
8650 5
8651 398
8652 3375
8653 3870
8654 44
8655 1388
8656 1929
8657 3
8658 2
8659 1332
8660 766
8661 1478
8662 3214
8663 326
8664 5
8665 3407
8666 908
8667 1040
8668 448
8669 150
8670 818
8671 2323
8672 11
8673 25
8674 257
8675 647
8676 1449
8677 2871
8678 16
8679 16
8680 1871
8681 278
8682 4
8683 653
8684 4
8685 2509
8686 5
8687 96
8688 102
8689 4
8690 1
8691 2417
8692 44
8693 141
8694 3596
8695 478
8696 105
8697 1440
8698 1
8699 5
8700 3620
8701 25
8702 334
8703 1
8704 257
8705 1832
8706 1745
8707 4290
8708 997
8709 3505
8710 2123
8711 2
8712 1963
8713 3
8714 3780
8715 3749
8716 348
8717 6
8718 25
8719 77
8720 4119
8721 1747
8722 3601
8723 1032
8724 7
8725 14
8726 16
8727 80
8728 78
8729 141
8730 85
8731 1632
8732 920
8733 3
8734 25
8735 3
8736 193
8737 1744
8738 459
8739 2824
8740 11
8741 988
8742 141
8743 247
8744 452
8745 1278
8746 3734
8747 239
8748 407
8749 2
8750 78
8751 1168
8752 2706
8753 80
8754 1720
8755 3668
8756 168
8757 624
8758 173
8759 5
8760 173
8761 443
8762 2066
8763 3071
8764 2119
8765 2561
8766 2787
8767 354
8768 1
8769 109
8770 3
8771 2920
8772 713
8773 3254
8774 2459
8775 250
8776 2843
8777 474
8778 239
8779 14
8780 5
8781 2631
8782 19
8783 290
8784 38
8785 502
8786 2492
8787 4268
8788 245
8789 1
8790 1037
8791 2239
8792 361
8793 371
8794 4110
8795 729
8796 3418
8797 3
8798 2310
8799 49
8800 239
8801 239
8802 8
8803 5
8804 2311
8805 361
8806 682
8807 1353
8808 361
8809 136
8810 1560
8811 3118
8812 242
8813 21
8814 2230
8815 3155
8816 4000
8817 526
8818 25
8819 1901
8820 3151
8821 192
8822 3473
8823 96
8824 584
8825 615
8826 239
8827 1061
8828 4
8829 959
8830 4
8831 109
8832 4328
8833 150
8834 1598
8835 213
8836 3127
8837 94
8838 53
8839 3692
8840 5
8841 3478
8842 4100
8843 964
8844 5
8845 1995
8846 4
8847 2749
8848 2131
8849 32
8850 1105
8851 2956
8852 5
8853 4
8854 3
8855 180
8856 96
8857 734
8858 4
8859 1771
8860 2121
8861 3
8862 1365
8863 382
8864 3
8865 5
8866 44
8867 2879
8868 2847
8869 710
8870 1069
8871 5
8872 616
8873 102
8874 2767
8875 14
8876 4
8877 3
8878 3481
8879 1064
8880 225
8881 667
8882 3831
8883 14
8884 3
8885 2414
8886 1468
8887 999
8888 25
8889 963
8890 1637
8891 3
8892 2
8893 2543
8894 85
8895 1218
8896 3652
8897 1415
8898 2012
8899 4163
8900 780
8901 1889
8902 2702
8903 4
8904 4
8905 150
8906 4
8907 1387
8908 3
8909 3665
8910 77
8911 124
8912 2928
8913 228
8914 1
8915 689
8916 2128
8917 2361
8918 239
8919 228
8920 44
8921 4104
8922 2662
8923 44
8924 5
8925 589
8926 3935
8927 2131
8928 4
8929 1945
8930 4
8931 4
8932 14
8933 3936
8934 5
8935 2579
8936 213
8937 1484
8938 5
8939 257
8940 5
8941 77
8942 375
8943 105
8944 1184
8945 2603
8946 571
8947 3
8948 3061
8949 323
8950 5
8951 2861
8952 4135
8953 1726
8954 5
8955 478
8956 409
8957 2680
8958 3611
8959 3713
8960 361
8961 5
8962 3
8963 3700
8964 87
8965 1620
8966 3255
8967 5
8968 5
8969 4
8970 734
8971 3578
8972 472
8973 2212
8974 25
8975 1476
8976 25
8977 4
8978 5
8979 1202
8980 2933
8981 705
8982 77
8983 225
8984 4
8985 2066
8986 2256
8987 518
8988 25
8989 2073
8990 3978
8991 3976
8992 599
8993 5
8994 1958
8995 192
8996 14
8997 4
8998 500
8999 1571
9000 25
9001 171
9002 1292
9003 3490
9004 96
9005 161
9006 6
9007 1916
9008 1983
9009 102
9010 1562
9011 5
9012 3616
9013 1
9014 744
9015 3536
9016 3
9017 2048
9018 14
9019 1640
9020 2683
9021 16
9022 763
9023 3315
9024 1685
9025 242
9026 3300
9027 1603
9028 3873
9029 4086
9030 4218
9031 1529
9032 3
9033 4300
9034 4210
9035 5
9036 1
9037 25
9038 2556
9039 2
9040 4
9041 189
9042 533
9043 1766
9044 5
9045 25
9046 2
9047 257
9048 1361
9049 1
9050 531
9051 1975
9052 4143
9053 868
9054 96
9055 286
9056 4
9057 73
9058 5
9059 47
9060 11
9061 2205
9062 2684
9063 242
9064 4
9065 2190
9066 4
9067 14
9068 1727
9069 519
9070 4
9071 4285
9072 5
9073 3522
9074 3987
9075 4
9076 813
9077 5
9078 2177
9079 870
9080 2346
9081 1231
9082 284
9083 25
9084 3
9085 88
9086 531
9087 3963
9088 380
9089 4345
9090 5
9091 102
9092 4142
9093 3327
9094 1070
9095 48
9096 1009
9097 1551
9098 660
9099 2855
9100 2380
9101 396
9102 3231
9103 3745
9104 1740
9105 1380
9106 2668
9107 3217
9108 857
9109 2834
9110 14
9111 1892
9112 1
9113 2
9114 228
9115 16
9116 4
9117 3
9118 3856
9119 3323
9120 3814
9121 1847
9122 1
9123 5
9124 16
9125 3524
9126 3633
9127 5
9128 3
9129 5
9130 13
9131 25
9132 1081
9133 4024
9134 278
9135 486
9136 4016
9137 1
9138 3515
9139 20
9140 141
9141 2252
9142 100
9143 2669
9144 1
9145 3600
9146 4
9147 213
9148 659
9149 610
9150 80
9151 5
9152 96
9153 900
9154 41
9155 4
9156 2815
9157 25
9158 4242
9159 16
9160 482
9161 242
9162 3421
9163 1725
9164 5
9165 1337
9166 1628
9167 478
9168 3170
9169 2255
9170 512
9171 3044
9172 4
9173 105
9174 4
9175 4
9176 1
9177 1164
9178 2835
9179 1311
9180 2075
9181 626
9182 122
9183 3967
9184 2348
9185 47
9186 326
9187 1399
9188 25
9189 2277
9190 1
9191 3
9192 4008
9193 1867
9194 87
9195 235
9196 2922
9197 5
9198 80
9199 1
9200 21
9201 808
9202 518
9203 4
9204 532
9205 518
9206 25
9207 2026
9208 4
9209 242
9210 3
9211 21
9212 1856
9213 14
9214 306
9215 602
9216 460
9217 141
9218 1515
9219 138
9220 1669
9221 25
9222 2178
9223 1536
9224 1982
9225 2
9226 1087
9227 48
9228 0
9229 3528
9230 1767
9231 5
9232 173
9233 1
9234 3246
9235 2029
9236 2762
9237 3573
9238 2517
9239 5
9240 1820
9241 4259
9242 2714
9243 531
9244 5
9245 228
9246 38
9247 2234
9248 3
9249 5
9250 398
9251 5
9252 239
9253 523
9254 1517
9255 2236
9256 3171
9257 3124
9258 428
9259 67
9260 3
9261 3176
9262 11
9263 25
9264 2510
9265 531
9266 11
9267 997
9268 89
9269 436
9270 2201
9271 1956
9272 3736
9273 16
9274 4
9275 4032
9276 2719
9277 25
9278 837
9279 5
9280 4069
9281 2893
9282 5
9283 284
9284 1008
9285 1282
9286 3
9287 201
9288 2278
9289 1748
9290 1438
9291 1853
9292 3
9293 25
9294 4
9295 2456
9296 77
9297 1609
9298 239
9299 3033
9300 239
9301 1359
9302 503
9303 196
9304 3
9305 3199
9306 83
9307 25
9308 358
9309 3
9310 3959
9311 1
9312 4162
9313 2145
9314 25
9315 517
9316 3868
9317 5
9318 617
9319 48
9320 102
9321 3882
9322 3562
9323 77
9324 4082
9325 3
9326 2010
9327 253
9328 4216
9329 2929
9330 77
9331 5
9332 136
9333 4
9334 127
9335 4
9336 4
9337 361
9338 141
9339 1
9340 2939
9341 558
9342 25
9343 25
9344 141
9345 612
9346 2077
9347 239
9348 250
9349 123
9350 1521
9351 196
9352 1157
9353 4
9354 5
9355 1389
9356 1888
9357 3
9358 21
9359 3819
9360 1147
9361 80
9362 4
9363 164
9364 332
9365 228
9366 3994
9367 3086
9368 3627
9369 2591
9370 3
9371 1825
9372 863
9373 5
9374 4297
9375 14
9376 14
9377 1025
9378 2055
9379 3733
9380 1757
9381 117
9382 521
9383 3280
9384 474
9385 976
9386 102
9387 4136
9388 4
9389 2374
9390 88
9391 2343
9392 942
9393 3
9394 1
9395 278
9396 1762
9397 21
9398 43
9399 3975
9400 3909
9401 14
9402 4077
9403 3711
9404 307
9405 2578
9406 176
9407 5
9408 4254
9409 1191
9410 225
9411 85
9412 2355
9413 1548
9414 96
9415 14
9416 3261
9417 3156
9418 3080
9419 85
9420 4
9421 1158
9422 3953
9423 5
9424 3702
9425 228
9426 269
9427 311
9428 1306
9429 257
9430 25
9431 1775
9432 3635
9433 25
9434 3763
9435 196
9436 2811
9437 176
9438 3673
9439 3761
9440 919
9441 356
9442 2285
9443 52
9444 1199
9445 438
9446 4
9447 2188
9448 1096
9449 284
9450 12
9451 2622
9452 1627
9453 239
9454 192
9455 2479
9456 2778
9457 961
9458 5
9459 14
9460 428
9461 5
9462 271
9463 2553
9464 105
9465 49
9466 192
9467 3938
9468 3043
9469 869
9470 2458
9471 4
9472 4
9473 269
9474 1595
9475 123
9476 47
9477 2986
9478 4264
9479 662
9480 510
9481 105
9482 475
9483 3326
9484 78
9485 4
9486 2508
9487 4072
9488 173
9489 3
9490 278
9491 1935
9492 1400
9493 173
9494 4
9495 1060
9496 1393
9497 1662
9498 3
9499 87
9500 87
9501 828
9502 150
9503 240
9504 1799
9505 2034
9506 192
9507 21
9508 655
9509 640
9510 14
9511 25
9512 109
9513 3272
9514 79
9515 1575
9516 4
9517 3546
9518 2199
9519 311
9520 15
9521 1171
9522 4
9523 78
9524 4
9525 2107
9526 44
9527 3998
9528 2538
9529 961
9530 4
9531 25
9532 11
9533 3590
9534 930
9535 87
9536 55
9537 3223
9538 1841
9539 2633
9540 3044
9541 3
9542 192
9543 47
9544 4
9545 1975
9546 2260
9547 463
9548 2940
9549 173
9550 88
9551 2130
9552 2833
9553 4367
9554 3705
9555 3
9556 38
9557 1368
9558 5
9559 5
9560 159
9561 3587
9562 257
9563 2247
9564 176
9565 257
9566 4
9567 895
9568 239
9569 3827
9570 1098
9571 253
9572 765
9573 1945
9574 196
9575 4
9576 2254
9577 942
9578 306
9579 641
9580 3166
9581 2
9582 2132
9583 3970
9584 1391
9585 102
9586 3
9587 4
9588 25
9589 2167
9590 5
9591 3339
9592 3487
9593 5
9594 2012
9595 5
9596 16
9597 4
9598 25
9599 4364
9600 2
9601 3777
9602 141
9603 1879
9604 5
9605 3
9606 3584
9607 1180
9608 3
9609 2883
9610 85
9611 306
9612 96
9613 96
9614 5
9615 4190
9616 278
9617 2515
9618 462
9619 100
9620 267
9621 856
9622 2639
9623 2486
9624 96
9625 25
9626 3843
9627 574
9628 284
9629 3
9630 504
9631 5
9632 5
9633 2873
9634 3
9635 3121
9636 647
9637 3704
9638 164
9639 1170
9640 1566
9641 4315
9642 968
9643 5
9644 16
9645 2030
9646 4
9647 4155
9648 3849
9649 5
9650 1718
9651 5
9652 253
9653 2281
9654 2168
9655 4
9656 2
9657 823
9658 513
9659 767
9660 2400
9661 3
9662 2406
9663 2001
9664 3236
9665 5
9666 4055
9667 2562
9668 14
9669 2670
9670 11
9671 127
9672 3081
9673 482
9674 3
9675 3714
9676 326
9677 16
9678 561
9679 85
9680 105
9681 4298
9682 3148
9683 318
9684 96
9685 4
9686 3316
9687 3216
9688 66
9689 5
9690 1
9691 707
9692 3
9693 3056
9694 2887
9695 2
9696 4320
9697 2113
9698 4
9699 969
9700 16
9701 4280
9702 257
9703 0
9704 3606
9705 3851
9706 5
9707 2242
9708 3631
9709 3805
9710 44
9711 21
9712 4
9713 444
9714 213
9715 3465
9716 862
9717 2980
9718 1614
9719 2936
9720 1
9721 14
9722 16
9723 1666
9724 4098
9725 78
9726 87
9727 5
9728 1652
9729 444
9730 1507
9731 3875
9732 161
9733 4
9734 14
9735 25
9736 2925
9737 1549
9738 1034
9739 1
9740 49
9741 2441
9742 3592
9743 4
9744 3581
9745 520
9746 96
9747 48
9748 1724
9749 109
9750 25
9751 1504
9752 21
9753 2672
9754 80
9755 14
9756 1
9757 4060
9758 518
9759 78
9760 2345
9761 3992
9762 123
9763 16
9764 25
9765 80
9766 239
9767 25
9768 25
9769 4324
9770 3268
9771 5
9772 2319
9773 326
9774 3887
9775 1
9776 496
9777 3307
9778 1490
9779 1764
9780 354
9781 3944
9782 2253
9783 44
9784 1772
9785 77
9786 1148
9787 321
9788 3202
9789 3820
9790 44
9791 4358
9792 3095
9793 176
9794 1441
9795 380
9796 4
9797 810
9798 1
9799 774
9800 3878
9801 44
9802 3565
9803 1812
9804 474
9805 77
9806 1403
9807 474
9808 1880
9809 4335
9810 573
9811 242
9812 239
9813 911
9814 528
9815 3503
9816 54
9817 1081
9818 1
9819 577
9820 341
9821 25
9822 2279
9823 269
9824 2062
9825 2398
9826 666
9827 3
9828 3003
9829 2412
9830 19
9831 4361
9832 459
9833 1459
9834 476
9835 3964
9836 5
9837 939
9838 25
9839 5
9840 3
9841 5
9842 3
9843 3
9844 54
9845 951
9846 19
9847 5
9848 77
9849 1759
9850 4
9851 1378
9852 398
9853 648
9854 25
9855 3173
9856 25
9857 1
9858 49
9859 1371
9860 1437
9861 3
9862 1054
9863 2064
9864 1932
9865 14
9866 2067
9867 80
9868 1729
9869 2116
9870 3800
9871 1541
9872 478
9873 138
9874 47
9875 1216
9876 727
9877 1
9878 4193
9879 5
9880 131
9881 3010
9882 332
9883 96
9884 829
9885 85
9886 509
9887 714
9888 3795
9889 168
9890 16
9891 21
9892 4096
9893 166
9894 3691
9895 22
9896 1710
9897 78
9898 3709
9899 85
9900 3
9901 93
9902 102
9903 1578
9904 21
9905 1729
9906 25
9907 315
9908 4132
9909 778
9910 228
9911 3336
9912 2409
9913 3
9914 3763
9915 821
9916 1197
9917 16
9918 866
9919 3
9920 2097
9921 163
9922 2
9923 77
9924 16
9925 80
9926 4253
9927 1807
9928 4061
9929 1
9930 5
9931 354
9932 2496
9933 285
9934 4
9935 1
9936 1974
9937 5
9938 25
9939 4308
9940 80
9941 47
9942 16
9943 278
9944 3
9945 5
9946 3449
9947 1926
9948 5
9949 14
9950 105
9951 480
9952 3244
9953 102
9954 623
9955 16
9956 444
9957 25
9958 5
9959 11
9960 4305
9961 989
9962 25
9963 4
9964 127
9965 212
9966 518
9967 25
9968 703
9969 3984
9970 2221
9971 96
9972 3836
9973 5
9974 5
9975 2142
9976 102
9977 1617
9978 623
9979 1403
9980 866
9981 1872
9982 442
9983 1474
9984 3187
9985 4
9986 2075
9987 511
9988 4
9989 2634
9990 949
9991 392
9992 4
9993 4243
9994 4316
9995 123
9996 3
9997 25
9998 1635
9999 2760
