0 1
1 0
2 1
3 0
4 1
5 0
6 1
7 0
8 0
9 1
10 1
11 0
12 0
13 1
14 0
15 0
16 0
17 1
18 1
19 0
20 0
21 0
22 0
23 1
24 0
25 0
26 0
27 1
28 1
29 1
30 0
31 0
32 1
33 1
34 1
35 0
36 0
37 0
38 0
39 1
40 1
41 0
42 0
43 1
44 1
45 0
46 1
47 0
48 0
49 0
50 1
51 0
52 0
53 1
54 0
55 0
56 0
57 0
58 1
59 1
60 0
61 0
62 0
63 0
64 0
65 0
66 0
67 0
68 0
69 0
70 0
71 0
72 1
73 1
74 0
75 1
76 1
77 1
78 0
79 0
80 0
81 1
82 0
83 1
84 0
85 1
86 1
87 0
88 0
89 1
90 0
91 1
92 1
93 1
94 0
95 1
96 1
97 0
98 0
99 1
100 1
101 0
102 1
103 1
104 0
105 0
106 1
107 0
108 0
109 0
110 0
111 0
112 0
113 1
114 1
115 0
116 1
117 0
118 1
119 0
120 1
121 1
122 1
123 0
124 1
125 0
126 0
127 1
128 0
129 0
130 1
131 0
132 1
133 1
134 0
135 1
136 0
137 0
138 0
139 1
140 0
141 0
142 0
143 0
144 1
145 1
146 0
147 1
148 1
149 1
150 0
151 1
152 0
153 0
154 0
155 0
156 0
157 1
158 1
159 0
160 1
161 0
162 1
163 1
164 0
165 1
166 1
167 1
168 0
169 0
170 0
171 1
172 0
173 1
174 0
175 1
176 0
177 0
178 0
179 1
180 0
181 1
182 0
183 0
184 1
185 0
186 0
187 0
188 1
189 0
190 0
191 0
192 0
193 0
194 1
195 1
196 1
197 0
198 0
199 0
200 0
201 1
202 0
203 1
204 1
205 0
206 1
207 0
208 1
209 1
210 1
211 1
212 0
213 1
214 1
215 0
216 0
217 1
218 0
219 1
220 0
221 0
222 1
223 1
224 0
225 0
226 0
227 0
228 0
229 0
230 0
231 0
232 1
233 0
234 0
235 0
236 0
237 0
238 1
239 0
240 0
241 1
242 0
243 1
244 1
245 0
246 1
247 1
248 0
249 0
250 0
251 0
252 0
253 1
254 0
255 1
256 1
257 1
258 0
259 0
260 0
261 0
262 0
263 0
264 1
265 0
266 1
267 1
268 0
269 0
270 1
271 0
272 1
273 1
274 1
275 0
276 0
277 1
278 0
279 1
280 0
281 1
282 0
283 0
284 0
285 0
286 0
287 1
288 1
289 1
290 0
291 0
292 0
293 1
294 0
295 0
296 0
297 0
298 0
299 1
300 1
301 0
302 1
303 1
304 0
305 1
306 0
307 1
308 0
309 0
310 1
311 0
312 0
313 0
314 1
315 0
316 0
317 0
318 0
319 1
320 1
321 0
322 1
323 1
324 0
325 0
326 0
327 0
328 1
329 1
330 1
331 0
332 1
333 0
334 0
335 1
336 0
337 0
338 0
339 1
340 0
341 1
342 1
343 0
344 1
345 1
346 1
347 1
348 0
349 0
350 1
351 1
352 1
353 0
354 1
355 1
356 0
357 0
358 1
359 0
360 0
361 0
362 1
363 1
364 1
365 0
366 1
367 0
368 1
369 1
370 1
371 0
372 0
373 1
374 1
375 0
376 1
377 0
378 1
379 0
380 0
381 1
382 1
383 0
384 0
385 1
386 0
387 1
388 0
389 1
390 1
391 1
392 0
393 0
394 0
395 1
396 1
397 1
398 1
399 1
400 1
401 0
402 1
403 0
404 0
405 1
406 1
407 1
408 0
409 0
410 0
411 1
412 1
413 1
414 1
415 0
416 1
417 0
418 1
419 0
420 0
421 0
422 1
423 1
424 0
425 1
426 0
427 1
428 1
429 0
430 0
431 1
432 1
433 0
434 0
435 0
436 0
437 1
438 0
439 1
440 1
441 0
442 1
443 1
444 1
445 1
446 0
447 0
448 0
449 0
450 1
451 0
452 0
453 0
454 1
455 1
456 1
457 0
458 0
459 1
460 0
461 1
462 1
463 0
464 0
465 0
466 0
467 1
468 0
469 1
470 0
471 0
472 1
473 0
474 1
475 1
476 0
477 0
478 0
479 0
480 0
481 0
482 1
483 1
484 0
485 0
486 0
487 1
488 0
489 0
490 0
491 0
492 1
493 0
494 1
495 0
496 0
497 1
498 0
499 0
500 1
501 0
502 0
503 0
504 0
505 1
506 1
507 1
508 1
509 1
510 0
511 1
512 0
513 1
514 1
515 0
516 0
517 0
518 0
519 0
520 1
521 1
522 1
523 0
524 1
525 0
526 1
527 0
528 0
529 0
530 0
531 1
532 1
533 1
534 1
535 0
536 1
537 0
538 1
539 0
540 0
541 0
542 1
543 0
544 0
545 0
546 1
547 0
548 1
549 1
550 0
551 1
552 0
553 1
554 0
555 1
556 0
557 0
558 0
559 0
560 0
561 1
562 1
563 0
564 0
565 1
566 1
567 0
568 1
569 1
570 0
571 0
572 0
573 0
574 0
575 0
576 0
577 0
578 0
579 0
580 1
581 0
582 0
583 0
584 1
585 1
586 0
587 0
588 0
589 0
590 0
591 0
592 1
593 1
594 1
595 1
596 1
597 0
598 0
599 0
600 1
601 0
602 0
603 1
604 1
605 0
606 1
607 0
608 1
609 0
610 0
611 1
612 1
613 0
614 1
615 1
616 1
617 1
618 0
619 0
620 0
621 1
622 0
623 0
624 0
625 0
626 0
627 0
628 0
629 1
630 0
631 1
632 0
633 1
634 1
635 0
636 0
637 1
638 1
639 1
640 1
641 1
642 0
643 0
644 1
645 0
646 1
647 1
648 1
649 1
650 0
651 1
652 0
653 0
654 1
655 0
656 0
657 0
658 0
659 0
660 0
661 0
662 1
663 0
664 1
665 0
666 1
667 1
668 1
669 0
670 0
671 0
672 0
673 0
674 1
675 1
676 1
677 1
678 1
679 0
680 0
681 0
682 0
683 0
684 1
685 1
686 1
687 1
688 0
689 1
690 1
691 0
692 1
693 0
694 0
695 0
696 1
697 1
698 1
699 1
700 1
701 0
702 0
703 0
704 1
705 1
706 1
707 1
708 1
709 0
710 1
711 1
712 0
713 1
714 0
715 1
716 0
717 0
718 0
719 1
720 0
721 1
722 1
723 0
724 0
725 1
726 0
727 0
728 0
729 1
730 0
731 0
732 0
733 0
734 0
735 0
736 1
737 1
738 1
739 0
740 0
741 1
742 0
743 1
744 0
745 1
746 1
747 1
748 0
749 0
750 1
751 1
752 0
753 0
754 0
755 1
756 1
757 0
758 0
759 0
760 1
761 0
762 0
763 0
764 0
765 0
766 0
767 0
768 0
769 0
770 0
771 1
772 1
773 0
774 1
775 0
776 0
777 0
778 1
779 0
780 0
781 0
782 0
783 1
784 1
785 0
786 1
787 0
788 1
789 1
790 1
791 1
792 1
793 1
794 0
795 1
796 0
797 0
798 0
799 0
800 1
801 1
802 1
803 0
804 1
805 0
806 0
807 0
808 0
809 0
810 0
811 1
812 1
813 0
814 0
815 1
816 0
817 0
818 0
819 1
820 0
821 0
822 1
823 0
824 1
825 0
826 1
827 1
828 1
829 1
830 1
831 0
832 0
833 1
834 1
835 1
836 0
837 1
838 1
839 1
840 1
841 1
842 0
843 1
844 0
845 1
846 1
847 1
848 1
849 1
850 1
851 1
852 0
853 0
854 0
855 0
856 0
857 0
858 1
859 0
860 0
861 1
862 0
863 1
864 1
865 0
866 0
867 1
868 0
869 0
870 1
871 1
872 0
873 0
874 1
875 1
876 0
877 1
878 0
879 1
880 0
881 1
882 0
883 0
884 1
885 0
886 0
887 1
888 0
889 0
890 0
891 0
892 1
893 0
894 1
895 1
896 0
897 1
898 1
899 1
900 0
901 0
902 1
903 1
904 0
905 1
906 1
907 0
908 0
909 0
910 1
911 0
912 0
913 1
914 1
915 1
916 0
917 0
918 1
919 1
920 0
921 1
922 0
923 1
924 1
925 0
926 0
927 0
928 1
929 1
930 0
931 0
932 1
933 1
934 1
935 1
936 0
937 0
938 1
939 1
940 1
941 0
942 0
943 1
944 0
945 1
946 0
947 0
948 0
949 0
950 0
951 0
952 0
953 0
954 1
955 0
956 1
957 1
958 0
959 1
960 1
961 0
962 1
963 0
964 1
965 0
966 0
967 0
968 1
969 0
970 0
971 1
972 0
973 0
974 1
975 1
976 0
977 0
978 1
979 0
980 1
981 1
982 0
983 1
984 1
985 1
986 1
987 1
988 0
989 1
990 1
991 0
992 0
993 0
994 1
995 0
996 0
997 0
998 0
999 0
1000 24
1001 24
1002 24
1003 24
1004 24
1005 24
1006 24
1007 24
1008 24
1009 24
1010 24
1011 24
1012 24
1013 24
1014 24
1015 24
1016 24
1017 24
1018 24
1019 24
1020 24
1021 24
1022 24
1023 24
1024 24
1025 24
1026 24
1027 24
1028 24
1029 24
1030 2
1031 2
1032 2
1033 2
1034 2
1035 2
1036 2
1037 2
1038 2
1039 2
1040 2
1041 2
1042 2
1043 2
1044 2
1045 2
1046 2
1047 2
1048 2
1049 2
1050 2
1051 2
1052 2
1053 2
1054 2
1055 2
1056 2
1057 2
1058 2
1059 2
1060 2
1061 2
1062 2
1063 2
1064 2
1065 2
1066 2
1067 2
1068 2
1069 2
1070 2
1071 2
1072 2
1073 2
1074 2
1075 2
1076 2
1077 2
1078 2
1079 2
1080 3
1081 3
1082 3
1083 3
1084 3
1085 3
1086 3
1087 3
1088 3
1089 3
1090 3
1091 3
1092 3
1093 3
1094 3
1095 3
1096 3
1097 3
1098 3
1099 3
1100 3
1101 3
1102 3
1103 3
1104 3
1105 3
1106 3
1107 3
1108 3
1109 3
1110 3
1111 3
1112 3
1113 3
1114 3
1115 3
1116 3
1117 3
1118 3
1119 3
1120 3
1121 3
1122 3
1123 3
1124 3
1125 3
1126 3
1127 3
1128 3
1129 3
1130 10
1131 10
1132 10
1133 10
1134 10
1135 10
1136 10
1137 10
1138 10
1139 10
1140 10
1141 10
1142 10
1143 10
1144 10
1145 10
1146 10
1147 10
1148 10
1149 10
1150 10
1151 10
1152 10
1153 10
1154 10
1155 10
1156 10
1157 10
1158 10
1159 10
1160 10
1161 10
1162 10
1163 10
1164 10
1165 10
1166 10
1167 10
1168 10
1169 10
1170 25
1171 25
1172 25
1173 25
1174 25
1175 25
1176 25
1177 25
1178 25
1179 25
1180 25
1181 25
1182 25
1183 25
1184 25
1185 25
1186 25
1187 25
1188 25
1189 25
1190 25
1191 25
1192 25
1193 25
1194 25
1195 25
1196 25
1197 25
1198 25
1199 25
1200 11
1201 11
1202 11
1203 11
1204 11
1205 11
1206 11
1207 11
1208 11
1209 11
1210 11
1211 11
1212 11
1213 11
1214 11
1215 11
1216 11
1217 11
1218 11
1219 11
1220 11
1221 11
1222 11
1223 11
1224 11
1225 11
1226 11
1227 11
1228 11
1229 11
1230 11
1231 11
1232 11
1233 11
1234 11
1235 11
1236 11
1237 11
1238 11
1239 11
1240 6
1241 6
1242 6
1243 6
1244 6
1245 6
1246 6
1247 6
1248 6
1249 6
1250 6
1251 6
1252 6
1253 6
1254 6
1255 6
1256 6
1257 6
1258 6
1259 6
1260 6
1261 6
1262 6
1263 6
1264 6
1265 6
1266 6
1267 6
1268 6
1269 6
1270 6
1271 6
1272 6
1273 6
1274 6
1275 6
1276 6
1277 6
1278 6
1279 6
1280 12
1281 12
1282 12
1283 12
1284 12
1285 12
1286 12
1287 12
1288 12
1289 12
1290 12
1291 12
1292 12
1293 12
1294 12
1295 12
1296 12
1297 12
1298 12
1299 12
1300 12
1301 12
1302 12
1303 12
1304 12
1305 12
1306 12
1307 12
1308 12
1309 12
1310 12
1311 12
1312 12
1313 12
1314 12
1315 12
1316 12
1317 12
1318 12
1319 12
1320 13
1321 13
1322 13
1323 13
1324 13
1325 13
1326 13
1327 13
1328 13
1329 13
1330 13
1331 13
1332 13
1333 13
1334 13
1335 13
1336 13
1337 13
1338 13
1339 13
1340 13
1341 13
1342 13
1343 13
1344 13
1345 13
1346 13
1347 13
1348 13
1349 13
1350 13
1351 13
1352 13
1353 13
1354 13
1355 13
1356 13
1357 13
1358 13
1359 13
1360 26
1361 26
1362 26
1363 26
1364 26
1365 26
1366 26
1367 26
1368 26
1369 26
1370 26
1371 26
1372 26
1373 26
1374 26
1375 26
1376 26
1377 26
1378 26
1379 26
1380 26
1381 26
1382 26
1383 26
1384 26
1385 26
1386 26
1387 26
1388 26
1389 26
1390 5
1391 5
1392 5
1393 5
1394 5
1395 5
1396 5
1397 5
1398 5
1399 5
1400 5
1401 5
1402 5
1403 5
1404 5
1405 5
1406 5
1407 5
1408 5
1409 5
1410 5
1411 5
1412 5
1413 5
1414 5
1415 5
1416 5
1417 5
1418 5
1419 5
1420 5
1421 5
1422 5
1423 5
1424 5
1425 5
1426 5
1427 5
1428 5
1429 5
1430 14
1431 14
1432 14
1433 14
1434 14
1435 14
1436 14
1437 14
1438 14
1439 14
1440 14
1441 14
1442 14
1443 14
1444 14
1445 14
1446 14
1447 14
1448 14
1449 14
1450 14
1451 14
1452 14
1453 14
1454 14
1455 14
1456 14
1457 14
1458 14
1459 14
1460 14
1461 14
1462 14
1463 14
1464 14
1465 14
1466 14
1467 14
1468 14
1469 14
1470 15
1471 15
1472 15
1473 15
1474 15
1475 15
1476 15
1477 15
1478 15
1479 15
1480 15
1481 15
1482 15
1483 15
1484 15
1485 15
1486 15
1487 15
1488 15
1489 15
1490 15
1491 15
1492 15
1493 15
1494 15
1495 15
1496 15
1497 15
1498 15
1499 15
1500 15
1501 15
1502 15
1503 15
1504 15
1505 15
1506 15
1507 15
1508 15
1509 15
1510 16
1511 16
1512 16
1513 16
1514 16
1515 16
1516 16
1517 16
1518 16
1519 16
1520 16
1521 16
1522 16
1523 16
1524 16
1525 16
1526 16
1527 16
1528 16
1529 16
1530 16
1531 16
1532 16
1533 16
1534 16
1535 16
1536 16
1537 16
1538 16
1539 16
1540 16
1541 16
1542 16
1543 16
1544 16
1545 16
1546 16
1547 16
1548 16
1549 16
1550 7
1551 7
1552 7
1553 7
1554 7
1555 7
1556 7
1557 7
1558 7
1559 7
1560 7
1561 7
1562 7
1563 7
1564 7
1565 7
1566 7
1567 7
1568 7
1569 7
1570 7
1571 7
1572 7
1573 7
1574 7
1575 7
1576 7
1577 7
1578 7
1579 7
1580 7
1581 7
1582 7
1583 7
1584 7
1585 7
1586 7
1587 7
1588 7
1589 7
1590 21
1591 21
1592 21
1593 21
1594 21
1595 21
1596 21
1597 21
1598 21
1599 21
1600 21
1601 21
1602 21
1603 21
1604 21
1605 21
1606 21
1607 21
1608 21
1609 21
1610 21
1611 21
1612 21
1613 21
1614 21
1615 21
1616 21
1617 21
1618 21
1619 21
1620 21
1621 21
1622 21
1623 21
1624 21
1625 21
1626 21
1627 21
1628 21
1629 21
1630 22
1631 22
1632 22
1633 22
1634 22
1635 22
1636 22
1637 22
1638 22
1639 22
1640 22
1641 22
1642 22
1643 22
1644 22
1645 22
1646 22
1647 22
1648 22
1649 22
1650 22
1651 22
1652 22
1653 22
1654 22
1655 22
1656 22
1657 22
1658 22
1659 22
1660 22
1661 22
1662 22
1663 22
1664 22
1665 22
1666 22
1667 22
1668 22
1669 22
1670 8
1671 8
1672 8
1673 8
1674 8
1675 8
1676 8
1677 8
1678 8
1679 8
1680 8
1681 8
1682 8
1683 8
1684 8
1685 8
1686 8
1687 8
1688 8
1689 8
1690 8
1691 8
1692 8
1693 8
1694 8
1695 8
1696 8
1697 8
1698 8
1699 8
1700 8
1701 8
1702 8
1703 8
1704 8
1705 8
1706 8
1707 8
1708 8
1709 8
1710 17
1711 17
1712 17
1713 17
1714 17
1715 17
1716 17
1717 17
1718 17
1719 17
1720 17
1721 17
1722 17
1723 17
1724 17
1725 17
1726 17
1727 17
1728 17
1729 17
1730 17
1731 17
1732 17
1733 17
1734 17
1735 17
1736 17
1737 17
1738 17
1739 17
1740 17
1741 17
1742 17
1743 17
1744 17
1745 17
1746 17
1747 17
1748 17
1749 17
1750 4
1751 4
1752 4
1753 4
1754 4
1755 4
1756 4
1757 4
1758 4
1759 4
1760 4
1761 4
1762 4
1763 4
1764 4
1765 4
1766 4
1767 4
1768 4
1769 4
1770 4
1771 4
1772 4
1773 4
1774 4
1775 4
1776 4
1777 4
1778 4
1779 4
1780 4
1781 4
1782 4
1783 4
1784 4
1785 4
1786 4
1787 4
1788 4
1789 4
1790 4
1791 4
1792 4
1793 4
1794 4
1795 4
1796 4
1797 4
1798 4
1799 4
1800 18
1801 18
1802 18
1803 18
1804 18
1805 18
1806 18
1807 18
1808 18
1809 18
1810 18
1811 18
1812 18
1813 18
1814 18
1815 18
1816 18
1817 18
1818 18
1819 18
1820 18
1821 18
1822 18
1823 18
1824 18
1825 18
1826 18
1827 18
1828 18
1829 18
1830 18
1831 18
1832 18
1833 18
1834 18
1835 18
1836 18
1837 18
1838 18
1839 18
1840 19
1841 19
1842 19
1843 19
1844 19
1845 19
1846 19
1847 19
1848 19
1849 19
1850 19
1851 19
1852 19
1853 19
1854 19
1855 19
1856 19
1857 19
1858 19
1859 19
1860 19
1861 19
1862 19
1863 19
1864 19
1865 19
1866 19
1867 19
1868 19
1869 19
1870 19
1871 19
1872 19
1873 19
1874 19
1875 19
1876 19
1877 19
1878 19
1879 19
1880 20
1881 20
1882 20
1883 20
1884 20
1885 20
1886 20
1887 20
1888 20
1889 20
1890 20
1891 20
1892 20
1893 20
1894 20
1895 20
1896 20
1897 20
1898 20
1899 20
1900 20
1901 20
1902 20
1903 20
1904 20
1905 20
1906 20
1907 20
1908 20
1909 20
1910 20
1911 20
1912 20
1913 20
1914 20
1915 20
1916 20
1917 20
1918 20
1919 20
1920 9
1921 9
1922 9
1923 9
1924 9
1925 9
1926 9
1927 9
1928 9
1929 9
1930 9
1931 9
1932 9
1933 9
1934 9
1935 9
1936 9
1937 9
1938 9
1939 9
1940 9
1941 9
1942 9
1943 9
1944 9
1945 9
1946 9
1947 9
1948 9
1949 9
1950 9
1951 9
1952 9
1953 9
1954 9
1955 9
1956 9
1957 9
1958 9
1959 9
1960 23
1961 23
1962 23
1963 23
1964 23
1965 23
1966 23
1967 23
1968 23
1969 23
1970 23
1971 23
1972 23
1973 23
1974 23
1975 23
1976 23
1977 23
1978 23
1979 23
1980 23
1981 23
1982 23
1983 23
1984 23
1985 23
1986 23
1987 23
1988 23
1989 23
1990 23
1991 23
1992 23
1993 23
1994 23
1995 23
1996 23
1997 23
1998 23
1999 23
