0 142
1 143
2 144
3 145
4 146
5 147
6 148
7 149
8 150
9 151
10 152
11 153
12 154
13 155
14 156
15 157
16 158
17 159
18 160
19 161
20 162
21 163
22 164
23 165
24 166
25 167
26 168
27 169
28 170
29 171
30 172
31 173
32 174
33 175
34 176
35 112
36 177
37 178
38 179
39 180
40 181
41 182
42 183
43 184
44 185
45 186
46 187
47 188
48 189
49 190
50 191
51 192
52 193
53 194
54 195
55 196
56 197
57 198
58 199
59 96
60 200
61 201
62 202
63 203
64 204
65 205
66 206
67 207
68 208
69 209
70 210
71 138
72 211
73 212
74 213
75 214
76 215
77 216
78 217
79 218
80 219
81 220
82 221
83 222
84 223
85 224
86 225
87 226
88 227
89 228
90 229
91 230
92 231
93 232
94 233
95 234
96 235
97 236
98 237
99 238
100 135
101 104
102 239
103 240
104 241
105 242
106 243
107 244
108 97
109 245
110 246
111 98
112 99
113 247
114 248
115 249
116 250
117 251
118 252
119 253
120 254
121 255
122 256
123 257
124 258
125 100
126 259
127 260
128 261
129 262
130 263
131 264
132 265
133 266
134 267
135 268
136 269
137 270
138 271
139 272
140 273
141 274
142 275
143 276
144 277
145 278
146 279
147 280
148 281
149 282
150 283
151 284
152 285
153 286
154 287
155 288
156 289
157 290
158 291
159 292
160 293
161 294
162 295
163 296
164 297
165 109
166 298
167 299
168 300
169 301
170 302
171 303
172 304
173 305
174 306
175 307
176 308
177 309
178 310
179 311
180 312
181 313
182 101
183 314
184 120
185 315
186 316
187 317
188 111
189 318
190 319
191 320
192 321
193 322
194 323
195 324
196 325
197 326
198 327
199 328
200 105
201 329
202 330
203 331
204 332
205 333
206 334
207 335
208 336
209 337
210 338
211 339
212 340
213 341
214 342
215 343
216 344
217 345
218 346
219 347
220 348
221 349
222 350
223 351
224 352
225 353
226 354
227 355
228 356
229 357
230 141
231 358
232 359
233 360
234 361
235 362
236 363
237 364
238 365
239 366
240 367
241 368
242 369
243 370
244 371
245 372
246 373
247 374
248 375
249 376
250 377
251 378
252 379
253 380
254 140
255 102
256 381
257 382
258 383
259 384
260 385
261 386
262 387
263 388
264 389
265 390
266 391
267 392
268 103
269 393
270 104
271 105
272 394
273 395
274 396
275 397
276 398
277 399
278 400
279 401
280 402
281 403
282 404
283 405
284 406
285 407
286 106
287 408
288 409
289 410
290 411
291 412
292 413
293 414
294 107
295 415
296 416
297 417
298 418
299 419
300 420
301 421
302 422
303 423
304 424
305 425
306 426
307 427
308 428
309 429
310 430
311 431
312 432
313 433
314 434
315 435
316 436
317 437
318 438
319 439
320 440
321 441
322 442
323 443
324 444
325 445
326 446
327 447
328 448
329 449
330 450
331 451
332 452
333 453
334 108
335 454
336 455
337 456
338 457
339 458
340 459
341 460
342 461
343 462
344 463
345 464
346 465
347 466
348 467
349 468
350 469
351 470
352 103
353 471
354 472
355 130
356 473
357 474
358 475
359 476
360 477
361 478
362 479
363 480
364 481
365 482
366 483
367 484
368 485
369 131
370 486
371 487
372 488
373 489
374 490
375 491
376 492
377 493
378 494
379 495
380 496
381 497
382 498
383 499
384 500
385 501
386 502
387 503
388 504
389 505
390 115
391 506
392 507
393 508
394 509
395 510
396 511
397 512
398 513
399 514
400 515
401 516
402 517
403 518
404 519
405 520
406 521
407 522
408 523
409 524
410 525
411 526
412 527
413 528
414 529
415 530
416 531
417 100
418 532
419 533
420 534
421 535
422 109
423 536
424 537
425 538
426 110
427 539
428 540
429 541
430 542
431 543
432 544
433 545
434 546
435 547
436 548
437 549
438 550
439 551
440 121
441 552
442 111
443 124
444 553
445 554
446 555
447 556
448 557
449 558
450 559
451 560
452 561
453 562
454 563
455 564
456 565
457 566
458 567
459 568
460 569
461 570
462 571
463 572
464 573
465 574
466 575
467 133
468 576
469 577
470 578
471 579
472 580
473 581
474 582
475 116
476 583
477 584
478 112
479 585
480 586
481 587
482 113
483 588
484 589
485 590
486 591
487 592
488 593
489 594
490 595
491 596
492 597
493 127
494 598
495 599
496 114
497 115
498 600
499 601
500 602
501 603
502 604
503 605
504 116
505 606
506 607
507 608
508 609
509 610
510 611
511 137
512 612
513 613
514 614
515 615
516 616
517 617
518 618
519 619
520 620
521 621
522 622
523 623
524 624
525 625
526 626
527 627
528 628
529 629
530 630
531 631
532 632
533 633
534 117
535 634
536 635
537 636
538 637
539 638
540 639
541 640
542 641
543 642
544 643
545 119
546 644
547 645
548 646
549 647
550 648
551 649
552 650
553 651
554 652
555 653
556 654
557 655
558 656
559 657
560 102
561 658
562 659
563 660
564 661
565 662
566 663
567 664
568 665
569 666
570 667
571 668
572 669
573 670
574 671
575 672
576 673
577 674
578 675
579 676
580 677
581 678
582 679
583 680
584 681
585 123
586 99
587 682
588 683
589 684
590 685
591 686
592 687
593 688
594 689
595 690
596 118
597 691
598 106
599 692
600 693
601 694
602 695
603 696
604 697
605 698
606 699
607 700
608 701
609 702
610 703
611 704
612 705
613 706
614 119
615 707
616 708
617 709
618 710
619 711
620 712
621 713
622 120
623 714
624 715
625 716
626 717
627 121
628 718
629 719
630 122
631 136
632 720
633 721
634 722
635 723
636 724
637 725
638 726
639 107
640 727
641 728
642 729
643 730
644 731
645 732
646 733
647 734
648 735
649 736
650 737
651 108
652 738
653 739
654 740
655 741
656 122
657 742
658 743
659 744
660 745
661 746
662 747
663 748
664 126
665 749
666 750
667 97
668 751
669 752
670 753
671 754
672 755
673 756
674 757
675 758
676 759
677 760
678 761
679 118
680 762
681 763
682 764
683 123
684 765
685 114
686 766
687 767
688 768
689 769
690 770
691 124
692 771
693 772
694 773
695 774
696 775
697 776
698 101
699 777
700 778
701 779
702 780
703 781
704 782
705 783
706 134
707 784
708 785
709 786
710 787
711 788
712 789
713 790
714 125
715 791
716 792
717 793
718 794
719 795
720 796
721 797
722 798
723 799
724 800
725 801
726 802
727 803
728 804
729 805
730 806
731 807
732 808
733 809
734 126
735 810
736 811
737 812
738 813
739 814
740 815
741 816
742 817
743 818
744 819
745 820
746 821
747 822
748 823
749 127
750 824
751 825
752 826
753 827
754 828
755 829
756 830
757 831
758 832
759 833
760 834
761 835
762 836
763 837
764 128
765 838
766 839
767 840
768 841
769 842
770 129
771 843
772 844
773 845
774 846
775 847
776 848
777 129
778 849
779 850
780 851
781 852
782 110
783 853
784 854
785 855
786 856
787 857
788 858
789 859
790 860
791 861
792 862
793 863
794 864
795 865
796 866
797 867
798 868
799 869
800 870
801 871
802 872
803 873
804 874
805 875
806 876
807 877
808 878
809 879
810 880
811 881
812 882
813 883
814 884
815 130
816 885
817 886
818 887
819 888
820 889
821 890
822 891
823 892
824 893
825 894
826 895
827 896
828 897
829 898
830 899
831 900
832 901
833 902
834 903
835 117
836 904
837 905
838 906
839 907
840 908
841 909
842 910
843 911
844 912
845 913
846 914
847 915
848 916
849 917
850 918
851 919
852 131
853 920
854 921
855 922
856 923
857 113
858 924
859 925
860 926
861 132
862 927
863 928
864 929
865 930
866 931
867 932
868 933
869 934
870 935
871 936
872 937
873 938
874 939
875 940
876 139
877 941
878 942
879 943
880 944
881 945
882 946
883 947
884 133
885 948
886 949
887 950
888 951
889 952
890 953
891 954
892 96
893 955
894 134
895 956
896 957
897 958
898 132
899 959
900 960
901 961
902 98
903 962
904 963
905 964
906 965
907 966
908 967
909 968
910 969
911 970
912 971
913 972
914 973
915 974
916 975
917 976
918 977
919 978
920 979
921 980
922 135
923 981
924 982
925 983
926 984
927 985
928 136
929 986
930 987
931 988
932 989
933 990
934 991
935 992
936 993
937 137
938 994
939 995
940 996
941 997
942 138
943 998
944 999
945 1000
946 1001
947 1002
948 1003
949 1004
950 1005
951 128
952 1006
953 1007
954 1008
955 1009
956 1010
957 1011
958 1012
959 1013
960 1014
961 1015
962 1016
963 1017
964 1018
965 1019
966 1020
967 1021
968 1022
969 1023
970 139
971 1024
972 1025
973 1026
974 1027
975 1028
976 1029
977 1030
978 1031
979 1032
980 140
981 1033
982 1034
983 1035
984 1036
985 1037
986 1038
987 1039
988 1040
989 1041
990 1042
991 1043
992 1044
993 1045
994 1046
995 1047
996 125
997 1048
998 141
999 1049
1000 4
1001 4
1002 4
1003 4
1004 4
1005 4
1006 4
1007 4
1008 4
1009 4
1010 5
1011 5
1012 5
1013 5
1014 5
1015 5
1016 5
1017 5
1018 5
1019 5
1020 6
1021 6
1022 6
1023 6
1024 6
1025 6
1026 6
1027 6
1028 6
1029 6
1030 7
1031 7
1032 7
1033 7
1034 7
1035 7
1036 7
1037 7
1038 7
1039 7
1040 8
1041 8
1042 8
1043 8
1044 8
1045 8
1046 8
1047 8
1048 8
1049 8
1050 9
1051 9
1052 9
1053 9
1054 9
1055 9
1056 9
1057 9
1058 9
1059 9
1060 10
1061 10
1062 10
1063 10
1064 10
1065 10
1066 10
1067 10
1068 10
1069 10
1070 11
1071 11
1072 11
1073 11
1074 11
1075 11
1076 11
1077 11
1078 11
1079 11
1080 12
1081 12
1082 12
1083 12
1084 12
1085 12
1086 12
1087 12
1088 12
1089 12
1090 13
1091 13
1092 13
1093 13
1094 13
1095 13
1096 13
1097 13
1098 13
1099 13
1100 14
1101 14
1102 14
1103 14
1104 14
1105 14
1106 14
1107 14
1108 14
1109 14
1110 15
1111 15
1112 15
1113 15
1114 15
1115 15
1116 15
1117 15
1118 15
1119 15
1120 16
1121 16
1122 16
1123 16
1124 16
1125 16
1126 16
1127 16
1128 16
1129 16
1130 17
1131 17
1132 17
1133 17
1134 17
1135 17
1136 17
1137 17
1138 17
1139 17
1140 18
1141 18
1142 18
1143 18
1144 18
1145 18
1146 18
1147 18
1148 18
1149 18
1150 19
1151 19
1152 19
1153 19
1154 19
1155 19
1156 19
1157 19
1158 19
1159 19
1160 20
1161 20
1162 20
1163 20
1164 20
1165 20
1166 20
1167 20
1168 20
1169 20
1170 21
1171 21
1172 21
1173 21
1174 21
1175 21
1176 21
1177 21
1178 21
1179 21
1180 22
1181 22
1182 22
1183 22
1184 22
1185 22
1186 22
1187 22
1188 22
1189 22
1190 23
1191 23
1192 23
1193 23
1194 23
1195 23
1196 23
1197 23
1198 23
1199 23
1200 0
1201 0
1202 0
1203 0
1204 0
1205 0
1206 0
1207 0
1208 0
1209 0
1210 0
1211 0
1212 0
1213 0
1214 0
1215 0
1216 0
1217 0
1218 0
1219 0
1220 24
1221 24
1222 24
1223 24
1224 24
1225 24
1226 24
1227 24
1228 24
1229 24
1230 25
1231 25
1232 25
1233 25
1234 25
1235 25
1236 25
1237 25
1238 25
1239 25
1240 26
1241 26
1242 26
1243 26
1244 26
1245 26
1246 26
1247 26
1248 26
1249 26
1250 27
1251 27
1252 27
1253 27
1254 27
1255 27
1256 27
1257 27
1258 27
1259 27
1260 28
1261 28
1262 28
1263 28
1264 28
1265 28
1266 28
1267 28
1268 28
1269 28
1270 1
1271 1
1272 1
1273 1
1274 1
1275 1
1276 1
1277 1
1278 1
1279 1
1280 1
1281 1
1282 1
1283 1
1284 1
1285 1
1286 1
1287 1
1288 1
1289 1
1290 29
1291 29
1292 29
1293 29
1294 29
1295 29
1296 29
1297 29
1298 29
1299 29
1300 30
1301 30
1302 30
1303 30
1304 30
1305 30
1306 30
1307 30
1308 30
1309 30
1310 31
1311 31
1312 31
1313 31
1314 31
1315 31
1316 31
1317 31
1318 31
1319 31
1320 2
1321 2
1322 2
1323 2
1324 2
1325 2
1326 2
1327 2
1328 2
1329 2
1330 2
1331 2
1332 2
1333 2
1334 2
1335 2
1336 2
1337 2
1338 2
1339 2
1340 32
1341 32
1342 32
1343 32
1344 32
1345 32
1346 32
1347 32
1348 32
1349 32
1350 33
1351 33
1352 33
1353 33
1354 33
1355 33
1356 33
1357 33
1358 33
1359 33
1360 34
1361 34
1362 34
1363 34
1364 34
1365 34
1366 34
1367 34
1368 34
1369 34
1370 35
1371 35
1372 35
1373 35
1374 35
1375 35
1376 35
1377 35
1378 35
1379 35
1380 36
1381 36
1382 36
1383 36
1384 36
1385 36
1386 36
1387 36
1388 36
1389 36
1390 37
1391 37
1392 37
1393 37
1394 37
1395 37
1396 37
1397 37
1398 37
1399 37
1400 38
1401 38
1402 38
1403 38
1404 38
1405 38
1406 38
1407 38
1408 38
1409 38
1410 39
1411 39
1412 39
1413 39
1414 39
1415 39
1416 39
1417 39
1418 39
1419 39
1420 40
1421 40
1422 40
1423 40
1424 40
1425 40
1426 40
1427 40
1428 40
1429 40
1430 41
1431 41
1432 41
1433 41
1434 41
1435 41
1436 41
1437 41
1438 41
1439 41
1440 42
1441 42
1442 42
1443 42
1444 42
1445 42
1446 42
1447 42
1448 42
1449 42
1450 43
1451 43
1452 43
1453 43
1454 43
1455 43
1456 43
1457 43
1458 43
1459 43
1460 44
1461 44
1462 44
1463 44
1464 44
1465 44
1466 44
1467 44
1468 44
1469 44
1470 45
1471 45
1472 45
1473 45
1474 45
1475 45
1476 45
1477 45
1478 45
1479 45
1480 46
1481 46
1482 46
1483 46
1484 46
1485 46
1486 46
1487 46
1488 46
1489 46
1490 47
1491 47
1492 47
1493 47
1494 47
1495 47
1496 47
1497 47
1498 47
1499 47
1500 48
1501 48
1502 48
1503 48
1504 48
1505 48
1506 48
1507 48
1508 48
1509 48
1510 49
1511 49
1512 49
1513 49
1514 49
1515 49
1516 49
1517 49
1518 49
1519 49
1520 50
1521 50
1522 50
1523 50
1524 50
1525 50
1526 50
1527 50
1528 50
1529 50
1530 51
1531 51
1532 51
1533 51
1534 51
1535 51
1536 51
1537 51
1538 51
1539 51
1540 52
1541 52
1542 52
1543 52
1544 52
1545 52
1546 52
1547 52
1548 52
1549 52
1550 53
1551 53
1552 53
1553 53
1554 53
1555 53
1556 53
1557 53
1558 53
1559 53
1560 54
1561 54
1562 54
1563 54
1564 54
1565 54
1566 54
1567 54
1568 54
1569 54
1570 55
1571 55
1572 55
1573 55
1574 55
1575 55
1576 55
1577 55
1578 55
1579 55
1580 56
1581 56
1582 56
1583 56
1584 56
1585 56
1586 56
1587 56
1588 56
1589 56
1590 3
1591 3
1592 3
1593 3
1594 3
1595 3
1596 3
1597 3
1598 3
1599 3
1600 3
1601 3
1602 3
1603 3
1604 3
1605 3
1606 3
1607 3
1608 3
1609 3
1610 57
1611 57
1612 57
1613 57
1614 57
1615 57
1616 57
1617 57
1618 57
1619 57
1620 58
1621 58
1622 58
1623 58
1624 58
1625 58
1626 58
1627 58
1628 58
1629 58
1630 59
1631 59
1632 59
1633 59
1634 59
1635 59
1636 59
1637 59
1638 59
1639 59
1640 60
1641 60
1642 60
1643 60
1644 60
1645 60
1646 60
1647 60
1648 60
1649 60
1650 61
1651 61
1652 61
1653 61
1654 61
1655 61
1656 61
1657 61
1658 61
1659 61
1660 62
1661 62
1662 62
1663 62
1664 62
1665 62
1666 62
1667 62
1668 62
1669 62
1670 63
1671 63
1672 63
1673 63
1674 63
1675 63
1676 63
1677 63
1678 63
1679 63
1680 64
1681 64
1682 64
1683 64
1684 64
1685 64
1686 64
1687 64
1688 64
1689 64
1690 65
1691 65
1692 65
1693 65
1694 65
1695 65
1696 65
1697 65
1698 65
1699 65
1700 66
1701 66
1702 66
1703 66
1704 66
1705 66
1706 66
1707 66
1708 66
1709 66
1710 67
1711 67
1712 67
1713 67
1714 67
1715 67
1716 67
1717 67
1718 67
1719 67
1720 68
1721 68
1722 68
1723 68
1724 68
1725 68
1726 68
1727 68
1728 68
1729 68
1730 69
1731 69
1732 69
1733 69
1734 69
1735 69
1736 69
1737 69
1738 69
1739 69
1740 70
1741 70
1742 70
1743 70
1744 70
1745 70
1746 70
1747 70
1748 70
1749 70
1750 71
1751 71
1752 71
1753 71
1754 71
1755 71
1756 71
1757 71
1758 71
1759 71
1760 72
1761 72
1762 72
1763 72
1764 72
1765 72
1766 72
1767 72
1768 72
1769 72
1770 73
1771 73
1772 73
1773 73
1774 73
1775 73
1776 73
1777 73
1778 73
1779 73
1780 74
1781 74
1782 74
1783 74
1784 74
1785 74
1786 74
1787 74
1788 74
1789 74
1790 75
1791 75
1792 75
1793 75
1794 75
1795 75
1796 75
1797 75
1798 75
1799 75
1800 76
1801 76
1802 76
1803 76
1804 76
1805 76
1806 76
1807 76
1808 76
1809 76
1810 77
1811 77
1812 77
1813 77
1814 77
1815 77
1816 77
1817 77
1818 77
1819 77
1820 78
1821 78
1822 78
1823 78
1824 78
1825 78
1826 78
1827 78
1828 78
1829 78
1830 79
1831 79
1832 79
1833 79
1834 79
1835 79
1836 79
1837 79
1838 79
1839 79
1840 80
1841 80
1842 80
1843 80
1844 80
1845 80
1846 80
1847 80
1848 80
1849 80
1850 81
1851 81
1852 81
1853 81
1854 81
1855 81
1856 81
1857 81
1858 81
1859 81
1860 82
1861 82
1862 82
1863 82
1864 82
1865 82
1866 82
1867 82
1868 82
1869 82
1870 83
1871 83
1872 83
1873 83
1874 83
1875 83
1876 83
1877 83
1878 83
1879 83
1880 84
1881 84
1882 84
1883 84
1884 84
1885 84
1886 84
1887 84
1888 84
1889 84
1890 85
1891 85
1892 85
1893 85
1894 85
1895 85
1896 85
1897 85
1898 85
1899 85
1900 86
1901 86
1902 86
1903 86
1904 86
1905 86
1906 86
1907 86
1908 86
1909 86
1910 87
1911 87
1912 87
1913 87
1914 87
1915 87
1916 87
1917 87
1918 87
1919 87
1920 88
1921 88
1922 88
1923 88
1924 88
1925 88
1926 88
1927 88
1928 88
1929 88
1930 89
1931 89
1932 89
1933 89
1934 89
1935 89
1936 89
1937 89
1938 89
1939 89
1940 90
1941 90
1942 90
1943 90
1944 90
1945 90
1946 90
1947 90
1948 90
1949 90
1950 91
1951 91
1952 91
1953 91
1954 91
1955 91
1956 91
1957 91
1958 91
1959 91
1960 92
1961 92
1962 92
1963 92
1964 92
1965 92
1966 92
1967 92
1968 92
1969 92
1970 93
1971 93
1972 93
1973 93
1974 93
1975 93
1976 93
1977 93
1978 93
1979 93
1980 94
1981 94
1982 94
1983 94
1984 94
1985 94
1986 94
1987 94
1988 94
1989 94
1990 95
1991 95
1992 95
1993 95
1994 95
1995 95
1996 95
1997 95
1998 95
1999 95
