0 0
1 1
2 2
3 3
4 4
5 5
6 6
7 3
8 7
9 8
10 1
11 9
12 10
13 11
14 8
15 12
16 13
17 8
18 14
19 8
20 15
21 7
22 11
23 0
24 8
25 16
26 17
27 18
28 19
29 12
30 19
31 5
32 20
33 0
34 3
35 13
36 8
37 4
38 21
39 22
40 18
41 4
42 23
43 1
44 24
45 1
46 9
47 4
48 9
49 18
50 13
51 25
52 3
53 26
54 27
55 11
56 28
57 6
58 18
59 14
60 4
61 8
62 10
63 3
64 29
65 12
66 18
67 14
68 4
69 11
70 23
71 15
72 8
73 3
74 4
75 20
76 8
77 7
78 11
79 1
80 11
81 29
82 15
83 1
84 1
85 19
86 11
87 0
88 22
89 21
90 22
91 9
92 6
93 13
94 30
95 31
96 27
97 22
98 21
99 24
100 19
101 15
102 8
103 21
104 21
105 30
106 19
107 23
108 3
109 19
110 16
111 19
112 8
113 8
114 32
115 18
116 11
117 2
118 25
119 23
120 13
121 1
122 0
123 16
124 12
125 0
126 20
127 32
128 18
129 30
130 17
131 5
132 19
133 33
134 22
135 8
136 15
137 32
138 22
139 9
140 3
141 9
142 11
143 27
144 1
145 4
146 18
147 9
148 8
149 34
150 8
151 13
152 9
153 29
154 18
155 30
156 2
157 8
158 16
159 4
160 6
161 12
162 20
163 5
164 25
165 13
166 7
167 10
168 2
169 3
170 11
171 31
172 5
173 9
174 4
175 18
176 25
177 21
178 19
179 15
180 19
181 0
182 33
183 21
184 13
185 26
186 32
187 33
188 20
189 8
190 10
191 19
192 5
193 18
194 24
195 6
196 15
197 8
198 23
199 22
200 4
201 15
202 3
203 30
204 26
205 24
206 7
207 21
208 33
209 13
210 10
211 21
212 8
213 12
214 20
215 22
216 14
217 29
218 1
219 24
220 29
221 4
222 18
223 18
224 10
225 35
226 2
227 7
228 35
229 0
230 0
231 32
232 13
233 24
234 14
235 35
236 26
237 8
238 22
239 35
240 33
241 12
242 20
243 19
244 30
245 25
246 3
247 12
248 8
249 4
250 9
251 5
252 16
253 20
254 30
255 12
256 8
257 12
258 12
259 4
260 22
261 9
262 15
263 8
264 18
265 9
266 7
267 33
268 21
269 14
270 32
271 4
272 19
273 21
274 16
275 16
276 32
277 24
278 29
279 21
280 22
281 21
282 19
283 33
284 8
285 7
286 32
287 5
288 33
289 1
290 32
291 29
292 1
293 7
294 33
295 30
296 10
297 4
298 26
299 5
300 10
301 8
302 32
303 21
304 36
305 30
306 32
307 17
308 29
309 33
310 9
311 12
312 23
313 21
314 20
315 0
316 10
317 11
318 0
319 35
320 32
321 19
322 22
323 0
324 20
325 23
326 8
327 14
328 9
329 14
330 32
331 21
332 29
333 10
334 5
335 11
336 4
337 31
338 32
339 20
340 29
341 31
342 4
343 22
344 7
345 22
346 8
347 1
348 23
349 1
350 23
351 0
352 25
353 31
354 4
355 2
356 9
357 20
358 19
359 1
360 33
361 24
362 25
363 33
364 23
365 11
366 23
367 30
368 10
369 21
370 11
371 12
372 25
373 4
374 2
375 15
376 11
377 24
378 5
379 35
380 7
381 7
382 26
383 17
384 5
385 22
386 29
387 21
388 32
389 1
390 8
391 11
392 8
393 22
394 16
395 1
396 21
397 15
398 3
399 32
400 16
401 20
402 18
403 29
404 13
405 0
406 29
407 33
408 9
409 11
410 13
411 3
412 15
413 8
414 5
415 24
416 1
417 21
418 29
419 4
420 2
421 16
422 7
423 3
424 1
425 8
426 12
427 27
428 21
429 8
430 6
431 10
432 24
433 8
434 37
435 5
436 19
437 10
438 11
439 33
440 18
441 8
442 8
443 0
444 15
445 18
446 23
447 26
448 29
449 4
450 3
451 12
452 24
453 19
454 7
455 4
456 31
457 10
458 4
459 18
460 19
461 23
462 17
463 24
464 3
465 20
466 32
467 8
468 8
469 12
470 3
471 2
472 4
473 12
474 30
475 7
476 18
477 20
478 8
479 0
480 21
481 25
482 33
483 0
484 18
485 19
486 11
487 35
488 7
489 32
490 2
491 33
492 33
493 15
494 8
495 29
496 32
497 7
498 15
499 14
500 0
501 11
502 20
503 6
504 8
505 14
506 7
507 7
508 18
509 11
510 9
511 18
512 13
513 2
514 20
515 1
516 35
517 11
518 21
519 30
520 10
521 17
522 31
523 30
524 21
525 35
526 8
527 18
528 4
529 1
530 11
531 17
532 15
533 32
534 3
535 19
536 22
537 9
538 3
539 5
540 13
541 17
542 0
543 33
544 0
545 25
546 8
547 0
548 13
549 4
550 16
551 11
552 33
553 10
554 6
555 4
556 25
557 6
558 23
559 25
560 19
561 16
562 33
563 31
564 11
565 22
566 33
567 17
568 5
569 29
570 32
571 25
572 1
573 33
574 35
575 11
576 13
577 4
578 8
579 22
580 35
581 30
582 17
583 29
584 1
585 35
586 21
587 17
588 12
589 32
590 23
591 9
592 5
593 10
594 13
595 27
596 20
597 33
598 5
599 32
600 26
601 30
602 2
603 8
604 21
605 30
606 8
607 23
608 29
609 13
610 5
611 1
612 21
613 0
614 29
615 21
616 26
617 12
618 19
619 9
620 19
621 33
622 4
623 5
624 25
625 12
626 24
627 20
628 1
629 3
630 33
631 29
632 7
633 9
634 3
635 4
636 11
637 5
638 25
639 32
640 0
641 33
642 6
643 11
644 21
645 24
646 8
647 6
648 26
649 5
650 11
651 8
652 32
653 31
654 9
655 3
656 29
657 25
658 24
659 33
660 35
661 27
662 35
663 6
664 3
665 9
666 17
667 9
668 33
669 30
670 26
671 0
672 20
673 9
674 31
675 19
676 12
677 32
678 22
679 15
680 19
681 18
682 33
683 13
684 29
685 20
686 38
687 4
688 29
689 4
690 2
691 29
692 15
693 31
694 15
695 8
696 9
697 0
698 25
699 7
700 6
701 7
702 33
703 5
704 19
705 30
706 25
707 22
708 21
709 7
710 4
711 13
712 15
713 1
714 17
715 33
716 13
717 30
718 17
719 4
720 5
721 0
722 31
723 4
724 3
725 9
726 32
727 29
728 21
729 15
730 33
731 18
732 22
733 12
734 33
735 26
736 11
737 22
738 31
739 23
740 9
741 11
742 16
743 8
744 20
745 2
746 3
747 12
748 13
749 8
750 29
751 35
752 26
753 7
754 4
755 32
756 3
757 2
758 30
759 31
760 11
761 27
762 0
763 19
764 21
765 8
766 0
767 24
768 2
769 0
770 8
771 24
772 12
773 32
774 26
775 8
776 13
777 33
778 21
779 14
780 7
781 33
782 5
783 1
784 10
785 26
786 3
787 20
788 22
789 22
790 5
791 0
792 27
793 15
794 26
795 17
796 2
797 4
798 19
799 12
800 39
801 4
802 8
803 13
804 0
805 3
806 32
807 7
808 5
809 7
810 9
811 16
812 4
813 24
814 19
815 1
816 33
817 23
818 27
819 32
820 5
821 23
822 20
823 35
824 6
825 6
826 6
827 8
828 18
829 24
830 32
831 32
832 20
833 25
834 20
835 26
836 29
837 5
838 8
839 29
840 4
841 29
842 19
843 4
844 23
845 5
846 6
847 3
848 18
849 35
850 9
851 3
852 5
853 15
854 20
855 24
856 2
857 33
858 3
859 11
860 21
861 22
862 15
863 33
864 5
865 8
866 19
867 8
868 11
869 7
870 11
871 4
872 15
873 24
874 7
875 9
876 4
877 0
878 23
879 1
880 18
881 27
882 21
883 3
884 3
885 32
886 10
887 5
888 4
889 6
890 19
891 7
892 13
893 10
894 5
895 18
896 8
897 22
898 24
899 33
900 5
901 18
902 20
903 32
904 32
905 30
906 24
907 17
908 5
909 5
910 30
911 7
912 23
913 7
914 30
915 19
916 29
917 24
918 9
919 33
920 23
921 17
922 25
923 29
924 0
925 29
926 11
927 4
928 2
929 15
930 15
931 13
932 22
933 24
934 26
935 26
936 24
937 9
938 15
939 24
940 17
941 3
942 5
943 33
944 25
945 13
946 10
947 32
948 27
949 31
950 30
951 23
952 3
953 30
954 15
955 18
956 22
957 12
958 17
959 23
960 0
961 29
962 27
963 0
964 2
965 2
966 24
967 33
968 22
969 14
970 30
971 4
972 3
973 11
974 3
975 12
976 8
977 21
978 27
979 2
980 8
981 13
982 15
983 12
984 23
985 13
986 8
987 8
988 21
989 11
990 11
991 8
992 22
993 23
994 4
995 3
996 26
997 6
998 5
999 29
