0 7
1 0
2 4
3 4
4 11
5 1
6 3
7 0
8 7
9 7
10 12
11 5
12 8
13 6
14 10
15 0
16 13
17 0
18 12
19 7
20 5
21 6
22 5
23 10
24 2
25 5
26 6
27 13
28 4
29 2
30 0
31 12
32 8
33 7
34 1
35 0
36 2
37 5
38 4
39 6
40 1
41 8
42 8
43 0
44 9
45 5
46 1
47 5
48 7
49 6
50 9
51 8
52 3
53 13
54 10
55 12
56 0
57 4
58 13
59 9
60 5
61 3
62 10
63 2
64 4
65 8
66 6
67 5
68 4
69 2
70 13
71 4
72 3
73 3
74 6
75 2
76 9
77 3
78 11
79 1
80 7
81 4
82 2
83 3
84 0
85 6
86 13
87 1
88 0
89 11
90 1
91 0
92 13
93 0
94 3
95 1
96 4
97 13
98 6
99 0
100 3
101 4
102 1
103 7
104 3
105 10
106 12
107 4
108 4
109 5
110 2
111 10
112 1
113 1
114 4
115 10
116 1
117 2
118 9
119 4
120 2
121 10
122 8
123 10
124 3
125 5
126 13
127 9
128 7
129 5
130 4
131 10
132 6
133 11
134 7
135 2
136 7
137 10
138 7
139 3
140 3
141 9
142 0
143 6
144 4
145 4
146 7
147 2
148 9
149 0
150 11
151 7
152 6
153 7
154 8
155 13
156 1
157 12
158 0
159 0
160 6
161 2
162 9
163 6
164 0
165 3
166 12
167 10
168 9
169 2
170 8
171 10
172 1
173 0
174 2
175 5
176 6
177 13
178 4
179 3
180 0
181 9
182 1
183 3
184 7
185 0
186 8
187 7
188 2
189 10
190 13
191 9
192 5
193 5
194 10
195 10
196 6
197 1
198 4
199 11
200 3
201 11
202 7
203 1
204 0
205 5
206 2
207 0
208 0
209 5
210 1
211 13
212 7
213 12
214 11
215 5
216 12
217 1
218 6
219 0
220 5
221 5
222 7
223 10
224 3
225 4
226 11
227 3
228 13
229 11
230 1
231 2
232 8
233 4
234 10
235 10
236 6
237 5
238 7
239 0
240 0
241 3
242 9
243 3
244 5
245 1
246 5
247 11
248 1
249 1
250 7
251 6
252 10
253 11
254 5
255 4
256 7
257 10
258 11
259 9
260 0
261 3
262 7
263 13
264 5
265 0
266 9
267 8
268 2
269 12
270 2
271 10
272 1
273 3
274 8
275 5
276 1
277 0
278 1
279 10
280 4
281 7
282 2
283 8
284 1
285 8
286 1
287 4
288 0
289 12
290 6
291 1
292 0
293 0
294 0
295 2
296 0
297 2
298 4
299 6
300 5
301 10
302 2
303 5
304 0
305 2
306 8
307 8
308 1
309 7
310 6
311 11
312 6
313 11
314 3
315 11
316 5
317 11
318 9
319 11
320 7
321 12
322 6
323 1
324 7
325 13
326 11
327 2
328 1
329 7
330 8
331 8
332 3
333 3
334 4
335 1
336 3
337 11
338 1
339 11
340 5
341 1
342 12
343 12
344 6
345 3
346 4
347 13
348 0
349 6
350 4
351 5
352 9
353 5
354 12
355 9
356 10
357 9
358 5
359 0
360 5
361 2
362 8
363 6
364 0
365 4
366 8
367 2
368 8
369 11
370 8
371 4
372 4
373 2
374 10
375 1
376 12
377 2
378 5
379 12
380 8
381 1
382 2
383 5
384 4
385 8
386 2
387 5
388 5
389 8
390 10
391 2
392 7
393 1
394 6
395 2
396 3
397 13
398 12
399 6
400 2
401 12
402 6
403 0
404 8
405 10
406 6
407 7
408 10
409 4
410 1
411 1
412 10
413 3
414 4
415 3
416 9
417 7
418 4
419 3
420 3
421 3
422 12
423 10
424 2
425 7
426 6
427 0
428 11
429 6
430 4
431 6
432 3
433 11
434 1
435 7
436 10
437 2
438 1
439 0
440 8
441 3
442 9
443 7
444 13
445 8
446 0
447 0
448 8
449 1
450 1
451 3
452 5
453 6
454 8
455 11
456 1
457 12
458 3
459 2
460 10
461 3
462 9
463 0
464 7
465 2
466 4
467 5
468 8
469 12
470 5
471 10
472 5
473 9
474 5
475 2
476 7
477 6
478 13
479 5
480 8
481 9
482 2
483 11
484 4
485 6
486 6
487 4
488 3
489 8
490 2
491 8
492 8
493 6
494 2
495 3
496 12
497 6
498 4
499 4
500 11
501 1
502 6
503 7
504 6
505 13
506 3
507 5
508 10
509 8
510 2
511 11
512 3
513 2
514 1
515 7
516 5
517 4
518 9
519 4
520 0
521 10
522 0
523 2
524 11
525 12
526 0
527 0
528 5
529 0
530 2
531 5
532 11
533 13
534 7
535 11
536 0
537 6
538 2
539 11
540 4
541 1
542 6
543 2
544 0
545 3
546 2
547 3
548 12
549 8
550 9
551 2
552 2
553 8
554 0
555 9
556 4
557 2
558 3
559 1
560 3
561 8
562 0
563 10
564 2
565 3
566 5
567 2
568 4
569 5
570 0
571 12
572 0
573 5
574 1
575 10
576 5
577 5
578 9
579 0
580 9
581 7
582 10
583 7
584 5
585 10
586 13
587 10
588 2
589 1
590 3
591 0
592 7
593 9
594 9
595 4
596 6
597 8
598 1
599 12
600 6
601 0
602 1
603 12
604 3
605 13
606 9
607 3
608 5
609 5
610 1
611 8
612 10
613 6
614 0
615 3
616 4
617 4
618 9
619 5
620 7
621 11
622 6
623 5
624 8
625 3
626 3
627 3
628 7
629 3
630 2
631 6
632 7
633 13
634 8
635 0
636 1
637 6
638 2
639 11
640 2
641 5
642 9
643 3
644 8
645 0
646 7
647 0
648 4
649 6
650 5
651 1
652 10
653 9
654 9
655 1
656 1
657 4
658 11
659 2
660 3
661 2
662 0
663 9
664 7
665 11
666 6
667 9
668 3
669 5
670 8
671 2
672 11
673 11
674 5
675 9
676 12
677 4
678 4
679 8
680 10
681 0
682 11
683 0
684 3
685 1
686 3
687 0
688 12
689 2
690 3
691 9
692 9
693 4
694 0
695 1
696 3
697 8
698 0
699 7
700 2
701 6
702 11
703 9
704 6
705 11
706 7
707 3
708 10
709 5
710 2
711 8
712 7
713 13
714 4
715 2
716 11
717 5
718 7
719 6
720 13
721 5
722 1
723 1
724 1
725 11
726 4
727 0
728 0
729 3
730 1
731 1
732 12
733 2
734 4
735 13
736 2
737 11
738 12
739 3
740 1
741 10
742 5
743 4
744 13
745 8
746 12
747 6
748 4
749 6
750 4
751 1
752 9
753 3
754 6
755 1
756 4
757 0
758 8
759 5
760 7
761 1
762 1
763 8
764 1
765 4
766 0
767 1
768 8
769 6
770 5
771 7
772 0
773 12
774 7
775 0
776 4
777 5
778 4
779 0
780 9
781 6
782 8
783 7
784 7
785 3
786 7
787 5
788 0
789 5
790 6
791 3
792 8
793 3
794 11
795 9
796 1
797 11
798 7
799 12
800 4
801 8
802 0
803 0
804 10
805 4
806 13
807 5
808 0
809 0
810 5
811 0
812 0
813 1
814 5
815 7
816 6
817 13
818 8
819 1
820 9
821 6
822 7
823 3
824 12
825 7
826 8
827 8
828 0
829 6
830 4
831 11
832 11
833 8
834 9
835 2
836 0
837 6
838 13
839 12
840 1
841 10
842 5
843 9
844 11
845 7
846 4
847 0
848 5
849 9
850 9
851 11
852 5
853 10
854 8
855 13
856 2
857 4
858 2
859 10
860 5
861 12
862 2
863 13
864 0
865 9
866 6
867 4
868 4
869 0
870 8
871 7
872 7
873 13
874 1
875 13
876 3
877 2
878 4
879 6
880 4
881 6
882 3
883 1
884 6
885 10
886 9
887 3
888 6
889 9
890 0
891 7
892 3
893 8
894 10
895 1
896 6
897 2
898 11
899 0
900 0
901 3
902 3
903 9
904 2
905 9
906 9
907 10
908 2
909 8
910 0
911 3
912 4
913 0
914 12
915 10
916 1
917 3
918 0
919 0
920 6
921 1
922 4
923 5
924 8
925 4
926 1
927 11
928 9
929 4
930 5
931 2
932 6
933 0
934 6
935 8
936 4
937 6
938 2
939 2
940 3
941 11
942 7
943 2
944 7
945 1
946 4
947 9
948 1
949 8
950 8
951 4
952 1
953 1
954 9
955 9
956 4
957 6
958 8
959 3
960 2
961 9
962 1
963 6
964 1
965 9
966 11
967 1
968 0
969 6
970 12
971 10
972 10
973 2
974 3
975 9
976 2
977 6
978 1
979 7
980 1
981 3
982 1
983 0
984 4
985 0
986 13
987 7
988 3
989 5
990 7
991 8
992 2
993 3
994 9
995 7
996 0
997 2
998 4
999 8
