0 14
1 15
2 16
3 17
4 18
5 19
6 20
7 21
8 22
9 23
10 24
11 25
12 26
13 2
14 27
15 28
16 29
17 30
18 31
19 32
20 33
21 4
22 34
23 35
24 36
25 37
26 38
27 39
28 40
29 41
30 42
31 43
32 44
33 45
34 46
35 47
36 48
37 49
38 50
39 51
40 52
41 53
42 54
43 55
44 56
45 57
46 58
47 59
48 60
49 61
50 62
51 63
52 64
53 65
54 66
55 67
56 68
57 69
58 70
59 71
60 72
61 73
62 74
63 75
64 76
65 77
66 78
67 79
68 80
69 81
70 82
71 83
72 84
73 85
74 86
75 87
76 88
77 89
78 90
79 91
80 92
81 93
82 94
83 95
84 96
85 97
86 98
87 99
88 100
89 101
90 102
91 103
92 104
93 105
94 9
95 106
96 107
97 108
98 109
99 110
100 111
101 112
102 113
103 114
104 115
105 116
106 117
107 118
108 119
109 120
110 121
111 122
112 123
113 124
114 125
115 126
116 127
117 3
118 128
119 129
120 130
121 131
122 132
123 133
124 134
125 135
126 136
127 137
128 138
129 139
130 140
131 141
132 142
133 143
134 13
135 144
136 145
137 146
138 147
139 148
140 149
141 150
142 151
143 152
144 153
145 154
146 155
147 156
148 157
149 158
150 159
151 160
152 161
153 162
154 163
155 164
156 165
157 166
158 167
159 168
160 169
161 170
162 171
163 172
164 4
165 173
166 174
167 175
168 176
169 177
170 178
171 179
172 180
173 181
174 182
175 183
176 184
177 185
178 186
179 187
180 188
181 189
182 190
183 191
184 192
185 193
186 194
187 195
188 196
189 197
190 198
191 199
192 200
193 201
194 202
195 203
196 6
197 204
198 205
199 206
200 207
201 208
202 209
203 210
204 211
205 12
206 5
207 212
208 213
209 214
210 215
211 216
212 217
213 218
214 219
215 220
216 221
217 222
218 223
219 224
220 225
221 226
222 227
223 228
224 229
225 230
226 231
227 232
228 233
229 234
230 235
231 236
232 237
233 238
234 239
235 240
236 241
237 242
238 243
239 244
240 245
241 246
242 247
243 248
244 249
245 250
246 251
247 252
248 253
249 254
250 255
251 256
252 257
253 258
254 259
255 260
256 261
257 262
258 263
259 264
260 265
261 266
262 267
263 268
264 269
265 270
266 271
267 272
268 273
269 274
270 275
271 276
272 277
273 278
274 279
275 280
276 281
277 282
278 283
279 284
280 285
281 286
282 287
283 288
284 289
285 290
286 291
287 292
288 293
289 294
290 295
291 296
292 297
293 298
294 299
295 300
296 301
297 302
298 303
299 304
300 305
301 306
302 307
303 308
304 309
305 310
306 311
307 312
308 313
309 314
310 315
311 316
312 317
313 318
314 319
315 320
316 321
317 322
318 323
319 324
320 325
321 326
322 327
323 328
324 329
325 330
326 331
327 332
328 333
329 334
330 335
331 336
332 337
333 338
334 339
335 340
336 341
337 342
338 343
339 344
340 345
341 346
342 347
343 348
344 349
345 350
346 351
347 352
348 353
349 354
350 355
351 356
352 357
353 358
354 359
355 360
356 361
357 362
358 363
359 364
360 365
361 366
362 367
363 368
364 369
365 370
366 371
367 372
368 373
369 374
370 375
371 376
372 377
373 378
374 379
375 380
376 381
377 382
378 383
379 384
380 385
381 386
382 387
383 388
384 389
385 390
386 391
387 392
388 393
389 394
390 395
391 396
392 397
393 398
394 399
395 400
396 401
397 402
398 403
399 404
400 405
401 406
402 407
403 408
404 409
405 410
406 411
407 412
408 413
409 414
410 415
411 416
412 417
413 418
414 419
415 420
416 421
417 422
418 423
419 424
420 425
421 426
422 427
423 428
424 429
425 430
426 431
427 432
428 7
429 433
430 434
431 435
432 436
433 437
434 438
435 439
436 440
437 441
438 442
439 443
440 444
441 445
442 446
443 447
444 448
445 449
446 450
447 451
448 452
449 453
450 454
451 455
452 456
453 457
454 458
455 459
456 460
457 461
458 462
459 463
460 464
461 465
462 466
463 467
464 468
465 469
466 470
467 471
468 472
469 473
470 474
471 475
472 476
473 477
474 478
475 479
476 480
477 481
478 482
479 483
480 484
481 485
482 5
483 486
484 487
485 6
486 488
487 489
488 490
489 491
490 492
491 493
492 494
493 495
494 496
495 497
496 498
497 499
498 500
499 501
500 502
501 503
502 504
503 505
504 506
505 507
506 508
507 509
508 510
509 511
510 512
511 513
512 514
513 515
514 516
515 517
516 518
517 519
518 520
519 521
520 522
521 523
522 524
523 525
524 526
525 527
526 528
527 529
528 530
529 531
530 532
531 533
532 534
533 535
534 536
535 537
536 538
537 539
538 540
539 7
540 541
541 542
542 543
543 544
544 545
545 546
546 547
547 548
548 549
549 550
550 551
551 552
552 3
553 553
554 554
555 555
556 556
557 557
558 558
559 559
560 560
561 561
562 562
563 563
564 564
565 565
566 566
567 567
568 568
569 569
570 570
571 571
572 572
573 573
574 574
575 575
576 576
577 577
578 578
579 579
580 580
581 581
582 582
583 583
584 584
585 585
586 586
587 587
588 588
589 589
590 590
591 591
592 10
593 592
594 593
595 594
596 595
597 596
598 597
599 598
600 599
601 600
602 601
603 602
604 603
605 604
606 605
607 606
608 607
609 608
610 609
611 610
612 611
613 612
614 8
615 613
616 614
617 615
618 616
619 617
620 618
621 619
622 620
623 621
624 622
625 623
626 624
627 625
628 626
629 627
630 628
631 629
632 630
633 631
634 11
635 632
636 633
637 634
638 635
639 636
640 637
641 638
642 639
643 640
644 641
645 642
646 643
647 8
648 644
649 645
650 646
651 647
652 648
653 649
654 650
655 651
656 652
657 653
658 654
659 655
660 0
661 656
662 657
663 658
664 659
665 660
666 661
667 662
668 663
669 664
670 665
671 666
672 667
673 668
674 669
675 670
676 671
677 672
678 673
679 674
680 675
681 676
682 677
683 678
684 679
685 680
686 681
687 682
688 683
689 684
690 685
691 686
692 687
693 688
694 689
695 690
696 691
697 692
698 693
699 694
700 695
701 696
702 697
703 698
704 699
705 700
706 701
707 702
708 703
709 704
710 705
711 706
712 707
713 708
714 709
715 710
716 711
717 712
718 713
719 714
720 715
721 716
722 717
723 718
724 719
725 720
726 1
727 721
728 722
729 723
730 9
731 724
732 725
733 726
734 727
735 728
736 729
737 730
738 731
739 732
740 733
741 734
742 735
743 736
744 737
745 738
746 739
747 740
748 741
749 742
750 743
751 744
752 745
753 746
754 747
755 748
756 749
757 750
758 751
759 752
760 753
761 754
762 755
763 756
764 757
765 758
766 759
767 760
768 761
769 10
770 762
771 763
772 764
773 765
774 766
775 767
776 768
777 769
778 770
779 771
780 772
781 773
782 774
783 775
784 776
785 777
786 778
787 779
788 780
789 781
790 782
791 783
792 784
793 785
794 786
795 787
796 788
797 789
798 790
799 791
800 792
801 793
802 794
803 795
804 796
805 797
806 798
807 799
808 800
809 801
810 802
811 803
812 804
813 805
814 806
815 807
816 808
817 809
818 810
819 811
820 812
821 813
822 814
823 815
824 816
825 817
826 818
827 11
828 819
829 820
830 821
831 822
832 823
833 824
834 825
835 826
836 827
837 828
838 829
839 830
840 831
841 832
842 833
843 834
844 835
845 836
846 1
847 837
848 838
849 839
850 840
851 841
852 842
853 843
854 844
855 845
856 846
857 1
858 847
859 848
860 12
861 849
862 850
863 851
864 852
865 853
866 2
867 854
868 855
869 856
870 857
871 858
872 859
873 860
874 861
875 862
876 863
877 864
878 865
879 866
880 867
881 868
882 869
883 870
884 871
885 872
886 873
887 874
888 875
889 876
890 877
891 878
892 879
893 880
894 881
895 882
896 883
897 884
898 885
899 886
900 887
901 888
902 889
903 890
904 891
905 892
906 893
907 894
908 895
909 896
910 897
911 0
912 898
913 899
914 900
915 901
916 902
917 903
918 904
919 905
920 906
921 907
922 908
923 909
924 910
925 911
926 912
927 913
928 914
929 915
930 916
931 917
932 918
933 919
934 920
935 921
936 922
937 923
938 924
939 925
940 926
941 927
942 928
943 929
944 930
945 931
946 932
947 933
948 934
949 0
950 935
951 936
952 937
953 938
954 939
955 940
956 941
957 942
958 943
959 944
960 945
961 946
962 947
963 948
964 949
965 950
966 951
967 952
968 953
969 954
970 955
971 956
972 957
973 958
974 959
975 960
976 961
977 962
978 963
979 964
980 965
981 966
982 967
983 968
984 969
985 970
986 971
987 13
988 972
989 973
990 974
991 975
992 976
993 977
994 978
995 979
996 980
997 981
998 982
999 983
