0 1
1 6
2 0
3 3
4 4
5 3
6 4
7 3
8 1
9 2
10 0
11 11
12 2
13 0
14 5
15 0
16 4
17 7
18 2
19 2
20 7
21 0
22 1
23 1
24 9
25 0
26 3
27 2
28 2
29 1
30 3
31 6
32 1
33 0
34 0
35 8
36 8
37 11
38 1
39 1
40 1
41 6
42 4
43 4
44 7
45 0
46 3
47 10
48 0
49 1
50 3
51 7
52 9
53 3
54 2
55 1
56 4
57 5
58 9
59 7
60 7
61 4
62 3
63 9
64 1
65 7
66 8
67 2
68 6
69 0
70 0
71 3
72 3
73 2
74 8
75 1
76 7
77 6
78 11
79 1
80 3
81 0
82 4
83 0
84 4
85 3
86 5
87 6
88 0
89 1
90 1
91 11
92 0
93 2
94 2
95 1
96 1
97 8
98 2
99 4
100 4
101 0
102 5
103 2
104 4
105 0
106 2
107 0
108 10
109 0
110 6
111 1
112 4
113 0
114 10
115 11
116 6
117 4
118 10
119 5
120 1
121 4
122 6
123 0
124 5
125 5
126 10
127 5
128 1
129 4
130 5
131 1
132 0
133 9
134 5
135 3
136 4
137 5
138 1
139 5
140 0
141 2
142 2
143 3
144 6
145 0
146 6
147 0
148 2
149 6
150 2
151 2
152 8
153 8
154 3
155 8
156 3
157 2
158 0
159 3
160 5
161 1
162 4
163 7
164 0
165 6
166 10
167 1
168 2
169 2
170 8
171 9
172 5
173 1
174 3
175 1
176 8
177 2
178 9
179 0
180 7
181 1
182 6
183 1
184 0
185 2
186 3
187 0
188 2
189 6
190 1
191 8
192 0
193 3
194 3
195 8
196 10
197 1
198 1
199 8
200 0
201 2
202 8
203 0
204 1
205 0
206 7
207 8
208 4
209 2
210 7
211 3
212 7
213 1
214 7
215 3
216 7
217 1
218 6
219 0
220 3
221 1
222 7
223 5
224 0
225 7
226 10
227 1
228 4
229 8
230 1
231 0
232 1
233 0
234 0
235 11
236 5
237 2
238 5
239 10
240 5
241 11
242 0
243 5
244 2
245 0
246 8
247 7
248 7
249 1
250 7
251 3
252 7
253 7
254 7
255 2
256 0
257 1
258 0
259 0
260 0
261 1
262 0
263 5
264 1
265 8
266 7
267 1
268 2
269 1
270 4
271 0
272 8
273 8
274 6
275 0
276 0
277 4
278 0
279 1
280 2
281 3
282 0
283 2
284 10
285 1
286 5
287 11
288 1
289 7
290 3
291 1
292 0
293 7
294 2
295 2
296 9
297 6
298 0
299 2
300 6
301 0
302 10
303 0
304 3
305 0
306 5
307 3
308 2
309 3
310 4
311 1
312 7
313 4
314 1
315 10
316 1
317 1
318 4
319 0
320 0
321 2
322 5
323 5
324 1
325 2
326 7
327 7
328 1
329 2
330 5
331 9
332 3
333 9
334 8
335 3
336 0
337 4
338 3
339 4
340 3
341 5
342 2
343 6
344 2
345 1
346 4
347 8
348 6
349 3
350 0
351 0
352 7
353 2
354 3
355 8
356 1
357 0
358 8
359 5
360 0
361 6
362 10
363 11
364 7
365 0
366 1
367 1
368 7
369 3
370 10
371 1
372 0
373 0
374 4
375 8
376 0
377 3
378 4
379 11
380 8
381 3
382 2
383 4
384 0
385 5
386 0
387 9
388 4
389 0
390 6
391 2
392 5
393 3
394 0
395 7
396 1
397 1
398 0
399 0
400 7
401 1
402 9
403 5
404 2
405 4
406 2
407 1
408 0
409 0
410 1
411 1
412 0
413 6
414 1
415 4
416 6
417 7
418 0
419 6
420 1
421 4
422 0
423 1
424 4
425 5
426 5
427 2
428 1
429 8
430 4
431 3
432 10
433 11
434 3
435 3
436 0
437 9
438 1
439 2
440 1
441 1
442 9
443 0
444 1
445 1
446 10
447 1
448 3
449 10
450 1
451 9
452 0
453 8
454 2
455 1
456 9
457 0
458 0
459 1
460 4
461 1
462 8
463 8
464 1
465 8
466 8
467 3
468 5
469 10
470 5
471 2
472 1
473 1
474 4
475 2
476 1
477 2
478 3
479 5
480 6
481 7
482 10
483 3
484 1
485 0
486 1
487 7
488 1
489 5
490 4
491 1
492 0
493 0
494 1
495 0
496 7
497 9
498 2
499 8
500 1
501 4
502 6
503 10
504 1
505 0
506 6
507 4
508 8
509 2
510 7
511 1
512 0
513 4
514 1
515 2
516 1
517 8
518 7
519 4
520 4
521 3
522 4
523 0
524 11
525 6
526 6
527 1
528 2
529 0
530 11
531 0
532 0
533 5
534 10
535 11
536 5
537 6
538 0
539 7
540 1
541 6
542 0
543 5
544 9
545 5
546 2
547 8
548 0
549 2
550 7
551 5
552 5
553 3
554 3
555 0
556 1
557 7
558 3
559 8
560 7
561 3
562 1
563 1
564 5
565 2
566 9
567 2
568 2
569 8
570 0
571 8
572 2
573 4
574 10
575 0
576 4
577 4
578 6
579 11
580 6
581 1
582 7
583 7
584 4
585 5
586 7
587 0
588 2
589 4
590 1
591 8
592 11
593 3
594 0
595 1
596 4
597 6
598 8
599 1
600 1
601 2
602 3
603 10
604 4
605 10
606 1
607 0
608 5
609 0
610 1
611 0
612 4
613 0
614 0
615 9
616 1
617 6
618 1
619 5
620 1
621 0
622 6
623 9
624 11
625 3
626 4
627 11
628 5
629 0
630 7
631 6
632 4
633 3
634 0
635 1
636 9
637 4
638 1
639 0
640 10
641 10
642 1
643 8
644 8
645 9
646 1
647 2
648 4
649 2
650 3
651 2
652 9
653 1
654 1
655 1
656 2
657 2
658 6
659 11
660 8
661 1
662 4
663 5
664 9
665 11
666 1
667 3
668 2
669 3
670 10
671 7
672 0
673 1
674 2
675 7
676 5
677 0
678 7
679 0
680 0
681 1
682 7
683 5
684 0
685 2
686 1
687 0
688 9
689 0
690 6
691 10
692 10
693 10
694 4
695 5
696 2
697 8
698 11
699 1
700 2
701 0
702 6
703 0
704 1
705 10
706 9
707 1
708 0
709 3
710 3
711 6
712 10
713 4
714 8
715 7
716 7
717 4
718 1
719 0
720 8
721 7
722 11
723 0
724 6
725 6
726 0
727 8
728 4
729 0
730 1
731 4
732 3
733 1
734 1
735 11
736 0
737 5
738 8
739 3
740 8
741 8
742 0
743 4
744 10
745 3
746 0
747 4
748 5
749 0
750 4
751 7
752 7
753 1
754 4
755 3
756 8
757 7
758 11
759 6
760 9
761 2
762 1
763 5
764 10
765 0
766 3
767 2
768 0
769 5
770 9
771 6
772 2
773 2
774 6
775 4
776 2
777 6
778 5
779 9
780 4
781 0
782 6
783 1
784 4
785 6
786 11
787 3
788 0
789 0
790 8
791 2
792 0
793 8
794 0
795 1
796 6
797 6
798 2
799 3
800 3
801 2
802 10
803 7
804 8
805 1
806 1
807 7
808 6
809 0
810 10
811 0
812 5
813 5
814 6
815 0
816 0
817 6
818 10
819 6
820 3
821 3
822 1
823 7
824 5
825 4
826 4
827 1
828 6
829 0
830 5
831 0
832 4
833 1
834 0
835 1
836 6
837 6
838 3
839 1
840 1
841 1
842 0
843 1
844 4
845 0
846 1
847 2
848 3
849 5
850 1
851 9
852 8
853 0
854 0
855 7
856 3
857 0
858 3
859 6
860 7
861 0
862 8
863 0
864 1
865 5
866 5
867 0
868 3
869 9
870 8
871 1
872 3
873 6
874 1
875 3
876 7
877 8
878 7
879 0
880 1
881 2
882 5
883 9
884 9
885 5
886 0
887 4
888 0
889 10
890 6
891 4
892 6
893 1
894 5
895 8
896 1
897 11
898 9
899 7
900 8
901 1
902 8
903 8
904 2
905 0
906 1
907 6
908 2
909 3
910 2
911 5
912 5
913 2
914 9
915 11
916 6
917 11
918 5
919 6
920 1
921 2
922 1
923 6
924 5
925 7
926 0
927 3
928 9
929 1
930 3
931 8
932 1
933 3
934 3
935 8
936 2
937 3
938 1
939 11
940 9
941 6
942 0
943 2
944 3
945 0
946 1
947 7
948 6
949 0
950 2
951 10
952 5
953 0
954 4
955 1
956 2
957 1
958 1
959 2
960 0
961 7
962 0
963 2
964 1
965 7
966 5
967 6
968 1
969 3
970 3
971 9
972 2
973 8
974 2
975 3
976 4
977 0
978 2
979 9
980 2
981 1
982 1
983 1
984 5
985 11
986 0
987 0
988 0
989 2
990 0
991 2
992 6
993 1
994 7
995 4
996 3
997 2
998 0
999 1
