0 131
0 833
0 218
0 40
0 173
0 581
0 479
0 606
0 508
0 371
1 702
1 649
1 621
1 796
1 916
1 368
1 416
1 313
1 581
1 279
2 650
2 224
2 771
2 879
2 301
2 874
2 25
3 700
3 23
3 44
3 211
3 393
3 651
3 218
3 787
3 739
3 252
3 581
3 954
3 258
3 280
3 735
4 214
4 577
4 77
4 44
4 657
4 612
4 449
5 931
5 53
5 198
5 633
5 402
5 94
5 792
5 709
5 610
6 232
6 563
6 83
6 347
6 56
6 803
6 129
6 54
6 905
6 832
6 77
6 965
6 340
6 424
7 79
7 281
7 993
7 186
7 454
8 51
8 482
8 386
8 267
8 968
8 455
8 484
8 17
8 279
9 700
9 284
9 299
9 989
9 475
9 411
9 509
9 826
9 172
9 967
9 140
10 931
10 380
10 749
10 497
10 101
10 234
10 145
10 280
10 242
10 344
10 598
10 689
10 975
10 548
10 174
10 589
10 166
11 939
11 615
11 363
11 15
11 990
11 497
11 312
11 44
11 900
11 856
11 515
12 643
12 795
12 460
12 148
12 142
12 947
12 594
12 979
12 367
12 235
12 479
12 989
12 266
12 259
13 703
13 845
13 768
13 412
13 990
13 203
13 594
13 596
13 562
13 626
13 759
13 273
13 711
13 613
13 581
13 696
13 349
13 961
13 684
14 939
14 911
14 336
14 924
14 165
14 139
14 814
14 92
14 509
14 889
14 390
14 589
14 279
14 61
15 400
15 729
15 788
15 748
15 792
15 205
15 176
15 952
16 63
16 641
16 884
16 889
16 380
16 383
16 570
16 596
16 747
16 662
16 465
16 718
17 400
17 731
17 210
17 741
17 721
18 257
18 493
18 577
18 103
18 649
18 531
19 325
19 700
19 212
19 868
19 453
19 974
20 650
20 125
20 78
20 39
20 876
20 542
20 220
20 327
20 716
20 878
21 224
21 842
21 81
21 200
21 372
21 570
21 512
21 260
21 548
21 591
21 601
21 323
21 231
21 466
21 776
22 702
22 707
22 958
22 432
22 612
22 742
22 446
22 569
22 772
22 497
22 590
22 581
22 582
23 423
23 581
23 998
23 356
23 961
23 414
23 610
23 126
23 733
23 929
23 970
23 526
23 79
23 513
23 598
23 990
24 800
24 664
24 971
24 295
24 463
24 388
24 171
24 636
24 429
25 94
25 700
25 679
25 240
25 590
25 87
25 618
25 829
25 617
25 834
25 920
25 924
25 110
25 883
25 670
25 280
25 665
25 788
25 192
25 179
25 684
25 562
26 561
26 774
26 553
26 960
26 742
26 494
26 340
26 834
27 909
27 631
27 439
27 772
27 992
27 576
27 268
27 810
27 248
27 265
27 305
27 477
28 839
28 673
28 700
28 913
28 950
28 651
28 821
28 900
28 471
28 674
29 368
29 400
29 434
29 590
29 498
29 473
29 367
29 92
29 39
29 607
29 643
29 887
29 141
29 438
29 440
29 901
29 932
29 835
29 91
30 133
30 856
30 576
30 622
30 143
31 543
31 207
31 386
31 324
31 510
31 291
31 502
31 96
31 972
31 704
31 300
31 819
32 112
32 700
32 865
32 491
32 983
32 339
32 993
33 127
33 891
33 389
33 638
33 548
33 993
33 77
33 132
33 338
33 657
33 373
34 380
34 151
34 517
34 642
34 123
34 187
34 839
34 96
34 677
34 257
34 665
34 749
34 512
34 436
34 699
34 186
34 492
34 753
34 139
34 587
34 636
34 540
34 886
34 140
35 202
35 246
35 804
35 552
35 428
35 319
35 497
35 439
35 36
35 962
35 158
36 401
36 775
36 245
36 812
36 349
36 185
37 170
37 921
37 299
37 433
37 993
37 593
37 985
38 368
38 511
38 629
38 655
38 679
38 262
38 445
38 966
38 516
38 371
38 796
39 779
39 595
39 120
39 674
39 115
39 823
39 642
39 138
39 52
39 55
39 871
39 845
39 570
39 171
39 954
39 472
39 395
39 986
40 931
40 387
40 845
40 366
40 120
40 996
40 233
40 320
40 661
40 581
40 522
40 163
40 42
40 504
41 198
41 565
41 631
41 323
41 121
41 819
41 735
41 632
41 700
41 322
41 146
42 771
42 944
42 887
42 121
42 51
42 524
42 519
42 866
42 128
42 383
42 648
42 347
42 70
42 688
43 297
43 891
43 72
43 522
43 424
43 275
44 702
44 250
44 310
44 348
44 955
44 60
44 593
44 893
44 156
44 826
44 88
44 360
44 51
44 496
44 327
44 478
44 823
44 70
44 807
44 709
44 587
44 254
44 212
44 699
44 897
44 658
45 45
45 155
45 259
45 394
45 309
45 728
45 684
45 477
45 570
45 474
46 232
46 300
46 998
46 378
46 144
46 624
46 756
46 930
46 194
46 431
46 448
47 709
47 222
47 284
47 553
47 123
47 845
47 263
47 590
47 889
47 81
47 641
47 904
47 943
47 226
47 211
47 113
47 897
47 847
47 166
47 116
47 720
47 302
47 699
47 649
47 503
47 449
47 830
47 535
47 872
47 631
47 469
47 959
47 118
47 812
47 429
47 454
48 842
48 94
48 488
48 846
48 469
48 92
48 128
48 998
48 101
48 684
49 401
49 570
49 445
49 635
49 993
49 432
49 485
50 553
50 755
50 527
50 766
50 242
50 418
50 554
50 349
50 390
50 431
51 807
51 802
51 567
51 180
51 240
51 638
51 954
51 59
51 163
51 327
52 700
52 554
52 965
52 400
52 913
52 238
52 590
52 636
52 993
52 962
52 851
53 125
53 85
53 913
53 478
53 334
53 441
54 700
54 328
54 913
54 453
54 498
54 219
54 998
54 77
54 237
54 657
55 491
55 993
55 101
55 684
55 878
55 647
55 974
56 90
56 121
56 460
56 86
56 310
56 480
56 581
56 212
56 429
56 852
56 275
57 125
57 681
57 240
57 349
57 628
57 431
58 497
58 590
58 456
58 534
58 71
58 472
58 636
59 561
59 484
59 580
59 558
59 818
59 603
59 899
59 989
59 293
59 364
59 280
59 339
59 153
59 875
59 252
59 347
59 451
60 147
60 239
60 954
60 595
60 429
60 229
60 654
60 289
60 783
60 64
60 994
60 823
60 671
60 696
60 904
60 539
61 650
61 577
61 766
61 589
61 519
62 529
62 669
62 401
62 433
62 865
62 541
62 484
62 970
63 93
63 561
63 664
63 914
63 828
63 497
63 143
64 577
64 428
64 669
64 717
64 699
64 624
64 655
64 191
64 264
65 939
65 277
65 216
65 645
65 253
65 716
66 586
66 503
66 359
66 487
66 756
66 931
66 865
66 741
66 988
66 409
66 721
66 273
67 625
67 601
67 283
67 654
67 567
67 185
68 669
68 400
68 771
68 220
68 480
69 968
69 200
69 726
69 166
69 397
69 686
69 462
69 83
69 524
69 129
69 548
70 677
70 811
70 570
70 905
70 792
70 458
70 431
71 689
71 307
71 341
71 483
71 103
72 435
72 186
72 710
72 230
72 639
72 404
72 176
72 466
72 650
72 561
72 518
72 434
72 431
72 369
72 154
72 616
72 609
72 744
72 163
73 669
73 94
73 700
73 329
73 581
73 509
74 644
74 137
74 909
74 453
74 265
74 697
74 326
74 900
74 412
75 881
75 890
75 590
75 636
75 197
75 923
75 856
75 872
75 383
75 869
75 618
75 718
75 131
75 896
75 111
76 931
76 953
76 518
76 326
76 165
76 417
76 833
76 671
76 566
76 180
76 871
76 860
76 835
76 210
76 773
76 426
76 639
76 247
76 682
76 589
77 218
77 267
77 663
77 179
77 993
77 253
77 821
77 808
77 859
77 368
77 626
77 365
77 519
77 390
77 525
77 526
77 851
77 865
77 685
77 110
78 260
78 158
78 366
78 223
78 985
78 202
78 445
78 297
78 235
78 786
78 534
79 232
79 288
79 920
79 556
79 796
79 671
79 906
79 852
79 567
79 904
79 831
79 450
79 555
79 190
79 168
79 700
79 517
79 599
79 484
79 90
80 186
80 653
80 304
80 572
80 875
80 868
80 497
80 479
80 338
81 260
81 833
81 838
81 613
81 854
81 520
81 868
81 225
81 147
81 766
81 775
81 590
81 978
81 895
81 444
82 648
82 910
82 310
82 84
82 649
82 492
82 472
82 918
82 900
82 118
83 202
83 703
83 436
83 570
83 189
83 687
83 634
83 226
83 548
83 117
83 702
83 613
83 611
83 629
83 351
83 308
83 320
83 211
83 233
83 803
83 113
83 508
83 395
83 852
83 255
83 559
83 987
83 798
83 853
83 986
83 234
83 609
83 655
84 826
84 524
84 655
84 449
84 884
85 235
85 351
85 395
85 309
85 399
85 589
86 628
86 624
86 993
86 589
86 536
86 400
86 260
86 479
87 149
87 724
87 961
87 376
87 207
87 191
88 498
88 132
88 179
88 708
88 299
88 954
88 942
88 408
88 178
88 192
88 998
89 416
89 678
89 554
89 472
89 732
89 960
89 586
89 388
89 635
89 273
89 610
89 444
90 198
90 584
90 396
90 524
90 572
91 915
91 334
91 498
91 115
91 636
92 714
92 768
92 630
92 747
92 594
92 735
92 755
92 549
92 603
93 382
93 914
93 747
93 997
93 628
93 425
93 255
93 328
93 351
93 391
93 106
93 900
93 324
94 702
94 643
94 994
94 308
94 763
94 341
94 718
94 958
94 565
94 879
94 685
94 184
94 798
94 940
94 740
94 573
94 530
94 929
94 202
94 952
94 516
94 636
94 471
95 561
95 464
95 700
95 811
95 270
95 138
95 320
95 982
95 621
95 605
95 681
95 810
95 498
95 253
95 394
95 864
95 96
95 634
95 658
95 900
96 401
96 502
96 666
96 897
96 903
96 654
96 740
96 445
96 590
96 900
96 822
96 834
96 739
97 152
97 487
97 827
97 683
97 925
97 455
97 767
97 900
97 986
97 392
98 580
98 565
98 141
98 188
98 344
98 545
98 775
98 391
98 950
98 590
98 192
98 479
98 796
99 700
99 570
99 576
99 339
99 121
100 673
100 353
100 927
100 310
100 419
100 501
100 954
100 132
101 262
101 681
101 590
101 439
101 513
101 296
101 965
101 493
101 422
101 373
101 853
102 325
102 700
102 113
102 171
102 590
102 306
102 479
102 163
103 700
103 687
103 348
103 568
103 940
103 524
103 656
103 572
104 129
104 967
104 541
104 934
104 713
105 361
105 203
105 629
105 162
105 942
105 522
106 963
106 954
106 657
106 546
106 185
107 200
107 937
107 590
107 512
107 538
107 412
107 742
108 677
108 443
108 605
108 432
108 410
108 449
109 915
109 351
109 689
109 362
109 443
109 492
109 472
109 305
110 537
110 417
110 337
110 774
110 771
110 495
111 363
111 154
111 504
111 151
111 183
111 121
111 525
111 328
111 657
111 589
112 743
112 907
112 446
112 905
112 954
112 427
113 270
113 838
113 350
113 376
113 803
113 368
113 861
113 703
113 936
113 279
114 951
114 385
114 603
114 342
114 405
114 516
114 933
114 375
114 678
114 725
114 987
114 262
114 570
114 590
114 848
115 231
115 998
115 454
115 363
115 524
116 916
116 452
116 525
116 707
116 400
116 511
116 578
116 681
116 492
116 783
116 182
117 117
117 339
117 208
117 717
117 405
117 235
117 954
117 713
117 796
117 674
117 688
118 640
118 134
118 712
118 400
118 498
118 952
118 396
119 728
119 769
119 130
119 698
119 439
119 193
119 584
119 849
119 402
120 686
120 581
120 656
120 547
120 658
120 605
120 997
120 449
120 291
121 669
121 389
121 423
121 809
121 318
122 931
122 347
122 576
122 141
122 658
122 230
122 719
122 796
123 250
123 394
123 131
123 191
123 532
123 950
123 461
123 995
123 609
123 684
123 540
124 857
124 737
124 881
124 992
124 918
124 197
124 608
124 524
125 125
125 160
125 769
125 849
125 379
125 323
125 314
125 425
125 830
125 580
125 885
125 165
125 892
125 846
125 286
125 312
125 330
125 139
125 916
125 590
125 492
125 479
125 424
126 202
126 810
126 640
126 872
126 760
126 696
127 401
127 850
127 263
127 240
127 489
127 759
127 236
127 984
128 714
128 581
128 472
128 786
128 484
128 840
128 227
128 413
128 606
128 547
128 655
128 441
129 173
129 372
129 918
129 208
129 313
129 451
129 536
129 755
129 995
129 744
130 328
130 520
130 834
130 330
130 403
130 609
130 703
130 686
130 894
130 943
130 926
131 565
131 874
131 246
131 519
131 866
131 993
131 900
131 835
131 136
132 749
132 681
132 187
132 493
132 985
132 542
132 357
132 575
132 660
132 578
133 398
133 652
133 394
133 367
133 519
133 770
133 658
134 401
134 177
134 380
134 912
134 392
134 329
134 341
134 144
134 853
134 428
134 556
135 801
135 658
135 377
135 431
135 732
135 264
136 270
136 604
136 952
136 481
136 154
137 842
137 555
137 160
137 536
137 951
137 987
137 479
137 812
137 341
138 561
138 670
138 299
138 992
138 440
138 993
138 395
139 820
139 948
139 205
139 696
139 636
139 993
139 585
140 700
140 374
140 474
140 587
140 977
140 225
140 389
140 181
140 206
140 742
140 305
140 394
140 158
140 513
140 849
140 319
140 920
140 544
140 903
140 801
140 639
140 192
140 324
140 685
141 549
141 681
141 972
141 647
142 913
142 491
142 294
142 471
142 553
142 498
142 936
142 283
143 933
143 669
143 787
143 199
143 659
144 948
144 905
144 333
144 702
145 260
145 803
145 412
145 765
145 640
145 542
145 905
145 581
145 900
146 361
146 770
146 359
146 948
146 658
147 931
147 861
147 654
147 575
147 501
147 979
147 816
147 886
148 661
148 993
148 656
148 798
148 956
148 454
148 511
149 941
149 580
149 340
149 869
149 878
149 747
149 910
149 771
149 994
149 820
149 541
149 746
149 623
149 753
149 187
149 998
149 237
149 454
149 796
150 530
150 700
150 398
150 937
150 546
150 852
150 479
150 524
150 853
151 168
151 353
151 913
151 499
151 591
151 675
152 673
152 383
152 729
152 687
152 644
152 756
152 919
152 288
152 272
152 931
152 619
152 681
152 492
152 911
152 450
152 589
153 195
153 277
153 590
153 265
153 900
153 477
153 867
154 913
154 348
154 492
154 812
154 998
154 821
154 856
155 800
155 727
155 399
155 579
155 732
155 900
155 863
155 796
156 810
156 342
156 516
156 609
156 369
156 304
157 325
157 700
157 638
157 503
157 439
158 988
158 767
158 900
158 373
158 962
159 604
159 521
159 279
159 542
159 909
159 169
159 199
160 173
160 524
160 418
160 682
160 918
160 431
160 886
161 326
161 243
161 335
161 162
161 505
161 606
161 484
161 610
161 878
162 604
162 577
162 411
162 348
162 826
162 731
162 583
162 635
162 431
163 218
163 510
163 902
163 472
163 212
163 636
163 682
163 782
163 529
163 817
163 564
163 990
163 261
163 896
164 542
164 768
164 805
164 497
164 865
164 381
164 904
164 657
164 275
165 827
165 348
165 484
165 657
165 967
165 182
165 647
165 970
166 712
166 370
166 498
166 244
166 682
166 534
166 168
166 915
167 827
167 186
167 202
167 288
167 581
167 484
168 222
168 390
168 696
168 578
168 710
168 173
168 913
168 639
169 565
169 503
169 864
169 580
169 634
169 404
169 720
169 968
169 685
169 581
169 492
169 248
169 326
170 214
170 862
170 701
170 287
170 545
170 746
170 590
170 973
170 993
170 932
170 357
170 804
170 305
171 760
171 333
171 419
171 440
171 437
171 698
172 882
172 400
172 741
172 468
172 961
173 595
173 218
173 933
173 257
173 259
173 957
173 291
173 855
173 569
173 506
173 466
173 686
173 457
173 410
173 455
173 719
173 796
174 800
174 923
174 395
174 431
174 688
175 202
175 653
175 590
175 433
175 187
175 921
175 899
175 473
175 177
175 563
175 435
175 964
175 947
175 484
176 549
176 643
176 497
176 750
176 524
176 865
176 265
177 931
177 946
177 436
177 921
177 872
177 530
177 700
177 772
177 322
177 993
177 942
178 451
178 492
178 331
178 442
178 867
178 589
178 395
179 563
179 700
179 409
179 736
179 623
179 338
179 667
180 337
180 453
180 728
180 334
180 187
180 796
181 382
181 661
181 590
181 221
181 326
181 954
181 472
181 743
182 771
182 954
182 993
182 589
182 218
182 884
182 992
182 704
182 837
182 485
183 673
183 544
183 910
183 212
183 581
183 304
183 444
184 416
184 492
184 220
184 857
185 255
185 700
185 972
185 989
185 997
185 614
185 858
185 528
186 544
186 787
186 709
186 306
186 848
187 236
187 256
187 278
187 954
187 609
187 477
187 324
188 933
188 838
188 416
188 383
188 908
188 980
188 668
188 696
188 298
188 522
188 629
189 737
189 876
189 345
189 343
189 342
189 547
189 469
189 464
189 794
189 419
190 389
190 960
190 981
190 410
190 850
191 497
191 590
191 612
191 935
191 379
191 591
192 479
192 990
192 522
192 223
192 983
192 811
192 843
192 614
192 635
192 723
193 497
193 532
193 820
193 710
193 993
193 969
194 281
194 537
194 745
194 952
194 483
194 338
194 674
195 678
195 320
195 780
195 616
195 875
195 517
195 334
195 472
196 534
196 603
196 380
196 396
196 992
197 707
197 476
197 369
197 511
197 590
197 825
197 595
197 900
197 843
198 561
198 640
198 820
198 259
198 704
198 207
198 595
198 488
198 993
199 590
199 492
199 591
199 852
199 306
199 424
200 786
200 483
200 295
200 376
200 911
200 479
200 596
200 524
200 609
201 931
201 700
201 810
201 921
201 972
202 700
202 355
202 323
202 917
202 571
202 319
202 591
202 712
202 792
202 547
202 246
202 534
202 995
202 333
202 370
202 895
202 317
202 446
202 594
202 462
202 877
202 307
202 312
202 853
202 332
202 540
203 931
203 953
203 544
203 857
203 669
203 584
203 926
203 609
203 377
204 663
204 217
204 660
204 450
204 495
204 513
204 993
204 291
205 260
205 436
205 807
205 891
205 531
205 376
205 403
205 971
205 853
206 772
206 952
206 516
206 272
206 557
206 671
206 697
206 290
206 230
206 560
207 604
207 774
207 891
207 591
207 793
208 842
208 471
208 538
208 588
208 775
208 479
209 464
209 395
209 791
209 289
209 684
209 880
209 427
209 495
209 706
209 828
209 694
209 399
209 299
209 826
210 599
210 992
210 984
210 243
211 218
211 236
211 562
211 667
212 497
212 590
212 579
212 566
212 823
212 849
212 987
212 400
212 312
212 897
212 816
212 606
212 947
213 700
213 590
213 601
213 691
213 484
213 900
213 810
213 856
213 874
213 264
214 931
214 544
214 383
214 482
214 283
214 786
214 644
214 489
214 911
214 472
214 326
214 518
215 931
215 633
215 595
215 552
215 942
215 381
216 984
216 514
216 299
216 324
216 382
216 327
216 826
216 524
216 684
216 878
216 373
217 248
217 885
217 851
217 317
217 873
218 543
218 931
218 818
218 419
218 992
218 334
218 522
218 312
218 506
218 418
218 859
218 673
218 691
218 702
218 310
218 637
218 868
218 828
218 343
218 900
218 725
219 913
219 463
219 617
219 838
219 892
219 335
219 878
219 391
219 423
219 234
219 464
219 301
219 945
219 757
219 245
219 420
219 900
219 492
219 472
219 998
220 343
220 610
220 708
220 232
220 435
220 521
220 571
220 969
220 392
220 522
220 593
220 378
220 900
221 359
221 497
221 288
221 642
221 998
221 311
222 702
222 586
222 252
222 352
223 650
223 950
223 263
223 306
224 529
224 914
224 819
224 385
224 905
224 675
225 225
225 572
225 598
225 294
225 670
225 590
225 630
225 395
225 304
226 842
226 370
226 590
226 696
226 675
227 653
227 999
227 954
227 472
227 993
227 896
227 428
228 702
228 584
228 589
228 378
228 513
229 931
229 916
229 903
229 423
229 498
229 581
229 719
229 969
229 696
230 857
230 686
230 590
230 285
230 753
230 516
231 232
231 560
231 894
231 953
231 549
231 370
231 581
231 636
231 589
231 373
232 302
232 699
232 504
232 595
232 794
232 733
232 512
232 663
232 299
232 954
232 472
232 618
232 849
232 496
233 908
233 945
233 842
233 778
233 275
234 604
234 811
234 590
234 611
235 890
235 659
235 526
236 921
236 778
236 892
236 272
236 590
236 954
236 635
236 993
236 424
236 534
237 601
237 358
237 549
237 991
238 832
238 663
238 265
238 798
238 985
238 308
238 865
238 671
238 952
238 645
238 304
239 297
239 503
239 590
239 802
239 343
239 492
239 691
240 683
240 812
240 522
240 524
240 371
241 931
241 335
241 913
241 249
241 951
241 722
242 689
242 329
242 570
242 492
242 719
242 696
242 555
243 673
243 700
243 498
243 581
243 952
243 533
243 585
244 353
244 913
244 477
244 407
244 695
244 836
244 342
244 849
244 629
245 857
245 443
245 492
245 258
245 822
246 931
246 265
246 697
246 696
246 993
246 433
246 404
246 972
246 255
246 496
247 931
247 400
247 741
247 808
247 315
247 395
248 559
248 757
248 282
248 899
248 487
248 912
249 555
249 638
249 858
249 515
249 893
249 864
249 296
249 401
249 484
249 357
250 583
250 878
250 860
250 905
250 837
250 420
250 589
251 800
251 561
251 905
251 590
251 472
251 424
251 989
252 964
252 998
252 327
252 716
252 452
253 481
253 539
253 431
253 548
254 661
254 488
254 582
254 791
254 563
254 533
254 583
254 723
254 896
255 976
255 511
255 880
255 666
255 907
255 910
255 568
255 802
256 571
256 953
256 487
256 493
256 338
256 288
257 613
257 964
257 839
258 842
258 905
258 492
258 550
258 708
258 316
258 411
258 680
258 631
259 334
259 399
259 905
259 763
260 485
260 381
260 266
260 849
260 566
260 551
260 958
260 590
260 952
260 326
260 680
260 967
260 796
260 275
261 976
261 590
261 509
261 414
261 349
262 915
262 994
262 754
262 604
262 815
262 309
262 702
262 436
262 376
262 409
262 849
263 476
263 628
263 903
263 564
263 581
263 738
263 676
263 431
264 542
264 980
264 646
264 581
264 478
264 306
264 993
264 835
264 969
264 492
264 776
264 397
264 412
264 833
265 941
265 604
265 296
265 833
265 650
265 547
265 273
265 973
265 866
265 548
265 274
265 550
265 993
266 510
266 326
266 961
266 557
267 738
267 396
267 968
267 590
267 581
267 923
267 730
268 779
268 700
268 498
268 952
269 953
269 488
269 733
269 846
269 718
269 385
270 911
270 308
270 836
270 519
270 903
270 497
270 954
270 331
270 572
271 314
271 590
271 365
271 409
271 775
272 375
272 774
272 440
272 903
272 492
272 547
272 796
273 740
273 981
273 852
273 531
273 392
274 578
274 937
274 541
274 904
274 872
275 595
275 979
275 599
275 472
275 516
275 636
275 684
275 531
275 839
275 354
275 677
275 726
275 501
275 443
275 874
275 706
275 899
275 953
275 607
275 775
276 542
276 677
276 634
276 954
276 988
277 602
277 337
277 891
277 601
278 842
278 492
278 599
278 327
278 993
278 518
279 420
279 635
279 567
279 371
279 846
279 720
279 981
279 425
279 752
279 969
279 572
280 700
280 908
280 913
280 801
280 674
281 934
281 990
281 558
281 625
281 719
281 472
282 370
282 858
282 794
282 409
282 447
283 492
283 918
283 872
283 901
283 469
283 856
284 818
284 407
284 846
284 951
284 918
284 985
284 777
284 497
284 581
284 693
284 744
285 881
285 470
285 992
285 458
285 729
285 590
285 581
285 440
285 993
286 800
286 931
286 298
286 785
286 619
286 885
287 368
287 627
287 590
287 581
287 776
287 696
287 793
287 524
287 665
287 352
288 777
288 823
288 447
288 503
288 874
288 562
288 445
288 635
288 381
289 803
289 479
289 326
289 381
289 900
289 829
290 650
290 933
290 355
290 874
290 537
290 625
290 706
290 431
290 886
291 673
291 606
291 428
291 811
291 520
291 595
291 564
292 372
292 326
292 926
292 302
292 988
293 328
293 492
293 509
293 900
293 916
294 484
294 896
294 910
295 888
295 959
295 963
295 588
295 696
295 429
295 471
295 557
295 449
296 931
296 442
296 686
296 956
296 779
296 416
297 544
297 595
297 737
297 923
297 856
297 690
297 414
297 841
297 834
298 502
298 760
298 372
298 360
298 386
298 962
299 779
299 638
299 342
299 761
299 700
299 748
299 651
299 896
299 581
299 326
299 448
300 820
300 907
300 379
300 863
300 878
300 796
301 367
301 954
301 592
301 351
301 796
302 670
302 766
302 742
302 889
302 778
302 703
302 890
302 413
303 787
303 307
303 905
303 639
303 318
304 435
304 328
304 581
304 589
304 989
304 915
304 763
304 992
304 369
304 761
304 381
304 377
304 639
304 554
304 739
304 669
304 732
305 482
305 656
305 396
305 735
305 744
305 871
305 789
305 556
306 619
306 564
306 813
306 811
306 383
306 952
306 472
307 464
307 529
307 476
307 483
307 356
307 838
307 924
307 633
307 697
307 918
307 492
307 331
307 958
307 849
307 315
307 984
307 460
307 937
307 594
307 996
307 853
307 381
307 536
307 620
307 589
307 796
308 673
308 916
308 700
308 453
308 686
308 657
308 878
309 705
309 389
309 710
309 709
309 826
309 993
309 448
310 378
310 891
310 948
310 988
310 993
310 680
311 700
311 993
311 481
311 889
312 590
312 550
313 941
313 799
313 870
313 327
313 624
313 694
313 405
313 993
314 937
314 357
314 930
314 367
314 581
314 719
314 993
314 414
315 669
315 469
315 484
315 691
315 646
316 837
316 881
316 938
316 885
316 915
316 635
316 993
316 773
316 851
317 841
317 831
317 646
317 835
317 655
317 603
318 681
318 891
318 492
318 472
318 966
319 696
319 998
319 684
320 809
320 891
320 954
320 682
320 998
320 409
320 684
321 700
321 677
321 910
321 329
321 591
321 516
321 918
321 993
321 974
322 931
322 703
322 370
322 891
322 748
322 403
322 591
322 778
322 695
323 479
323 509
323 656
323 431
324 423
324 581
324 354
324 378
324 699
324 983
325 959
325 862
325 523
325 797
325 776
325 368
325 700
325 707
325 434
325 534
326 425
326 705
326 431
326 715
326 571
326 684
326 619
326 560
327 751
327 925
327 899
327 603
327 871
327 778
328 398
328 978
328 666
328 590
328 581
328 390
328 822
328 932
328 429
329 571
329 508
329 534
329 528
329 628
329 974
330 646
330 865
330 470
330 417
330 900
330 589
330 778
331 842
331 760
331 626
331 706
331 404
331 947
331 449
332 561
332 434
332 613
332 667
332 954
332 431
333 931
333 497
333 887
334 347
334 704
334 414
334 830
334 740
334 346
334 601
335 933
335 872
335 604
335 468
335 840
335 890
335 558
335 993
336 455
336 636
336 998
336 719
337 976
337 375
337 656
337 474
337 775
337 596
337 696
337 998
338 342
338 845
338 936
338 659
338 490
338 462
338 349
338 875
338 915
338 444
339 931
339 497
339 625
339 632
339 576
339 528
339 849
339 896
340 401
340 391
340 937
340 590
340 417
340 989
340 478
340 571
341 911
341 655
341 967
342 546
342 659
342 972
342 696
342 735
343 948
343 782
343 363
343 413
343 569
343 908
343 516
343 878
344 604
344 832
344 980
344 991
344 492
344 524
345 707
345 977
345 995
345 946
345 756
345 851
345 358
345 932
345 590
345 761
345 591
345 993
346 498
346 378
346 708
346 946
346 840
346 731
346 518
347 931
347 741
347 363
347 902
347 752
347 700
347 772
347 897
347 980
347 433
347 466
347 684
348 604
348 646
348 803
348 480
348 719
348 551
348 922
348 652
348 537
348 670
348 697
348 808
348 414
348 769
348 913
348 435
348 786
348 597
348 541
349 595
349 909
349 913
349 732
349 933
349 534
349 733
349 926
349 821
349 975
350 561
350 805
350 917
350 452
350 905
350 988
350 589
350 723
350 834
351 378
351 701
351 537
351 516
351 485
352 459
352 481
352 714
353 772
353 506
353 966
353 406
353 937
353 749
353 714
353 952
353 696
353 481
353 449
354 800
354 686
354 787
354 736
354 679
354 431
354 872
355 931
355 700
355 738
355 591
355 694
355 998
355 843
355 395
355 465
356 838
356 955
356 499
356 840
356 548
357 433
357 898
357 977
357 629
358 720
358 957
358 492
358 591
358 541
358 715
358 822
358 674
359 700
359 894
359 737
359 590
359 552
359 484
359 485
360 368
360 810
360 987
360 409
360 548
360 739
360 422
361 597
361 892
361 458
361 777
361 992
362 818
362 433
362 987
362 904
362 564
362 579
362 589
362 585
362 449
362 485
363 530
363 523
363 624
363 627
363 437
363 579
363 993
363 524
363 589
364 368
364 591
364 782
364 993
364 701
364 900
365 710
365 945
365 952
365 682
365 422
365 719
365 524
365 778
366 700
366 905
366 981
366 581
366 479
366 993
366 431
367 540
367 893
367 929
367 467
368 476
368 994
368 748
368 706
368 915
368 661
368 423
368 497
368 721
369 571
369 927
369 590
369 483
369 497
369 457
369 901
369 522
370 692
370 460
370 590
370 631
370 401
370 814
370 472
370 889
371 730
371 400
372 931
372 505
372 566
372 780
372 399
372 484
372 556
373 544
373 972
373 472
373 622
373 639
373 871
373 648
373 615
373 570
373 703
373 506
373 437
373 516
374 558
374 784
374 382
374 826
374 725
374 576
374 522
374 900
375 931
375 720
375 676
375 979
375 954
375 871
376 570
376 646
376 612
376 900
377 416
377 535
377 599
378 734
378 490
378 399
378 724
378 605
378 856
379 931
379 700
379 980
379 779
379 981
379 579
379 524
379 932
380 720
380 804
380 700
380 897
380 733
381 700
381 638
381 472
381 825
381 900
382 973
382 961
382 387
382 561
382 972
382 509
383 750
383 501
383 671
383 662
384 529
384 687
384 971
384 399
384 539
385 543
385 663
385 689
385 967
386 734
386 639
386 672
386 882
386 831
386 402
386 904
386 694
386 443
386 812
387 898
387 462
387 917
387 971
387 589
388 825
388 694
388 747
388 595
388 844
388 961
388 790
389 933
389 726
389 399
390 702
390 590
390 631
390 782
390 622
391 707
391 622
391 773
391 497
391 618
391 449
392 737
392 882
392 763
393 858
393 492
393 793
393 933
394 909
394 472
395 803
395 700
395 687
395 882
395 751
395 947
395 889
395 609
395 682
395 632
395 995
395 968
395 487
395 810
395 675
395 481
395 815
395 938
395 521
395 739
396 704
396 581
396 709
396 543
396 431
397 800
397 764
397 673
397 958
397 581
397 954
397 492
397 579
398 523
398 934
398 401
398 758
398 436
398 655
398 863
398 614
398 856
399 770
399 927
399 924
399 869
399 841
399 570
399 832
399 768
399 809
399 808
399 925
399 782
399 993
399 896
400 678
400 994
400 860
400 634
400 858
400 557
400 752
400 715
400 518
400 965
400 998
401 540
401 471
401 654
401 486
401 839
401 734
401 900
401 431
402 664
402 581
402 971
402 531
403 564
403 590
403 966
403 479
404 678
404 700
404 928
404 498
404 742
404 993
404 656
405 569
405 673
405 434
405 960
405 826
406 700
406 707
406 492
406 918
406 993
406 506
406 454
407 590
407 957
407 826
407 655
407 454
407 540
408 634
408 751
408 611
408 550
408 425
409 613
409 642
409 542
409 891
409 954
409 936
409 607
409 736
410 423
410 581
410 700
411 416
411 472
411 464
411 546
411 752
411 542
411 491
411 590
411 623
412 516
412 701
413 506
413 533
413 414
413 736
413 738
413 700
413 497
413 513
413 782
413 998
414 953
414 423
414 590
414 812
414 558
414 803
414 564
414 453
414 795
414 519
414 900
414 989
415 857
415 749
415 972
415 954
415 719
415 479
415 516
415 596
415 601
415 637
416 575
416 985
416 774
416 892
416 836
416 957
416 492
416 658
417 497
417 990
417 518
417 757
418 842
418 669
418 611
418 829
419 814
420 868
420 707
420 932
420 824
420 641
420 657
420 655
420 449
421 664
421 861
421 832
421 516
421 596
422 679
422 423
422 772
422 945
423 464
423 517
423 756
423 619
423 762
423 982
423 649
423 484
423 872
423 968
423 516
424 719
424 568
424 780
424 818
424 764
424 826
425 625
425 492
425 694
425 918
426 890
426 885
426 470
426 894
427 634
427 439
427 993
428 655
429 797
429 903
429 935
429 644
429 751
429 895
429 577
430 797
430 891
430 954
430 826
430 513
430 977
431 554
431 921
431 905
431 761
431 513
431 858
431 438
431 638
431 620
431 571
431 820
431 937
431 648
431 740
431 745
431 467
431 936
431 558
431 766
431 821
431 822
431 679
431 900
431 828
431 489
431 599
431 993
431 928
431 529
431 486
431 521
431 502
432 868
432 534
433 615
433 897
433 820
433 481
433 735
433 822
434 681
434 652
434 579
434 606
434 900
435 650
435 524
435 871
435 678
435 959
435 459
435 540
435 891
435 954
435 900
436 673
436 700
436 661
436 905
436 645
436 605
436 796
437 979
437 954
437 655
437 446
437 900
437 929
438 627
438 775
438 492
438 472
438 993
439 937
439 515
439 573
439 647
440 839
440 590
440 581
440 452
440 696
440 609
441 638
441 719
441 900
442 664
442 760
442 884
442 776
442 797
442 677
442 764
443 931
443 456
443 529
443 789
443 820
443 865
443 728
443 773
443 634
443 791
443 772
443 794
443 919
443 576
443 708
443 692
443 855
443 792
443 659
444 613
444 543
444 590
444 481
444 900
444 655
444 708
444 638
444 822
445 637
446 810
446 945
446 712
446 492
447 727
447 805
447 590
447 597
448 909
448 775
448 635
449 700
449 631
449 818
449 654
449 893
449 692
450 472
450 971
451 933
451 645
451 996
451 552
451 799
451 898
451 565
451 936
451 579
451 622
451 812
452 703
452 590
452 748
452 900
452 485
453 462
453 591
453 516
453 596
454 700
454 952
454 635
454 691
454 904
454 761
454 674
454 609
454 565
454 934
454 649
454 515
455 672
455 948
455 727
455 974
455 822
455 642
455 484
455 900
456 543
456 920
456 506
456 615
456 544
456 900
456 487
456 730
456 695
457 772
457 492
457 614
457 603
458 781
458 700
458 505
458 809
458 849
459 638
459 954
459 516
459 635
459 896
460 626
460 524
460 589
461 827
461 646
461 663
461 873
461 796
461 655
461 684
462 526
462 890
462 522
462 900
463 727
463 861
463 790
463 660
463 696
464 958
464 590
464 610
464 654
464 863
464 827
464 842
464 497
464 819
464 579
464 484
465 590
465 644
465 885
466 931
466 571
466 661
466 741
466 793
467 669
467 965
467 521
468 663
468 492
468 818
469 689
469 573
469 841
469 697
469 883
469 503
470 777
470 810
470 908
470 528
471 696
471 812
471 504
471 698
471 483
471 926
471 732
471 734
472 646
472 952
472 499
472 882
472 964
472 864
472 617
472 626
472 734
472 920
472 577
472 620
472 522
472 715
472 527
472 922
472 616
472 589
472 943
472 772
472 683
472 789
472 704
472 896
472 817
472 491
472 881
472 959
472 858
472 730
472 544
472 927
472 762
473 638
473 590
473 536
473 900
474 728
474 982
474 930
475 549
475 476
475 779
475 671
475 719
476 699
476 642
476 599
477 881
477 497
477 889
477 509
477 913
478 602
478 590
478 889
478 799
478 789
478 848
478 709
478 778
479 727
479 617
479 811
479 972
479 734
479 564
479 795
479 802
479 865
479 862
479 924
479 751
479 551
479 728
479 566
479 801
480 774
480 689
480 491
480 494
480 796
481 545
482 503
482 964
482 578
482 745
482 605
482 764
482 534
483 733
483 900
484 963
484 937
484 590
484 718
484 586
484 892
484 537
484 774
484 654
484 647
484 762
484 524
484 570
484 869
484 500
484 564
484 946
485 931
485 953
485 570
485 962
485 845
485 488
485 868
485 613
486 619
486 832
486 729
486 993
487 630
487 891
487 718
488 958
488 638
488 982
488 627
488 999
488 512
489 839
489 709
489 857
489 778
489 533
489 695
489 993
490 892
490 663
490 887
490 956
491 722
491 871
491 932
492 987
492 495
492 957
492 811
492 935
492 613
492 960
492 561
492 554
492 869
492 644
492 862
492 781
492 997
492 842
492 900
492 986
492 553
492 797
492 709
492 863
492 526
492 746
492 787
492 684
492 614
492 963
492 616
492 789
492 620
492 925
492 977
492 672
492 733
492 756
492 958
492 651
492 594
492 829
492 959
492 973
492 659
492 580
492 993
492 587
492 719
492 740
492 682
492 514
492 896
493 604
493 609
493 543
494 805
494 590
494 993
494 600
495 811
495 999
495 945
496 700
496 689
496 512
496 506
496 682
497 958
497 670
497 770
497 652
497 688
497 833
497 643
497 544
497 779
497 879
497 709
497 717
497 940
497 765
497 978
497 693
497 922
497 664
497 657
497 711
497 590
497 993
497 500
498 681
498 511
498 645
498 857
498 632
498 509
498 871
498 918
498 961
498 657
498 514
499 952
499 720
499 509
499 900
500 827
500 993
500 657
500 713
501 577
501 991
501 954
501 512
501 690
501 812
501 900
502 650
502 814
502 798
502 526
502 915
502 931
503 544
503 881
503 533
503 596
504 933
504 861
504 626
504 572
504 831
504 920
504 707
505 768
505 998
506 752
506 796
507 700
507 954
507 516
507 747
507 626
508 690
508 598
508 902
508 900
509 707
509 513
509 745
509 756
509 568
510 554
510 583
510 929
510 516
510 579
510 684
511 827
511 669
511 993
512 672
512 540
513 826
513 827
513 910
513 949
513 571
514 945
514 980
514 981
514 734
514 879
514 686
514 730
514 944
514 932
514 783
515 516
515 601
515 691
515 790
515 868
516 702
516 827
516 972
516 597
516 763
516 949
516 907
516 999
516 866
516 790
516 880
516 960
516 522
516 650
516 805
516 563
516 642
516 922
516 993
517 847
517 811
517 625
517 895
518 542
518 586
519 951
519 746
519 844
519 741
520 931
520 626
520 754
520 730
520 952
520 612
520 552
520 993
521 619
521 625
521 668
521 726
521 581
521 696
521 550
521 721
522 784
522 588
522 701
522 752
522 683
522 584
522 612
522 620
522 779
522 844
522 540
523 696
523 988
523 725
523 680
524 897
524 836
524 646
524 722
524 567
524 564
524 909
524 898
524 698
524 905
524 833
524 561
524 981
524 928
524 530
524 525
524 866
524 665
525 700
525 880
525 704
525 644
525 967
526 916
526 711
526 735
526 865
526 812
526 631
527 681
527 832
527 991
527 581
527 884
527 943
527 926
528 700
528 910
528 601
528 856
529 960
529 543
529 587
529 590
529 634
529 956
530 986
530 702
530 659
530 966
530 620
530 741
530 880
530 535
530 735
530 716
531 768
531 769
532 544
532 749
532 590
532 888
532 576
532 887
533 536
533 813
533 913
533 655
534 704
534 669
534 692
534 993
534 657
534 764
534 859
534 741
534 861
534 744
535 592
535 859
536 551
536 893
537 797
537 625
537 923
538 842
538 831
538 962
538 639
539 673
539 627
539 703
539 606
540 590
540 581
540 952
540 932
540 610
541 702
541 831
541 941
541 816
541 998
542 989
542 565
542 753
542 651
542 801
542 998
543 769
543 619
543 625
543 658
543 829
543 585
544 701
544 914
544 883
544 636
544 774
544 737
544 555
544 952
544 623
545 737
545 861
545 552
545 551
545 702
545 900
546 886
546 713
546 910
546 684
547 577
547 696
547 595
549 954
549 756
549 604
549 950
549 682
549 988
549 674
550 583
550 785
550 557
550 716
550 803
550 703
550 807
551 812
551 716
552 700
553 561
553 604
553 570
553 636
553 900
554 633
554 576
554 873
554 900
555 673
555 867
555 876
555 715
555 764
555 700
555 832
555 993
555 926
555 680
556 733
556 590
557 660
557 839
557 800
557 752
557 945
557 821
558 842
558 643
558 713
558 934
558 578
558 900
558 676
558 997
559 602
559 933
559 700
559 714
559 905
559 900
559 589
560 838
560 643
560 998
561 578
561 891
561 621
561 609
561 743
561 799
561 709
561 664
561 926
561 950
561 872
561 894
561 820
561 979
561 677
561 991
561 590
561 579
562 563
562 571
562 797
562 625
562 896
563 932
563 891
564 567
564 676
564 749
564 952
564 984
564 929
565 776
565 633
565 775
566 916
566 786
566 636
566 940
567 661
567 948
567 980
567 904
568 978
568 646
568 675
568 649
569 842
569 643
569 714
569 900
569 684
570 882
570 960
570 627
570 607
570 640
570 746
570 905
570 764
570 900
571 807
571 793
571 666
571 919
571 925
571 790
571 896
571 895
572 677
572 900
572 963
572 730
572 588
572 802
573 844
573 771
573 627
573 713
573 740
574 737
574 684
574 795
574 665
574 930
574 764
575 842
575 700
575 928
575 581
575 589
576 596
576 674
577 702
577 826
577 747
577 578
577 905
577 954
577 812
578 611
578 725
578 910
578 797
578 785
578 952
578 655
579 976
579 677
579 786
579 595
579 687
579 994
579 956
579 933
579 937
579 710
579 711
579 939
579 658
579 930
579 659
580 673
580 584
580 711
581 928
581 955
581 957
581 599
581 841
581 711
581 759
581 600
581 999
581 653
581 749
581 654
581 733
581 880
581 704
581 604
581 906
581 706
581 771
581 923
581 914
581 981
581 674
581 608
581 924
581 747
581 665
581 986
581 859
581 795
581 649
581 872
581 968
581 871
581 929
582 590
582 694
582 925
583 588
583 917
583 735
583 882
583 753
584 954
584 937
584 993
584 899
584 589
585 931
585 960
585 676
586 961
587 888
588 642
588 909
588 948
588 768
588 949
588 590
588 724
588 635
588 798
588 997
589 759
589 637
589 754
589 826
589 731
589 616
589 735
589 922
589 604
589 743
589 700
589 717
589 825
589 660
589 745
589 944
589 885
589 628
589 658
589 860
589 657
589 974
589 994
589 953
589 630
590 931
590 842
590 634
590 646
590 905
590 813
590 800
590 880
590 938
590 973
590 867
590 906
590 968
590 778
590 786
590 983
590 960
590 741
590 630
590 673
590 652
590 772
590 688
590 799
590 990
590 654
590 840
590 693
590 811
590 755
590 679
590 666
590 669
590 686
590 681
590 604
591 723
591 727
591 768
591 852
592 931
592 992
592 665
593 800
593 963
593 701
593 843
594 781
594 604
594 634
595 814
595 956
595 877
595 898
595 774
595 805
595 891
595 608
595 812
595 993
596 891
596 911
596 684
596 943
596 804
596 996
597 817
597 919
597 771
597 977
597 796
598 636
598 725
599 678
599 668
599 896
600 661
600 954
600 763
600 846
600 974
601 700
601 920
601 818
601 791
601 936
601 774
601 754
601 943
601 848
601 665
601 704
601 806
601 761
601 755
601 804
602 650
602 975
602 885
602 838
602 998
603 650
603 951
603 691
603 694
603 856
603 769
603 762
603 815
604 939
604 963
604 969
604 750
604 800
604 715
604 744
606 734
606 646
606 850
607 858
607 612
607 998
608 842
608 619
608 954
608 778
608 684
609 842
609 811
609 900
609 784
609 953
609 663
609 658
610 842
610 659
611 964
611 884
611 750
611 875
612 900
612 802
613 763
613 858
613 792
613 998
614 842
614 677
614 775
614 825
615 760
615 721
615 706
615 928
615 875
615 770
615 798
615 848
616 646
616 840
617 700
617 891
617 913
617 785
617 714
617 883
617 828
618 931
618 768
618 627
618 840
618 993
619 673
619 648
619 963
619 682
620 686
620 753
621 953
621 781
621 706
621 900
622 702
622 941
622 630
623 990
623 995
623 891
623 636
623 656
624 661
624 962
624 854
625 819
625 838
625 949
625 717
625 989
625 872
626 775
626 948
626 868
626 684
626 647
627 939
627 700
627 762
627 698
627 917
627 848
628 974
628 988
628 636
629 993
629 949
630 897
631 833
631 636
631 642
632 990
632 954
633 842
633 761
633 974
634 700
634 768
634 681
635 680
635 666
636 811
636 812
636 731
636 732
636 919
636 979
636 898
636 958
636 662
636 971
636 802
636 739
637 958
637 792
638 916
638 947
638 653
638 902
638 816
638 928
639 687
639 735
640 705
640 934
640 946
640 954
641 772
641 770
641 710
642 917
642 992
642 846
642 993
642 995
642 930
643 931
643 862
644 852
644 976
645 913
645 923
645 760
646 691
646 839
646 795
646 759
646 721
647 998
647 910
647 989
647 780
648 707
648 819
648 745
649 692
649 908
649 719
649 750
649 956
650 944
650 700
651 764
652 928
653 780
653 952
654 760
654 877
655 999
655 973
655 840
655 798
655 894
655 728
656 993
656 881
656 863
656 748
657 992
657 904
657 735
657 920
657 742
657 702
657 989
657 829
657 796
657 804
657 791
658 973
658 763
658 702
658 819
659 661
659 905
659 967
659 916
660 931
660 720
660 837
660 900
660 896
660 997
661 747
661 843
661 999
662 993
662 995
663 875
663 763
663 797
663 871
663 748
663 900
664 776
664 993
664 817
664 743
664 971
664 934
664 766
664 988
664 851
665 827
666 842
666 668
666 826
667 829
667 779
668 924
668 798
668 973
669 704
669 669
669 944
669 939
669 928
669 784
669 840
669 900
670 764
670 947
671 877
671 907
671 768
672 953
672 700
672 692
672 985
672 756
672 879
672 834
673 968
673 681
673 938
673 836
673 931
673 769
673 829
674 690
674 980
674 819
674 900
675 733
675 868
675 925
675 855
675 966
675 860
675 696
676 709
676 865
676 692
677 687
677 807
677 831
677 693
677 935
677 779
678 907
678 760
678 947
678 993
679 868
679 760
679 700
679 867
679 704
679 736
679 719
679 973
680 960
680 694
680 749
680 876
680 809
681 806
681 854
681 919
681 733
681 864
681 942
682 803
682 991
682 717
682 879
682 823
682 702
682 993
683 842
683 918
684 861
684 900
684 947
684 854
684 759
685 809
685 700
685 812
685 767
686 806
686 962
686 805
686 785
687 970
688 851
688 811
689 714
689 998
689 989
689 847
690 702
690 785
690 777
691 913
691 911
691 889
691 945
691 873
691 810
691 786
691 704
691 754
691 792
691 719
692 895
692 871
693 931
693 891
693 735
693 841
693 796
693 802
694 991
695 805
696 937
696 990
696 892
696 999
696 881
696 838
696 835
696 951
696 980
696 972
696 887
696 826
696 931
696 704
698 758
698 827
699 861
699 812
700 881
700 705
700 845
700 917
700 906
700 871
700 751
700 933
700 809
700 780
700 874
700 726
700 980
700 959
700 847
700 999
700 937
700 934
700 927
700 801
700 737
700 989
700 978
700 957
700 953
700 785
700 947
700 761
701 842
701 861
701 770
701 921
701 998
701 773
701 816
701 824
702 965
702 907
702 916
702 904
702 741
703 718
703 788
703 901
703 842
703 886
703 905
704 909
704 965
704 957
704 993
705 809
705 891
705 888
705 764
706 918
706 851
707 880
707 850
707 902
708 842
708 952
708 988
709 861
709 937
710 820
710 752
710 750
711 837
711 814
712 931
712 933
713 954
713 915
714 912
714 723
714 900
715 965
715 853
716 954
717 920
719 734
719 787
719 986
719 883
719 739
719 927
719 831
719 746
719 815
719 926
719 729
720 867
720 861
720 913
721 855
721 752
722 786
722 998
723 888
723 953
723 781
723 909
723 945
723 954
723 782
723 746
723 960
723 751
724 958
724 892
725 734
725 819
726 931
726 990
726 848
727 989
727 961
727 900
728 832
728 750
729 811
729 886
730 860
730 843
731 753
731 780
731 796
732 782
733 757
733 820
735 761
735 993
735 765
735 754
735 798
736 811
736 742
736 962
736 763
737 912
737 979
737 840
738 811
738 900
739 930
739 970
739 892
739 913
740 877
740 900
740 849
741 775
741 897
741 936
742 998
742 900
743 976
743 998
744 909
745 811
745 830
745 856
746 913
746 844
746 900
747 891
747 813
749 794
749 829
750 840
751 812
751 878
751 949
753 893
753 900
753 822
753 796
754 784
754 856
755 848
756 834
757 807
757 824
758 897
758 954
758 943
759 916
759 989
759 890
759 918
760 906
760 761
760 779
760 973
760 913
760 793
761 997
762 933
762 929
764 814
765 988
765 970
766 907
766 970
766 822
767 913
767 988
768 781
768 879
768 786
768 793
769 865
769 900
769 896
769 854
770 959
770 979
770 849
771 873
772 898
773 936
774 779
774 832
774 777
774 923
774 824
775 859
775 901
775 989
775 954
775 995
776 837
776 954
776 942
776 798
776 896
778 951
778 822
778 980
778 900
779 838
779 869
781 958
781 830
781 792
782 905
782 838
782 835
783 976
783 846
783 893
784 796
786 875
787 851
788 990
788 988
788 998
789 838
789 998
790 845
790 866
790 905
790 900
790 797
792 817
792 900
793 941
793 981
793 899
793 938
793 870
794 976
795 931
796 842
796 948
796 962
796 815
796 857
796 826
796 898
796 871
797 817
797 837
798 974
798 950
798 941
800 807
800 820
800 931
801 991
801 963
803 887
803 961
803 848
804 861
804 983
804 829
804 896
804 872
804 870
805 958
805 906
805 998
806 905
806 938
807 822
807 876
807 819
807 952
808 900
809 931
809 875
809 810
809 905
809 940
810 810
810 914
811 990
811 972
811 867
811 863
811 815
811 969
812 977
812 824
813 966
814 998
815 954
816 998
816 942
817 998
818 900
818 932
819 827
820 913
820 966
820 824
821 936
822 900
822 834
825 954
826 954
827 900
828 892
828 968
829 937
829 954
830 866
831 966
831 987
833 951
833 993
834 949
836 992
836 993
836 967
837 989
838 937
839 938
839 874
839 998
840 993
840 924
841 982
842 888
842 842
842 977
842 944
842 863
843 932
843 914
844 976
845 888
845 853
845 954
847 910
847 952
848 868
848 857
849 931
849 952
849 961
849 886
850 983
850 979
850 959
851 932
851 876
851 868
851 883
852 954
852 931
855 935
855 993
856 981
856 996
858 966
858 871
858 900
860 952
861 977
863 971
863 905
865 900
866 883
866 885
868 909
868 993
869 884
870 961
870 900
871 955
873 948
873 996
874 999
874 955
875 913
875 963
876 951
877 998
878 973
879 931
880 940
881 932
881 972
882 939
882 912
882 911
883 953
884 900
884 998
886 972
887 993
888 905
889 916
889 913
889 964
889 898
890 941
892 948
892 901
896 920
896 965
897 985
897 900
900 983
900 944
900 939
900 915
901 993
902 931
904 936
904 955
905 914
905 928
905 955
907 923
908 913
908 914
908 952
909 927
910 998
911 997
913 921
916 992
919 923
920 993
926 960
926 997
927 969
927 967
928 979
931 935
931 973
931 947
931 942
931 986
931 990
932 954
933 953
933 938
933 944
935 959
937 975
937 969
943 980
944 998
946 993
948 967
952 975
954 985
954 997
957 995
959 972
964 999
964 998
965 993
967 992
967 974
978 993
979 984
981 998
985 993
