0 76
1 76
2 76
3 76
4 76
5 76
6 76
7 76
8 76
9 76
10 76
11 76
12 76
13 76
14 76
15 76
16 76
17 76
18 76
19 76
20 160
21 160
22 160
23 160
24 160
25 160
26 160
27 160
28 160
29 160
30 11
31 11
32 11
33 11
34 11
35 11
36 11
37 11
38 11
39 11
40 11
41 11
42 11
43 11
44 11
45 11
46 11
47 11
48 11
49 11
50 11
51 11
52 11
53 11
54 11
55 11
56 11
57 11
58 11
59 11
60 77
61 77
62 77
63 77
64 77
65 77
66 77
67 77
68 77
69 77
70 77
71 77
72 77
73 77
74 77
75 77
76 77
77 77
78 77
79 77
80 161
81 161
82 161
83 161
84 161
85 161
86 161
87 161
88 161
89 161
90 78
91 78
92 78
93 78
94 78
95 78
96 78
97 78
98 78
99 78
100 78
101 78
102 78
103 78
104 78
105 78
106 78
107 78
108 78
109 78
110 12
111 12
112 12
113 12
114 12
115 12
116 12
117 12
118 12
119 12
120 12
121 12
122 12
123 12
124 12
125 12
126 12
127 12
128 12
129 12
130 12
131 12
132 12
133 12
134 12
135 12
136 12
137 12
138 12
139 12
140 162
141 162
142 162
143 162
144 162
145 162
146 162
147 162
148 162
149 162
150 1
151 1
152 1
153 1
154 1
155 1
156 1
157 1
158 1
159 1
160 1
161 1
162 1
163 1
164 1
165 1
166 1
167 1
168 1
169 1
170 1
171 1
172 1
173 1
174 1
175 1
176 1
177 1
178 1
179 1
180 1
181 1
182 1
183 1
184 1
185 1
186 1
187 1
188 1
189 1
190 13
191 13
192 13
193 13
194 13
195 13
196 13
197 13
198 13
199 13
200 13
201 13
202 13
203 13
204 13
205 13
206 13
207 13
208 13
209 13
210 13
211 13
212 13
213 13
214 13
215 13
216 13
217 13
218 13
219 13
220 163
221 163
222 163
223 163
224 163
225 163
226 163
227 163
228 163
229 163
230 79
231 79
232 79
233 79
234 79
235 79
236 79
237 79
238 79
239 79
240 79
241 79
242 79
243 79
244 79
245 79
246 79
247 79
248 79
249 79
250 164
251 164
252 164
253 164
254 164
255 164
256 164
257 164
258 164
259 164
260 2
261 2
262 2
263 2
264 2
265 2
266 2
267 2
268 2
269 2
270 2
271 2
272 2
273 2
274 2
275 2
276 2
277 2
278 2
279 2
280 2
281 2
282 2
283 2
284 2
285 2
286 2
287 2
288 2
289 2
290 2
291 2
292 2
293 2
294 2
295 2
296 2
297 2
298 2
299 2
300 14
301 14
302 14
303 14
304 14
305 14
306 14
307 14
308 14
309 14
310 14
311 14
312 14
313 14
314 14
315 14
316 14
317 14
318 14
319 14
320 14
321 14
322 14
323 14
324 14
325 14
326 14
327 14
328 14
329 14
330 165
331 165
332 165
333 165
334 165
335 165
336 165
337 165
338 165
339 165
340 15
341 15
342 15
343 15
344 15
345 15
346 15
347 15
348 15
349 15
350 15
351 15
352 15
353 15
354 15
355 15
356 15
357 15
358 15
359 15
360 15
361 15
362 15
363 15
364 15
365 15
366 15
367 15
368 15
369 15
370 166
371 166
372 166
373 166
374 166
375 166
376 166
377 166
378 166
379 166
380 80
381 80
382 80
383 80
384 80
385 80
386 80
387 80
388 80
389 80
390 80
391 80
392 80
393 80
394 80
395 80
396 80
397 80
398 80
399 80
400 167
401 167
402 167
403 167
404 167
405 167
406 167
407 167
408 167
409 167
410 16
411 16
412 16
413 16
414 16
415 16
416 16
417 16
418 16
419 16
420 16
421 16
422 16
423 16
424 16
425 16
426 16
427 16
428 16
429 16
430 16
431 16
432 16
433 16
434 16
435 16
436 16
437 16
438 16
439 16
440 10
441 10
442 10
443 10
444 10
445 10
446 10
447 10
448 10
449 10
450 10
451 10
452 10
453 10
454 10
455 10
456 10
457 10
458 10
459 10
460 10
461 10
462 10
463 10
464 10
465 10
466 10
467 10
468 10
469 10
470 10
471 10
472 10
473 10
474 10
475 10
476 10
477 10
478 10
479 10
480 17
481 17
482 17
483 17
484 17
485 17
486 17
487 17
488 17
489 17
490 17
491 17
492 17
493 17
494 17
495 17
496 17
497 17
498 17
499 17
500 17
501 17
502 17
503 17
504 17
505 17
506 17
507 17
508 17
509 17
510 168
511 168
512 168
513 168
514 168
515 168
516 168
517 168
518 168
519 168
520 18
521 18
522 18
523 18
524 18
525 18
526 18
527 18
528 18
529 18
530 18
531 18
532 18
533 18
534 18
535 18
536 18
537 18
538 18
539 18
540 18
541 18
542 18
543 18
544 18
545 18
546 18
547 18
548 18
549 18
550 169
551 169
552 169
553 169
554 169
555 169
556 169
557 169
558 169
559 169
560 19
561 19
562 19
563 19
564 19
565 19
566 19
567 19
568 19
569 19
570 19
571 19
572 19
573 19
574 19
575 19
576 19
577 19
578 19
579 19
580 19
581 19
582 19
583 19
584 19
585 19
586 19
587 19
588 19
589 19
590 170
591 170
592 170
593 170
594 170
595 170
596 170
597 170
598 170
599 170
600 81
601 81
602 81
603 81
604 81
605 81
606 81
607 81
608 81
609 81
610 81
611 81
612 81
613 81
614 81
615 81
616 81
617 81
618 81
619 81
620 20
621 20
622 20
623 20
624 20
625 20
626 20
627 20
628 20
629 20
630 20
631 20
632 20
633 20
634 20
635 20
636 20
637 20
638 20
639 20
640 20
641 20
642 20
643 20
644 20
645 20
646 20
647 20
648 20
649 20
650 171
651 171
652 171
653 171
654 171
655 171
656 171
657 171
658 171
659 171
660 172
661 172
662 172
663 172
664 172
665 172
666 172
667 172
668 172
669 172
670 21
671 21
672 21
673 21
674 21
675 21
676 21
677 21
678 21
679 21
680 21
681 21
682 21
683 21
684 21
685 21
686 21
687 21
688 21
689 21
690 21
691 21
692 21
693 21
694 21
695 21
696 21
697 21
698 21
699 21
700 22
701 22
702 22
703 22
704 22
705 22
706 22
707 22
708 22
709 22
710 22
711 22
712 22
713 22
714 22
715 22
716 22
717 22
718 22
719 22
720 22
721 22
722 22
723 22
724 22
725 22
726 22
727 22
728 22
729 22
730 23
731 23
732 23
733 23
734 23
735 23
736 23
737 23
738 23
739 23
740 23
741 23
742 23
743 23
744 23
745 23
746 23
747 23
748 23
749 23
750 23
751 23
752 23
753 23
754 23
755 23
756 23
757 23
758 23
759 23
760 173
761 173
762 173
763 173
764 173
765 173
766 173
767 173
768 173
769 173
770 174
771 174
772 174
773 174
774 174
775 174
776 174
777 174
778 174
779 174
780 24
781 24
782 24
783 24
784 24
785 24
786 24
787 24
788 24
789 24
790 24
791 24
792 24
793 24
794 24
795 24
796 24
797 24
798 24
799 24
800 24
801 24
802 24
803 24
804 24
805 24
806 24
807 24
808 24
809 24
810 25
811 25
812 25
813 25
814 25
815 25
816 25
817 25
818 25
819 25
820 25
821 25
822 25
823 25
824 25
825 25
826 25
827 25
828 25
829 25
830 25
831 25
832 25
833 25
834 25
835 25
836 25
837 25
838 25
839 25
840 26
841 26
842 26
843 26
844 26
845 26
846 26
847 26
848 26
849 26
850 26
851 26
852 26
853 26
854 26
855 26
856 26
857 26
858 26
859 26
860 26
861 26
862 26
863 26
864 26
865 26
866 26
867 26
868 26
869 26
870 175
871 175
872 175
873 175
874 175
875 175
876 175
877 175
878 175
879 175
880 82
881 82
882 82
883 82
884 82
885 82
886 82
887 82
888 82
889 82
890 82
891 82
892 82
893 82
894 82
895 82
896 82
897 82
898 82
899 82
900 83
901 83
902 83
903 83
904 83
905 83
906 83
907 83
908 83
909 83
910 83
911 83
912 83
913 83
914 83
915 83
916 83
917 83
918 83
919 83
920 176
921 176
922 176
923 176
924 176
925 176
926 176
927 176
928 176
929 176
930 84
931 84
932 84
933 84
934 84
935 84
936 84
937 84
938 84
939 84
940 84
941 84
942 84
943 84
944 84
945 84
946 84
947 84
948 84
949 84
950 177
951 177
952 177
953 177
954 177
955 177
956 177
957 177
958 177
959 177
960 85
961 85
962 85
963 85
964 85
965 85
966 85
967 85
968 85
969 85
970 85
971 85
972 85
973 85
974 85
975 85
976 85
977 85
978 85
979 85
980 86
981 86
982 86
983 86
984 86
985 86
986 86
987 86
988 86
989 86
990 86
991 86
992 86
993 86
994 86
995 86
996 86
997 86
998 86
999 86
1000 178
1001 178
1002 178
1003 178
1004 178
1005 178
1006 178
1007 178
1008 178
1009 178
1010 87
1011 87
1012 87
1013 87
1014 87
1015 87
1016 87
1017 87
1018 87
1019 87
1020 87
1021 87
1022 87
1023 87
1024 87
1025 87
1026 87
1027 87
1028 87
1029 87
1030 179
1031 179
1032 179
1033 179
1034 179
1035 179
1036 179
1037 179
1038 179
1039 179
1040 88
1041 88
1042 88
1043 88
1044 88
1045 88
1046 88
1047 88
1048 88
1049 88
1050 88
1051 88
1052 88
1053 88
1054 88
1055 88
1056 88
1057 88
1058 88
1059 88
1060 180
1061 180
1062 180
1063 180
1064 180
1065 180
1066 180
1067 180
1068 180
1069 180
1070 89
1071 89
1072 89
1073 89
1074 89
1075 89
1076 89
1077 89
1078 89
1079 89
1080 89
1081 89
1082 89
1083 89
1084 89
1085 89
1086 89
1087 89
1088 89
1089 89
1090 181
1091 181
1092 181
1093 181
1094 181
1095 181
1096 181
1097 181
1098 181
1099 181
1100 182
1101 182
1102 182
1103 182
1104 182
1105 182
1106 182
1107 182
1108 182
1109 182
1110 90
1111 90
1112 90
1113 90
1114 90
1115 90
1116 90
1117 90
1118 90
1119 90
1120 90
1121 90
1122 90
1123 90
1124 90
1125 90
1126 90
1127 90
1128 90
1129 90
1130 91
1131 91
1132 91
1133 91
1134 91
1135 91
1136 91
1137 91
1138 91
1139 91
1140 91
1141 91
1142 91
1143 91
1144 91
1145 91
1146 91
1147 91
1148 91
1149 91
1150 183
1151 183
1152 183
1153 183
1154 183
1155 183
1156 183
1157 183
1158 183
1159 183
1160 27
1161 27
1162 27
1163 27
1164 27
1165 27
1166 27
1167 27
1168 27
1169 27
1170 27
1171 27
1172 27
1173 27
1174 27
1175 27
1176 27
1177 27
1178 27
1179 27
1180 27
1181 27
1182 27
1183 27
1184 27
1185 27
1186 27
1187 27
1188 27
1189 27
1190 184
1191 184
1192 184
1193 184
1194 184
1195 184
1196 184
1197 184
1198 184
1199 184
1200 92
1201 92
1202 92
1203 92
1204 92
1205 92
1206 92
1207 92
1208 92
1209 92
1210 92
1211 92
1212 92
1213 92
1214 92
1215 92
1216 92
1217 92
1218 92
1219 92
1220 185
1221 185
1222 185
1223 185
1224 185
1225 185
1226 185
1227 185
1228 185
1229 185
1230 93
1231 93
1232 93
1233 93
1234 93
1235 93
1236 93
1237 93
1238 93
1239 93
1240 93
1241 93
1242 93
1243 93
1244 93
1245 93
1246 93
1247 93
1248 93
1249 93
1250 28
1251 28
1252 28
1253 28
1254 28
1255 28
1256 28
1257 28
1258 28
1259 28
1260 28
1261 28
1262 28
1263 28
1264 28
1265 28
1266 28
1267 28
1268 28
1269 28
1270 28
1271 28
1272 28
1273 28
1274 28
1275 28
1276 28
1277 28
1278 28
1279 28
1280 186
1281 186
1282 186
1283 186
1284 186
1285 186
1286 186
1287 186
1288 186
1289 186
1290 29
1291 29
1292 29
1293 29
1294 29
1295 29
1296 29
1297 29
1298 29
1299 29
1300 29
1301 29
1302 29
1303 29
1304 29
1305 29
1306 29
1307 29
1308 29
1309 29
1310 29
1311 29
1312 29
1313 29
1314 29
1315 29
1316 29
1317 29
1318 29
1319 29
1320 30
1321 30
1322 30
1323 30
1324 30
1325 30
1326 30
1327 30
1328 30
1329 30
1330 30
1331 30
1332 30
1333 30
1334 30
1335 30
1336 30
1337 30
1338 30
1339 30
1340 30
1341 30
1342 30
1343 30
1344 30
1345 30
1346 30
1347 30
1348 30
1349 30
1350 94
1351 94
1352 94
1353 94
1354 94
1355 94
1356 94
1357 94
1358 94
1359 94
1360 94
1361 94
1362 94
1363 94
1364 94
1365 94
1366 94
1367 94
1368 94
1369 94
1370 187
1371 187
1372 187
1373 187
1374 187
1375 187
1376 187
1377 187
1378 187
1379 187
1380 95
1381 95
1382 95
1383 95
1384 95
1385 95
1386 95
1387 95
1388 95
1389 95
1390 95
1391 95
1392 95
1393 95
1394 95
1395 95
1396 95
1397 95
1398 95
1399 95
1400 188
1401 188
1402 188
1403 188
1404 188
1405 188
1406 188
1407 188
1408 188
1409 188
1410 31
1411 31
1412 31
1413 31
1414 31
1415 31
1416 31
1417 31
1418 31
1419 31
1420 31
1421 31
1422 31
1423 31
1424 31
1425 31
1426 31
1427 31
1428 31
1429 31
1430 31
1431 31
1432 31
1433 31
1434 31
1435 31
1436 31
1437 31
1438 31
1439 31
1440 32
1441 32
1442 32
1443 32
1444 32
1445 32
1446 32
1447 32
1448 32
1449 32
1450 32
1451 32
1452 32
1453 32
1454 32
1455 32
1456 32
1457 32
1458 32
1459 32
1460 32
1461 32
1462 32
1463 32
1464 32
1465 32
1466 32
1467 32
1468 32
1469 32
1470 189
1471 189
1472 189
1473 189
1474 189
1475 189
1476 189
1477 189
1478 189
1479 189
1480 96
1481 96
1482 96
1483 96
1484 96
1485 96
1486 96
1487 96
1488 96
1489 96
1490 96
1491 96
1492 96
1493 96
1494 96
1495 96
1496 96
1497 96
1498 96
1499 96
1500 97
1501 97
1502 97
1503 97
1504 97
1505 97
1506 97
1507 97
1508 97
1509 97
1510 97
1511 97
1512 97
1513 97
1514 97
1515 97
1516 97
1517 97
1518 97
1519 97
1520 98
1521 98
1522 98
1523 98
1524 98
1525 98
1526 98
1527 98
1528 98
1529 98
1530 98
1531 98
1532 98
1533 98
1534 98
1535 98
1536 98
1537 98
1538 98
1539 98
1540 190
1541 190
1542 190
1543 190
1544 190
1545 190
1546 190
1547 190
1548 190
1549 190
1550 33
1551 33
1552 33
1553 33
1554 33
1555 33
1556 33
1557 33
1558 33
1559 33
1560 33
1561 33
1562 33
1563 33
1564 33
1565 33
1566 33
1567 33
1568 33
1569 33
1570 33
1571 33
1572 33
1573 33
1574 33
1575 33
1576 33
1577 33
1578 33
1579 33
1580 34
1581 34
1582 34
1583 34
1584 34
1585 34
1586 34
1587 34
1588 34
1589 34
1590 34
1591 34
1592 34
1593 34
1594 34
1595 34
1596 34
1597 34
1598 34
1599 34
1600 34
1601 34
1602 34
1603 34
1604 34
1605 34
1606 34
1607 34
1608 34
1609 34
1610 35
1611 35
1612 35
1613 35
1614 35
1615 35
1616 35
1617 35
1618 35
1619 35
1620 35
1621 35
1622 35
1623 35
1624 35
1625 35
1626 35
1627 35
1628 35
1629 35
1630 35
1631 35
1632 35
1633 35
1634 35
1635 35
1636 35
1637 35
1638 35
1639 35
1640 0
1641 0
1642 0
1643 0
1644 0
1645 0
1646 0
1647 0
1648 0
1649 0
1650 0
1651 0
1652 0
1653 0
1654 0
1655 0
1656 0
1657 0
1658 0
1659 0
1660 0
1661 0
1662 0
1663 0
1664 0
1665 0
1666 0
1667 0
1668 0
1669 0
1670 0
1671 0
1672 0
1673 0
1674 0
1675 0
1676 0
1677 0
1678 0
1679 0
1680 36
1681 36
1682 36
1683 36
1684 36
1685 36
1686 36
1687 36
1688 36
1689 36
1690 36
1691 36
1692 36
1693 36
1694 36
1695 36
1696 36
1697 36
1698 36
1699 36
1700 36
1701 36
1702 36
1703 36
1704 36
1705 36
1706 36
1707 36
1708 36
1709 36
1710 3
1711 3
1712 3
1713 3
1714 3
1715 3
1716 3
1717 3
1718 3
1719 3
1720 3
1721 3
1722 3
1723 3
1724 3
1725 3
1726 3
1727 3
1728 3
1729 3
1730 3
1731 3
1732 3
1733 3
1734 3
1735 3
1736 3
1737 3
1738 3
1739 3
1740 3
1741 3
1742 3
1743 3
1744 3
1745 3
1746 3
1747 3
1748 3
1749 3
1750 99
1751 99
1752 99
1753 99
1754 99
1755 99
1756 99
1757 99
1758 99
1759 99
1760 99
1761 99
1762 99
1763 99
1764 99
1765 99
1766 99
1767 99
1768 99
1769 99
1770 191
1771 191
1772 191
1773 191
1774 191
1775 191
1776 191
1777 191
1778 191
1779 191
1780 100
1781 100
1782 100
1783 100
1784 100
1785 100
1786 100
1787 100
1788 100
1789 100
1790 100
1791 100
1792 100
1793 100
1794 100
1795 100
1796 100
1797 100
1798 100
1799 100
1800 101
1801 101
1802 101
1803 101
1804 101
1805 101
1806 101
1807 101
1808 101
1809 101
1810 101
1811 101
1812 101
1813 101
1814 101
1815 101
1816 101
1817 101
1818 101
1819 101
1820 192
1821 192
1822 192
1823 192
1824 192
1825 192
1826 192
1827 192
1828 192
1829 192
1830 37
1831 37
1832 37
1833 37
1834 37
1835 37
1836 37
1837 37
1838 37
1839 37
1840 37
1841 37
1842 37
1843 37
1844 37
1845 37
1846 37
1847 37
1848 37
1849 37
1850 37
1851 37
1852 37
1853 37
1854 37
1855 37
1856 37
1857 37
1858 37
1859 37
1860 38
1861 38
1862 38
1863 38
1864 38
1865 38
1866 38
1867 38
1868 38
1869 38
1870 38
1871 38
1872 38
1873 38
1874 38
1875 38
1876 38
1877 38
1878 38
1879 38
1880 38
1881 38
1882 38
1883 38
1884 38
1885 38
1886 38
1887 38
1888 38
1889 38
1890 39
1891 39
1892 39
1893 39
1894 39
1895 39
1896 39
1897 39
1898 39
1899 39
1900 39
1901 39
1902 39
1903 39
1904 39
1905 39
1906 39
1907 39
1908 39
1909 39
1910 39
1911 39
1912 39
1913 39
1914 39
1915 39
1916 39
1917 39
1918 39
1919 39
1920 193
1921 193
1922 193
1923 193
1924 193
1925 193
1926 193
1927 193
1928 193
1929 193
1930 40
1931 40
1932 40
1933 40
1934 40
1935 40
1936 40
1937 40
1938 40
1939 40
1940 40
1941 40
1942 40
1943 40
1944 40
1945 40
1946 40
1947 40
1948 40
1949 40
1950 40
1951 40
1952 40
1953 40
1954 40
1955 40
1956 40
1957 40
1958 40
1959 40
1960 41
1961 41
1962 41
1963 41
1964 41
1965 41
1966 41
1967 41
1968 41
1969 41
1970 41
1971 41
1972 41
1973 41
1974 41
1975 41
1976 41
1977 41
1978 41
1979 41
1980 41
1981 41
1982 41
1983 41
1984 41
1985 41
1986 41
1987 41
1988 41
1989 41
1990 194
1991 194
1992 194
1993 194
1994 194
1995 194
1996 194
1997 194
1998 194
1999 194
2000 102
2001 102
2002 102
2003 102
2004 102
2005 102
2006 102
2007 102
2008 102
2009 102
2010 102
2011 102
2012 102
2013 102
2014 102
2015 102
2016 102
2017 102
2018 102
2019 102
2020 195
2021 195
2022 195
2023 195
2024 195
2025 195
2026 195
2027 195
2028 195
2029 195
2030 103
2031 103
2032 103
2033 103
2034 103
2035 103
2036 103
2037 103
2038 103
2039 103
2040 103
2041 103
2042 103
2043 103
2044 103
2045 103
2046 103
2047 103
2048 103
2049 103
2050 104
2051 104
2052 104
2053 104
2054 104
2055 104
2056 104
2057 104
2058 104
2059 104
2060 104
2061 104
2062 104
2063 104
2064 104
2065 104
2066 104
2067 104
2068 104
2069 104
2070 196
2071 196
2072 196
2073 196
2074 196
2075 196
2076 196
2077 196
2078 196
2079 196
2080 105
2081 105
2082 105
2083 105
2084 105
2085 105
2086 105
2087 105
2088 105
2089 105
2090 105
2091 105
2092 105
2093 105
2094 105
2095 105
2096 105
2097 105
2098 105
2099 105
2100 106
2101 106
2102 106
2103 106
2104 106
2105 106
2106 106
2107 106
2108 106
2109 106
2110 106
2111 106
2112 106
2113 106
2114 106
2115 106
2116 106
2117 106
2118 106
2119 106
2120 197
2121 197
2122 197
2123 197
2124 197
2125 197
2126 197
2127 197
2128 197
2129 197
2130 107
2131 107
2132 107
2133 107
2134 107
2135 107
2136 107
2137 107
2138 107
2139 107
2140 107
2141 107
2142 107
2143 107
2144 107
2145 107
2146 107
2147 107
2148 107
2149 107
2150 198
2151 198
2152 198
2153 198
2154 198
2155 198
2156 198
2157 198
2158 198
2159 198
2160 108
2161 108
2162 108
2163 108
2164 108
2165 108
2166 108
2167 108
2168 108
2169 108
2170 108
2171 108
2172 108
2173 108
2174 108
2175 108
2176 108
2177 108
2178 108
2179 108
2180 199
2181 199
2182 199
2183 199
2184 199
2185 199
2186 199
2187 199
2188 199
2189 199
2190 200
2191 200
2192 200
2193 200
2194 200
2195 200
2196 200
2197 200
2198 200
2199 200
2200 201
2201 201
2202 201
2203 201
2204 201
2205 201
2206 201
2207 201
2208 201
2209 201
2210 109
2211 109
2212 109
2213 109
2214 109
2215 109
2216 109
2217 109
2218 109
2219 109
2220 109
2221 109
2222 109
2223 109
2224 109
2225 109
2226 109
2227 109
2228 109
2229 109
2230 202
2231 202
2232 202
2233 202
2234 202
2235 202
2236 202
2237 202
2238 202
2239 202
2240 110
2241 110
2242 110
2243 110
2244 110
2245 110
2246 110
2247 110
2248 110
2249 110
2250 110
2251 110
2252 110
2253 110
2254 110
2255 110
2256 110
2257 110
2258 110
2259 110
2260 111
2261 111
2262 111
2263 111
2264 111
2265 111
2266 111
2267 111
2268 111
2269 111
2270 111
2271 111
2272 111
2273 111
2274 111
2275 111
2276 111
2277 111
2278 111
2279 111
2280 4
2281 4
2282 4
2283 4
2284 4
2285 4
2286 4
2287 4
2288 4
2289 4
2290 4
2291 4
2292 4
2293 4
2294 4
2295 4
2296 4
2297 4
2298 4
2299 4
2300 4
2301 4
2302 4
2303 4
2304 4
2305 4
2306 4
2307 4
2308 4
2309 4
2310 4
2311 4
2312 4
2313 4
2314 4
2315 4
2316 4
2317 4
2318 4
2319 4
2320 203
2321 203
2322 203
2323 203
2324 203
2325 203
2326 203
2327 203
2328 203
2329 203
2330 112
2331 112
2332 112
2333 112
2334 112
2335 112
2336 112
2337 112
2338 112
2339 112
2340 112
2341 112
2342 112
2343 112
2344 112
2345 112
2346 112
2347 112
2348 112
2349 112
2350 204
2351 204
2352 204
2353 204
2354 204
2355 204
2356 204
2357 204
2358 204
2359 204
2360 113
2361 113
2362 113
2363 113
2364 113
2365 113
2366 113
2367 113
2368 113
2369 113
2370 113
2371 113
2372 113
2373 113
2374 113
2375 113
2376 113
2377 113
2378 113
2379 113
2380 42
2381 42
2382 42
2383 42
2384 42
2385 42
2386 42
2387 42
2388 42
2389 42
2390 42
2391 42
2392 42
2393 42
2394 42
2395 42
2396 42
2397 42
2398 42
2399 42
2400 42
2401 42
2402 42
2403 42
2404 42
2405 42
2406 42
2407 42
2408 42
2409 42
2410 43
2411 43
2412 43
2413 43
2414 43
2415 43
2416 43
2417 43
2418 43
2419 43
2420 43
2421 43
2422 43
2423 43
2424 43
2425 43
2426 43
2427 43
2428 43
2429 43
2430 43
2431 43
2432 43
2433 43
2434 43
2435 43
2436 43
2437 43
2438 43
2439 43
2440 44
2441 44
2442 44
2443 44
2444 44
2445 44
2446 44
2447 44
2448 44
2449 44
2450 44
2451 44
2452 44
2453 44
2454 44
2455 44
2456 44
2457 44
2458 44
2459 44
2460 44
2461 44
2462 44
2463 44
2464 44
2465 44
2466 44
2467 44
2468 44
2469 44
2470 205
2471 205
2472 205
2473 205
2474 205
2475 205
2476 205
2477 205
2478 205
2479 205
2480 114
2481 114
2482 114
2483 114
2484 114
2485 114
2486 114
2487 114
2488 114
2489 114
2490 114
2491 114
2492 114
2493 114
2494 114
2495 114
2496 114
2497 114
2498 114
2499 114
2500 206
2501 206
2502 206
2503 206
2504 206
2505 206
2506 206
2507 206
2508 206
2509 206
2510 115
2511 115
2512 115
2513 115
2514 115
2515 115
2516 115
2517 115
2518 115
2519 115
2520 115
2521 115
2522 115
2523 115
2524 115
2525 115
2526 115
2527 115
2528 115
2529 115
2530 207
2531 207
2532 207
2533 207
2534 207
2535 207
2536 207
2537 207
2538 207
2539 207
2540 116
2541 116
2542 116
2543 116
2544 116
2545 116
2546 116
2547 116
2548 116
2549 116
2550 116
2551 116
2552 116
2553 116
2554 116
2555 116
2556 116
2557 116
2558 116
2559 116
2560 208
2561 208
2562 208
2563 208
2564 208
2565 208
2566 208
2567 208
2568 208
2569 208
2570 45
2571 45
2572 45
2573 45
2574 45
2575 45
2576 45
2577 45
2578 45
2579 45
2580 45
2581 45
2582 45
2583 45
2584 45
2585 45
2586 45
2587 45
2588 45
2589 45
2590 45
2591 45
2592 45
2593 45
2594 45
2595 45
2596 45
2597 45
2598 45
2599 45
2600 117
2601 117
2602 117
2603 117
2604 117
2605 117
2606 117
2607 117
2608 117
2609 117
2610 117
2611 117
2612 117
2613 117
2614 117
2615 117
2616 117
2617 117
2618 117
2619 117
2620 118
2621 118
2622 118
2623 118
2624 118
2625 118
2626 118
2627 118
2628 118
2629 118
2630 118
2631 118
2632 118
2633 118
2634 118
2635 118
2636 118
2637 118
2638 118
2639 118
2640 209
2641 209
2642 209
2643 209
2644 209
2645 209
2646 209
2647 209
2648 209
2649 209
2650 119
2651 119
2652 119
2653 119
2654 119
2655 119
2656 119
2657 119
2658 119
2659 119
2660 119
2661 119
2662 119
2663 119
2664 119
2665 119
2666 119
2667 119
2668 119
2669 119
2670 46
2671 46
2672 46
2673 46
2674 46
2675 46
2676 46
2677 46
2678 46
2679 46
2680 46
2681 46
2682 46
2683 46
2684 46
2685 46
2686 46
2687 46
2688 46
2689 46
2690 46
2691 46
2692 46
2693 46
2694 46
2695 46
2696 46
2697 46
2698 46
2699 46
2700 120
2701 120
2702 120
2703 120
2704 120
2705 120
2706 120
2707 120
2708 120
2709 120
2710 120
2711 120
2712 120
2713 120
2714 120
2715 120
2716 120
2717 120
2718 120
2719 120
2720 210
2721 210
2722 210
2723 210
2724 210
2725 210
2726 210
2727 210
2728 210
2729 210
2730 121
2731 121
2732 121
2733 121
2734 121
2735 121
2736 121
2737 121
2738 121
2739 121
2740 121
2741 121
2742 121
2743 121
2744 121
2745 121
2746 121
2747 121
2748 121
2749 121
2750 211
2751 211
2752 211
2753 211
2754 211
2755 211
2756 211
2757 211
2758 211
2759 211
2760 122
2761 122
2762 122
2763 122
2764 122
2765 122
2766 122
2767 122
2768 122
2769 122
2770 122
2771 122
2772 122
2773 122
2774 122
2775 122
2776 122
2777 122
2778 122
2779 122
2780 47
2781 47
2782 47
2783 47
2784 47
2785 47
2786 47
2787 47
2788 47
2789 47
2790 47
2791 47
2792 47
2793 47
2794 47
2795 47
2796 47
2797 47
2798 47
2799 47
2800 47
2801 47
2802 47
2803 47
2804 47
2805 47
2806 47
2807 47
2808 47
2809 47
2810 48
2811 48
2812 48
2813 48
2814 48
2815 48
2816 48
2817 48
2818 48
2819 48
2820 48
2821 48
2822 48
2823 48
2824 48
2825 48
2826 48
2827 48
2828 48
2829 48
2830 48
2831 48
2832 48
2833 48
2834 48
2835 48
2836 48
2837 48
2838 48
2839 48
2840 212
2841 212
2842 212
2843 212
2844 212
2845 212
2846 212
2847 212
2848 212
2849 212
2850 49
2851 49
2852 49
2853 49
2854 49
2855 49
2856 49
2857 49
2858 49
2859 49
2860 49
2861 49
2862 49
2863 49
2864 49
2865 49
2866 49
2867 49
2868 49
2869 49
2870 49
2871 49
2872 49
2873 49
2874 49
2875 49
2876 49
2877 49
2878 49
2879 49
2880 213
2881 213
2882 213
2883 213
2884 213
2885 213
2886 213
2887 213
2888 213
2889 213
2890 50
2891 50
2892 50
2893 50
2894 50
2895 50
2896 50
2897 50
2898 50
2899 50
2900 50
2901 50
2902 50
2903 50
2904 50
2905 50
2906 50
2907 50
2908 50
2909 50
2910 50
2911 50
2912 50
2913 50
2914 50
2915 50
2916 50
2917 50
2918 50
2919 50
2920 214
2921 214
2922 214
2923 214
2924 214
2925 214
2926 214
2927 214
2928 214
2929 214
2930 51
2931 51
2932 51
2933 51
2934 51
2935 51
2936 51
2937 51
2938 51
2939 51
2940 51
2941 51
2942 51
2943 51
2944 51
2945 51
2946 51
2947 51
2948 51
2949 51
2950 51
2951 51
2952 51
2953 51
2954 51
2955 51
2956 51
2957 51
2958 51
2959 51
2960 215
2961 215
2962 215
2963 215
2964 215
2965 215
2966 215
2967 215
2968 215
2969 215
2970 216
2971 216
2972 216
2973 216
2974 216
2975 216
2976 216
2977 216
2978 216
2979 216
2980 123
2981 123
2982 123
2983 123
2984 123
2985 123
2986 123
2987 123
2988 123
2989 123
2990 123
2991 123
2992 123
2993 123
2994 123
2995 123
2996 123
2997 123
2998 123
2999 123
3000 217
3001 217
3002 217
3003 217
3004 217
3005 217
3006 217
3007 217
3008 217
3009 217
3010 124
3011 124
3012 124
3013 124
3014 124
3015 124
3016 124
3017 124
3018 124
3019 124
3020 124
3021 124
3022 124
3023 124
3024 124
3025 124
3026 124
3027 124
3028 124
3029 124
3030 218
3031 218
3032 218
3033 218
3034 218
3035 218
3036 218
3037 218
3038 218
3039 218
3040 219
3041 219
3042 219
3043 219
3044 219
3045 219
3046 219
3047 219
3048 219
3049 219
3050 52
3051 52
3052 52
3053 52
3054 52
3055 52
3056 52
3057 52
3058 52
3059 52
3060 52
3061 52
3062 52
3063 52
3064 52
3065 52
3066 52
3067 52
3068 52
3069 52
3070 52
3071 52
3072 52
3073 52
3074 52
3075 52
3076 52
3077 52
3078 52
3079 52
3080 125
3081 125
3082 125
3083 125
3084 125
3085 125
3086 125
3087 125
3088 125
3089 125
3090 125
3091 125
3092 125
3093 125
3094 125
3095 125
3096 125
3097 125
3098 125
3099 125
3100 220
3101 220
3102 220
3103 220
3104 220
3105 220
3106 220
3107 220
3108 220
3109 220
3110 53
3111 53
3112 53
3113 53
3114 53
3115 53
3116 53
3117 53
3118 53
3119 53
3120 53
3121 53
3122 53
3123 53
3124 53
3125 53
3126 53
3127 53
3128 53
3129 53
3130 53
3131 53
3132 53
3133 53
3134 53
3135 53
3136 53
3137 53
3138 53
3139 53
3140 126
3141 126
3142 126
3143 126
3144 126
3145 126
3146 126
3147 126
3148 126
3149 126
3150 126
3151 126
3152 126
3153 126
3154 126
3155 126
3156 126
3157 126
3158 126
3159 126
3160 54
3161 54
3162 54
3163 54
3164 54
3165 54
3166 54
3167 54
3168 54
3169 54
3170 54
3171 54
3172 54
3173 54
3174 54
3175 54
3176 54
3177 54
3178 54
3179 54
3180 54
3181 54
3182 54
3183 54
3184 54
3185 54
3186 54
3187 54
3188 54
3189 54
3190 221
3191 221
3192 221
3193 221
3194 221
3195 221
3196 221
3197 221
3198 221
3199 221
3200 127
3201 127
3202 127
3203 127
3204 127
3205 127
3206 127
3207 127
3208 127
3209 127
3210 127
3211 127
3212 127
3213 127
3214 127
3215 127
3216 127
3217 127
3218 127
3219 127
3220 128
3221 128
3222 128
3223 128
3224 128
3225 128
3226 128
3227 128
3228 128
3229 128
3230 128
3231 128
3232 128
3233 128
3234 128
3235 128
3236 128
3237 128
3238 128
3239 128
3240 222
3241 222
3242 222
3243 222
3244 222
3245 222
3246 222
3247 222
3248 222
3249 222
3250 129
3251 129
3252 129
3253 129
3254 129
3255 129
3256 129
3257 129
3258 129
3259 129
3260 129
3261 129
3262 129
3263 129
3264 129
3265 129
3266 129
3267 129
3268 129
3269 129
3270 223
3271 223
3272 223
3273 223
3274 223
3275 223
3276 223
3277 223
3278 223
3279 223
3280 224
3281 224
3282 224
3283 224
3284 224
3285 224
3286 224
3287 224
3288 224
3289 224
3290 55
3291 55
3292 55
3293 55
3294 55
3295 55
3296 55
3297 55
3298 55
3299 55
3300 55
3301 55
3302 55
3303 55
3304 55
3305 55
3306 55
3307 55
3308 55
3309 55
3310 55
3311 55
3312 55
3313 55
3314 55
3315 55
3316 55
3317 55
3318 55
3319 55
3320 130
3321 130
3322 130
3323 130
3324 130
3325 130
3326 130
3327 130
3328 130
3329 130
3330 130
3331 130
3332 130
3333 130
3334 130
3335 130
3336 130
3337 130
3338 130
3339 130
3340 131
3341 131
3342 131
3343 131
3344 131
3345 131
3346 131
3347 131
3348 131
3349 131
3350 131
3351 131
3352 131
3353 131
3354 131
3355 131
3356 131
3357 131
3358 131
3359 131
3360 56
3361 56
3362 56
3363 56
3364 56
3365 56
3366 56
3367 56
3368 56
3369 56
3370 56
3371 56
3372 56
3373 56
3374 56
3375 56
3376 56
3377 56
3378 56
3379 56
3380 56
3381 56
3382 56
3383 56
3384 56
3385 56
3386 56
3387 56
3388 56
3389 56
3390 57
3391 57
3392 57
3393 57
3394 57
3395 57
3396 57
3397 57
3398 57
3399 57
3400 57
3401 57
3402 57
3403 57
3404 57
3405 57
3406 57
3407 57
3408 57
3409 57
3410 57
3411 57
3412 57
3413 57
3414 57
3415 57
3416 57
3417 57
3418 57
3419 57
3420 225
3421 225
3422 225
3423 225
3424 225
3425 225
3426 225
3427 225
3428 225
3429 225
3430 5
3431 5
3432 5
3433 5
3434 5
3435 5
3436 5
3437 5
3438 5
3439 5
3440 5
3441 5
3442 5
3443 5
3444 5
3445 5
3446 5
3447 5
3448 5
3449 5
3450 5
3451 5
3452 5
3453 5
3454 5
3455 5
3456 5
3457 5
3458 5
3459 5
3460 5
3461 5
3462 5
3463 5
3464 5
3465 5
3466 5
3467 5
3468 5
3469 5
3470 58
3471 58
3472 58
3473 58
3474 58
3475 58
3476 58
3477 58
3478 58
3479 58
3480 58
3481 58
3482 58
3483 58
3484 58
3485 58
3486 58
3487 58
3488 58
3489 58
3490 58
3491 58
3492 58
3493 58
3494 58
3495 58
3496 58
3497 58
3498 58
3499 58
3500 226
3501 226
3502 226
3503 226
3504 226
3505 226
3506 226
3507 226
3508 226
3509 226
3510 227
3511 227
3512 227
3513 227
3514 227
3515 227
3516 227
3517 227
3518 227
3519 227
3520 132
3521 132
3522 132
3523 132
3524 132
3525 132
3526 132
3527 132
3528 132
3529 132
3530 132
3531 132
3532 132
3533 132
3534 132
3535 132
3536 132
3537 132
3538 132
3539 132
3540 228
3541 228
3542 228
3543 228
3544 228
3545 228
3546 228
3547 228
3548 228
3549 228
3550 133
3551 133
3552 133
3553 133
3554 133
3555 133
3556 133
3557 133
3558 133
3559 133
3560 133
3561 133
3562 133
3563 133
3564 133
3565 133
3566 133
3567 133
3568 133
3569 133
3570 229
3571 229
3572 229
3573 229
3574 229
3575 229
3576 229
3577 229
3578 229
3579 229
3580 134
3581 134
3582 134
3583 134
3584 134
3585 134
3586 134
3587 134
3588 134
3589 134
3590 134
3591 134
3592 134
3593 134
3594 134
3595 134
3596 134
3597 134
3598 134
3599 134
3600 230
3601 230
3602 230
3603 230
3604 230
3605 230
3606 230
3607 230
3608 230
3609 230
3610 59
3611 59
3612 59
3613 59
3614 59
3615 59
3616 59
3617 59
3618 59
3619 59
3620 59
3621 59
3622 59
3623 59
3624 59
3625 59
3626 59
3627 59
3628 59
3629 59
3630 59
3631 59
3632 59
3633 59
3634 59
3635 59
3636 59
3637 59
3638 59
3639 59
3640 60
3641 60
3642 60
3643 60
3644 60
3645 60
3646 60
3647 60
3648 60
3649 60
3650 60
3651 60
3652 60
3653 60
3654 60
3655 60
3656 60
3657 60
3658 60
3659 60
3660 60
3661 60
3662 60
3663 60
3664 60
3665 60
3666 60
3667 60
3668 60
3669 60
3670 61
3671 61
3672 61
3673 61
3674 61
3675 61
3676 61
3677 61
3678 61
3679 61
3680 61
3681 61
3682 61
3683 61
3684 61
3685 61
3686 61
3687 61
3688 61
3689 61
3690 61
3691 61
3692 61
3693 61
3694 61
3695 61
3696 61
3697 61
3698 61
3699 61
3700 135
3701 135
3702 135
3703 135
3704 135
3705 135
3706 135
3707 135
3708 135
3709 135
3710 135
3711 135
3712 135
3713 135
3714 135
3715 135
3716 135
3717 135
3718 135
3719 135
3720 62
3721 62
3722 62
3723 62
3724 62
3725 62
3726 62
3727 62
3728 62
3729 62
3730 62
3731 62
3732 62
3733 62
3734 62
3735 62
3736 62
3737 62
3738 62
3739 62
3740 62
3741 62
3742 62
3743 62
3744 62
3745 62
3746 62
3747 62
3748 62
3749 62
3750 136
3751 136
3752 136
3753 136
3754 136
3755 136
3756 136
3757 136
3758 136
3759 136
3760 136
3761 136
3762 136
3763 136
3764 136
3765 136
3766 136
3767 136
3768 136
3769 136
3770 63
3771 63
3772 63
3773 63
3774 63
3775 63
3776 63
3777 63
3778 63
3779 63
3780 63
3781 63
3782 63
3783 63
3784 63
3785 63
3786 63
3787 63
3788 63
3789 63
3790 63
3791 63
3792 63
3793 63
3794 63
3795 63
3796 63
3797 63
3798 63
3799 63
3800 137
3801 137
3802 137
3803 137
3804 137
3805 137
3806 137
3807 137
3808 137
3809 137
3810 137
3811 137
3812 137
3813 137
3814 137
3815 137
3816 137
3817 137
3818 137
3819 137
3820 138
3821 138
3822 138
3823 138
3824 138
3825 138
3826 138
3827 138
3828 138
3829 138
3830 138
3831 138
3832 138
3833 138
3834 138
3835 138
3836 138
3837 138
3838 138
3839 138
3840 231
3841 231
3842 231
3843 231
3844 231
3845 231
3846 231
3847 231
3848 231
3849 231
3850 64
3851 64
3852 64
3853 64
3854 64
3855 64
3856 64
3857 64
3858 64
3859 64
3860 64
3861 64
3862 64
3863 64
3864 64
3865 64
3866 64
3867 64
3868 64
3869 64
3870 64
3871 64
3872 64
3873 64
3874 64
3875 64
3876 64
3877 64
3878 64
3879 64
3880 232
3881 232
3882 232
3883 232
3884 232
3885 232
3886 232
3887 232
3888 232
3889 232
3890 139
3891 139
3892 139
3893 139
3894 139
3895 139
3896 139
3897 139
3898 139
3899 139
3900 139
3901 139
3902 139
3903 139
3904 139
3905 139
3906 139
3907 139
3908 139
3909 139
3910 233
3911 233
3912 233
3913 233
3914 233
3915 233
3916 233
3917 233
3918 233
3919 233
3920 234
3921 234
3922 234
3923 234
3924 234
3925 234
3926 234
3927 234
3928 234
3929 234
3930 235
3931 235
3932 235
3933 235
3934 235
3935 235
3936 235
3937 235
3938 235
3939 235
3940 65
3941 65
3942 65
3943 65
3944 65
3945 65
3946 65
3947 65
3948 65
3949 65
3950 65
3951 65
3952 65
3953 65
3954 65
3955 65
3956 65
3957 65
3958 65
3959 65
3960 65
3961 65
3962 65
3963 65
3964 65
3965 65
3966 65
3967 65
3968 65
3969 65
3970 66
3971 66
3972 66
3973 66
3974 66
3975 66
3976 66
3977 66
3978 66
3979 66
3980 66
3981 66
3982 66
3983 66
3984 66
3985 66
3986 66
3987 66
3988 66
3989 66
3990 66
3991 66
3992 66
3993 66
3994 66
3995 66
3996 66
3997 66
3998 66
3999 66
4000 236
4001 236
4002 236
4003 236
4004 236
4005 236
4006 236
4007 236
4008 236
4009 236
4010 140
4011 140
4012 140
4013 140
4014 140
4015 140
4016 140
4017 140
4018 140
4019 140
4020 140
4021 140
4022 140
4023 140
4024 140
4025 140
4026 140
4027 140
4028 140
4029 140
4030 141
4031 141
4032 141
4033 141
4034 141
4035 141
4036 141
4037 141
4038 141
4039 141
4040 141
4041 141
4042 141
4043 141
4044 141
4045 141
4046 141
4047 141
4048 141
4049 141
4050 237
4051 237
4052 237
4053 237
4054 237
4055 237
4056 237
4057 237
4058 237
4059 237
4060 67
4061 67
4062 67
4063 67
4064 67
4065 67
4066 67
4067 67
4068 67
4069 67
4070 67
4071 67
4072 67
4073 67
4074 67
4075 67
4076 67
4077 67
4078 67
4079 67
4080 67
4081 67
4082 67
4083 67
4084 67
4085 67
4086 67
4087 67
4088 67
4089 67
4090 142
4091 142
4092 142
4093 142
4094 142
4095 142
4096 142
4097 142
4098 142
4099 142
4100 142
4101 142
4102 142
4103 142
4104 142
4105 142
4106 142
4107 142
4108 142
4109 142
4110 143
4111 143
4112 143
4113 143
4114 143
4115 143
4116 143
4117 143
4118 143
4119 143
4120 143
4121 143
4122 143
4123 143
4124 143
4125 143
4126 143
4127 143
4128 143
4129 143
4130 238
4131 238
4132 238
4133 238
4134 238
4135 238
4136 238
4137 238
4138 238
4139 238
4140 68
4141 68
4142 68
4143 68
4144 68
4145 68
4146 68
4147 68
4148 68
4149 68
4150 68
4151 68
4152 68
4153 68
4154 68
4155 68
4156 68
4157 68
4158 68
4159 68
4160 68
4161 68
4162 68
4163 68
4164 68
4165 68
4166 68
4167 68
4168 68
4169 68
4170 6
4171 6
4172 6
4173 6
4174 6
4175 6
4176 6
4177 6
4178 6
4179 6
4180 6
4181 6
4182 6
4183 6
4184 6
4185 6
4186 6
4187 6
4188 6
4189 6
4190 6
4191 6
4192 6
4193 6
4194 6
4195 6
4196 6
4197 6
4198 6
4199 6
4200 6
4201 6
4202 6
4203 6
4204 6
4205 6
4206 6
4207 6
4208 6
4209 6
4210 144
4211 144
4212 144
4213 144
4214 144
4215 144
4216 144
4217 144
4218 144
4219 144
4220 144
4221 144
4222 144
4223 144
4224 144
4225 144
4226 144
4227 144
4228 144
4229 144
4230 239
4231 239
4232 239
4233 239
4234 239
4235 239
4236 239
4237 239
4238 239
4239 239
4240 240
4241 240
4242 240
4243 240
4244 240
4245 240
4246 240
4247 240
4248 240
4249 240
4250 145
4251 145
4252 145
4253 145
4254 145
4255 145
4256 145
4257 145
4258 145
4259 145
4260 145
4261 145
4262 145
4263 145
4264 145
4265 145
4266 145
4267 145
4268 145
4269 145
4270 241
4271 241
4272 241
4273 241
4274 241
4275 241
4276 241
4277 241
4278 241
4279 241
4280 146
4281 146
4282 146
4283 146
4284 146
4285 146
4286 146
4287 146
4288 146
4289 146
4290 146
4291 146
4292 146
4293 146
4294 146
4295 146
4296 146
4297 146
4298 146
4299 146
4300 242
4301 242
4302 242
4303 242
4304 242
4305 242
4306 242
4307 242
4308 242
4309 242
4310 243
4311 243
4312 243
4313 243
4314 243
4315 243
4316 243
4317 243
4318 243
4319 243
4320 147
4321 147
4322 147
4323 147
4324 147
4325 147
4326 147
4327 147
4328 147
4329 147
4330 147
4331 147
4332 147
4333 147
4334 147
4335 147
4336 147
4337 147
4338 147
4339 147
4340 148
4341 148
4342 148
4343 148
4344 148
4345 148
4346 148
4347 148
4348 148
4349 148
4350 148
4351 148
4352 148
4353 148
4354 148
4355 148
4356 148
4357 148
4358 148
4359 148
4360 69
4361 69
4362 69
4363 69
4364 69
4365 69
4366 69
4367 69
4368 69
4369 69
4370 69
4371 69
4372 69
4373 69
4374 69
4375 69
4376 69
4377 69
4378 69
4379 69
4380 69
4381 69
4382 69
4383 69
4384 69
4385 69
4386 69
4387 69
4388 69
4389 69
4390 244
4391 244
4392 244
4393 244
4394 244
4395 244
4396 244
4397 244
4398 244
4399 244
4400 7
4401 7
4402 7
4403 7
4404 7
4405 7
4406 7
4407 7
4408 7
4409 7
4410 7
4411 7
4412 7
4413 7
4414 7
4415 7
4416 7
4417 7
4418 7
4419 7
4420 7
4421 7
4422 7
4423 7
4424 7
4425 7
4426 7
4427 7
4428 7
4429 7
4430 7
4431 7
4432 7
4433 7
4434 7
4435 7
4436 7
4437 7
4438 7
4439 7
4440 70
4441 70
4442 70
4443 70
4444 70
4445 70
4446 70
4447 70
4448 70
4449 70
4450 70
4451 70
4452 70
4453 70
4454 70
4455 70
4456 70
4457 70
4458 70
4459 70
4460 70
4461 70
4462 70
4463 70
4464 70
4465 70
4466 70
4467 70
4468 70
4469 70
4470 71
4471 71
4472 71
4473 71
4474 71
4475 71
4476 71
4477 71
4478 71
4479 71
4480 71
4481 71
4482 71
4483 71
4484 71
4485 71
4486 71
4487 71
4488 71
4489 71
4490 71
4491 71
4492 71
4493 71
4494 71
4495 71
4496 71
4497 71
4498 71
4499 71
4500 149
4501 149
4502 149
4503 149
4504 149
4505 149
4506 149
4507 149
4508 149
4509 149
4510 149
4511 149
4512 149
4513 149
4514 149
4515 149
4516 149
4517 149
4518 149
4519 149
4520 150
4521 150
4522 150
4523 150
4524 150
4525 150
4526 150
4527 150
4528 150
4529 150
4530 150
4531 150
4532 150
4533 150
4534 150
4535 150
4536 150
4537 150
4538 150
4539 150
4540 245
4541 245
4542 245
4543 245
4544 245
4545 245
4546 245
4547 245
4548 245
4549 245
4550 151
4551 151
4552 151
4553 151
4554 151
4555 151
4556 151
4557 151
4558 151
4559 151
4560 151
4561 151
4562 151
4563 151
4564 151
4565 151
4566 151
4567 151
4568 151
4569 151
4570 246
4571 246
4572 246
4573 246
4574 246
4575 246
4576 246
4577 246
4578 246
4579 246
4580 152
4581 152
4582 152
4583 152
4584 152
4585 152
4586 152
4587 152
4588 152
4589 152
4590 152
4591 152
4592 152
4593 152
4594 152
4595 152
4596 152
4597 152
4598 152
4599 152
4600 153
4601 153
4602 153
4603 153
4604 153
4605 153
4606 153
4607 153
4608 153
4609 153
4610 153
4611 153
4612 153
4613 153
4614 153
4615 153
4616 153
4617 153
4618 153
4619 153
4620 247
4621 247
4622 247
4623 247
4624 247
4625 247
4626 247
4627 247
4628 247
4629 247
4630 72
4631 72
4632 72
4633 72
4634 72
4635 72
4636 72
4637 72
4638 72
4639 72
4640 72
4641 72
4642 72
4643 72
4644 72
4645 72
4646 72
4647 72
4648 72
4649 72
4650 72
4651 72
4652 72
4653 72
4654 72
4655 72
4656 72
4657 72
4658 72
4659 72
4660 8
4661 8
4662 8
4663 8
4664 8
4665 8
4666 8
4667 8
4668 8
4669 8
4670 8
4671 8
4672 8
4673 8
4674 8
4675 8
4676 8
4677 8
4678 8
4679 8
4680 8
4681 8
4682 8
4683 8
4684 8
4685 8
4686 8
4687 8
4688 8
4689 8
4690 8
4691 8
4692 8
4693 8
4694 8
4695 8
4696 8
4697 8
4698 8
4699 8
4700 73
4701 73
4702 73
4703 73
4704 73
4705 73
4706 73
4707 73
4708 73
4709 73
4710 73
4711 73
4712 73
4713 73
4714 73
4715 73
4716 73
4717 73
4718 73
4719 73
4720 73
4721 73
4722 73
4723 73
4724 73
4725 73
4726 73
4727 73
4728 73
4729 73
4730 154
4731 154
4732 154
4733 154
4734 154
4735 154
4736 154
4737 154
4738 154
4739 154
4740 154
4741 154
4742 154
4743 154
4744 154
4745 154
4746 154
4747 154
4748 154
4749 154
4750 248
4751 248
4752 248
4753 248
4754 248
4755 248
4756 248
4757 248
4758 248
4759 248
4760 155
4761 155
4762 155
4763 155
4764 155
4765 155
4766 155
4767 155
4768 155
4769 155
4770 155
4771 155
4772 155
4773 155
4774 155
4775 155
4776 155
4777 155
4778 155
4779 155
4780 156
4781 156
4782 156
4783 156
4784 156
4785 156
4786 156
4787 156
4788 156
4789 156
4790 156
4791 156
4792 156
4793 156
4794 156
4795 156
4796 156
4797 156
4798 156
4799 156
4800 249
4801 249
4802 249
4803 249
4804 249
4805 249
4806 249
4807 249
4808 249
4809 249
4810 157
4811 157
4812 157
4813 157
4814 157
4815 157
4816 157
4817 157
4818 157
4819 157
4820 157
4821 157
4822 157
4823 157
4824 157
4825 157
4826 157
4827 157
4828 157
4829 157
4830 250
4831 250
4832 250
4833 250
4834 250
4835 250
4836 250
4837 250
4838 250
4839 250
4840 158
4841 158
4842 158
4843 158
4844 158
4845 158
4846 158
4847 158
4848 158
4849 158
4850 158
4851 158
4852 158
4853 158
4854 158
4855 158
4856 158
4857 158
4858 158
4859 158
4860 9
4861 9
4862 9
4863 9
4864 9
4865 9
4866 9
4867 9
4868 9
4869 9
4870 9
4871 9
4872 9
4873 9
4874 9
4875 9
4876 9
4877 9
4878 9
4879 9
4880 9
4881 9
4882 9
4883 9
4884 9
4885 9
4886 9
4887 9
4888 9
4889 9
4890 9
4891 9
4892 9
4893 9
4894 9
4895 9
4896 9
4897 9
4898 9
4899 9
4900 74
4901 74
4902 74
4903 74
4904 74
4905 74
4906 74
4907 74
4908 74
4909 74
4910 74
4911 74
4912 74
4913 74
4914 74
4915 74
4916 74
4917 74
4918 74
4919 74
4920 74
4921 74
4922 74
4923 74
4924 74
4925 74
4926 74
4927 74
4928 74
4929 74
4930 75
4931 75
4932 75
4933 75
4934 75
4935 75
4936 75
4937 75
4938 75
4939 75
4940 75
4941 75
4942 75
4943 75
4944 75
4945 75
4946 75
4947 75
4948 75
4949 75
4950 75
4951 75
4952 75
4953 75
4954 75
4955 75
4956 75
4957 75
4958 75
4959 75
4960 159
4961 159
4962 159
4963 159
4964 159
4965 159
4966 159
4967 159
4968 159
4969 159
4970 159
4971 159
4972 159
4973 159
4974 159
4975 159
4976 159
4977 159
4978 159
4979 159
4980 251
4981 251
4982 251
4983 251
4984 251
4985 251
4986 251
4987 251
4988 251
4989 251
4990 252
4991 252
4992 252
4993 252
4994 252
4995 252
4996 252
4997 252
4998 252
4999 252
