0 1
1 1
2 1
3 1
4 1
5 1
6 1
7 1
8 1
9 1
10 1
11 1
12 1
13 1
14 1
15 1
16 1
17 1
18 1
19 1
20 12
21 12
22 12
23 12
24 12
25 12
26 12
27 12
28 12
29 12
30 13
31 13
32 13
33 13
34 13
35 13
36 13
37 13
38 13
39 13
40 14
41 14
42 14
43 14
44 14
45 14
46 14
47 14
48 14
49 14
50 15
51 15
52 15
53 15
54 15
55 15
56 15
57 15
58 15
59 15
60 16
61 16
62 16
63 16
64 16
65 16
66 16
67 16
68 16
69 16
70 17
71 17
72 17
73 17
74 17
75 17
76 17
77 17
78 17
79 17
80 18
81 18
82 18
83 18
84 18
85 18
86 18
87 18
88 18
89 18
90 19
91 19
92 19
93 19
94 19
95 19
96 19
97 19
98 19
99 19
100 20
101 20
102 20
103 20
104 20
105 20
106 20
107 20
108 20
109 20
110 21
111 21
112 21
113 21
114 21
115 21
116 21
117 21
118 21
119 21
120 22
121 22
122 22
123 22
124 22
125 22
126 22
127 22
128 22
129 22
130 23
131 23
132 23
133 23
134 23
135 23
136 23
137 23
138 23
139 23
140 24
141 24
142 24
143 24
144 24
145 24
146 24
147 24
148 24
149 24
150 25
151 25
152 25
153 25
154 25
155 25
156 25
157 25
158 25
159 25
160 26
161 26
162 26
163 26
164 26
165 26
166 26
167 26
168 26
169 26
170 27
171 27
172 27
173 27
174 27
175 27
176 27
177 27
178 27
179 27
180 28
181 28
182 28
183 28
184 28
185 28
186 28
187 28
188 28
189 28
190 29
191 29
192 29
193 29
194 29
195 29
196 29
197 29
198 29
199 29
200 30
201 30
202 30
203 30
204 30
205 30
206 30
207 30
208 30
209 30
210 31
211 31
212 31
213 31
214 31
215 31
216 31
217 31
218 31
219 31
220 32
221 32
222 32
223 32
224 32
225 32
226 32
227 32
228 32
229 32
230 33
231 33
232 33
233 33
234 33
235 33
236 33
237 33
238 33
239 33
240 34
241 34
242 34
243 34
244 34
245 34
246 34
247 34
248 34
249 34
250 35
251 35
252 35
253 35
254 35
255 35
256 35
257 35
258 35
259 35
260 36
261 36
262 36
263 36
264 36
265 36
266 36
267 36
268 36
269 36
270 37
271 37
272 37
273 37
274 37
275 37
276 37
277 37
278 37
279 37
280 38
281 38
282 38
283 38
284 38
285 38
286 38
287 38
288 38
289 38
290 39
291 39
292 39
293 39
294 39
295 39
296 39
297 39
298 39
299 39
300 40
301 40
302 40
303 40
304 40
305 40
306 40
307 40
308 40
309 40
310 41
311 41
312 41
313 41
314 41
315 41
316 41
317 41
318 41
319 41
320 42
321 42
322 42
323 42
324 42
325 42
326 42
327 42
328 42
329 42
330 43
331 43
332 43
333 43
334 43
335 43
336 43
337 43
338 43
339 43
340 44
341 44
342 44
343 44
344 44
345 44
346 44
347 44
348 44
349 44
350 45
351 45
352 45
353 45
354 45
355 45
356 45
357 45
358 45
359 45
360 46
361 46
362 46
363 46
364 46
365 46
366 46
367 46
368 46
369 46
370 47
371 47
372 47
373 47
374 47
375 47
376 47
377 47
378 47
379 47
380 48
381 48
382 48
383 48
384 48
385 48
386 48
387 48
388 48
389 48
390 49
391 49
392 49
393 49
394 49
395 49
396 49
397 49
398 49
399 49
400 50
401 50
402 50
403 50
404 50
405 50
406 50
407 50
408 50
409 50
410 51
411 51
412 51
413 51
414 51
415 51
416 51
417 51
418 51
419 51
420 52
421 52
422 52
423 52
424 52
425 52
426 52
427 52
428 52
429 52
430 53
431 53
432 53
433 53
434 53
435 53
436 53
437 53
438 53
439 53
440 54
441 54
442 54
443 54
444 54
445 54
446 54
447 54
448 54
449 54
450 55
451 55
452 55
453 55
454 55
455 55
456 55
457 55
458 55
459 55
460 56
461 56
462 56
463 56
464 56
465 56
466 56
467 56
468 56
469 56
470 57
471 57
472 57
473 57
474 57
475 57
476 57
477 57
478 57
479 57
480 58
481 58
482 58
483 58
484 58
485 58
486 58
487 58
488 58
489 58
490 59
491 59
492 59
493 59
494 59
495 59
496 59
497 59
498 59
499 59
500 60
501 60
502 60
503 60
504 60
505 60
506 60
507 60
508 60
509 60
510 61
511 61
512 61
513 61
514 61
515 61
516 61
517 61
518 61
519 61
520 62
521 62
522 62
523 62
524 62
525 62
526 62
527 62
528 62
529 62
530 63
531 63
532 63
533 63
534 63
535 63
536 63
537 63
538 63
539 63
540 64
541 64
542 64
543 64
544 64
545 64
546 64
547 64
548 64
549 64
550 65
551 65
552 65
553 65
554 65
555 65
556 65
557 65
558 65
559 65
560 66
561 66
562 66
563 66
564 66
565 66
566 66
567 66
568 66
569 66
570 67
571 67
572 67
573 67
574 67
575 67
576 67
577 67
578 67
579 67
580 68
581 68
582 68
583 68
584 68
585 68
586 68
587 68
588 68
589 68
590 69
591 69
592 69
593 69
594 69
595 69
596 69
597 69
598 69
599 69
600 70
601 70
602 70
603 70
604 70
605 70
606 70
607 70
608 70
609 70
610 71
611 71
612 71
613 71
614 71
615 71
616 71
617 71
618 71
619 71
620 72
621 72
622 72
623 72
624 72
625 72
626 72
627 72
628 72
629 72
630 73
631 73
632 73
633 73
634 73
635 73
636 73
637 73
638 73
639 73
640 74
641 74
642 74
643 74
644 74
645 74
646 74
647 74
648 74
649 74
650 75
651 75
652 75
653 75
654 75
655 75
656 75
657 75
658 75
659 75
660 76
661 76
662 76
663 76
664 76
665 76
666 76
667 76
668 76
669 76
670 77
671 77
672 77
673 77
674 77
675 77
676 77
677 77
678 77
679 77
680 78
681 78
682 78
683 78
684 78
685 78
686 78
687 78
688 78
689 78
690 79
691 79
692 79
693 79
694 79
695 79
696 79
697 79
698 79
699 79
700 80
701 80
702 80
703 80
704 80
705 80
706 80
707 80
708 80
709 80
710 81
711 81
712 81
713 81
714 81
715 81
716 81
717 81
718 81
719 81
720 82
721 82
722 82
723 82
724 82
725 82
726 82
727 82
728 82
729 82
730 83
731 83
732 83
733 83
734 83
735 83
736 83
737 83
738 83
739 83
740 84
741 84
742 84
743 84
744 84
745 84
746 84
747 84
748 84
749 84
750 85
751 85
752 85
753 85
754 85
755 85
756 85
757 85
758 85
759 85
760 86
761 86
762 86
763 86
764 86
765 86
766 86
767 86
768 86
769 86
770 87
771 87
772 87
773 87
774 87
775 87
776 87
777 87
778 87
779 87
780 88
781 88
782 88
783 88
784 88
785 88
786 88
787 88
788 88
789 88
790 89
791 89
792 89
793 89
794 89
795 89
796 89
797 89
798 89
799 89
800 90
801 90
802 90
803 90
804 90
805 90
806 90
807 90
808 90
809 90
810 91
811 91
812 91
813 91
814 91
815 91
816 91
817 91
818 91
819 91
820 92
821 92
822 92
823 92
824 92
825 92
826 92
827 92
828 92
829 92
830 93
831 93
832 93
833 93
834 93
835 93
836 93
837 93
838 93
839 93
840 94
841 94
842 94
843 94
844 94
845 94
846 94
847 94
848 94
849 94
850 95
851 95
852 95
853 95
854 95
855 95
856 95
857 95
858 95
859 95
860 96
861 96
862 96
863 96
864 96
865 96
866 96
867 96
868 96
869 96
870 97
871 97
872 97
873 97
874 97
875 97
876 97
877 97
878 97
879 97
880 98
881 98
882 98
883 98
884 98
885 98
886 98
887 98
888 98
889 98
890 99
891 99
892 99
893 99
894 99
895 99
896 99
897 99
898 99
899 99
900 100
901 100
902 100
903 100
904 100
905 100
906 100
907 100
908 100
909 100
910 101
911 101
912 101
913 101
914 101
915 101
916 101
917 101
918 101
919 101
920 102
921 102
922 102
923 102
924 102
925 102
926 102
927 102
928 102
929 102
930 103
931 103
932 103
933 103
934 103
935 103
936 103
937 103
938 103
939 103
940 104
941 104
942 104
943 104
944 104
945 104
946 104
947 104
948 104
949 104
950 105
951 105
952 105
953 105
954 105
955 105
956 105
957 105
958 105
959 105
960 106
961 106
962 106
963 106
964 106
965 106
966 106
967 106
968 106
969 106
970 107
971 107
972 107
973 107
974 107
975 107
976 107
977 107
978 107
979 107
980 108
981 108
982 108
983 108
984 108
985 108
986 108
987 108
988 108
989 108
990 109
991 109
992 109
993 109
994 109
995 109
996 109
997 109
998 109
999 109
1000 110
1001 110
1002 110
1003 110
1004 110
1005 110
1006 110
1007 110
1008 110
1009 110
1010 111
1011 111
1012 111
1013 111
1014 111
1015 111
1016 111
1017 111
1018 111
1019 111
1020 112
1021 112
1022 112
1023 112
1024 112
1025 112
1026 112
1027 112
1028 112
1029 112
1030 113
1031 113
1032 113
1033 113
1034 113
1035 113
1036 113
1037 113
1038 113
1039 113
1040 114
1041 114
1042 114
1043 114
1044 114
1045 114
1046 114
1047 114
1048 114
1049 114
1050 115
1051 115
1052 115
1053 115
1054 115
1055 115
1056 115
1057 115
1058 115
1059 115
1060 116
1061 116
1062 116
1063 116
1064 116
1065 116
1066 116
1067 116
1068 116
1069 116
1070 117
1071 117
1072 117
1073 117
1074 117
1075 117
1076 117
1077 117
1078 117
1079 117
1080 118
1081 118
1082 118
1083 118
1084 118
1085 118
1086 118
1087 118
1088 118
1089 118
1090 119
1091 119
1092 119
1093 119
1094 119
1095 119
1096 119
1097 119
1098 119
1099 119
1100 120
1101 120
1102 120
1103 120
1104 120
1105 120
1106 120
1107 120
1108 120
1109 120
1110 121
1111 121
1112 121
1113 121
1114 121
1115 121
1116 121
1117 121
1118 121
1119 121
1120 122
1121 122
1122 122
1123 122
1124 122
1125 122
1126 122
1127 122
1128 122
1129 122
1130 123
1131 123
1132 123
1133 123
1134 123
1135 123
1136 123
1137 123
1138 123
1139 123
1140 124
1141 124
1142 124
1143 124
1144 124
1145 124
1146 124
1147 124
1148 124
1149 124
1150 125
1151 125
1152 125
1153 125
1154 125
1155 125
1156 125
1157 125
1158 125
1159 125
1160 126
1161 126
1162 126
1163 126
1164 126
1165 126
1166 126
1167 126
1168 126
1169 126
1170 127
1171 127
1172 127
1173 127
1174 127
1175 127
1176 127
1177 127
1178 127
1179 127
1180 128
1181 128
1182 128
1183 128
1184 128
1185 128
1186 128
1187 128
1188 128
1189 128
1190 129
1191 129
1192 129
1193 129
1194 129
1195 129
1196 129
1197 129
1198 129
1199 129
1200 130
1201 130
1202 130
1203 130
1204 130
1205 130
1206 130
1207 130
1208 130
1209 130
1210 131
1211 131
1212 131
1213 131
1214 131
1215 131
1216 131
1217 131
1218 131
1219 131
1220 132
1221 132
1222 132
1223 132
1224 132
1225 132
1226 132
1227 132
1228 132
1229 132
1230 133
1231 133
1232 133
1233 133
1234 133
1235 133
1236 133
1237 133
1238 133
1239 133
1240 134
1241 134
1242 134
1243 134
1244 134
1245 134
1246 134
1247 134
1248 134
1249 134
1250 135
1251 135
1252 135
1253 135
1254 135
1255 135
1256 135
1257 135
1258 135
1259 135
1260 136
1261 136
1262 136
1263 136
1264 136
1265 136
1266 136
1267 136
1268 136
1269 136
1270 137
1271 137
1272 137
1273 137
1274 137
1275 137
1276 137
1277 137
1278 137
1279 137
1280 138
1281 138
1282 138
1283 138
1284 138
1285 138
1286 138
1287 138
1288 138
1289 138
1290 139
1291 139
1292 139
1293 139
1294 139
1295 139
1296 139
1297 139
1298 139
1299 139
1300 140
1301 140
1302 140
1303 140
1304 140
1305 140
1306 140
1307 140
1308 140
1309 140
1310 141
1311 141
1312 141
1313 141
1314 141
1315 141
1316 141
1317 141
1318 141
1319 141
1320 142
1321 142
1322 142
1323 142
1324 142
1325 142
1326 142
1327 142
1328 142
1329 142
1330 143
1331 143
1332 143
1333 143
1334 143
1335 143
1336 143
1337 143
1338 143
1339 143
1340 144
1341 144
1342 144
1343 144
1344 144
1345 144
1346 144
1347 144
1348 144
1349 144
1350 145
1351 145
1352 145
1353 145
1354 145
1355 145
1356 145
1357 145
1358 145
1359 145
1360 146
1361 146
1362 146
1363 146
1364 146
1365 146
1366 146
1367 146
1368 146
1369 146
1370 147
1371 147
1372 147
1373 147
1374 147
1375 147
1376 147
1377 147
1378 147
1379 147
1380 148
1381 148
1382 148
1383 148
1384 148
1385 148
1386 148
1387 148
1388 148
1389 148
1390 149
1391 149
1392 149
1393 149
1394 149
1395 149
1396 149
1397 149
1398 149
1399 149
1400 150
1401 150
1402 150
1403 150
1404 150
1405 150
1406 150
1407 150
1408 150
1409 150
1410 151
1411 151
1412 151
1413 151
1414 151
1415 151
1416 151
1417 151
1418 151
1419 151
1420 152
1421 152
1422 152
1423 152
1424 152
1425 152
1426 152
1427 152
1428 152
1429 152
1430 153
1431 153
1432 153
1433 153
1434 153
1435 153
1436 153
1437 153
1438 153
1439 153
1440 154
1441 154
1442 154
1443 154
1444 154
1445 154
1446 154
1447 154
1448 154
1449 154
1450 155
1451 155
1452 155
1453 155
1454 155
1455 155
1456 155
1457 155
1458 155
1459 155
1460 156
1461 156
1462 156
1463 156
1464 156
1465 156
1466 156
1467 156
1468 156
1469 156
1470 157
1471 157
1472 157
1473 157
1474 157
1475 157
1476 157
1477 157
1478 157
1479 157
1480 158
1481 158
1482 158
1483 158
1484 158
1485 158
1486 158
1487 158
1488 158
1489 158
1490 159
1491 159
1492 159
1493 159
1494 159
1495 159
1496 159
1497 159
1498 159
1499 159
1500 160
1501 160
1502 160
1503 160
1504 160
1505 160
1506 160
1507 160
1508 160
1509 160
1510 161
1511 161
1512 161
1513 161
1514 161
1515 161
1516 161
1517 161
1518 161
1519 161
1520 162
1521 162
1522 162
1523 162
1524 162
1525 162
1526 162
1527 162
1528 162
1529 162
1530 163
1531 163
1532 163
1533 163
1534 163
1535 163
1536 163
1537 163
1538 163
1539 163
1540 164
1541 164
1542 164
1543 164
1544 164
1545 164
1546 164
1547 164
1548 164
1549 164
1550 165
1551 165
1552 165
1553 165
1554 165
1555 165
1556 165
1557 165
1558 165
1559 165
1560 166
1561 166
1562 166
1563 166
1564 166
1565 166
1566 166
1567 166
1568 166
1569 166
1570 167
1571 167
1572 167
1573 167
1574 167
1575 167
1576 167
1577 167
1578 167
1579 167
1580 168
1581 168
1582 168
1583 168
1584 168
1585 168
1586 168
1587 168
1588 168
1589 168
1590 169
1591 169
1592 169
1593 169
1594 169
1595 169
1596 169
1597 169
1598 169
1599 169
1600 170
1601 170
1602 170
1603 170
1604 170
1605 170
1606 170
1607 170
1608 170
1609 170
1610 171
1611 171
1612 171
1613 171
1614 171
1615 171
1616 171
1617 171
1618 171
1619 171
1620 172
1621 172
1622 172
1623 172
1624 172
1625 172
1626 172
1627 172
1628 172
1629 172
1630 173
1631 173
1632 173
1633 173
1634 173
1635 173
1636 173
1637 173
1638 173
1639 173
1640 174
1641 174
1642 174
1643 174
1644 174
1645 174
1646 174
1647 174
1648 174
1649 174
1650 175
1651 175
1652 175
1653 175
1654 175
1655 175
1656 175
1657 175
1658 175
1659 175
1660 176
1661 176
1662 176
1663 176
1664 176
1665 176
1666 176
1667 176
1668 176
1669 176
1670 177
1671 177
1672 177
1673 177
1674 177
1675 177
1676 177
1677 177
1678 177
1679 177
1680 178
1681 178
1682 178
1683 178
1684 178
1685 178
1686 178
1687 178
1688 178
1689 178
1690 2
1691 2
1692 2
1693 2
1694 2
1695 2
1696 2
1697 2
1698 2
1699 2
1700 2
1701 2
1702 2
1703 2
1704 2
1705 2
1706 2
1707 2
1708 2
1709 2
1710 179
1711 179
1712 179
1713 179
1714 179
1715 179
1716 179
1717 179
1718 179
1719 179
1720 180
1721 180
1722 180
1723 180
1724 180
1725 180
1726 180
1727 180
1728 180
1729 180
1730 181
1731 181
1732 181
1733 181
1734 181
1735 181
1736 181
1737 181
1738 181
1739 181
1740 182
1741 182
1742 182
1743 182
1744 182
1745 182
1746 182
1747 182
1748 182
1749 182
1750 183
1751 183
1752 183
1753 183
1754 183
1755 183
1756 183
1757 183
1758 183
1759 183
1760 184
1761 184
1762 184
1763 184
1764 184
1765 184
1766 184
1767 184
1768 184
1769 184
1770 185
1771 185
1772 185
1773 185
1774 185
1775 185
1776 185
1777 185
1778 185
1779 185
1780 186
1781 186
1782 186
1783 186
1784 186
1785 186
1786 186
1787 186
1788 186
1789 186
1790 187
1791 187
1792 187
1793 187
1794 187
1795 187
1796 187
1797 187
1798 187
1799 187
1800 188
1801 188
1802 188
1803 188
1804 188
1805 188
1806 188
1807 188
1808 188
1809 188
1810 189
1811 189
1812 189
1813 189
1814 189
1815 189
1816 189
1817 189
1818 189
1819 189
1820 190
1821 190
1822 190
1823 190
1824 190
1825 190
1826 190
1827 190
1828 190
1829 190
1830 3
1831 3
1832 3
1833 3
1834 3
1835 3
1836 3
1837 3
1838 3
1839 3
1840 3
1841 3
1842 3
1843 3
1844 3
1845 3
1846 3
1847 3
1848 3
1849 3
1850 191
1851 191
1852 191
1853 191
1854 191
1855 191
1856 191
1857 191
1858 191
1859 191
1860 4
1861 4
1862 4
1863 4
1864 4
1865 4
1866 4
1867 4
1868 4
1869 4
1870 4
1871 4
1872 4
1873 4
1874 4
1875 4
1876 4
1877 4
1878 4
1879 4
1880 192
1881 192
1882 192
1883 192
1884 192
1885 192
1886 192
1887 192
1888 192
1889 192
1890 193
1891 193
1892 193
1893 193
1894 193
1895 193
1896 193
1897 193
1898 193
1899 193
1900 194
1901 194
1902 194
1903 194
1904 194
1905 194
1906 194
1907 194
1908 194
1909 194
1910 195
1911 195
1912 195
1913 195
1914 195
1915 195
1916 195
1917 195
1918 195
1919 195
1920 196
1921 196
1922 196
1923 196
1924 196
1925 196
1926 196
1927 196
1928 196
1929 196
1930 5
1931 5
1932 5
1933 5
1934 5
1935 5
1936 5
1937 5
1938 5
1939 5
1940 5
1941 5
1942 5
1943 5
1944 5
1945 5
1946 5
1947 5
1948 5
1949 5
1950 197
1951 197
1952 197
1953 197
1954 197
1955 197
1956 197
1957 197
1958 197
1959 197
1960 198
1961 198
1962 198
1963 198
1964 198
1965 198
1966 198
1967 198
1968 198
1969 198
1970 199
1971 199
1972 199
1973 199
1974 199
1975 199
1976 199
1977 199
1978 199
1979 199
1980 200
1981 200
1982 200
1983 200
1984 200
1985 200
1986 200
1987 200
1988 200
1989 200
1990 201
1991 201
1992 201
1993 201
1994 201
1995 201
1996 201
1997 201
1998 201
1999 201
2000 202
2001 202
2002 202
2003 202
2004 202
2005 202
2006 202
2007 202
2008 202
2009 202
2010 203
2011 203
2012 203
2013 203
2014 203
2015 203
2016 203
2017 203
2018 203
2019 203
2020 204
2021 204
2022 204
2023 204
2024 204
2025 204
2026 204
2027 204
2028 204
2029 204
2030 205
2031 205
2032 205
2033 205
2034 205
2035 205
2036 205
2037 205
2038 205
2039 205
2040 206
2041 206
2042 206
2043 206
2044 206
2045 206
2046 206
2047 206
2048 206
2049 206
2050 207
2051 207
2052 207
2053 207
2054 207
2055 207
2056 207
2057 207
2058 207
2059 207
2060 208
2061 208
2062 208
2063 208
2064 208
2065 208
2066 208
2067 208
2068 208
2069 208
2070 209
2071 209
2072 209
2073 209
2074 209
2075 209
2076 209
2077 209
2078 209
2079 209
2080 210
2081 210
2082 210
2083 210
2084 210
2085 210
2086 210
2087 210
2088 210
2089 210
2090 211
2091 211
2092 211
2093 211
2094 211
2095 211
2096 211
2097 211
2098 211
2099 211
2100 212
2101 212
2102 212
2103 212
2104 212
2105 212
2106 212
2107 212
2108 212
2109 212
2110 213
2111 213
2112 213
2113 213
2114 213
2115 213
2116 213
2117 213
2118 213
2119 213
2120 214
2121 214
2122 214
2123 214
2124 214
2125 214
2126 214
2127 214
2128 214
2129 214
2130 215
2131 215
2132 215
2133 215
2134 215
2135 215
2136 215
2137 215
2138 215
2139 215
2140 216
2141 216
2142 216
2143 216
2144 216
2145 216
2146 216
2147 216
2148 216
2149 216
2150 217
2151 217
2152 217
2153 217
2154 217
2155 217
2156 217
2157 217
2158 217
2159 217
2160 218
2161 218
2162 218
2163 218
2164 218
2165 218
2166 218
2167 218
2168 218
2169 218
2170 219
2171 219
2172 219
2173 219
2174 219
2175 219
2176 219
2177 219
2178 219
2179 219
2180 220
2181 220
2182 220
2183 220
2184 220
2185 220
2186 220
2187 220
2188 220
2189 220
2190 221
2191 221
2192 221
2193 221
2194 221
2195 221
2196 221
2197 221
2198 221
2199 221
2200 222
2201 222
2202 222
2203 222
2204 222
2205 222
2206 222
2207 222
2208 222
2209 222
2210 223
2211 223
2212 223
2213 223
2214 223
2215 223
2216 223
2217 223
2218 223
2219 223
2220 224
2221 224
2222 224
2223 224
2224 224
2225 224
2226 224
2227 224
2228 224
2229 224
2230 225
2231 225
2232 225
2233 225
2234 225
2235 225
2236 225
2237 225
2238 225
2239 225
2240 6
2241 6
2242 6
2243 6
2244 6
2245 6
2246 6
2247 6
2248 6
2249 6
2250 6
2251 6
2252 6
2253 6
2254 6
2255 6
2256 6
2257 6
2258 6
2259 6
2260 226
2261 226
2262 226
2263 226
2264 226
2265 226
2266 226
2267 226
2268 226
2269 226
2270 227
2271 227
2272 227
2273 227
2274 227
2275 227
2276 227
2277 227
2278 227
2279 227
2280 228
2281 228
2282 228
2283 228
2284 228
2285 228
2286 228
2287 228
2288 228
2289 228
2290 229
2291 229
2292 229
2293 229
2294 229
2295 229
2296 229
2297 229
2298 229
2299 229
2300 230
2301 230
2302 230
2303 230
2304 230
2305 230
2306 230
2307 230
2308 230
2309 230
2310 231
2311 231
2312 231
2313 231
2314 231
2315 231
2316 231
2317 231
2318 231
2319 231
2320 232
2321 232
2322 232
2323 232
2324 232
2325 232
2326 232
2327 232
2328 232
2329 232
2330 233
2331 233
2332 233
2333 233
2334 233
2335 233
2336 233
2337 233
2338 233
2339 233
2340 234
2341 234
2342 234
2343 234
2344 234
2345 234
2346 234
2347 234
2348 234
2349 234
2350 235
2351 235
2352 235
2353 235
2354 235
2355 235
2356 235
2357 235
2358 235
2359 235
2360 236
2361 236
2362 236
2363 236
2364 236
2365 236
2366 236
2367 236
2368 236
2369 236
2370 237
2371 237
2372 237
2373 237
2374 237
2375 237
2376 237
2377 237
2378 237
2379 237
2380 238
2381 238
2382 238
2383 238
2384 238
2385 238
2386 238
2387 238
2388 238
2389 238
2390 239
2391 239
2392 239
2393 239
2394 239
2395 239
2396 239
2397 239
2398 239
2399 239
2400 240
2401 240
2402 240
2403 240
2404 240
2405 240
2406 240
2407 240
2408 240
2409 240
2410 241
2411 241
2412 241
2413 241
2414 241
2415 241
2416 241
2417 241
2418 241
2419 241
2420 242
2421 242
2422 242
2423 242
2424 242
2425 242
2426 242
2427 242
2428 242
2429 242
2430 243
2431 243
2432 243
2433 243
2434 243
2435 243
2436 243
2437 243
2438 243
2439 243
2440 7
2441 7
2442 7
2443 7
2444 7
2445 7
2446 7
2447 7
2448 7
2449 7
2450 7
2451 7
2452 7
2453 7
2454 7
2455 7
2456 7
2457 7
2458 7
2459 7
2460 244
2461 244
2462 244
2463 244
2464 244
2465 244
2466 244
2467 244
2468 244
2469 244
2470 245
2471 245
2472 245
2473 245
2474 245
2475 245
2476 245
2477 245
2478 245
2479 245
2480 246
2481 246
2482 246
2483 246
2484 246
2485 246
2486 246
2487 246
2488 246
2489 246
2490 247
2491 247
2492 247
2493 247
2494 247
2495 247
2496 247
2497 247
2498 247
2499 247
2500 248
2501 248
2502 248
2503 248
2504 248
2505 248
2506 248
2507 248
2508 248
2509 248
2510 249
2511 249
2512 249
2513 249
2514 249
2515 249
2516 249
2517 249
2518 249
2519 249
2520 250
2521 250
2522 250
2523 250
2524 250
2525 250
2526 250
2527 250
2528 250
2529 250
2530 251
2531 251
2532 251
2533 251
2534 251
2535 251
2536 251
2537 251
2538 251
2539 251
2540 252
2541 252
2542 252
2543 252
2544 252
2545 252
2546 252
2547 252
2548 252
2549 252
2550 253
2551 253
2552 253
2553 253
2554 253
2555 253
2556 253
2557 253
2558 253
2559 253
2560 254
2561 254
2562 254
2563 254
2564 254
2565 254
2566 254
2567 254
2568 254
2569 254
2570 255
2571 255
2572 255
2573 255
2574 255
2575 255
2576 255
2577 255
2578 255
2579 255
2580 256
2581 256
2582 256
2583 256
2584 256
2585 256
2586 256
2587 256
2588 256
2589 256
2590 257
2591 257
2592 257
2593 257
2594 257
2595 257
2596 257
2597 257
2598 257
2599 257
2600 258
2601 258
2602 258
2603 258
2604 258
2605 258
2606 258
2607 258
2608 258
2609 258
2610 259
2611 259
2612 259
2613 259
2614 259
2615 259
2616 259
2617 259
2618 259
2619 259
2620 260
2621 260
2622 260
2623 260
2624 260
2625 260
2626 260
2627 260
2628 260
2629 260
2630 261
2631 261
2632 261
2633 261
2634 261
2635 261
2636 261
2637 261
2638 261
2639 261
2640 262
2641 262
2642 262
2643 262
2644 262
2645 262
2646 262
2647 262
2648 262
2649 262
2650 263
2651 263
2652 263
2653 263
2654 263
2655 263
2656 263
2657 263
2658 263
2659 263
2660 264
2661 264
2662 264
2663 264
2664 264
2665 264
2666 264
2667 264
2668 264
2669 264
2670 265
2671 265
2672 265
2673 265
2674 265
2675 265
2676 265
2677 265
2678 265
2679 265
2680 266
2681 266
2682 266
2683 266
2684 266
2685 266
2686 266
2687 266
2688 266
2689 266
2690 267
2691 267
2692 267
2693 267
2694 267
2695 267
2696 267
2697 267
2698 267
2699 267
2700 268
2701 268
2702 268
2703 268
2704 268
2705 268
2706 268
2707 268
2708 268
2709 268
2710 269
2711 269
2712 269
2713 269
2714 269
2715 269
2716 269
2717 269
2718 269
2719 269
2720 270
2721 270
2722 270
2723 270
2724 270
2725 270
2726 270
2727 270
2728 270
2729 270
2730 271
2731 271
2732 271
2733 271
2734 271
2735 271
2736 271
2737 271
2738 271
2739 271
2740 272
2741 272
2742 272
2743 272
2744 272
2745 272
2746 272
2747 272
2748 272
2749 272
2750 273
2751 273
2752 273
2753 273
2754 273
2755 273
2756 273
2757 273
2758 273
2759 273
2760 274
2761 274
2762 274
2763 274
2764 274
2765 274
2766 274
2767 274
2768 274
2769 274
2770 275
2771 275
2772 275
2773 275
2774 275
2775 275
2776 275
2777 275
2778 275
2779 275
2780 276
2781 276
2782 276
2783 276
2784 276
2785 276
2786 276
2787 276
2788 276
2789 276
2790 8
2791 8
2792 8
2793 8
2794 8
2795 8
2796 8
2797 8
2798 8
2799 8
2800 8
2801 8
2802 8
2803 8
2804 8
2805 8
2806 8
2807 8
2808 8
2809 8
2810 277
2811 277
2812 277
2813 277
2814 277
2815 277
2816 277
2817 277
2818 277
2819 277
2820 9
2821 9
2822 9
2823 9
2824 9
2825 9
2826 9
2827 9
2828 9
2829 9
2830 9
2831 9
2832 9
2833 9
2834 9
2835 9
2836 9
2837 9
2838 9
2839 9
2840 278
2841 278
2842 278
2843 278
2844 278
2845 278
2846 278
2847 278
2848 278
2849 278
2850 279
2851 279
2852 279
2853 279
2854 279
2855 279
2856 279
2857 279
2858 279
2859 279
2860 280
2861 280
2862 280
2863 280
2864 280
2865 280
2866 280
2867 280
2868 280
2869 280
2870 281
2871 281
2872 281
2873 281
2874 281
2875 281
2876 281
2877 281
2878 281
2879 281
2880 282
2881 282
2882 282
2883 282
2884 282
2885 282
2886 282
2887 282
2888 282
2889 282
2890 283
2891 283
2892 283
2893 283
2894 283
2895 283
2896 283
2897 283
2898 283
2899 283
2900 284
2901 284
2902 284
2903 284
2904 284
2905 284
2906 284
2907 284
2908 284
2909 284
2910 285
2911 285
2912 285
2913 285
2914 285
2915 285
2916 285
2917 285
2918 285
2919 285
2920 286
2921 286
2922 286
2923 286
2924 286
2925 286
2926 286
2927 286
2928 286
2929 286
2930 287
2931 287
2932 287
2933 287
2934 287
2935 287
2936 287
2937 287
2938 287
2939 287
2940 288
2941 288
2942 288
2943 288
2944 288
2945 288
2946 288
2947 288
2948 288
2949 288
2950 289
2951 289
2952 289
2953 289
2954 289
2955 289
2956 289
2957 289
2958 289
2959 289
2960 290
2961 290
2962 290
2963 290
2964 290
2965 290
2966 290
2967 290
2968 290
2969 290
2970 291
2971 291
2972 291
2973 291
2974 291
2975 291
2976 291
2977 291
2978 291
2979 291
2980 292
2981 292
2982 292
2983 292
2984 292
2985 292
2986 292
2987 292
2988 292
2989 292
2990 293
2991 293
2992 293
2993 293
2994 293
2995 293
2996 293
2997 293
2998 293
2999 293
3000 294
3001 294
3002 294
3003 294
3004 294
3005 294
3006 294
3007 294
3008 294
3009 294
3010 295
3011 295
3012 295
3013 295
3014 295
3015 295
3016 295
3017 295
3018 295
3019 295
3020 10
3021 10
3022 10
3023 10
3024 10
3025 10
3026 10
3027 10
3028 10
3029 10
3030 10
3031 10
3032 10
3033 10
3034 10
3035 10
3036 10
3037 10
3038 10
3039 10
3040 296
3041 296
3042 296
3043 296
3044 296
3045 296
3046 296
3047 296
3048 296
3049 296
3050 297
3051 297
3052 297
3053 297
3054 297
3055 297
3056 297
3057 297
3058 297
3059 297
3060 298
3061 298
3062 298
3063 298
3064 298
3065 298
3066 298
3067 298
3068 298
3069 298
3070 299
3071 299
3072 299
3073 299
3074 299
3075 299
3076 299
3077 299
3078 299
3079 299
3080 300
3081 300
3082 300
3083 300
3084 300
3085 300
3086 300
3087 300
3088 300
3089 300
3090 301
3091 301
3092 301
3093 301
3094 301
3095 301
3096 301
3097 301
3098 301
3099 301
3100 302
3101 302
3102 302
3103 302
3104 302
3105 302
3106 302
3107 302
3108 302
3109 302
3110 303
3111 303
3112 303
3113 303
3114 303
3115 303
3116 303
3117 303
3118 303
3119 303
3120 304
3121 304
3122 304
3123 304
3124 304
3125 304
3126 304
3127 304
3128 304
3129 304
3130 305
3131 305
3132 305
3133 305
3134 305
3135 305
3136 305
3137 305
3138 305
3139 305
3140 306
3141 306
3142 306
3143 306
3144 306
3145 306
3146 306
3147 306
3148 306
3149 306
3150 307
3151 307
3152 307
3153 307
3154 307
3155 307
3156 307
3157 307
3158 307
3159 307
3160 308
3161 308
3162 308
3163 308
3164 308
3165 308
3166 308
3167 308
3168 308
3169 308
3170 309
3171 309
3172 309
3173 309
3174 309
3175 309
3176 309
3177 309
3178 309
3179 309
3180 310
3181 310
3182 310
3183 310
3184 310
3185 310
3186 310
3187 310
3188 310
3189 310
3190 311
3191 311
3192 311
3193 311
3194 311
3195 311
3196 311
3197 311
3198 311
3199 311
3200 312
3201 312
3202 312
3203 312
3204 312
3205 312
3206 312
3207 312
3208 312
3209 312
3210 313
3211 313
3212 313
3213 313
3214 313
3215 313
3216 313
3217 313
3218 313
3219 313
3220 314
3221 314
3222 314
3223 314
3224 314
3225 314
3226 314
3227 314
3228 314
3229 314
3230 315
3231 315
3232 315
3233 315
3234 315
3235 315
3236 315
3237 315
3238 315
3239 315
3240 316
3241 316
3242 316
3243 316
3244 316
3245 316
3246 316
3247 316
3248 316
3249 316
3250 317
3251 317
3252 317
3253 317
3254 317
3255 317
3256 317
3257 317
3258 317
3259 317
3260 318
3261 318
3262 318
3263 318
3264 318
3265 318
3266 318
3267 318
3268 318
3269 318
3270 319
3271 319
3272 319
3273 319
3274 319
3275 319
3276 319
3277 319
3278 319
3279 319
3280 320
3281 320
3282 320
3283 320
3284 320
3285 320
3286 320
3287 320
3288 320
3289 320
3290 321
3291 321
3292 321
3293 321
3294 321
3295 321
3296 321
3297 321
3298 321
3299 321
3300 322
3301 322
3302 322
3303 322
3304 322
3305 322
3306 322
3307 322
3308 322
3309 322
3310 323
3311 323
3312 323
3313 323
3314 323
3315 323
3316 323
3317 323
3318 323
3319 323
3320 324
3321 324
3322 324
3323 324
3324 324
3325 324
3326 324
3327 324
3328 324
3329 324
3330 325
3331 325
3332 325
3333 325
3334 325
3335 325
3336 325
3337 325
3338 325
3339 325
3340 326
3341 326
3342 326
3343 326
3344 326
3345 326
3346 326
3347 326
3348 326
3349 326
3350 327
3351 327
3352 327
3353 327
3354 327
3355 327
3356 327
3357 327
3358 327
3359 327
3360 328
3361 328
3362 328
3363 328
3364 328
3365 328
3366 328
3367 328
3368 328
3369 328
3370 329
3371 329
3372 329
3373 329
3374 329
3375 329
3376 329
3377 329
3378 329
3379 329
3380 330
3381 330
3382 330
3383 330
3384 330
3385 330
3386 330
3387 330
3388 330
3389 330
3390 331
3391 331
3392 331
3393 331
3394 331
3395 331
3396 331
3397 331
3398 331
3399 331
3400 332
3401 332
3402 332
3403 332
3404 332
3405 332
3406 332
3407 332
3408 332
3409 332
3410 333
3411 333
3412 333
3413 333
3414 333
3415 333
3416 333
3417 333
3418 333
3419 333
3420 334
3421 334
3422 334
3423 334
3424 334
3425 334
3426 334
3427 334
3428 334
3429 334
3430 335
3431 335
3432 335
3433 335
3434 335
3435 335
3436 335
3437 335
3438 335
3439 335
3440 336
3441 336
3442 336
3443 336
3444 336
3445 336
3446 336
3447 336
3448 336
3449 336
3450 337
3451 337
3452 337
3453 337
3454 337
3455 337
3456 337
3457 337
3458 337
3459 337
3460 338
3461 338
3462 338
3463 338
3464 338
3465 338
3466 338
3467 338
3468 338
3469 338
3470 339
3471 339
3472 339
3473 339
3474 339
3475 339
3476 339
3477 339
3478 339
3479 339
3480 340
3481 340
3482 340
3483 340
3484 340
3485 340
3486 340
3487 340
3488 340
3489 340
3490 341
3491 341
3492 341
3493 341
3494 341
3495 341
3496 341
3497 341
3498 341
3499 341
3500 342
3501 342
3502 342
3503 342
3504 342
3505 342
3506 342
3507 342
3508 342
3509 342
3510 343
3511 343
3512 343
3513 343
3514 343
3515 343
3516 343
3517 343
3518 343
3519 343
3520 344
3521 344
3522 344
3523 344
3524 344
3525 344
3526 344
3527 344
3528 344
3529 344
3530 345
3531 345
3532 345
3533 345
3534 345
3535 345
3536 345
3537 345
3538 345
3539 345
3540 346
3541 346
3542 346
3543 346
3544 346
3545 346
3546 346
3547 346
3548 346
3549 346
3550 347
3551 347
3552 347
3553 347
3554 347
3555 347
3556 347
3557 347
3558 347
3559 347
3560 348
3561 348
3562 348
3563 348
3564 348
3565 348
3566 348
3567 348
3568 348
3569 348
3570 349
3571 349
3572 349
3573 349
3574 349
3575 349
3576 349
3577 349
3578 349
3579 349
3580 350
3581 350
3582 350
3583 350
3584 350
3585 350
3586 350
3587 350
3588 350
3589 350
3590 351
3591 351
3592 351
3593 351
3594 351
3595 351
3596 351
3597 351
3598 351
3599 351
3600 352
3601 352
3602 352
3603 352
3604 352
3605 352
3606 352
3607 352
3608 352
3609 352
3610 353
3611 353
3612 353
3613 353
3614 353
3615 353
3616 353
3617 353
3618 353
3619 353
3620 354
3621 354
3622 354
3623 354
3624 354
3625 354
3626 354
3627 354
3628 354
3629 354
3630 355
3631 355
3632 355
3633 355
3634 355
3635 355
3636 355
3637 355
3638 355
3639 355
3640 356
3641 356
3642 356
3643 356
3644 356
3645 356
3646 356
3647 356
3648 356
3649 356
3650 357
3651 357
3652 357
3653 357
3654 357
3655 357
3656 357
3657 357
3658 357
3659 357
3660 358
3661 358
3662 358
3663 358
3664 358
3665 358
3666 358
3667 358
3668 358
3669 358
3670 359
3671 359
3672 359
3673 359
3674 359
3675 359
3676 359
3677 359
3678 359
3679 359
3680 360
3681 360
3682 360
3683 360
3684 360
3685 360
3686 360
3687 360
3688 360
3689 360
3690 361
3691 361
3692 361
3693 361
3694 361
3695 361
3696 361
3697 361
3698 361
3699 361
3700 362
3701 362
3702 362
3703 362
3704 362
3705 362
3706 362
3707 362
3708 362
3709 362
3710 363
3711 363
3712 363
3713 363
3714 363
3715 363
3716 363
3717 363
3718 363
3719 363
3720 364
3721 364
3722 364
3723 364
3724 364
3725 364
3726 364
3727 364
3728 364
3729 364
3730 365
3731 365
3732 365
3733 365
3734 365
3735 365
3736 365
3737 365
3738 365
3739 365
3740 366
3741 366
3742 366
3743 366
3744 366
3745 366
3746 366
3747 366
3748 366
3749 366
3750 367
3751 367
3752 367
3753 367
3754 367
3755 367
3756 367
3757 367
3758 367
3759 367
3760 368
3761 368
3762 368
3763 368
3764 368
3765 368
3766 368
3767 368
3768 368
3769 368
3770 369
3771 369
3772 369
3773 369
3774 369
3775 369
3776 369
3777 369
3778 369
3779 369
3780 370
3781 370
3782 370
3783 370
3784 370
3785 370
3786 370
3787 370
3788 370
3789 370
3790 371
3791 371
3792 371
3793 371
3794 371
3795 371
3796 371
3797 371
3798 371
3799 371
3800 372
3801 372
3802 372
3803 372
3804 372
3805 372
3806 372
3807 372
3808 372
3809 372
3810 373
3811 373
3812 373
3813 373
3814 373
3815 373
3816 373
3817 373
3818 373
3819 373
3820 374
3821 374
3822 374
3823 374
3824 374
3825 374
3826 374
3827 374
3828 374
3829 374
3830 375
3831 375
3832 375
3833 375
3834 375
3835 375
3836 375
3837 375
3838 375
3839 375
3840 376
3841 376
3842 376
3843 376
3844 376
3845 376
3846 376
3847 376
3848 376
3849 376
3850 377
3851 377
3852 377
3853 377
3854 377
3855 377
3856 377
3857 377
3858 377
3859 377
3860 378
3861 378
3862 378
3863 378
3864 378
3865 378
3866 378
3867 378
3868 378
3869 378
3870 379
3871 379
3872 379
3873 379
3874 379
3875 379
3876 379
3877 379
3878 379
3879 379
3880 380
3881 380
3882 380
3883 380
3884 380
3885 380
3886 380
3887 380
3888 380
3889 380
3890 381
3891 381
3892 381
3893 381
3894 381
3895 381
3896 381
3897 381
3898 381
3899 381
3900 382
3901 382
3902 382
3903 382
3904 382
3905 382
3906 382
3907 382
3908 382
3909 382
3910 383
3911 383
3912 383
3913 383
3914 383
3915 383
3916 383
3917 383
3918 383
3919 383
3920 384
3921 384
3922 384
3923 384
3924 384
3925 384
3926 384
3927 384
3928 384
3929 384
3930 385
3931 385
3932 385
3933 385
3934 385
3935 385
3936 385
3937 385
3938 385
3939 385
3940 386
3941 386
3942 386
3943 386
3944 386
3945 386
3946 386
3947 386
3948 386
3949 386
3950 387
3951 387
3952 387
3953 387
3954 387
3955 387
3956 387
3957 387
3958 387
3959 387
3960 388
3961 388
3962 388
3963 388
3964 388
3965 388
3966 388
3967 388
3968 388
3969 388
3970 389
3971 389
3972 389
3973 389
3974 389
3975 389
3976 389
3977 389
3978 389
3979 389
3980 390
3981 390
3982 390
3983 390
3984 390
3985 390
3986 390
3987 390
3988 390
3989 390
3990 391
3991 391
3992 391
3993 391
3994 391
3995 391
3996 391
3997 391
3998 391
3999 391
4000 392
4001 392
4002 392
4003 392
4004 392
4005 392
4006 392
4007 392
4008 392
4009 392
4010 393
4011 393
4012 393
4013 393
4014 393
4015 393
4016 393
4017 393
4018 393
4019 393
4020 394
4021 394
4022 394
4023 394
4024 394
4025 394
4026 394
4027 394
4028 394
4029 394
4030 395
4031 395
4032 395
4033 395
4034 395
4035 395
4036 395
4037 395
4038 395
4039 395
4040 396
4041 396
4042 396
4043 396
4044 396
4045 396
4046 396
4047 396
4048 396
4049 396
4050 397
4051 397
4052 397
4053 397
4054 397
4055 397
4056 397
4057 397
4058 397
4059 397
4060 398
4061 398
4062 398
4063 398
4064 398
4065 398
4066 398
4067 398
4068 398
4069 398
4070 399
4071 399
4072 399
4073 399
4074 399
4075 399
4076 399
4077 399
4078 399
4079 399
4080 400
4081 400
4082 400
4083 400
4084 400
4085 400
4086 400
4087 400
4088 400
4089 400
4090 401
4091 401
4092 401
4093 401
4094 401
4095 401
4096 401
4097 401
4098 401
4099 401
4100 402
4101 402
4102 402
4103 402
4104 402
4105 402
4106 402
4107 402
4108 402
4109 402
4110 403
4111 403
4112 403
4113 403
4114 403
4115 403
4116 403
4117 403
4118 403
4119 403
4120 404
4121 404
4122 404
4123 404
4124 404
4125 404
4126 404
4127 404
4128 404
4129 404
4130 405
4131 405
4132 405
4133 405
4134 405
4135 405
4136 405
4137 405
4138 405
4139 405
4140 406
4141 406
4142 406
4143 406
4144 406
4145 406
4146 406
4147 406
4148 406
4149 406
4150 407
4151 407
4152 407
4153 407
4154 407
4155 407
4156 407
4157 407
4158 407
4159 407
4160 408
4161 408
4162 408
4163 408
4164 408
4165 408
4166 408
4167 408
4168 408
4169 408
4170 409
4171 409
4172 409
4173 409
4174 409
4175 409
4176 409
4177 409
4178 409
4179 409
4180 410
4181 410
4182 410
4183 410
4184 410
4185 410
4186 410
4187 410
4188 410
4189 410
4190 411
4191 411
4192 411
4193 411
4194 411
4195 411
4196 411
4197 411
4198 411
4199 411
4200 412
4201 412
4202 412
4203 412
4204 412
4205 412
4206 412
4207 412
4208 412
4209 412
4210 413
4211 413
4212 413
4213 413
4214 413
4215 413
4216 413
4217 413
4218 413
4219 413
4220 414
4221 414
4222 414
4223 414
4224 414
4225 414
4226 414
4227 414
4228 414
4229 414
4230 415
4231 415
4232 415
4233 415
4234 415
4235 415
4236 415
4237 415
4238 415
4239 415
4240 416
4241 416
4242 416
4243 416
4244 416
4245 416
4246 416
4247 416
4248 416
4249 416
4250 417
4251 417
4252 417
4253 417
4254 417
4255 417
4256 417
4257 417
4258 417
4259 417
4260 418
4261 418
4262 418
4263 418
4264 418
4265 418
4266 418
4267 418
4268 418
4269 418
4270 419
4271 419
4272 419
4273 419
4274 419
4275 419
4276 419
4277 419
4278 419
4279 419
4280 11
4281 11
4282 11
4283 11
4284 11
4285 11
4286 11
4287 11
4288 11
4289 11
4290 11
4291 11
4292 11
4293 11
4294 11
4295 11
4296 11
4297 11
4298 11
4299 11
4300 420
4301 420
4302 420
4303 420
4304 420
4305 420
4306 420
4307 420
4308 420
4309 420
4310 421
4311 421
4312 421
4313 421
4314 421
4315 421
4316 421
4317 421
4318 421
4319 421
4320 422
4321 422
4322 422
4323 422
4324 422
4325 422
4326 422
4327 422
4328 422
4329 422
4330 423
4331 423
4332 423
4333 423
4334 423
4335 423
4336 423
4337 423
4338 423
4339 423
4340 424
4341 424
4342 424
4343 424
4344 424
4345 424
4346 424
4347 424
4348 424
4349 424
4350 425
4351 425
4352 425
4353 425
4354 425
4355 425
4356 425
4357 425
4358 425
4359 425
4360 426
4361 426
4362 426
4363 426
4364 426
4365 426
4366 426
4367 426
4368 426
4369 426
4370 427
4371 427
4372 427
4373 427
4374 427
4375 427
4376 427
4377 427
4378 427
4379 427
4380 428
4381 428
4382 428
4383 428
4384 428
4385 428
4386 428
4387 428
4388 428
4389 428
4390 429
4391 429
4392 429
4393 429
4394 429
4395 429
4396 429
4397 429
4398 429
4399 429
4400 430
4401 430
4402 430
4403 430
4404 430
4405 430
4406 430
4407 430
4408 430
4409 430
4410 431
4411 431
4412 431
4413 431
4414 431
4415 431
4416 431
4417 431
4418 431
4419 431
4420 432
4421 432
4422 432
4423 432
4424 432
4425 432
4426 432
4427 432
4428 432
4429 432
4430 433
4431 433
4432 433
4433 433
4434 433
4435 433
4436 433
4437 433
4438 433
4439 433
4440 434
4441 434
4442 434
4443 434
4444 434
4445 434
4446 434
4447 434
4448 434
4449 434
4450 435
4451 435
4452 435
4453 435
4454 435
4455 435
4456 435
4457 435
4458 435
4459 435
4460 436
4461 436
4462 436
4463 436
4464 436
4465 436
4466 436
4467 436
4468 436
4469 436
4470 437
4471 437
4472 437
4473 437
4474 437
4475 437
4476 437
4477 437
4478 437
4479 437
4480 438
4481 438
4482 438
4483 438
4484 438
4485 438
4486 438
4487 438
4488 438
4489 438
4490 439
4491 439
4492 439
4493 439
4494 439
4495 439
4496 439
4497 439
4498 439
4499 439
4500 440
4501 440
4502 440
4503 440
4504 440
4505 440
4506 440
4507 440
4508 440
4509 440
4510 441
4511 441
4512 441
4513 441
4514 441
4515 441
4516 441
4517 441
4518 441
4519 441
4520 442
4521 442
4522 442
4523 442
4524 442
4525 442
4526 442
4527 442
4528 442
4529 442
4530 443
4531 443
4532 443
4533 443
4534 443
4535 443
4536 443
4537 443
4538 443
4539 443
4540 444
4541 444
4542 444
4543 444
4544 444
4545 444
4546 444
4547 444
4548 444
4549 444
4550 445
4551 445
4552 445
4553 445
4554 445
4555 445
4556 445
4557 445
4558 445
4559 445
4560 446
4561 446
4562 446
4563 446
4564 446
4565 446
4566 446
4567 446
4568 446
4569 446
4570 447
4571 447
4572 447
4573 447
4574 447
4575 447
4576 447
4577 447
4578 447
4579 447
4580 448
4581 448
4582 448
4583 448
4584 448
4585 448
4586 448
4587 448
4588 448
4589 448
4590 449
4591 449
4592 449
4593 449
4594 449
4595 449
4596 449
4597 449
4598 449
4599 449
4600 450
4601 450
4602 450
4603 450
4604 450
4605 450
4606 450
4607 450
4608 450
4609 450
4610 451
4611 451
4612 451
4613 451
4614 451
4615 451
4616 451
4617 451
4618 451
4619 451
4620 452
4621 452
4622 452
4623 452
4624 452
4625 452
4626 452
4627 452
4628 452
4629 452
4630 453
4631 453
4632 453
4633 453
4634 453
4635 453
4636 453
4637 453
4638 453
4639 453
4640 454
4641 454
4642 454
4643 454
4644 454
4645 454
4646 454
4647 454
4648 454
4649 454
4650 455
4651 455
4652 455
4653 455
4654 455
4655 455
4656 455
4657 455
4658 455
4659 455
4660 456
4661 456
4662 456
4663 456
4664 456
4665 456
4666 456
4667 456
4668 456
4669 456
4670 457
4671 457
4672 457
4673 457
4674 457
4675 457
4676 457
4677 457
4678 457
4679 457
4680 458
4681 458
4682 458
4683 458
4684 458
4685 458
4686 458
4687 458
4688 458
4689 458
4690 459
4691 459
4692 459
4693 459
4694 459
4695 459
4696 459
4697 459
4698 459
4699 459
4700 460
4701 460
4702 460
4703 460
4704 460
4705 460
4706 460
4707 460
4708 460
4709 460
4710 461
4711 461
4712 461
4713 461
4714 461
4715 461
4716 461
4717 461
4718 461
4719 461
4720 462
4721 462
4722 462
4723 462
4724 462
4725 462
4726 462
4727 462
4728 462
4729 462
4730 463
4731 463
4732 463
4733 463
4734 463
4735 463
4736 463
4737 463
4738 463
4739 463
4740 464
4741 464
4742 464
4743 464
4744 464
4745 464
4746 464
4747 464
4748 464
4749 464
4750 465
4751 465
4752 465
4753 465
4754 465
4755 465
4756 465
4757 465
4758 465
4759 465
4760 466
4761 466
4762 466
4763 466
4764 466
4765 466
4766 466
4767 466
4768 466
4769 466
4770 467
4771 467
4772 467
4773 467
4774 467
4775 467
4776 467
4777 467
4778 467
4779 467
4780 468
4781 468
4782 468
4783 468
4784 468
4785 468
4786 468
4787 468
4788 468
4789 468
4790 469
4791 469
4792 469
4793 469
4794 469
4795 469
4796 469
4797 469
4798 469
4799 469
4800 470
4801 470
4802 470
4803 470
4804 470
4805 470
4806 470
4807 470
4808 470
4809 470
4810 471
4811 471
4812 471
4813 471
4814 471
4815 471
4816 471
4817 471
4818 471
4819 471
4820 472
4821 472
4822 472
4823 472
4824 472
4825 472
4826 472
4827 472
4828 472
4829 472
4830 473
4831 473
4832 473
4833 473
4834 473
4835 473
4836 473
4837 473
4838 473
4839 473
4840 474
4841 474
4842 474
4843 474
4844 474
4845 474
4846 474
4847 474
4848 474
4849 474
4850 475
4851 475
4852 475
4853 475
4854 475
4855 475
4856 475
4857 475
4858 475
4859 475
4860 476
4861 476
4862 476
4863 476
4864 476
4865 476
4866 476
4867 476
4868 476
4869 476
4870 477
4871 477
4872 477
4873 477
4874 477
4875 477
4876 477
4877 477
4878 477
4879 477
4880 478
4881 478
4882 478
4883 478
4884 478
4885 478
4886 478
4887 478
4888 478
4889 478
4890 479
4891 479
4892 479
4893 479
4894 479
4895 479
4896 479
4897 479
4898 479
4899 479
4900 480
4901 480
4902 480
4903 480
4904 480
4905 480
4906 480
4907 480
4908 480
4909 480
4910 481
4911 481
4912 481
4913 481
4914 481
4915 481
4916 481
4917 481
4918 481
4919 481
4920 482
4921 482
4922 482
4923 482
4924 482
4925 482
4926 482
4927 482
4928 482
4929 482
4930 483
4931 483
4932 483
4933 483
4934 483
4935 483
4936 483
4937 483
4938 483
4939 483
4940 484
4941 484
4942 484
4943 484
4944 484
4945 484
4946 484
4947 484
4948 484
4949 484
4950 485
4951 485
4952 485
4953 485
4954 485
4955 485
4956 485
4957 485
4958 485
4959 485
4960 0
4961 0
4962 0
4963 0
4964 0
4965 0
4966 0
4967 0
4968 0
4969 0
4970 0
4971 0
4972 0
4973 0
4974 0
4975 0
4976 0
4977 0
4978 0
4979 0
4980 0
4981 0
4982 0
4983 0
4984 0
4985 0
4986 0
4987 0
4988 0
4989 0
4990 486
4991 486
4992 486
4993 486
4994 486
4995 486
4996 486
4997 486
4998 486
4999 486
