0 0
1 0
2 0
3 0
4 0
5 0
6 0
7 0
8 0
9 0
10 0
11 0
12 0
13 0
14 0
15 0
16 0
17 0
18 0
19 0
20 0
21 0
22 0
23 0
24 0
25 0
26 0
27 0
28 0
29 0
30 33
31 33
32 33
33 33
34 33
35 33
36 33
37 33
38 33
39 33
40 33
41 33
42 33
43 33
44 33
45 33
46 33
47 33
48 33
49 33
50 33
51 33
52 33
53 33
54 33
55 33
56 33
57 33
58 33
59 33
60 123
61 123
62 123
63 123
64 123
65 123
66 123
67 123
68 123
69 123
70 123
71 123
72 123
73 123
74 123
75 123
76 123
77 123
78 123
79 123
80 123
81 123
82 123
83 123
84 123
85 123
86 123
87 123
88 123
89 123
90 34
91 34
92 34
93 34
94 34
95 34
96 34
97 34
98 34
99 34
100 34
101 34
102 34
103 34
104 34
105 34
106 34
107 34
108 34
109 34
110 34
111 34
112 34
113 34
114 34
115 34
116 34
117 34
118 34
119 34
120 124
121 124
122 124
123 124
124 124
125 124
126 124
127 124
128 124
129 124
130 124
131 124
132 124
133 124
134 124
135 124
136 124
137 124
138 124
139 124
140 124
141 124
142 124
143 124
144 124
145 124
146 124
147 124
148 124
149 124
150 57
151 57
152 57
153 57
154 57
155 57
156 57
157 57
158 57
159 57
160 57
161 57
162 57
163 57
164 57
165 57
166 57
167 57
168 57
169 57
170 57
171 57
172 57
173 57
174 57
175 57
176 57
177 57
178 57
179 57
180 58
181 58
182 58
183 58
184 58
185 58
186 58
187 58
188 58
189 58
190 58
191 58
192 58
193 58
194 58
195 58
196 58
197 58
198 58
199 58
200 58
201 58
202 58
203 58
204 58
205 58
206 58
207 58
208 58
209 58
210 1
211 1
212 1
213 1
214 1
215 1
216 1
217 1
218 1
219 1
220 1
221 1
222 1
223 1
224 1
225 1
226 1
227 1
228 1
229 1
230 1
231 1
232 1
233 1
234 1
235 1
236 1
237 1
238 1
239 1
240 1
241 1
242 1
243 1
244 1
245 1
246 1
247 1
248 1
249 1
250 59
251 59
252 59
253 59
254 59
255 59
256 59
257 59
258 59
259 59
260 59
261 59
262 59
263 59
264 59
265 59
266 59
267 59
268 59
269 59
270 59
271 59
272 59
273 59
274 59
275 59
276 59
277 59
278 59
279 59
280 125
281 125
282 125
283 125
284 125
285 125
286 125
287 125
288 125
289 125
290 125
291 125
292 125
293 125
294 125
295 125
296 125
297 125
298 125
299 125
300 125
301 125
302 125
303 125
304 125
305 125
306 125
307 125
308 125
309 125
310 35
311 35
312 35
313 35
314 35
315 35
316 35
317 35
318 35
319 35
320 35
321 35
322 35
323 35
324 35
325 35
326 35
327 35
328 35
329 35
330 35
331 35
332 35
333 35
334 35
335 35
336 35
337 35
338 35
339 35
340 126
341 126
342 126
343 126
344 126
345 126
346 126
347 126
348 126
349 126
350 126
351 126
352 126
353 126
354 126
355 126
356 126
357 126
358 126
359 126
360 126
361 126
362 126
363 126
364 126
365 126
366 126
367 126
368 126
369 126
370 36
371 36
372 36
373 36
374 36
375 36
376 36
377 36
378 36
379 36
380 36
381 36
382 36
383 36
384 36
385 36
386 36
387 36
388 36
389 36
390 36
391 36
392 36
393 36
394 36
395 36
396 36
397 36
398 36
399 36
400 60
401 60
402 60
403 60
404 60
405 60
406 60
407 60
408 60
409 60
410 60
411 60
412 60
413 60
414 60
415 60
416 60
417 60
418 60
419 60
420 60
421 60
422 60
423 60
424 60
425 60
426 60
427 60
428 60
429 60
430 2
431 2
432 2
433 2
434 2
435 2
436 2
437 2
438 2
439 2
440 2
441 2
442 2
443 2
444 2
445 2
446 2
447 2
448 2
449 2
450 2
451 2
452 2
453 2
454 2
455 2
456 2
457 2
458 2
459 2
460 2
461 2
462 2
463 2
464 2
465 2
466 2
467 2
468 2
469 2
470 61
471 61
472 61
473 61
474 61
475 61
476 61
477 61
478 61
479 61
480 61
481 61
482 61
483 61
484 61
485 61
486 61
487 61
488 61
489 61
490 61
491 61
492 61
493 61
494 61
495 61
496 61
497 61
498 61
499 61
500 62
501 62
502 62
503 62
504 62
505 62
506 62
507 62
508 62
509 62
510 62
511 62
512 62
513 62
514 62
515 62
516 62
517 62
518 62
519 62
520 62
521 62
522 62
523 62
524 62
525 62
526 62
527 62
528 62
529 62
530 63
531 63
532 63
533 63
534 63
535 63
536 63
537 63
538 63
539 63
540 63
541 63
542 63
543 63
544 63
545 63
546 63
547 63
548 63
549 63
550 63
551 63
552 63
553 63
554 63
555 63
556 63
557 63
558 63
559 63
560 64
561 64
562 64
563 64
564 64
565 64
566 64
567 64
568 64
569 64
570 64
571 64
572 64
573 64
574 64
575 64
576 64
577 64
578 64
579 64
580 64
581 64
582 64
583 64
584 64
585 64
586 64
587 64
588 64
589 64
590 147
591 147
592 147
593 147
594 147
595 147
596 147
597 147
598 147
599 147
600 147
601 147
602 147
603 147
604 147
605 147
606 147
607 147
608 147
609 147
610 65
611 65
612 65
613 65
614 65
615 65
616 65
617 65
618 65
619 65
620 65
621 65
622 65
623 65
624 65
625 65
626 65
627 65
628 65
629 65
630 65
631 65
632 65
633 65
634 65
635 65
636 65
637 65
638 65
639 65
640 66
641 66
642 66
643 66
644 66
645 66
646 66
647 66
648 66
649 66
650 66
651 66
652 66
653 66
654 66
655 66
656 66
657 66
658 66
659 66
660 66
661 66
662 66
663 66
664 66
665 66
666 66
667 66
668 66
669 66
670 67
671 67
672 67
673 67
674 67
675 67
676 67
677 67
678 67
679 67
680 67
681 67
682 67
683 67
684 67
685 67
686 67
687 67
688 67
689 67
690 67
691 67
692 67
693 67
694 67
695 67
696 67
697 67
698 67
699 67
700 68
701 68
702 68
703 68
704 68
705 68
706 68
707 68
708 68
709 68
710 68
711 68
712 68
713 68
714 68
715 68
716 68
717 68
718 68
719 68
720 68
721 68
722 68
723 68
724 68
725 68
726 68
727 68
728 68
729 68
730 21
731 21
732 21
733 21
734 21
735 21
736 21
737 21
738 21
739 21
740 21
741 21
742 21
743 21
744 21
745 21
746 21
747 21
748 21
749 21
750 21
751 21
752 21
753 21
754 21
755 21
756 21
757 21
758 21
759 21
760 21
761 21
762 21
763 21
764 21
765 21
766 21
767 21
768 21
769 21
770 37
771 37
772 37
773 37
774 37
775 37
776 37
777 37
778 37
779 37
780 37
781 37
782 37
783 37
784 37
785 37
786 37
787 37
788 37
789 37
790 37
791 37
792 37
793 37
794 37
795 37
796 37
797 37
798 37
799 37
800 127
801 127
802 127
803 127
804 127
805 127
806 127
807 127
808 127
809 127
810 127
811 127
812 127
813 127
814 127
815 127
816 127
817 127
818 127
819 127
820 127
821 127
822 127
823 127
824 127
825 127
826 127
827 127
828 127
829 127
830 69
831 69
832 69
833 69
834 69
835 69
836 69
837 69
838 69
839 69
840 69
841 69
842 69
843 69
844 69
845 69
846 69
847 69
848 69
849 69
850 69
851 69
852 69
853 69
854 69
855 69
856 69
857 69
858 69
859 69
860 148
861 148
862 148
863 148
864 148
865 148
866 148
867 148
868 148
869 148
870 148
871 148
872 148
873 148
874 148
875 148
876 148
877 148
878 148
879 148
880 70
881 70
882 70
883 70
884 70
885 70
886 70
887 70
888 70
889 70
890 70
891 70
892 70
893 70
894 70
895 70
896 70
897 70
898 70
899 70
900 70
901 70
902 70
903 70
904 70
905 70
906 70
907 70
908 70
909 70
910 149
911 149
912 149
913 149
914 149
915 149
916 149
917 149
918 149
919 149
920 149
921 149
922 149
923 149
924 149
925 149
926 149
927 149
928 149
929 149
930 71
931 71
932 71
933 71
934 71
935 71
936 71
937 71
938 71
939 71
940 71
941 71
942 71
943 71
944 71
945 71
946 71
947 71
948 71
949 71
950 71
951 71
952 71
953 71
954 71
955 71
956 71
957 71
958 71
959 71
960 72
961 72
962 72
963 72
964 72
965 72
966 72
967 72
968 72
969 72
970 72
971 72
972 72
973 72
974 72
975 72
976 72
977 72
978 72
979 72
980 72
981 72
982 72
983 72
984 72
985 72
986 72
987 72
988 72
989 72
990 73
991 73
992 73
993 73
994 73
995 73
996 73
997 73
998 73
999 73
1000 73
1001 73
1002 73
1003 73
1004 73
1005 73
1006 73
1007 73
1008 73
1009 73
1010 73
1011 73
1012 73
1013 73
1014 73
1015 73
1016 73
1017 73
1018 73
1019 73
1020 150
1021 150
1022 150
1023 150
1024 150
1025 150
1026 150
1027 150
1028 150
1029 150
1030 150
1031 150
1032 150
1033 150
1034 150
1035 150
1036 150
1037 150
1038 150
1039 150
1040 74
1041 74
1042 74
1043 74
1044 74
1045 74
1046 74
1047 74
1048 74
1049 74
1050 74
1051 74
1052 74
1053 74
1054 74
1055 74
1056 74
1057 74
1058 74
1059 74
1060 74
1061 74
1062 74
1063 74
1064 74
1065 74
1066 74
1067 74
1068 74
1069 74
1070 22
1071 22
1072 22
1073 22
1074 22
1075 22
1076 22
1077 22
1078 22
1079 22
1080 22
1081 22
1082 22
1083 22
1084 22
1085 22
1086 22
1087 22
1088 22
1089 22
1090 22
1091 22
1092 22
1093 22
1094 22
1095 22
1096 22
1097 22
1098 22
1099 22
1100 22
1101 22
1102 22
1103 22
1104 22
1105 22
1106 22
1107 22
1108 22
1109 22
1110 23
1111 23
1112 23
1113 23
1114 23
1115 23
1116 23
1117 23
1118 23
1119 23
1120 23
1121 23
1122 23
1123 23
1124 23
1125 23
1126 23
1127 23
1128 23
1129 23
1130 23
1131 23
1132 23
1133 23
1134 23
1135 23
1136 23
1137 23
1138 23
1139 23
1140 23
1141 23
1142 23
1143 23
1144 23
1145 23
1146 23
1147 23
1148 23
1149 23
1150 75
1151 75
1152 75
1153 75
1154 75
1155 75
1156 75
1157 75
1158 75
1159 75
1160 75
1161 75
1162 75
1163 75
1164 75
1165 75
1166 75
1167 75
1168 75
1169 75
1170 75
1171 75
1172 75
1173 75
1174 75
1175 75
1176 75
1177 75
1178 75
1179 75
1180 151
1181 151
1182 151
1183 151
1184 151
1185 151
1186 151
1187 151
1188 151
1189 151
1190 151
1191 151
1192 151
1193 151
1194 151
1195 151
1196 151
1197 151
1198 151
1199 151
1200 76
1201 76
1202 76
1203 76
1204 76
1205 76
1206 76
1207 76
1208 76
1209 76
1210 76
1211 76
1212 76
1213 76
1214 76
1215 76
1216 76
1217 76
1218 76
1219 76
1220 76
1221 76
1222 76
1223 76
1224 76
1225 76
1226 76
1227 76
1228 76
1229 76
1230 128
1231 128
1232 128
1233 128
1234 128
1235 128
1236 128
1237 128
1238 128
1239 128
1240 128
1241 128
1242 128
1243 128
1244 128
1245 128
1246 128
1247 128
1248 128
1249 128
1250 128
1251 128
1252 128
1253 128
1254 128
1255 128
1256 128
1257 128
1258 128
1259 128
1260 38
1261 38
1262 38
1263 38
1264 38
1265 38
1266 38
1267 38
1268 38
1269 38
1270 38
1271 38
1272 38
1273 38
1274 38
1275 38
1276 38
1277 38
1278 38
1279 38
1280 38
1281 38
1282 38
1283 38
1284 38
1285 38
1286 38
1287 38
1288 38
1289 38
1290 39
1291 39
1292 39
1293 39
1294 39
1295 39
1296 39
1297 39
1298 39
1299 39
1300 39
1301 39
1302 39
1303 39
1304 39
1305 39
1306 39
1307 39
1308 39
1309 39
1310 39
1311 39
1312 39
1313 39
1314 39
1315 39
1316 39
1317 39
1318 39
1319 39
1320 129
1321 129
1322 129
1323 129
1324 129
1325 129
1326 129
1327 129
1328 129
1329 129
1330 129
1331 129
1332 129
1333 129
1334 129
1335 129
1336 129
1337 129
1338 129
1339 129
1340 129
1341 129
1342 129
1343 129
1344 129
1345 129
1346 129
1347 129
1348 129
1349 129
1350 77
1351 77
1352 77
1353 77
1354 77
1355 77
1356 77
1357 77
1358 77
1359 77
1360 77
1361 77
1362 77
1363 77
1364 77
1365 77
1366 77
1367 77
1368 77
1369 77
1370 77
1371 77
1372 77
1373 77
1374 77
1375 77
1376 77
1377 77
1378 77
1379 77
1380 130
1381 130
1382 130
1383 130
1384 130
1385 130
1386 130
1387 130
1388 130
1389 130
1390 130
1391 130
1392 130
1393 130
1394 130
1395 130
1396 130
1397 130
1398 130
1399 130
1400 130
1401 130
1402 130
1403 130
1404 130
1405 130
1406 130
1407 130
1408 130
1409 130
1410 40
1411 40
1412 40
1413 40
1414 40
1415 40
1416 40
1417 40
1418 40
1419 40
1420 40
1421 40
1422 40
1423 40
1424 40
1425 40
1426 40
1427 40
1428 40
1429 40
1430 40
1431 40
1432 40
1433 40
1434 40
1435 40
1436 40
1437 40
1438 40
1439 40
1440 78
1441 78
1442 78
1443 78
1444 78
1445 78
1446 78
1447 78
1448 78
1449 78
1450 78
1451 78
1452 78
1453 78
1454 78
1455 78
1456 78
1457 78
1458 78
1459 78
1460 78
1461 78
1462 78
1463 78
1464 78
1465 78
1466 78
1467 78
1468 78
1469 78
1470 152
1471 152
1472 152
1473 152
1474 152
1475 152
1476 152
1477 152
1478 152
1479 152
1480 152
1481 152
1482 152
1483 152
1484 152
1485 152
1486 152
1487 152
1488 152
1489 152
1490 79
1491 79
1492 79
1493 79
1494 79
1495 79
1496 79
1497 79
1498 79
1499 79
1500 79
1501 79
1502 79
1503 79
1504 79
1505 79
1506 79
1507 79
1508 79
1509 79
1510 79
1511 79
1512 79
1513 79
1514 79
1515 79
1516 79
1517 79
1518 79
1519 79
1520 24
1521 24
1522 24
1523 24
1524 24
1525 24
1526 24
1527 24
1528 24
1529 24
1530 24
1531 24
1532 24
1533 24
1534 24
1535 24
1536 24
1537 24
1538 24
1539 24
1540 24
1541 24
1542 24
1543 24
1544 24
1545 24
1546 24
1547 24
1548 24
1549 24
1550 24
1551 24
1552 24
1553 24
1554 24
1555 24
1556 24
1557 24
1558 24
1559 24
1560 80
1561 80
1562 80
1563 80
1564 80
1565 80
1566 80
1567 80
1568 80
1569 80
1570 80
1571 80
1572 80
1573 80
1574 80
1575 80
1576 80
1577 80
1578 80
1579 80
1580 80
1581 80
1582 80
1583 80
1584 80
1585 80
1586 80
1587 80
1588 80
1589 80
1590 81
1591 81
1592 81
1593 81
1594 81
1595 81
1596 81
1597 81
1598 81
1599 81
1600 81
1601 81
1602 81
1603 81
1604 81
1605 81
1606 81
1607 81
1608 81
1609 81
1610 81
1611 81
1612 81
1613 81
1614 81
1615 81
1616 81
1617 81
1618 81
1619 81
1620 3
1621 3
1622 3
1623 3
1624 3
1625 3
1626 3
1627 3
1628 3
1629 3
1630 3
1631 3
1632 3
1633 3
1634 3
1635 3
1636 3
1637 3
1638 3
1639 3
1640 3
1641 3
1642 3
1643 3
1644 3
1645 3
1646 3
1647 3
1648 3
1649 3
1650 3
1651 3
1652 3
1653 3
1654 3
1655 3
1656 3
1657 3
1658 3
1659 3
1660 41
1661 41
1662 41
1663 41
1664 41
1665 41
1666 41
1667 41
1668 41
1669 41
1670 41
1671 41
1672 41
1673 41
1674 41
1675 41
1676 41
1677 41
1678 41
1679 41
1680 41
1681 41
1682 41
1683 41
1684 41
1685 41
1686 41
1687 41
1688 41
1689 41
1690 131
1691 131
1692 131
1693 131
1694 131
1695 131
1696 131
1697 131
1698 131
1699 131
1700 131
1701 131
1702 131
1703 131
1704 131
1705 131
1706 131
1707 131
1708 131
1709 131
1710 131
1711 131
1712 131
1713 131
1714 131
1715 131
1716 131
1717 131
1718 131
1719 131
1720 82
1721 82
1722 82
1723 82
1724 82
1725 82
1726 82
1727 82
1728 82
1729 82
1730 82
1731 82
1732 82
1733 82
1734 82
1735 82
1736 82
1737 82
1738 82
1739 82
1740 82
1741 82
1742 82
1743 82
1744 82
1745 82
1746 82
1747 82
1748 82
1749 82
1750 42
1751 42
1752 42
1753 42
1754 42
1755 42
1756 42
1757 42
1758 42
1759 42
1760 42
1761 42
1762 42
1763 42
1764 42
1765 42
1766 42
1767 42
1768 42
1769 42
1770 42
1771 42
1772 42
1773 42
1774 42
1775 42
1776 42
1777 42
1778 42
1779 42
1780 132
1781 132
1782 132
1783 132
1784 132
1785 132
1786 132
1787 132
1788 132
1789 132
1790 132
1791 132
1792 132
1793 132
1794 132
1795 132
1796 132
1797 132
1798 132
1799 132
1800 132
1801 132
1802 132
1803 132
1804 132
1805 132
1806 132
1807 132
1808 132
1809 132
1810 83
1811 83
1812 83
1813 83
1814 83
1815 83
1816 83
1817 83
1818 83
1819 83
1820 83
1821 83
1822 83
1823 83
1824 83
1825 83
1826 83
1827 83
1828 83
1829 83
1830 83
1831 83
1832 83
1833 83
1834 83
1835 83
1836 83
1837 83
1838 83
1839 83
1840 43
1841 43
1842 43
1843 43
1844 43
1845 43
1846 43
1847 43
1848 43
1849 43
1850 43
1851 43
1852 43
1853 43
1854 43
1855 43
1856 43
1857 43
1858 43
1859 43
1860 43
1861 43
1862 43
1863 43
1864 43
1865 43
1866 43
1867 43
1868 43
1869 43
1870 133
1871 133
1872 133
1873 133
1874 133
1875 133
1876 133
1877 133
1878 133
1879 133
1880 133
1881 133
1882 133
1883 133
1884 133
1885 133
1886 133
1887 133
1888 133
1889 133
1890 133
1891 133
1892 133
1893 133
1894 133
1895 133
1896 133
1897 133
1898 133
1899 133
1900 84
1901 84
1902 84
1903 84
1904 84
1905 84
1906 84
1907 84
1908 84
1909 84
1910 84
1911 84
1912 84
1913 84
1914 84
1915 84
1916 84
1917 84
1918 84
1919 84
1920 84
1921 84
1922 84
1923 84
1924 84
1925 84
1926 84
1927 84
1928 84
1929 84
1930 153
1931 153
1932 153
1933 153
1934 153
1935 153
1936 153
1937 153
1938 153
1939 153
1940 153
1941 153
1942 153
1943 153
1944 153
1945 153
1946 153
1947 153
1948 153
1949 153
1950 85
1951 85
1952 85
1953 85
1954 85
1955 85
1956 85
1957 85
1958 85
1959 85
1960 85
1961 85
1962 85
1963 85
1964 85
1965 85
1966 85
1967 85
1968 85
1969 85
1970 85
1971 85
1972 85
1973 85
1974 85
1975 85
1976 85
1977 85
1978 85
1979 85
1980 4
1981 4
1982 4
1983 4
1984 4
1985 4
1986 4
1987 4
1988 4
1989 4
1990 4
1991 4
1992 4
1993 4
1994 4
1995 4
1996 4
1997 4
1998 4
1999 4
2000 4
2001 4
2002 4
2003 4
2004 4
2005 4
2006 4
2007 4
2008 4
2009 4
2010 4
2011 4
2012 4
2013 4
2014 4
2015 4
2016 4
2017 4
2018 4
2019 4
2020 5
2021 5
2022 5
2023 5
2024 5
2025 5
2026 5
2027 5
2028 5
2029 5
2030 5
2031 5
2032 5
2033 5
2034 5
2035 5
2036 5
2037 5
2038 5
2039 5
2040 5
2041 5
2042 5
2043 5
2044 5
2045 5
2046 5
2047 5
2048 5
2049 5
2050 5
2051 5
2052 5
2053 5
2054 5
2055 5
2056 5
2057 5
2058 5
2059 5
2060 86
2061 86
2062 86
2063 86
2064 86
2065 86
2066 86
2067 86
2068 86
2069 86
2070 86
2071 86
2072 86
2073 86
2074 86
2075 86
2076 86
2077 86
2078 86
2079 86
2080 86
2081 86
2082 86
2083 86
2084 86
2085 86
2086 86
2087 86
2088 86
2089 86
2090 87
2091 87
2092 87
2093 87
2094 87
2095 87
2096 87
2097 87
2098 87
2099 87
2100 87
2101 87
2102 87
2103 87
2104 87
2105 87
2106 87
2107 87
2108 87
2109 87
2110 87
2111 87
2112 87
2113 87
2114 87
2115 87
2116 87
2117 87
2118 87
2119 87
2120 25
2121 25
2122 25
2123 25
2124 25
2125 25
2126 25
2127 25
2128 25
2129 25
2130 25
2131 25
2132 25
2133 25
2134 25
2135 25
2136 25
2137 25
2138 25
2139 25
2140 25
2141 25
2142 25
2143 25
2144 25
2145 25
2146 25
2147 25
2148 25
2149 25
2150 25
2151 25
2152 25
2153 25
2154 25
2155 25
2156 25
2157 25
2158 25
2159 25
2160 44
2161 44
2162 44
2163 44
2164 44
2165 44
2166 44
2167 44
2168 44
2169 44
2170 44
2171 44
2172 44
2173 44
2174 44
2175 44
2176 44
2177 44
2178 44
2179 44
2180 44
2181 44
2182 44
2183 44
2184 44
2185 44
2186 44
2187 44
2188 44
2189 44
2190 134
2191 134
2192 134
2193 134
2194 134
2195 134
2196 134
2197 134
2198 134
2199 134
2200 134
2201 134
2202 134
2203 134
2204 134
2205 134
2206 134
2207 134
2208 134
2209 134
2210 134
2211 134
2212 134
2213 134
2214 134
2215 134
2216 134
2217 134
2218 134
2219 134
2220 26
2221 26
2222 26
2223 26
2224 26
2225 26
2226 26
2227 26
2228 26
2229 26
2230 26
2231 26
2232 26
2233 26
2234 26
2235 26
2236 26
2237 26
2238 26
2239 26
2240 26
2241 26
2242 26
2243 26
2244 26
2245 26
2246 26
2247 26
2248 26
2249 26
2250 26
2251 26
2252 26
2253 26
2254 26
2255 26
2256 26
2257 26
2258 26
2259 26
2260 88
2261 88
2262 88
2263 88
2264 88
2265 88
2266 88
2267 88
2268 88
2269 88
2270 88
2271 88
2272 88
2273 88
2274 88
2275 88
2276 88
2277 88
2278 88
2279 88
2280 88
2281 88
2282 88
2283 88
2284 88
2285 88
2286 88
2287 88
2288 88
2289 88
2290 27
2291 27
2292 27
2293 27
2294 27
2295 27
2296 27
2297 27
2298 27
2299 27
2300 27
2301 27
2302 27
2303 27
2304 27
2305 27
2306 27
2307 27
2308 27
2309 27
2310 27
2311 27
2312 27
2313 27
2314 27
2315 27
2316 27
2317 27
2318 27
2319 27
2320 27
2321 27
2322 27
2323 27
2324 27
2325 27
2326 27
2327 27
2328 27
2329 27
2330 45
2331 45
2332 45
2333 45
2334 45
2335 45
2336 45
2337 45
2338 45
2339 45
2340 45
2341 45
2342 45
2343 45
2344 45
2345 45
2346 45
2347 45
2348 45
2349 45
2350 45
2351 45
2352 45
2353 45
2354 45
2355 45
2356 45
2357 45
2358 45
2359 45
2360 135
2361 135
2362 135
2363 135
2364 135
2365 135
2366 135
2367 135
2368 135
2369 135
2370 135
2371 135
2372 135
2373 135
2374 135
2375 135
2376 135
2377 135
2378 135
2379 135
2380 135
2381 135
2382 135
2383 135
2384 135
2385 135
2386 135
2387 135
2388 135
2389 135
2390 89
2391 89
2392 89
2393 89
2394 89
2395 89
2396 89
2397 89
2398 89
2399 89
2400 89
2401 89
2402 89
2403 89
2404 89
2405 89
2406 89
2407 89
2408 89
2409 89
2410 89
2411 89
2412 89
2413 89
2414 89
2415 89
2416 89
2417 89
2418 89
2419 89
2420 154
2421 154
2422 154
2423 154
2424 154
2425 154
2426 154
2427 154
2428 154
2429 154
2430 154
2431 154
2432 154
2433 154
2434 154
2435 154
2436 154
2437 154
2438 154
2439 154
2440 90
2441 90
2442 90
2443 90
2444 90
2445 90
2446 90
2447 90
2448 90
2449 90
2450 90
2451 90
2452 90
2453 90
2454 90
2455 90
2456 90
2457 90
2458 90
2459 90
2460 90
2461 90
2462 90
2463 90
2464 90
2465 90
2466 90
2467 90
2468 90
2469 90
2470 136
2471 136
2472 136
2473 136
2474 136
2475 136
2476 136
2477 136
2478 136
2479 136
2480 136
2481 136
2482 136
2483 136
2484 136
2485 136
2486 136
2487 136
2488 136
2489 136
2490 136
2491 136
2492 136
2493 136
2494 136
2495 136
2496 136
2497 136
2498 136
2499 136
2500 46
2501 46
2502 46
2503 46
2504 46
2505 46
2506 46
2507 46
2508 46
2509 46
2510 46
2511 46
2512 46
2513 46
2514 46
2515 46
2516 46
2517 46
2518 46
2519 46
2520 46
2521 46
2522 46
2523 46
2524 46
2525 46
2526 46
2527 46
2528 46
2529 46
2530 47
2531 47
2532 47
2533 47
2534 47
2535 47
2536 47
2537 47
2538 47
2539 47
2540 47
2541 47
2542 47
2543 47
2544 47
2545 47
2546 47
2547 47
2548 47
2549 47
2550 47
2551 47
2552 47
2553 47
2554 47
2555 47
2556 47
2557 47
2558 47
2559 47
2560 137
2561 137
2562 137
2563 137
2564 137
2565 137
2566 137
2567 137
2568 137
2569 137
2570 137
2571 137
2572 137
2573 137
2574 137
2575 137
2576 137
2577 137
2578 137
2579 137
2580 137
2581 137
2582 137
2583 137
2584 137
2585 137
2586 137
2587 137
2588 137
2589 137
2590 91
2591 91
2592 91
2593 91
2594 91
2595 91
2596 91
2597 91
2598 91
2599 91
2600 91
2601 91
2602 91
2603 91
2604 91
2605 91
2606 91
2607 91
2608 91
2609 91
2610 91
2611 91
2612 91
2613 91
2614 91
2615 91
2616 91
2617 91
2618 91
2619 91
2620 92
2621 92
2622 92
2623 92
2624 92
2625 92
2626 92
2627 92
2628 92
2629 92
2630 92
2631 92
2632 92
2633 92
2634 92
2635 92
2636 92
2637 92
2638 92
2639 92
2640 92
2641 92
2642 92
2643 92
2644 92
2645 92
2646 92
2647 92
2648 92
2649 92
2650 6
2651 6
2652 6
2653 6
2654 6
2655 6
2656 6
2657 6
2658 6
2659 6
2660 6
2661 6
2662 6
2663 6
2664 6
2665 6
2666 6
2667 6
2668 6
2669 6
2670 6
2671 6
2672 6
2673 6
2674 6
2675 6
2676 6
2677 6
2678 6
2679 6
2680 6
2681 6
2682 6
2683 6
2684 6
2685 6
2686 6
2687 6
2688 6
2689 6
2690 48
2691 48
2692 48
2693 48
2694 48
2695 48
2696 48
2697 48
2698 48
2699 48
2700 48
2701 48
2702 48
2703 48
2704 48
2705 48
2706 48
2707 48
2708 48
2709 48
2710 48
2711 48
2712 48
2713 48
2714 48
2715 48
2716 48
2717 48
2718 48
2719 48
2720 138
2721 138
2722 138
2723 138
2724 138
2725 138
2726 138
2727 138
2728 138
2729 138
2730 138
2731 138
2732 138
2733 138
2734 138
2735 138
2736 138
2737 138
2738 138
2739 138
2740 138
2741 138
2742 138
2743 138
2744 138
2745 138
2746 138
2747 138
2748 138
2749 138
2750 93
2751 93
2752 93
2753 93
2754 93
2755 93
2756 93
2757 93
2758 93
2759 93
2760 93
2761 93
2762 93
2763 93
2764 93
2765 93
2766 93
2767 93
2768 93
2769 93
2770 93
2771 93
2772 93
2773 93
2774 93
2775 93
2776 93
2777 93
2778 93
2779 93
2780 94
2781 94
2782 94
2783 94
2784 94
2785 94
2786 94
2787 94
2788 94
2789 94
2790 94
2791 94
2792 94
2793 94
2794 94
2795 94
2796 94
2797 94
2798 94
2799 94
2800 94
2801 94
2802 94
2803 94
2804 94
2805 94
2806 94
2807 94
2808 94
2809 94
2810 28
2811 28
2812 28
2813 28
2814 28
2815 28
2816 28
2817 28
2818 28
2819 28
2820 28
2821 28
2822 28
2823 28
2824 28
2825 28
2826 28
2827 28
2828 28
2829 28
2830 28
2831 28
2832 28
2833 28
2834 28
2835 28
2836 28
2837 28
2838 28
2839 28
2840 28
2841 28
2842 28
2843 28
2844 28
2845 28
2846 28
2847 28
2848 28
2849 28
2850 139
2851 139
2852 139
2853 139
2854 139
2855 139
2856 139
2857 139
2858 139
2859 139
2860 139
2861 139
2862 139
2863 139
2864 139
2865 139
2866 139
2867 139
2868 139
2869 139
2870 139
2871 139
2872 139
2873 139
2874 139
2875 139
2876 139
2877 139
2878 139
2879 139
2880 49
2881 49
2882 49
2883 49
2884 49
2885 49
2886 49
2887 49
2888 49
2889 49
2890 49
2891 49
2892 49
2893 49
2894 49
2895 49
2896 49
2897 49
2898 49
2899 49
2900 49
2901 49
2902 49
2903 49
2904 49
2905 49
2906 49
2907 49
2908 49
2909 49
2910 95
2911 95
2912 95
2913 95
2914 95
2915 95
2916 95
2917 95
2918 95
2919 95
2920 95
2921 95
2922 95
2923 95
2924 95
2925 95
2926 95
2927 95
2928 95
2929 95
2930 95
2931 95
2932 95
2933 95
2934 95
2935 95
2936 95
2937 95
2938 95
2939 95
2940 7
2941 7
2942 7
2943 7
2944 7
2945 7
2946 7
2947 7
2948 7
2949 7
2950 7
2951 7
2952 7
2953 7
2954 7
2955 7
2956 7
2957 7
2958 7
2959 7
2960 7
2961 7
2962 7
2963 7
2964 7
2965 7
2966 7
2967 7
2968 7
2969 7
2970 7
2971 7
2972 7
2973 7
2974 7
2975 7
2976 7
2977 7
2978 7
2979 7
2980 96
2981 96
2982 96
2983 96
2984 96
2985 96
2986 96
2987 96
2988 96
2989 96
2990 96
2991 96
2992 96
2993 96
2994 96
2995 96
2996 96
2997 96
2998 96
2999 96
3000 96
3001 96
3002 96
3003 96
3004 96
3005 96
3006 96
3007 96
3008 96
3009 96
3010 8
3011 8
3012 8
3013 8
3014 8
3015 8
3016 8
3017 8
3018 8
3019 8
3020 8
3021 8
3022 8
3023 8
3024 8
3025 8
3026 8
3027 8
3028 8
3029 8
3030 8
3031 8
3032 8
3033 8
3034 8
3035 8
3036 8
3037 8
3038 8
3039 8
3040 8
3041 8
3042 8
3043 8
3044 8
3045 8
3046 8
3047 8
3048 8
3049 8
3050 50
3051 50
3052 50
3053 50
3054 50
3055 50
3056 50
3057 50
3058 50
3059 50
3060 50
3061 50
3062 50
3063 50
3064 50
3065 50
3066 50
3067 50
3068 50
3069 50
3070 50
3071 50
3072 50
3073 50
3074 50
3075 50
3076 50
3077 50
3078 50
3079 50
3080 140
3081 140
3082 140
3083 140
3084 140
3085 140
3086 140
3087 140
3088 140
3089 140
3090 140
3091 140
3092 140
3093 140
3094 140
3095 140
3096 140
3097 140
3098 140
3099 140
3100 140
3101 140
3102 140
3103 140
3104 140
3105 140
3106 140
3107 140
3108 140
3109 140
3110 51
3111 51
3112 51
3113 51
3114 51
3115 51
3116 51
3117 51
3118 51
3119 51
3120 51
3121 51
3122 51
3123 51
3124 51
3125 51
3126 51
3127 51
3128 51
3129 51
3130 51
3131 51
3132 51
3133 51
3134 51
3135 51
3136 51
3137 51
3138 51
3139 51
3140 141
3141 141
3142 141
3143 141
3144 141
3145 141
3146 141
3147 141
3148 141
3149 141
3150 141
3151 141
3152 141
3153 141
3154 141
3155 141
3156 141
3157 141
3158 141
3159 141
3160 141
3161 141
3162 141
3163 141
3164 141
3165 141
3166 141
3167 141
3168 141
3169 141
3170 9
3171 9
3172 9
3173 9
3174 9
3175 9
3176 9
3177 9
3178 9
3179 9
3180 9
3181 9
3182 9
3183 9
3184 9
3185 9
3186 9
3187 9
3188 9
3189 9
3190 9
3191 9
3192 9
3193 9
3194 9
3195 9
3196 9
3197 9
3198 9
3199 9
3200 9
3201 9
3202 9
3203 9
3204 9
3205 9
3206 9
3207 9
3208 9
3209 9
3210 10
3211 10
3212 10
3213 10
3214 10
3215 10
3216 10
3217 10
3218 10
3219 10
3220 10
3221 10
3222 10
3223 10
3224 10
3225 10
3226 10
3227 10
3228 10
3229 10
3230 10
3231 10
3232 10
3233 10
3234 10
3235 10
3236 10
3237 10
3238 10
3239 10
3240 10
3241 10
3242 10
3243 10
3244 10
3245 10
3246 10
3247 10
3248 10
3249 10
3250 142
3251 142
3252 142
3253 142
3254 142
3255 142
3256 142
3257 142
3258 142
3259 142
3260 142
3261 142
3262 142
3263 142
3264 142
3265 142
3266 142
3267 142
3268 142
3269 142
3270 142
3271 142
3272 142
3273 142
3274 142
3275 142
3276 142
3277 142
3278 142
3279 142
3280 52
3281 52
3282 52
3283 52
3284 52
3285 52
3286 52
3287 52
3288 52
3289 52
3290 52
3291 52
3292 52
3293 52
3294 52
3295 52
3296 52
3297 52
3298 52
3299 52
3300 52
3301 52
3302 52
3303 52
3304 52
3305 52
3306 52
3307 52
3308 52
3309 52
3310 155
3311 155
3312 155
3313 155
3314 155
3315 155
3316 155
3317 155
3318 155
3319 155
3320 155
3321 155
3322 155
3323 155
3324 155
3325 155
3326 155
3327 155
3328 155
3329 155
3330 97
3331 97
3332 97
3333 97
3334 97
3335 97
3336 97
3337 97
3338 97
3339 97
3340 97
3341 97
3342 97
3343 97
3344 97
3345 97
3346 97
3347 97
3348 97
3349 97
3350 97
3351 97
3352 97
3353 97
3354 97
3355 97
3356 97
3357 97
3358 97
3359 97
3360 11
3361 11
3362 11
3363 11
3364 11
3365 11
3366 11
3367 11
3368 11
3369 11
3370 11
3371 11
3372 11
3373 11
3374 11
3375 11
3376 11
3377 11
3378 11
3379 11
3380 11
3381 11
3382 11
3383 11
3384 11
3385 11
3386 11
3387 11
3388 11
3389 11
3390 11
3391 11
3392 11
3393 11
3394 11
3395 11
3396 11
3397 11
3398 11
3399 11
3400 98
3401 98
3402 98
3403 98
3404 98
3405 98
3406 98
3407 98
3408 98
3409 98
3410 98
3411 98
3412 98
3413 98
3414 98
3415 98
3416 98
3417 98
3418 98
3419 98
3420 98
3421 98
3422 98
3423 98
3424 98
3425 98
3426 98
3427 98
3428 98
3429 98
3430 99
3431 99
3432 99
3433 99
3434 99
3435 99
3436 99
3437 99
3438 99
3439 99
3440 99
3441 99
3442 99
3443 99
3444 99
3445 99
3446 99
3447 99
3448 99
3449 99
3450 99
3451 99
3452 99
3453 99
3454 99
3455 99
3456 99
3457 99
3458 99
3459 99
3460 100
3461 100
3462 100
3463 100
3464 100
3465 100
3466 100
3467 100
3468 100
3469 100
3470 100
3471 100
3472 100
3473 100
3474 100
3475 100
3476 100
3477 100
3478 100
3479 100
3480 100
3481 100
3482 100
3483 100
3484 100
3485 100
3486 100
3487 100
3488 100
3489 100
3490 12
3491 12
3492 12
3493 12
3494 12
3495 12
3496 12
3497 12
3498 12
3499 12
3500 12
3501 12
3502 12
3503 12
3504 12
3505 12
3506 12
3507 12
3508 12
3509 12
3510 12
3511 12
3512 12
3513 12
3514 12
3515 12
3516 12
3517 12
3518 12
3519 12
3520 12
3521 12
3522 12
3523 12
3524 12
3525 12
3526 12
3527 12
3528 12
3529 12
3530 101
3531 101
3532 101
3533 101
3534 101
3535 101
3536 101
3537 101
3538 101
3539 101
3540 101
3541 101
3542 101
3543 101
3544 101
3545 101
3546 101
3547 101
3548 101
3549 101
3550 101
3551 101
3552 101
3553 101
3554 101
3555 101
3556 101
3557 101
3558 101
3559 101
3560 102
3561 102
3562 102
3563 102
3564 102
3565 102
3566 102
3567 102
3568 102
3569 102
3570 102
3571 102
3572 102
3573 102
3574 102
3575 102
3576 102
3577 102
3578 102
3579 102
3580 102
3581 102
3582 102
3583 102
3584 102
3585 102
3586 102
3587 102
3588 102
3589 102
3590 29
3591 29
3592 29
3593 29
3594 29
3595 29
3596 29
3597 29
3598 29
3599 29
3600 29
3601 29
3602 29
3603 29
3604 29
3605 29
3606 29
3607 29
3608 29
3609 29
3610 29
3611 29
3612 29
3613 29
3614 29
3615 29
3616 29
3617 29
3618 29
3619 29
3620 29
3621 29
3622 29
3623 29
3624 29
3625 29
3626 29
3627 29
3628 29
3629 29
3630 103
3631 103
3632 103
3633 103
3634 103
3635 103
3636 103
3637 103
3638 103
3639 103
3640 103
3641 103
3642 103
3643 103
3644 103
3645 103
3646 103
3647 103
3648 103
3649 103
3650 103
3651 103
3652 103
3653 103
3654 103
3655 103
3656 103
3657 103
3658 103
3659 103
3660 30
3661 30
3662 30
3663 30
3664 30
3665 30
3666 30
3667 30
3668 30
3669 30
3670 30
3671 30
3672 30
3673 30
3674 30
3675 30
3676 30
3677 30
3678 30
3679 30
3680 30
3681 30
3682 30
3683 30
3684 30
3685 30
3686 30
3687 30
3688 30
3689 30
3690 30
3691 30
3692 30
3693 30
3694 30
3695 30
3696 30
3697 30
3698 30
3699 30
3700 143
3701 143
3702 143
3703 143
3704 143
3705 143
3706 143
3707 143
3708 143
3709 143
3710 143
3711 143
3712 143
3713 143
3714 143
3715 143
3716 143
3717 143
3718 143
3719 143
3720 143
3721 143
3722 143
3723 143
3724 143
3725 143
3726 143
3727 143
3728 143
3729 143
3730 53
3731 53
3732 53
3733 53
3734 53
3735 53
3736 53
3737 53
3738 53
3739 53
3740 53
3741 53
3742 53
3743 53
3744 53
3745 53
3746 53
3747 53
3748 53
3749 53
3750 53
3751 53
3752 53
3753 53
3754 53
3755 53
3756 53
3757 53
3758 53
3759 53
3760 13
3761 13
3762 13
3763 13
3764 13
3765 13
3766 13
3767 13
3768 13
3769 13
3770 13
3771 13
3772 13
3773 13
3774 13
3775 13
3776 13
3777 13
3778 13
3779 13
3780 13
3781 13
3782 13
3783 13
3784 13
3785 13
3786 13
3787 13
3788 13
3789 13
3790 13
3791 13
3792 13
3793 13
3794 13
3795 13
3796 13
3797 13
3798 13
3799 13
3800 14
3801 14
3802 14
3803 14
3804 14
3805 14
3806 14
3807 14
3808 14
3809 14
3810 14
3811 14
3812 14
3813 14
3814 14
3815 14
3816 14
3817 14
3818 14
3819 14
3820 14
3821 14
3822 14
3823 14
3824 14
3825 14
3826 14
3827 14
3828 14
3829 14
3830 14
3831 14
3832 14
3833 14
3834 14
3835 14
3836 14
3837 14
3838 14
3839 14
3840 15
3841 15
3842 15
3843 15
3844 15
3845 15
3846 15
3847 15
3848 15
3849 15
3850 15
3851 15
3852 15
3853 15
3854 15
3855 15
3856 15
3857 15
3858 15
3859 15
3860 15
3861 15
3862 15
3863 15
3864 15
3865 15
3866 15
3867 15
3868 15
3869 15
3870 15
3871 15
3872 15
3873 15
3874 15
3875 15
3876 15
3877 15
3878 15
3879 15
3880 104
3881 104
3882 104
3883 104
3884 104
3885 104
3886 104
3887 104
3888 104
3889 104
3890 104
3891 104
3892 104
3893 104
3894 104
3895 104
3896 104
3897 104
3898 104
3899 104
3900 104
3901 104
3902 104
3903 104
3904 104
3905 104
3906 104
3907 104
3908 104
3909 104
3910 105
3911 105
3912 105
3913 105
3914 105
3915 105
3916 105
3917 105
3918 105
3919 105
3920 105
3921 105
3922 105
3923 105
3924 105
3925 105
3926 105
3927 105
3928 105
3929 105
3930 105
3931 105
3932 105
3933 105
3934 105
3935 105
3936 105
3937 105
3938 105
3939 105
3940 156
3941 156
3942 156
3943 156
3944 156
3945 156
3946 156
3947 156
3948 156
3949 156
3950 156
3951 156
3952 156
3953 156
3954 156
3955 156
3956 156
3957 156
3958 156
3959 156
3960 106
3961 106
3962 106
3963 106
3964 106
3965 106
3966 106
3967 106
3968 106
3969 106
3970 106
3971 106
3972 106
3973 106
3974 106
3975 106
3976 106
3977 106
3978 106
3979 106
3980 106
3981 106
3982 106
3983 106
3984 106
3985 106
3986 106
3987 106
3988 106
3989 106
3990 16
3991 16
3992 16
3993 16
3994 16
3995 16
3996 16
3997 16
3998 16
3999 16
4000 16
4001 16
4002 16
4003 16
4004 16
4005 16
4006 16
4007 16
4008 16
4009 16
4010 16
4011 16
4012 16
4013 16
4014 16
4015 16
4016 16
4017 16
4018 16
4019 16
4020 16
4021 16
4022 16
4023 16
4024 16
4025 16
4026 16
4027 16
4028 16
4029 16
4030 107
4031 107
4032 107
4033 107
4034 107
4035 107
4036 107
4037 107
4038 107
4039 107
4040 107
4041 107
4042 107
4043 107
4044 107
4045 107
4046 107
4047 107
4048 107
4049 107
4050 107
4051 107
4052 107
4053 107
4054 107
4055 107
4056 107
4057 107
4058 107
4059 107
4060 17
4061 17
4062 17
4063 17
4064 17
4065 17
4066 17
4067 17
4068 17
4069 17
4070 17
4071 17
4072 17
4073 17
4074 17
4075 17
4076 17
4077 17
4078 17
4079 17
4080 17
4081 17
4082 17
4083 17
4084 17
4085 17
4086 17
4087 17
4088 17
4089 17
4090 17
4091 17
4092 17
4093 17
4094 17
4095 17
4096 17
4097 17
4098 17
4099 17
4100 108
4101 108
4102 108
4103 108
4104 108
4105 108
4106 108
4107 108
4108 108
4109 108
4110 108
4111 108
4112 108
4113 108
4114 108
4115 108
4116 108
4117 108
4118 108
4119 108
4120 108
4121 108
4122 108
4123 108
4124 108
4125 108
4126 108
4127 108
4128 108
4129 108
4130 157
4131 157
4132 157
4133 157
4134 157
4135 157
4136 157
4137 157
4138 157
4139 157
4140 157
4141 157
4142 157
4143 157
4144 157
4145 157
4146 157
4147 157
4148 157
4149 157
4150 109
4151 109
4152 109
4153 109
4154 109
4155 109
4156 109
4157 109
4158 109
4159 109
4160 109
4161 109
4162 109
4163 109
4164 109
4165 109
4166 109
4167 109
4168 109
4169 109
4170 109
4171 109
4172 109
4173 109
4174 109
4175 109
4176 109
4177 109
4178 109
4179 109
4180 31
4181 31
4182 31
4183 31
4184 31
4185 31
4186 31
4187 31
4188 31
4189 31
4190 31
4191 31
4192 31
4193 31
4194 31
4195 31
4196 31
4197 31
4198 31
4199 31
4200 31
4201 31
4202 31
4203 31
4204 31
4205 31
4206 31
4207 31
4208 31
4209 31
4210 31
4211 31
4212 31
4213 31
4214 31
4215 31
4216 31
4217 31
4218 31
4219 31
4220 110
4221 110
4222 110
4223 110
4224 110
4225 110
4226 110
4227 110
4228 110
4229 110
4230 110
4231 110
4232 110
4233 110
4234 110
4235 110
4236 110
4237 110
4238 110
4239 110
4240 110
4241 110
4242 110
4243 110
4244 110
4245 110
4246 110
4247 110
4248 110
4249 110
4250 111
4251 111
4252 111
4253 111
4254 111
4255 111
4256 111
4257 111
4258 111
4259 111
4260 111
4261 111
4262 111
4263 111
4264 111
4265 111
4266 111
4267 111
4268 111
4269 111
4270 111
4271 111
4272 111
4273 111
4274 111
4275 111
4276 111
4277 111
4278 111
4279 111
4280 112
4281 112
4282 112
4283 112
4284 112
4285 112
4286 112
4287 112
4288 112
4289 112
4290 112
4291 112
4292 112
4293 112
4294 112
4295 112
4296 112
4297 112
4298 112
4299 112
4300 112
4301 112
4302 112
4303 112
4304 112
4305 112
4306 112
4307 112
4308 112
4309 112
4310 113
4311 113
4312 113
4313 113
4314 113
4315 113
4316 113
4317 113
4318 113
4319 113
4320 113
4321 113
4322 113
4323 113
4324 113
4325 113
4326 113
4327 113
4328 113
4329 113
4330 113
4331 113
4332 113
4333 113
4334 113
4335 113
4336 113
4337 113
4338 113
4339 113
4340 144
4341 144
4342 144
4343 144
4344 144
4345 144
4346 144
4347 144
4348 144
4349 144
4350 144
4351 144
4352 144
4353 144
4354 144
4355 144
4356 144
4357 144
4358 144
4359 144
4360 144
4361 144
4362 144
4363 144
4364 144
4365 144
4366 144
4367 144
4368 144
4369 144
4370 54
4371 54
4372 54
4373 54
4374 54
4375 54
4376 54
4377 54
4378 54
4379 54
4380 54
4381 54
4382 54
4383 54
4384 54
4385 54
4386 54
4387 54
4388 54
4389 54
4390 54
4391 54
4392 54
4393 54
4394 54
4395 54
4396 54
4397 54
4398 54
4399 54
4400 114
4401 114
4402 114
4403 114
4404 114
4405 114
4406 114
4407 114
4408 114
4409 114
4410 114
4411 114
4412 114
4413 114
4414 114
4415 114
4416 114
4417 114
4418 114
4419 114
4420 114
4421 114
4422 114
4423 114
4424 114
4425 114
4426 114
4427 114
4428 114
4429 114
4430 158
4431 158
4432 158
4433 158
4434 158
4435 158
4436 158
4437 158
4438 158
4439 158
4440 158
4441 158
4442 158
4443 158
4444 158
4445 158
4446 158
4447 158
4448 158
4449 158
4450 115
4451 115
4452 115
4453 115
4454 115
4455 115
4456 115
4457 115
4458 115
4459 115
4460 115
4461 115
4462 115
4463 115
4464 115
4465 115
4466 115
4467 115
4468 115
4469 115
4470 115
4471 115
4472 115
4473 115
4474 115
4475 115
4476 115
4477 115
4478 115
4479 115
4480 159
4481 159
4482 159
4483 159
4484 159
4485 159
4486 159
4487 159
4488 159
4489 159
4490 159
4491 159
4492 159
4493 159
4494 159
4495 159
4496 159
4497 159
4498 159
4499 159
4500 116
4501 116
4502 116
4503 116
4504 116
4505 116
4506 116
4507 116
4508 116
4509 116
4510 116
4511 116
4512 116
4513 116
4514 116
4515 116
4516 116
4517 116
4518 116
4519 116
4520 116
4521 116
4522 116
4523 116
4524 116
4525 116
4526 116
4527 116
4528 116
4529 116
4530 18
4531 18
4532 18
4533 18
4534 18
4535 18
4536 18
4537 18
4538 18
4539 18
4540 18
4541 18
4542 18
4543 18
4544 18
4545 18
4546 18
4547 18
4548 18
4549 18
4550 18
4551 18
4552 18
4553 18
4554 18
4555 18
4556 18
4557 18
4558 18
4559 18
4560 18
4561 18
4562 18
4563 18
4564 18
4565 18
4566 18
4567 18
4568 18
4569 18
4570 32
4571 32
4572 32
4573 32
4574 32
4575 32
4576 32
4577 32
4578 32
4579 32
4580 32
4581 32
4582 32
4583 32
4584 32
4585 32
4586 32
4587 32
4588 32
4589 32
4590 32
4591 32
4592 32
4593 32
4594 32
4595 32
4596 32
4597 32
4598 32
4599 32
4600 32
4601 32
4602 32
4603 32
4604 32
4605 32
4606 32
4607 32
4608 32
4609 32
4610 117
4611 117
4612 117
4613 117
4614 117
4615 117
4616 117
4617 117
4618 117
4619 117
4620 117
4621 117
4622 117
4623 117
4624 117
4625 117
4626 117
4627 117
4628 117
4629 117
4630 117
4631 117
4632 117
4633 117
4634 117
4635 117
4636 117
4637 117
4638 117
4639 117
4640 145
4641 145
4642 145
4643 145
4644 145
4645 145
4646 145
4647 145
4648 145
4649 145
4650 145
4651 145
4652 145
4653 145
4654 145
4655 145
4656 145
4657 145
4658 145
4659 145
4660 145
4661 145
4662 145
4663 145
4664 145
4665 145
4666 145
4667 145
4668 145
4669 145
4670 55
4671 55
4672 55
4673 55
4674 55
4675 55
4676 55
4677 55
4678 55
4679 55
4680 55
4681 55
4682 55
4683 55
4684 55
4685 55
4686 55
4687 55
4688 55
4689 55
4690 55
4691 55
4692 55
4693 55
4694 55
4695 55
4696 55
4697 55
4698 55
4699 55
4700 19
4701 19
4702 19
4703 19
4704 19
4705 19
4706 19
4707 19
4708 19
4709 19
4710 19
4711 19
4712 19
4713 19
4714 19
4715 19
4716 19
4717 19
4718 19
4719 19
4720 19
4721 19
4722 19
4723 19
4724 19
4725 19
4726 19
4727 19
4728 19
4729 19
4730 19
4731 19
4732 19
4733 19
4734 19
4735 19
4736 19
4737 19
4738 19
4739 19
4740 118
4741 118
4742 118
4743 118
4744 118
4745 118
4746 118
4747 118
4748 118
4749 118
4750 118
4751 118
4752 118
4753 118
4754 118
4755 118
4756 118
4757 118
4758 118
4759 118
4760 118
4761 118
4762 118
4763 118
4764 118
4765 118
4766 118
4767 118
4768 118
4769 118
4770 119
4771 119
4772 119
4773 119
4774 119
4775 119
4776 119
4777 119
4778 119
4779 119
4780 119
4781 119
4782 119
4783 119
4784 119
4785 119
4786 119
4787 119
4788 119
4789 119
4790 119
4791 119
4792 119
4793 119
4794 119
4795 119
4796 119
4797 119
4798 119
4799 119
4800 120
4801 120
4802 120
4803 120
4804 120
4805 120
4806 120
4807 120
4808 120
4809 120
4810 120
4811 120
4812 120
4813 120
4814 120
4815 120
4816 120
4817 120
4818 120
4819 120
4820 120
4821 120
4822 120
4823 120
4824 120
4825 120
4826 120
4827 120
4828 120
4829 120
4830 20
4831 20
4832 20
4833 20
4834 20
4835 20
4836 20
4837 20
4838 20
4839 20
4840 20
4841 20
4842 20
4843 20
4844 20
4845 20
4846 20
4847 20
4848 20
4849 20
4850 20
4851 20
4852 20
4853 20
4854 20
4855 20
4856 20
4857 20
4858 20
4859 20
4860 20
4861 20
4862 20
4863 20
4864 20
4865 20
4866 20
4867 20
4868 20
4869 20
4870 121
4871 121
4872 121
4873 121
4874 121
4875 121
4876 121
4877 121
4878 121
4879 121
4880 121
4881 121
4882 121
4883 121
4884 121
4885 121
4886 121
4887 121
4888 121
4889 121
4890 121
4891 121
4892 121
4893 121
4894 121
4895 121
4896 121
4897 121
4898 121
4899 121
4900 146
4901 146
4902 146
4903 146
4904 146
4905 146
4906 146
4907 146
4908 146
4909 146
4910 146
4911 146
4912 146
4913 146
4914 146
4915 146
4916 146
4917 146
4918 146
4919 146
4920 146
4921 146
4922 146
4923 146
4924 146
4925 146
4926 146
4927 146
4928 146
4929 146
4930 56
4931 56
4932 56
4933 56
4934 56
4935 56
4936 56
4937 56
4938 56
4939 56
4940 56
4941 56
4942 56
4943 56
4944 56
4945 56
4946 56
4947 56
4948 56
4949 56
4950 56
4951 56
4952 56
4953 56
4954 56
4955 56
4956 56
4957 56
4958 56
4959 56
4960 122
4961 122
4962 122
4963 122
4964 122
4965 122
4966 122
4967 122
4968 122
4969 122
4970 122
4971 122
4972 122
4973 122
4974 122
4975 122
4976 122
4977 122
4978 122
4979 122
4980 122
4981 122
4982 122
4983 122
4984 122
4985 122
4986 122
4987 122
4988 122
4989 122
4990 0
4991 0
4992 0
4993 0
4994 0
4995 0
4996 0
4997 0
4998 0
4999 0
