0 2
1 2
2 2
3 2
4 2
5 2
6 2
7 2
8 2
9 2
10 2
11 2
12 2
13 2
14 2
15 2
16 2
17 2
18 2
19 2
20 2
21 2
22 2
23 2
24 2
25 2
26 2
27 2
28 2
29 2
30 2
31 2
32 2
33 2
34 2
35 2
36 2
37 2
38 2
39 2
40 4
41 4
42 4
43 4
44 4
45 4
46 4
47 4
48 4
49 4
50 4
51 4
52 4
53 4
54 4
55 4
56 4
57 4
58 4
59 4
60 4
61 4
62 4
63 4
64 4
65 4
66 4
67 4
68 4
69 4
70 4
71 4
72 4
73 4
74 4
75 4
76 4
77 4
78 4
79 4
80 5
81 5
82 5
83 5
84 5
85 5
86 5
87 5
88 5
89 5
90 5
91 5
92 5
93 5
94 5
95 5
96 5
97 5
98 5
99 5
100 5
101 5
102 5
103 5
104 5
105 5
106 5
107 5
108 5
109 5
110 6
111 6
112 6
113 6
114 6
115 6
116 6
117 6
118 6
119 6
120 6
121 6
122 6
123 6
124 6
125 6
126 6
127 6
128 6
129 6
130 7
131 7
132 7
133 7
134 7
135 7
136 7
137 7
138 7
139 7
140 7
141 7
142 7
143 7
144 7
145 7
146 7
147 7
148 7
149 7
150 7
151 7
152 7
153 7
154 7
155 7
156 7
157 7
158 7
159 7
160 7
161 7
162 7
163 7
164 7
165 7
166 7
167 7
168 7
169 7
170 9
171 9
172 9
173 9
174 9
175 9
176 9
177 9
178 9
179 9
180 9
181 9
182 9
183 9
184 9
185 9
186 9
187 9
188 9
189 9
190 9
191 9
192 9
193 9
194 9
195 9
196 9
197 9
198 9
199 9
200 10
201 10
202 10
203 10
204 10
205 10
206 10
207 10
208 10
209 10
210 10
211 10
212 10
213 10
214 10
215 10
216 10
217 10
218 10
219 10
220 10
221 10
222 10
223 10
224 10
225 10
226 10
227 10
228 10
229 10
230 10
231 10
232 10
233 10
234 10
235 10
236 10
237 10
238 10
239 10
240 12
241 12
242 12
243 12
244 12
245 12
246 12
247 12
248 12
249 12
250 12
251 12
252 12
253 12
254 12
255 12
256 12
257 12
258 12
259 12
260 12
261 12
262 12
263 12
264 12
265 12
266 12
267 12
268 12
269 12
270 13
271 13
272 13
273 13
274 13
275 13
276 13
277 13
278 13
279 13
280 13
281 13
282 13
283 13
284 13
285 13
286 13
287 13
288 13
289 13
290 13
291 13
292 13
293 13
294 13
295 13
296 13
297 13
298 13
299 13
300 14
301 14
302 14
303 14
304 14
305 14
306 14
307 14
308 14
309 14
310 14
311 14
312 14
313 14
314 14
315 14
316 14
317 14
318 14
319 14
320 16
321 16
322 16
323 16
324 16
325 16
326 16
327 16
328 16
329 16
330 16
331 16
332 16
333 16
334 16
335 16
336 16
337 16
338 16
339 16
340 16
341 16
342 16
343 16
344 16
345 16
346 16
347 16
348 16
349 16
350 16
351 16
352 16
353 16
354 16
355 16
356 16
357 16
358 16
359 16
360 17
361 17
362 17
363 17
364 17
365 17
366 17
367 17
368 17
369 17
370 17
371 17
372 17
373 17
374 17
375 17
376 17
377 17
378 17
379 17
380 18
381 18
382 18
383 18
384 18
385 18
386 18
387 18
388 18
389 18
390 18
391 18
392 18
393 18
394 18
395 18
396 18
397 18
398 18
399 18
400 18
401 18
402 18
403 18
404 18
405 18
406 18
407 18
408 18
409 18
410 18
411 18
412 18
413 18
414 18
415 18
416 18
417 18
418 18
419 18
420 20
421 20
422 20
423 20
424 20
425 20
426 20
427 20
428 20
429 20
430 20
431 20
432 20
433 20
434 20
435 20
436 20
437 20
438 20
439 20
440 20
441 20
442 20
443 20
444 20
445 20
446 20
447 20
448 20
449 20
450 21
451 21
452 21
453 21
454 21
455 21
456 21
457 21
458 21
459 21
460 21
461 21
462 21
463 21
464 21
465 21
466 21
467 21
468 21
469 21
470 22
471 22
472 22
473 22
474 22
475 22
476 22
477 22
478 22
479 22
480 22
481 22
482 22
483 22
484 22
485 22
486 22
487 22
488 22
489 22
490 22
491 22
492 22
493 22
494 22
495 22
496 22
497 22
498 22
499 22
500 23
501 23
502 23
503 23
504 23
505 23
506 23
507 23
508 23
509 23
510 23
511 23
512 23
513 23
514 23
515 23
516 23
517 23
518 23
519 23
520 23
521 23
522 23
523 23
524 23
525 23
526 23
527 23
528 23
529 23
530 24
531 24
532 24
533 24
534 24
535 24
536 24
537 24
538 24
539 24
540 24
541 24
542 24
543 24
544 24
545 24
546 24
547 24
548 24
549 24
550 25
551 25
552 25
553 25
554 25
555 25
556 25
557 25
558 25
559 25
560 25
561 25
562 25
563 25
564 25
565 25
566 25
567 25
568 25
569 25
570 25
571 25
572 25
573 25
574 25
575 25
576 25
577 25
578 25
579 25
580 26
581 26
582 26
583 26
584 26
585 26
586 26
587 26
588 26
589 26
590 26
591 26
592 26
593 26
594 26
595 26
596 26
597 26
598 26
599 26
600 27
601 27
602 27
603 27
604 27
605 27
606 27
607 27
608 27
609 27
610 27
611 27
612 27
613 27
614 27
615 27
616 27
617 27
618 27
619 27
620 27
621 27
622 27
623 27
624 27
625 27
626 27
627 27
628 27
629 27
630 27
631 27
632 27
633 27
634 27
635 27
636 27
637 27
638 27
639 27
640 29
641 29
642 29
643 29
644 29
645 29
646 29
647 29
648 29
649 29
650 29
651 29
652 29
653 29
654 29
655 29
656 29
657 29
658 29
659 29
660 29
661 29
662 29
663 29
664 29
665 29
666 29
667 29
668 29
669 29
670 30
671 30
672 30
673 30
674 30
675 30
676 30
677 30
678 30
679 30
680 30
681 30
682 30
683 30
684 30
685 30
686 30
687 30
688 30
689 30
690 30
691 30
692 30
693 30
694 30
695 30
696 30
697 30
698 30
699 30
700 30
701 30
702 30
703 30
704 30
705 30
706 30
707 30
708 30
709 30
710 32
711 32
712 32
713 32
714 32
715 32
716 32
717 32
718 32
719 32
720 32
721 32
722 32
723 32
724 32
725 32
726 32
727 32
728 32
729 32
730 32
731 32
732 32
733 32
734 32
735 32
736 32
737 32
738 32
739 32
740 34
741 34
742 34
743 34
744 34
745 34
746 34
747 34
748 34
749 34
750 34
751 34
752 34
753 34
754 34
755 34
756 34
757 34
758 34
759 34
760 34
761 34
762 34
763 34
764 34
765 34
766 34
767 34
768 34
769 34
770 34
771 34
772 34
773 34
774 34
775 34
776 34
777 34
778 34
779 34
780 35
781 35
782 35
783 35
784 35
785 35
786 35
787 35
788 35
789 35
790 35
791 35
792 35
793 35
794 35
795 35
796 35
797 35
798 35
799 35
800 35
801 35
802 35
803 35
804 35
805 35
806 35
807 35
808 35
809 35
810 35
811 35
812 35
813 35
814 35
815 35
816 35
817 35
818 35
819 35
820 38
821 38
822 38
823 38
824 38
825 38
826 38
827 38
828 38
829 38
830 38
831 38
832 38
833 38
834 38
835 38
836 38
837 38
838 38
839 38
840 38
841 38
842 38
843 38
844 38
845 38
846 38
847 38
848 38
849 38
850 38
851 38
852 38
853 38
854 38
855 38
856 38
857 38
858 38
859 38
860 40
861 40
862 40
863 40
864 40
865 40
866 40
867 40
868 40
869 40
870 40
871 40
872 40
873 40
874 40
875 40
876 40
877 40
878 40
879 40
880 40
881 40
882 40
883 40
884 40
885 40
886 40
887 40
888 40
889 40
890 40
891 40
892 40
893 40
894 40
895 40
896 40
897 40
898 40
899 40
900 41
901 41
902 41
903 41
904 41
905 41
906 41
907 41
908 41
909 41
910 41
911 41
912 41
913 41
914 41
915 41
916 41
917 41
918 41
919 41
920 42
921 42
922 42
923 42
924 42
925 42
926 42
927 42
928 42
929 42
930 42
931 42
932 42
933 42
934 42
935 42
936 42
937 42
938 42
939 42
940 42
941 42
942 42
943 42
944 42
945 42
946 42
947 42
948 42
949 42
950 43
951 43
952 43
953 43
954 43
955 43
956 43
957 43
958 43
959 43
960 43
961 43
962 43
963 43
964 43
965 43
966 43
967 43
968 43
969 43
970 44
971 44
972 44
973 44
974 44
975 44
976 44
977 44
978 44
979 44
980 44
981 44
982 44
983 44
984 44
985 44
986 44
987 44
988 44
989 44
990 44
991 44
992 44
993 44
994 44
995 44
996 44
997 44
998 44
999 44
1000 46
1001 46
1002 46
1003 46
1004 46
1005 46
1006 46
1007 46
1008 46
1009 46
1010 46
1011 46
1012 46
1013 46
1014 46
1015 46
1016 46
1017 46
1018 46
1019 46
1020 46
1021 46
1022 46
1023 46
1024 46
1025 46
1026 46
1027 46
1028 46
1029 46
1030 46
1031 46
1032 46
1033 46
1034 46
1035 46
1036 46
1037 46
1038 46
1039 46
1040 47
1041 47
1042 47
1043 47
1044 47
1045 47
1046 47
1047 47
1048 47
1049 47
1050 47
1051 47
1052 47
1053 47
1054 47
1055 47
1056 47
1057 47
1058 47
1059 47
1060 47
1061 47
1062 47
1063 47
1064 47
1065 47
1066 47
1067 47
1068 47
1069 47
1070 48
1071 48
1072 48
1073 48
1074 48
1075 48
1076 48
1077 48
1078 48
1079 48
1080 48
1081 48
1082 48
1083 48
1084 48
1085 48
1086 48
1087 48
1088 48
1089 48
1090 48
1091 48
1092 48
1093 48
1094 48
1095 48
1096 48
1097 48
1098 48
1099 48
1100 49
1101 49
1102 49
1103 49
1104 49
1105 49
1106 49
1107 49
1108 49
1109 49
1110 49
1111 49
1112 49
1113 49
1114 49
1115 49
1116 49
1117 49
1118 49
1119 49
1120 49
1121 49
1122 49
1123 49
1124 49
1125 49
1126 49
1127 49
1128 49
1129 49
1130 50
1131 50
1132 50
1133 50
1134 50
1135 50
1136 50
1137 50
1138 50
1139 50
1140 50
1141 50
1142 50
1143 50
1144 50
1145 50
1146 50
1147 50
1148 50
1149 50
1150 50
1151 50
1152 50
1153 50
1154 50
1155 50
1156 50
1157 50
1158 50
1159 50
1160 50
1161 50
1162 50
1163 50
1164 50
1165 50
1166 50
1167 50
1168 50
1169 50
1170 52
1171 52
1172 52
1173 52
1174 52
1175 52
1176 52
1177 52
1178 52
1179 52
1180 52
1181 52
1182 52
1183 52
1184 52
1185 52
1186 52
1187 52
1188 52
1189 52
1190 52
1191 52
1192 52
1193 52
1194 52
1195 52
1196 52
1197 52
1198 52
1199 52
1200 53
1201 53
1202 53
1203 53
1204 53
1205 53
1206 53
1207 53
1208 53
1209 53
1210 53
1211 53
1212 53
1213 53
1214 53
1215 53
1216 53
1217 53
1218 53
1219 53
1220 53
1221 53
1222 53
1223 53
1224 53
1225 53
1226 53
1227 53
1228 53
1229 53
1230 53
1231 53
1232 53
1233 53
1234 53
1235 53
1236 53
1237 53
1238 53
1239 53
1240 55
1241 55
1242 55
1243 55
1244 55
1245 55
1246 55
1247 55
1248 55
1249 55
1250 55
1251 55
1252 55
1253 55
1254 55
1255 55
1256 55
1257 55
1258 55
1259 55
1260 56
1261 56
1262 56
1263 56
1264 56
1265 56
1266 56
1267 56
1268 56
1269 56
1270 56
1271 56
1272 56
1273 56
1274 56
1275 56
1276 56
1277 56
1278 56
1279 56
1280 56
1281 56
1282 56
1283 56
1284 56
1285 56
1286 56
1287 56
1288 56
1289 56
1290 57
1291 57
1292 57
1293 57
1294 57
1295 57
1296 57
1297 57
1298 57
1299 57
1300 57
1301 57
1302 57
1303 57
1304 57
1305 57
1306 57
1307 57
1308 57
1309 57
1310 59
1311 59
1312 59
1313 59
1314 59
1315 59
1316 59
1317 59
1318 59
1319 59
1320 59
1321 59
1322 59
1323 59
1324 59
1325 59
1326 59
1327 59
1328 59
1329 59
1330 59
1331 59
1332 59
1333 59
1334 59
1335 59
1336 59
1337 59
1338 59
1339 59
1340 59
1341 59
1342 59
1343 59
1344 59
1345 59
1346 59
1347 59
1348 59
1349 59
1350 60
1351 60
1352 60
1353 60
1354 60
1355 60
1356 60
1357 60
1358 60
1359 60
1360 60
1361 60
1362 60
1363 60
1364 60
1365 60
1366 60
1367 60
1368 60
1369 60
1370 60
1371 60
1372 60
1373 60
1374 60
1375 60
1376 60
1377 60
1378 60
1379 60
1380 62
1381 62
1382 62
1383 62
1384 62
1385 62
1386 62
1387 62
1388 62
1389 62
1390 62
1391 62
1392 62
1393 62
1394 62
1395 62
1396 62
1397 62
1398 62
1399 62
1400 62
1401 62
1402 62
1403 62
1404 62
1405 62
1406 62
1407 62
1408 62
1409 62
1410 62
1411 62
1412 62
1413 62
1414 62
1415 62
1416 62
1417 62
1418 62
1419 62
1420 63
1421 63
1422 63
1423 63
1424 63
1425 63
1426 63
1427 63
1428 63
1429 63
1430 63
1431 63
1432 63
1433 63
1434 63
1435 63
1436 63
1437 63
1438 63
1439 63
1440 63
1441 63
1442 63
1443 63
1444 63
1445 63
1446 63
1447 63
1448 63
1449 63
1450 63
1451 63
1452 63
1453 63
1454 63
1455 63
1456 63
1457 63
1458 63
1459 63
1460 65
1461 65
1462 65
1463 65
1464 65
1465 65
1466 65
1467 65
1468 65
1469 65
1470 65
1471 65
1472 65
1473 65
1474 65
1475 65
1476 65
1477 65
1478 65
1479 65
1480 65
1481 65
1482 65
1483 65
1484 65
1485 65
1486 65
1487 65
1488 65
1489 65
1490 67
1491 67
1492 67
1493 67
1494 67
1495 67
1496 67
1497 67
1498 67
1499 67
1500 67
1501 67
1502 67
1503 67
1504 67
1505 67
1506 67
1507 67
1508 67
1509 67
1510 67
1511 67
1512 67
1513 67
1514 67
1515 67
1516 67
1517 67
1518 67
1519 67
1520 67
1521 67
1522 67
1523 67
1524 67
1525 67
1526 67
1527 67
1528 67
1529 67
1530 68
1531 68
1532 68
1533 68
1534 68
1535 68
1536 68
1537 68
1538 68
1539 68
1540 68
1541 68
1542 68
1543 68
1544 68
1545 68
1546 68
1547 68
1548 68
1549 68
1550 68
1551 68
1552 68
1553 68
1554 68
1555 68
1556 68
1557 68
1558 68
1559 68
1560 68
1561 68
1562 68
1563 68
1564 68
1565 68
1566 68
1567 68
1568 68
1569 68
1570 70
1571 70
1572 70
1573 70
1574 70
1575 70
1576 70
1577 70
1578 70
1579 70
1580 70
1581 70
1582 70
1583 70
1584 70
1585 70
1586 70
1587 70
1588 70
1589 70
1590 70
1591 70
1592 70
1593 70
1594 70
1595 70
1596 70
1597 70
1598 70
1599 70
1600 70
1601 70
1602 70
1603 70
1604 70
1605 70
1606 70
1607 70
1608 70
1609 70
1610 72
1611 72
1612 72
1613 72
1614 72
1615 72
1616 72
1617 72
1618 72
1619 72
1620 72
1621 72
1622 72
1623 72
1624 72
1625 72
1626 72
1627 72
1628 72
1629 72
1630 72
1631 72
1632 72
1633 72
1634 72
1635 72
1636 72
1637 72
1638 72
1639 72
1640 72
1641 72
1642 72
1643 72
1644 72
1645 72
1646 72
1647 72
1648 72
1649 72
1650 75
1651 75
1652 75
1653 75
1654 75
1655 75
1656 75
1657 75
1658 75
1659 75
1660 75
1661 75
1662 75
1663 75
1664 75
1665 75
1666 75
1667 75
1668 75
1669 75
1670 75
1671 75
1672 75
1673 75
1674 75
1675 75
1676 75
1677 75
1678 75
1679 75
1680 75
1681 75
1682 75
1683 75
1684 75
1685 75
1686 75
1687 75
1688 75
1689 75
1690 76
1691 76
1692 76
1693 76
1694 76
1695 76
1696 76
1697 76
1698 76
1699 76
1700 76
1701 76
1702 76
1703 76
1704 76
1705 76
1706 76
1707 76
1708 76
1709 76
1710 76
1711 76
1712 76
1713 76
1714 76
1715 76
1716 76
1717 76
1718 76
1719 76
1720 76
1721 76
1722 76
1723 76
1724 76
1725 76
1726 76
1727 76
1728 76
1729 76
1730 78
1731 78
1732 78
1733 78
1734 78
1735 78
1736 78
1737 78
1738 78
1739 78
1740 78
1741 78
1742 78
1743 78
1744 78
1745 78
1746 78
1747 78
1748 78
1749 78
1750 78
1751 78
1752 78
1753 78
1754 78
1755 78
1756 78
1757 78
1758 78
1759 78
1760 78
1761 78
1762 78
1763 78
1764 78
1765 78
1766 78
1767 78
1768 78
1769 78
1770 80
1771 80
1772 80
1773 80
1774 80
1775 80
1776 80
1777 80
1778 80
1779 80
1780 80
1781 80
1782 80
1783 80
1784 80
1785 80
1786 80
1787 80
1788 80
1789 80
1790 80
1791 80
1792 80
1793 80
1794 80
1795 80
1796 80
1797 80
1798 80
1799 80
1800 81
1801 81
1802 81
1803 81
1804 81
1805 81
1806 81
1807 81
1808 81
1809 81
1810 81
1811 81
1812 81
1813 81
1814 81
1815 81
1816 81
1817 81
1818 81
1819 81
1820 82
1821 82
1822 82
1823 82
1824 82
1825 82
1826 82
1827 82
1828 82
1829 82
1830 82
1831 82
1832 82
1833 82
1834 82
1835 82
1836 82
1837 82
1838 82
1839 82
1840 82
1841 82
1842 82
1843 82
1844 82
1845 82
1846 82
1847 82
1848 82
1849 82
1850 83
1851 83
1852 83
1853 83
1854 83
1855 83
1856 83
1857 83
1858 83
1859 83
1860 83
1861 83
1862 83
1863 83
1864 83
1865 83
1866 83
1867 83
1868 83
1869 83
1870 84
1871 84
1872 84
1873 84
1874 84
1875 84
1876 84
1877 84
1878 84
1879 84
1880 84
1881 84
1882 84
1883 84
1884 84
1885 84
1886 84
1887 84
1888 84
1889 84
1890 84
1891 84
1892 84
1893 84
1894 84
1895 84
1896 84
1897 84
1898 84
1899 84
1900 84
1901 84
1902 84
1903 84
1904 84
1905 84
1906 84
1907 84
1908 84
1909 84
1910 87
1911 87
1912 87
1913 87
1914 87
1915 87
1916 87
1917 87
1918 87
1919 87
1920 87
1921 87
1922 87
1923 87
1924 87
1925 87
1926 87
1927 87
1928 87
1929 87
1930 87
1931 87
1932 87
1933 87
1934 87
1935 87
1936 87
1937 87
1938 87
1939 87
1940 87
1941 87
1942 87
1943 87
1944 87
1945 87
1946 87
1947 87
1948 87
1949 87
1950 88
1951 88
1952 88
1953 88
1954 88
1955 88
1956 88
1957 88
1958 88
1959 88
1960 88
1961 88
1962 88
1963 88
1964 88
1965 88
1966 88
1967 88
1968 88
1969 88
1970 88
1971 88
1972 88
1973 88
1974 88
1975 88
1976 88
1977 88
1978 88
1979 88
1980 89
1981 89
1982 89
1983 89
1984 89
1985 89
1986 89
1987 89
1988 89
1989 89
1990 89
1991 89
1992 89
1993 89
1994 89
1995 89
1996 89
1997 89
1998 89
1999 89
2000 89
2001 89
2002 89
2003 89
2004 89
2005 89
2006 89
2007 89
2008 89
2009 89
2010 89
2011 89
2012 89
2013 89
2014 89
2015 89
2016 89
2017 89
2018 89
2019 89
2020 91
2021 91
2022 91
2023 91
2024 91
2025 91
2026 91
2027 91
2028 91
2029 91
2030 91
2031 91
2032 91
2033 91
2034 91
2035 91
2036 91
2037 91
2038 91
2039 91
2040 91
2041 91
2042 91
2043 91
2044 91
2045 91
2046 91
2047 91
2048 91
2049 91
2050 92
2051 92
2052 92
2053 92
2054 92
2055 92
2056 92
2057 92
2058 92
2059 92
2060 92
2061 92
2062 92
2063 92
2064 92
2065 92
2066 92
2067 92
2068 92
2069 92
2070 93
2071 93
2072 93
2073 93
2074 93
2075 93
2076 93
2077 93
2078 93
2079 93
2080 93
2081 93
2082 93
2083 93
2084 93
2085 93
2086 93
2087 93
2088 93
2089 93
2090 93
2091 93
2092 93
2093 93
2094 93
2095 93
2096 93
2097 93
2098 93
2099 93
2100 94
2101 94
2102 94
2103 94
2104 94
2105 94
2106 94
2107 94
2108 94
2109 94
2110 94
2111 94
2112 94
2113 94
2114 94
2115 94
2116 94
2117 94
2118 94
2119 94
2120 95
2121 95
2122 95
2123 95
2124 95
2125 95
2126 95
2127 95
2128 95
2129 95
2130 95
2131 95
2132 95
2133 95
2134 95
2135 95
2136 95
2137 95
2138 95
2139 95
2140 95
2141 95
2142 95
2143 95
2144 95
2145 95
2146 95
2147 95
2148 95
2149 95
2150 96
2151 96
2152 96
2153 96
2154 96
2155 96
2156 96
2157 96
2158 96
2159 96
2160 96
2161 96
2162 96
2163 96
2164 96
2165 96
2166 96
2167 96
2168 96
2169 96
2170 96
2171 96
2172 96
2173 96
2174 96
2175 96
2176 96
2177 96
2178 96
2179 96
2180 97
2181 97
2182 97
2183 97
2184 97
2185 97
2186 97
2187 97
2188 97
2189 97
2190 97
2191 97
2192 97
2193 97
2194 97
2195 97
2196 97
2197 97
2198 97
2199 97
2200 99
2201 99
2202 99
2203 99
2204 99
2205 99
2206 99
2207 99
2208 99
2209 99
2210 99
2211 99
2212 99
2213 99
2214 99
2215 99
2216 99
2217 99
2218 99
2219 99
2220 99
2221 99
2222 99
2223 99
2224 99
2225 99
2226 99
2227 99
2228 99
2229 99
2230 99
2231 99
2232 99
2233 99
2234 99
2235 99
2236 99
2237 99
2238 99
2239 99
2240 100
2241 100
2242 100
2243 100
2244 100
2245 100
2246 100
2247 100
2248 100
2249 100
2250 100
2251 100
2252 100
2253 100
2254 100
2255 100
2256 100
2257 100
2258 100
2259 100
2260 100
2261 100
2262 100
2263 100
2264 100
2265 100
2266 100
2267 100
2268 100
2269 100
2270 101
2271 101
2272 101
2273 101
2274 101
2275 101
2276 101
2277 101
2278 101
2279 101
2280 101
2281 101
2282 101
2283 101
2284 101
2285 101
2286 101
2287 101
2288 101
2289 101
2290 101
2291 101
2292 101
2293 101
2294 101
2295 101
2296 101
2297 101
2298 101
2299 101
2300 101
2301 101
2302 101
2303 101
2304 101
2305 101
2306 101
2307 101
2308 101
2309 101
2310 104
2311 104
2312 104
2313 104
2314 104
2315 104
2316 104
2317 104
2318 104
2319 104
2320 104
2321 104
2322 104
2323 104
2324 104
2325 104
2326 104
2327 104
2328 104
2329 104
2330 104
2331 104
2332 104
2333 104
2334 104
2335 104
2336 104
2337 104
2338 104
2339 104
2340 104
2341 104
2342 104
2343 104
2344 104
2345 104
2346 104
2347 104
2348 104
2349 104
2350 106
2351 106
2352 106
2353 106
2354 106
2355 106
2356 106
2357 106
2358 106
2359 106
2360 106
2361 106
2362 106
2363 106
2364 106
2365 106
2366 106
2367 106
2368 106
2369 106
2370 106
2371 106
2372 106
2373 106
2374 106
2375 106
2376 106
2377 106
2378 106
2379 106
2380 106
2381 106
2382 106
2383 106
2384 106
2385 106
2386 106
2387 106
2388 106
2389 106
2390 107
2391 107
2392 107
2393 107
2394 107
2395 107
2396 107
2397 107
2398 107
2399 107
2400 107
2401 107
2402 107
2403 107
2404 107
2405 107
2406 107
2407 107
2408 107
2409 107
2410 107
2411 107
2412 107
2413 107
2414 107
2415 107
2416 107
2417 107
2418 107
2419 107
2420 108
2421 108
2422 108
2423 108
2424 108
2425 108
2426 108
2427 108
2428 108
2429 108
2430 108
2431 108
2432 108
2433 108
2434 108
2435 108
2436 108
2437 108
2438 108
2439 108
2440 108
2441 108
2442 108
2443 108
2444 108
2445 108
2446 108
2447 108
2448 108
2449 108
2450 109
2451 109
2452 109
2453 109
2454 109
2455 109
2456 109
2457 109
2458 109
2459 109
2460 109
2461 109
2462 109
2463 109
2464 109
2465 109
2466 109
2467 109
2468 109
2469 109
2470 109
2471 109
2472 109
2473 109
2474 109
2475 109
2476 109
2477 109
2478 109
2479 109
2480 110
2481 110
2482 110
2483 110
2484 110
2485 110
2486 110
2487 110
2488 110
2489 110
2490 110
2491 110
2492 110
2493 110
2494 110
2495 110
2496 110
2497 110
2498 110
2499 110
2500 110
2501 110
2502 110
2503 110
2504 110
2505 110
2506 110
2507 110
2508 110
2509 110
2510 111
2511 111
2512 111
2513 111
2514 111
2515 111
2516 111
2517 111
2518 111
2519 111
2520 111
2521 111
2522 111
2523 111
2524 111
2525 111
2526 111
2527 111
2528 111
2529 111
2530 111
2531 111
2532 111
2533 111
2534 111
2535 111
2536 111
2537 111
2538 111
2539 111
2540 111
2541 111
2542 111
2543 111
2544 111
2545 111
2546 111
2547 111
2548 111
2549 111
2550 114
2551 114
2552 114
2553 114
2554 114
2555 114
2556 114
2557 114
2558 114
2559 114
2560 114
2561 114
2562 114
2563 114
2564 114
2565 114
2566 114
2567 114
2568 114
2569 114
2570 114
2571 114
2572 114
2573 114
2574 114
2575 114
2576 114
2577 114
2578 114
2579 114
2580 114
2581 114
2582 114
2583 114
2584 114
2585 114
2586 114
2587 114
2588 114
2589 114
2590 115
2591 115
2592 115
2593 115
2594 115
2595 115
2596 115
2597 115
2598 115
2599 115
2600 115
2601 115
2602 115
2603 115
2604 115
2605 115
2606 115
2607 115
2608 115
2609 115
2610 117
2611 117
2612 117
2613 117
2614 117
2615 117
2616 117
2617 117
2618 117
2619 117
2620 117
2621 117
2622 117
2623 117
2624 117
2625 117
2626 117
2627 117
2628 117
2629 117
2630 117
2631 117
2632 117
2633 117
2634 117
2635 117
2636 117
2637 117
2638 117
2639 117
2640 117
2641 117
2642 117
2643 117
2644 117
2645 117
2646 117
2647 117
2648 117
2649 117
2650 118
2651 118
2652 118
2653 118
2654 118
2655 118
2656 118
2657 118
2658 118
2659 118
2660 118
2661 118
2662 118
2663 118
2664 118
2665 118
2666 118
2667 118
2668 118
2669 118
2670 119
2671 119
2672 119
2673 119
2674 119
2675 119
2676 119
2677 119
2678 119
2679 119
2680 119
2681 119
2682 119
2683 119
2684 119
2685 119
2686 119
2687 119
2688 119
2689 119
2690 119
2691 119
2692 119
2693 119
2694 119
2695 119
2696 119
2697 119
2698 119
2699 119
2700 121
2701 121
2702 121
2703 121
2704 121
2705 121
2706 121
2707 121
2708 121
2709 121
2710 121
2711 121
2712 121
2713 121
2714 121
2715 121
2716 121
2717 121
2718 121
2719 121
2720 121
2721 121
2722 121
2723 121
2724 121
2725 121
2726 121
2727 121
2728 121
2729 121
2730 121
2731 121
2732 121
2733 121
2734 121
2735 121
2736 121
2737 121
2738 121
2739 121
2740 122
2741 122
2742 122
2743 122
2744 122
2745 122
2746 122
2747 122
2748 122
2749 122
2750 122
2751 122
2752 122
2753 122
2754 122
2755 122
2756 122
2757 122
2758 122
2759 122
2760 122
2761 122
2762 122
2763 122
2764 122
2765 122
2766 122
2767 122
2768 122
2769 122
2770 123
2771 123
2772 123
2773 123
2774 123
2775 123
2776 123
2777 123
2778 123
2779 123
2780 123
2781 123
2782 123
2783 123
2784 123
2785 123
2786 123
2787 123
2788 123
2789 123
2790 125
2791 125
2792 125
2793 125
2794 125
2795 125
2796 125
2797 125
2798 125
2799 125
2800 125
2801 125
2802 125
2803 125
2804 125
2805 125
2806 125
2807 125
2808 125
2809 125
2810 125
2811 125
2812 125
2813 125
2814 125
2815 125
2816 125
2817 125
2818 125
2819 125
2820 125
2821 125
2822 125
2823 125
2824 125
2825 125
2826 125
2827 125
2828 125
2829 125
2830 126
2831 126
2832 126
2833 126
2834 126
2835 126
2836 126
2837 126
2838 126
2839 126
2840 126
2841 126
2842 126
2843 126
2844 126
2845 126
2846 126
2847 126
2848 126
2849 126
2850 126
2851 126
2852 126
2853 126
2854 126
2855 126
2856 126
2857 126
2858 126
2859 126
2860 126
2861 126
2862 126
2863 126
2864 126
2865 126
2866 126
2867 126
2868 126
2869 126
2870 128
2871 128
2872 128
2873 128
2874 128
2875 128
2876 128
2877 128
2878 128
2879 128
2880 128
2881 128
2882 128
2883 128
2884 128
2885 128
2886 128
2887 128
2888 128
2889 128
2890 128
2891 128
2892 128
2893 128
2894 128
2895 128
2896 128
2897 128
2898 128
2899 128
2900 128
2901 128
2902 128
2903 128
2904 128
2905 128
2906 128
2907 128
2908 128
2909 128
2910 130
2911 130
2912 130
2913 130
2914 130
2915 130
2916 130
2917 130
2918 130
2919 130
2920 130
2921 130
2922 130
2923 130
2924 130
2925 130
2926 130
2927 130
2928 130
2929 130
2930 130
2931 130
2932 130
2933 130
2934 130
2935 130
2936 130
2937 130
2938 130
2939 130
2940 131
2941 131
2942 131
2943 131
2944 131
2945 131
2946 131
2947 131
2948 131
2949 131
2950 131
2951 131
2952 131
2953 131
2954 131
2955 131
2956 131
2957 131
2958 131
2959 131
2960 132
2961 132
2962 132
2963 132
2964 132
2965 132
2966 132
2967 132
2968 132
2969 132
2970 132
2971 132
2972 132
2973 132
2974 132
2975 132
2976 132
2977 132
2978 132
2979 132
2980 132
2981 132
2982 132
2983 132
2984 132
2985 132
2986 132
2987 132
2988 132
2989 132
2990 133
2991 133
2992 133
2993 133
2994 133
2995 133
2996 133
2997 133
2998 133
2999 133
3000 133
3001 133
3002 133
3003 133
3004 133
3005 133
3006 133
3007 133
3008 133
3009 133
3010 133
3011 133
3012 133
3013 133
3014 133
3015 133
3016 133
3017 133
3018 133
3019 133
3020 135
3021 135
3022 135
3023 135
3024 135
3025 135
3026 135
3027 135
3028 135
3029 135
3030 135
3031 135
3032 135
3033 135
3034 135
3035 135
3036 135
3037 135
3038 135
3039 135
3040 135
3041 135
3042 135
3043 135
3044 135
3045 135
3046 135
3047 135
3048 135
3049 135
3050 135
3051 135
3052 135
3053 135
3054 135
3055 135
3056 135
3057 135
3058 135
3059 135
3060 136
3061 136
3062 136
3063 136
3064 136
3065 136
3066 136
3067 136
3068 136
3069 136
3070 136
3071 136
3072 136
3073 136
3074 136
3075 136
3076 136
3077 136
3078 136
3079 136
3080 136
3081 136
3082 136
3083 136
3084 136
3085 136
3086 136
3087 136
3088 136
3089 136
3090 137
3091 137
3092 137
3093 137
3094 137
3095 137
3096 137
3097 137
3098 137
3099 137
3100 137
3101 137
3102 137
3103 137
3104 137
3105 137
3106 137
3107 137
3108 137
3109 137
3110 137
3111 137
3112 137
3113 137
3114 137
3115 137
3116 137
3117 137
3118 137
3119 137
3120 137
3121 137
3122 137
3123 137
3124 137
3125 137
3126 137
3127 137
3128 137
3129 137
3130 139
3131 139
3132 139
3133 139
3134 139
3135 139
3136 139
3137 139
3138 139
3139 139
3140 139
3141 139
3142 139
3143 139
3144 139
3145 139
3146 139
3147 139
3148 139
3149 139
3150 139
3151 139
3152 139
3153 139
3154 139
3155 139
3156 139
3157 139
3158 139
3159 139
3160 140
3161 140
3162 140
3163 140
3164 140
3165 140
3166 140
3167 140
3168 140
3169 140
3170 140
3171 140
3172 140
3173 140
3174 140
3175 140
3176 140
3177 140
3178 140
3179 140
3180 141
3181 141
3182 141
3183 141
3184 141
3185 141
3186 141
3187 141
3188 141
3189 141
3190 141
3191 141
3192 141
3193 141
3194 141
3195 141
3196 141
3197 141
3198 141
3199 141
3200 141
3201 141
3202 141
3203 141
3204 141
3205 141
3206 141
3207 141
3208 141
3209 141
3210 141
3211 141
3212 141
3213 141
3214 141
3215 141
3216 141
3217 141
3218 141
3219 141
3220 143
3221 143
3222 143
3223 143
3224 143
3225 143
3226 143
3227 143
3228 143
3229 143
3230 143
3231 143
3232 143
3233 143
3234 143
3235 143
3236 143
3237 143
3238 143
3239 143
3240 143
3241 143
3242 143
3243 143
3244 143
3245 143
3246 143
3247 143
3248 143
3249 143
3250 143
3251 143
3252 143
3253 143
3254 143
3255 143
3256 143
3257 143
3258 143
3259 143
3260 145
3261 145
3262 145
3263 145
3264 145
3265 145
3266 145
3267 145
3268 145
3269 145
3270 145
3271 145
3272 145
3273 145
3274 145
3275 145
3276 145
3277 145
3278 145
3279 145
3280 145
3281 145
3282 145
3283 145
3284 145
3285 145
3286 145
3287 145
3288 145
3289 145
3290 146
3291 146
3292 146
3293 146
3294 146
3295 146
3296 146
3297 146
3298 146
3299 146
3300 146
3301 146
3302 146
3303 146
3304 146
3305 146
3306 146
3307 146
3308 146
3309 146
3310 147
3311 147
3312 147
3313 147
3314 147
3315 147
3316 147
3317 147
3318 147
3319 147
3320 147
3321 147
3322 147
3323 147
3324 147
3325 147
3326 147
3327 147
3328 147
3329 147
3330 147
3331 147
3332 147
3333 147
3334 147
3335 147
3336 147
3337 147
3338 147
3339 147
3340 148
3341 148
3342 148
3343 148
3344 148
3345 148
3346 148
3347 148
3348 148
3349 148
3350 148
3351 148
3352 148
3353 148
3354 148
3355 148
3356 148
3357 148
3358 148
3359 148
3360 149
3361 149
3362 149
3363 149
3364 149
3365 149
3366 149
3367 149
3368 149
3369 149
3370 149
3371 149
3372 149
3373 149
3374 149
3375 149
3376 149
3377 149
3378 149
3379 149
3380 149
3381 149
3382 149
3383 149
3384 149
3385 149
3386 149
3387 149
3388 149
3389 149
3390 150
3391 150
3392 150
3393 150
3394 150
3395 150
3396 150
3397 150
3398 150
3399 150
3400 150
3401 150
3402 150
3403 150
3404 150
3405 150
3406 150
3407 150
3408 150
3409 150
3410 151
3411 151
3412 151
3413 151
3414 151
3415 151
3416 151
3417 151
3418 151
3419 151
3420 151
3421 151
3422 151
3423 151
3424 151
3425 151
3426 151
3427 151
3428 151
3429 151
3430 151
3431 151
3432 151
3433 151
3434 151
3435 151
3436 151
3437 151
3438 151
3439 151
3440 151
3441 151
3442 151
3443 151
3444 151
3445 151
3446 151
3447 151
3448 151
3449 151
3450 153
3451 153
3452 153
3453 153
3454 153
3455 153
3456 153
3457 153
3458 153
3459 153
3460 153
3461 153
3462 153
3463 153
3464 153
3465 153
3466 153
3467 153
3468 153
3469 153
3470 153
3471 153
3472 153
3473 153
3474 153
3475 153
3476 153
3477 153
3478 153
3479 153
3480 0
3481 0
3482 0
3483 0
3484 0
3485 0
3486 0
3487 0
3488 0
3489 0
3490 0
3491 0
3492 0
3493 0
3494 0
3495 0
3496 0
3497 0
3498 0
3499 0
3500 0
3501 0
3502 0
3503 0
3504 0
3505 0
3506 0
3507 0
3508 0
3509 0
3510 0
3511 0
3512 0
3513 0
3514 0
3515 0
3516 0
3517 0
3518 0
3519 0
3520 1
3521 1
3522 1
3523 1
3524 1
3525 1
3526 1
3527 1
3528 1
3529 1
3530 1
3531 1
3532 1
3533 1
3534 1
3535 1
3536 1
3537 1
3538 1
3539 1
3540 1
3541 1
3542 1
3543 1
3544 1
3545 1
3546 1
3547 1
3548 1
3549 1
3550 1
3551 1
3552 1
3553 1
3554 1
3555 1
3556 1
3557 1
3558 1
3559 1
3560 129
3561 129
3562 129
3563 129
3564 129
3565 129
3566 129
3567 129
3568 129
3569 129
3570 129
3571 129
3572 129
3573 129
3574 129
3575 129
3576 129
3577 129
3578 129
3579 129
3580 129
3581 129
3582 129
3583 129
3584 129
3585 129
3586 129
3587 129
3588 129
3589 129
3590 129
3591 129
3592 129
3593 129
3594 129
3595 129
3596 129
3597 129
3598 129
3599 129
3600 3
3601 3
3602 3
3603 3
3604 3
3605 3
3606 3
3607 3
3608 3
3609 3
3610 3
3611 3
3612 3
3613 3
3614 3
3615 3
3616 3
3617 3
3618 3
3619 3
3620 3
3621 3
3622 3
3623 3
3624 3
3625 3
3626 3
3627 3
3628 3
3629 3
3630 3
3631 3
3632 3
3633 3
3634 3
3635 3
3636 3
3637 3
3638 3
3639 3
3640 134
3641 134
3642 134
3643 134
3644 134
3645 134
3646 134
3647 134
3648 134
3649 134
3650 134
3651 134
3652 134
3653 134
3654 134
3655 134
3656 134
3657 134
3658 134
3659 134
3660 134
3661 134
3662 134
3663 134
3664 134
3665 134
3666 134
3667 134
3668 134
3669 134
3670 8
3671 8
3672 8
3673 8
3674 8
3675 8
3676 8
3677 8
3678 8
3679 8
3680 8
3681 8
3682 8
3683 8
3684 8
3685 8
3686 8
3687 8
3688 8
3689 8
3690 8
3691 8
3692 8
3693 8
3694 8
3695 8
3696 8
3697 8
3698 8
3699 8
3700 138
3701 138
3702 138
3703 138
3704 138
3705 138
3706 138
3707 138
3708 138
3709 138
3710 138
3711 138
3712 138
3713 138
3714 138
3715 138
3716 138
3717 138
3718 138
3719 138
3720 138
3721 138
3722 138
3723 138
3724 138
3725 138
3726 138
3727 138
3728 138
3729 138
3730 138
3731 138
3732 138
3733 138
3734 138
3735 138
3736 138
3737 138
3738 138
3739 138
3740 11
3741 11
3742 11
3743 11
3744 11
3745 11
3746 11
3747 11
3748 11
3749 11
3750 11
3751 11
3752 11
3753 11
3754 11
3755 11
3756 11
3757 11
3758 11
3759 11
3760 11
3761 11
3762 11
3763 11
3764 11
3765 11
3766 11
3767 11
3768 11
3769 11
3770 11
3771 11
3772 11
3773 11
3774 11
3775 11
3776 11
3777 11
3778 11
3779 11
3780 142
3781 142
3782 142
3783 142
3784 142
3785 142
3786 142
3787 142
3788 142
3789 142
3790 142
3791 142
3792 142
3793 142
3794 142
3795 142
3796 142
3797 142
3798 142
3799 142
3800 142
3801 142
3802 142
3803 142
3804 142
3805 142
3806 142
3807 142
3808 142
3809 142
3810 15
3811 15
3812 15
3813 15
3814 15
3815 15
3816 15
3817 15
3818 15
3819 15
3820 15
3821 15
3822 15
3823 15
3824 15
3825 15
3826 15
3827 15
3828 15
3829 15
3830 15
3831 15
3832 15
3833 15
3834 15
3835 15
3836 15
3837 15
3838 15
3839 15
3840 15
3841 15
3842 15
3843 15
3844 15
3845 15
3846 15
3847 15
3848 15
3849 15
3850 144
3851 144
3852 144
3853 144
3854 144
3855 144
3856 144
3857 144
3858 144
3859 144
3860 144
3861 144
3862 144
3863 144
3864 144
3865 144
3866 144
3867 144
3868 144
3869 144
3870 144
3871 144
3872 144
3873 144
3874 144
3875 144
3876 144
3877 144
3878 144
3879 144
3880 144
3881 144
3882 144
3883 144
3884 144
3885 144
3886 144
3887 144
3888 144
3889 144
3890 19
3891 19
3892 19
3893 19
3894 19
3895 19
3896 19
3897 19
3898 19
3899 19
3900 19
3901 19
3902 19
3903 19
3904 19
3905 19
3906 19
3907 19
3908 19
3909 19
3910 19
3911 19
3912 19
3913 19
3914 19
3915 19
3916 19
3917 19
3918 19
3919 19
3920 19
3921 19
3922 19
3923 19
3924 19
3925 19
3926 19
3927 19
3928 19
3929 19
3930 152
3931 152
3932 152
3933 152
3934 152
3935 152
3936 152
3937 152
3938 152
3939 152
3940 152
3941 152
3942 152
3943 152
3944 152
3945 152
3946 152
3947 152
3948 152
3949 152
3950 152
3951 152
3952 152
3953 152
3954 152
3955 152
3956 152
3957 152
3958 152
3959 152
3960 152
3961 152
3962 152
3963 152
3964 152
3965 152
3966 152
3967 152
3968 152
3969 152
3970 28
3971 28
3972 28
3973 28
3974 28
3975 28
3976 28
3977 28
3978 28
3979 28
3980 28
3981 28
3982 28
3983 28
3984 28
3985 28
3986 28
3987 28
3988 28
3989 28
3990 28
3991 28
3992 28
3993 28
3994 28
3995 28
3996 28
3997 28
3998 28
3999 28
4000 28
4001 28
4002 28
4003 28
4004 28
4005 28
4006 28
4007 28
4008 28
4009 28
4010 31
4011 31
4012 31
4013 31
4014 31
4015 31
4016 31
4017 31
4018 31
4019 31
4020 31
4021 31
4022 31
4023 31
4024 31
4025 31
4026 31
4027 31
4028 31
4029 31
4030 31
4031 31
4032 31
4033 31
4034 31
4035 31
4036 31
4037 31
4038 31
4039 31
4040 33
4041 33
4042 33
4043 33
4044 33
4045 33
4046 33
4047 33
4048 33
4049 33
4050 33
4051 33
4052 33
4053 33
4054 33
4055 33
4056 33
4057 33
4058 33
4059 33
4060 36
4061 36
4062 36
4063 36
4064 36
4065 36
4066 36
4067 36
4068 36
4069 36
4070 36
4071 36
4072 36
4073 36
4074 36
4075 36
4076 36
4077 36
4078 36
4079 36
4080 36
4081 36
4082 36
4083 36
4084 36
4085 36
4086 36
4087 36
4088 36
4089 36
4090 36
4091 36
4092 36
4093 36
4094 36
4095 36
4096 36
4097 36
4098 36
4099 36
4100 37
4101 37
4102 37
4103 37
4104 37
4105 37
4106 37
4107 37
4108 37
4109 37
4110 37
4111 37
4112 37
4113 37
4114 37
4115 37
4116 37
4117 37
4118 37
4119 37
4120 37
4121 37
4122 37
4123 37
4124 37
4125 37
4126 37
4127 37
4128 37
4129 37
4130 37
4131 37
4132 37
4133 37
4134 37
4135 37
4136 37
4137 37
4138 37
4139 37
4140 39
4141 39
4142 39
4143 39
4144 39
4145 39
4146 39
4147 39
4148 39
4149 39
4150 39
4151 39
4152 39
4153 39
4154 39
4155 39
4156 39
4157 39
4158 39
4159 39
4160 39
4161 39
4162 39
4163 39
4164 39
4165 39
4166 39
4167 39
4168 39
4169 39
4170 39
4171 39
4172 39
4173 39
4174 39
4175 39
4176 39
4177 39
4178 39
4179 39
4180 45
4181 45
4182 45
4183 45
4184 45
4185 45
4186 45
4187 45
4188 45
4189 45
4190 45
4191 45
4192 45
4193 45
4194 45
4195 45
4196 45
4197 45
4198 45
4199 45
4200 45
4201 45
4202 45
4203 45
4204 45
4205 45
4206 45
4207 45
4208 45
4209 45
4210 51
4211 51
4212 51
4213 51
4214 51
4215 51
4216 51
4217 51
4218 51
4219 51
4220 51
4221 51
4222 51
4223 51
4224 51
4225 51
4226 51
4227 51
4228 51
4229 51
4230 51
4231 51
4232 51
4233 51
4234 51
4235 51
4236 51
4237 51
4238 51
4239 51
4240 51
4241 51
4242 51
4243 51
4244 51
4245 51
4246 51
4247 51
4248 51
4249 51
4250 54
4251 54
4252 54
4253 54
4254 54
4255 54
4256 54
4257 54
4258 54
4259 54
4260 54
4261 54
4262 54
4263 54
4264 54
4265 54
4266 54
4267 54
4268 54
4269 54
4270 58
4271 58
4272 58
4273 58
4274 58
4275 58
4276 58
4277 58
4278 58
4279 58
4280 58
4281 58
4282 58
4283 58
4284 58
4285 58
4286 58
4287 58
4288 58
4289 58
4290 58
4291 58
4292 58
4293 58
4294 58
4295 58
4296 58
4297 58
4298 58
4299 58
4300 61
4301 61
4302 61
4303 61
4304 61
4305 61
4306 61
4307 61
4308 61
4309 61
4310 61
4311 61
4312 61
4313 61
4314 61
4315 61
4316 61
4317 61
4318 61
4319 61
4320 61
4321 61
4322 61
4323 61
4324 61
4325 61
4326 61
4327 61
4328 61
4329 61
4330 61
4331 61
4332 61
4333 61
4334 61
4335 61
4336 61
4337 61
4338 61
4339 61
4340 64
4341 64
4342 64
4343 64
4344 64
4345 64
4346 64
4347 64
4348 64
4349 64
4350 64
4351 64
4352 64
4353 64
4354 64
4355 64
4356 64
4357 64
4358 64
4359 64
4360 64
4361 64
4362 64
4363 64
4364 64
4365 64
4366 64
4367 64
4368 64
4369 64
4370 66
4371 66
4372 66
4373 66
4374 66
4375 66
4376 66
4377 66
4378 66
4379 66
4380 66
4381 66
4382 66
4383 66
4384 66
4385 66
4386 66
4387 66
4388 66
4389 66
4390 69
4391 69
4392 69
4393 69
4394 69
4395 69
4396 69
4397 69
4398 69
4399 69
4400 69
4401 69
4402 69
4403 69
4404 69
4405 69
4406 69
4407 69
4408 69
4409 69
4410 69
4411 69
4412 69
4413 69
4414 69
4415 69
4416 69
4417 69
4418 69
4419 69
4420 71
4421 71
4422 71
4423 71
4424 71
4425 71
4426 71
4427 71
4428 71
4429 71
4430 71
4431 71
4432 71
4433 71
4434 71
4435 71
4436 71
4437 71
4438 71
4439 71
4440 73
4441 73
4442 73
4443 73
4444 73
4445 73
4446 73
4447 73
4448 73
4449 73
4450 73
4451 73
4452 73
4453 73
4454 73
4455 73
4456 73
4457 73
4458 73
4459 73
4460 73
4461 73
4462 73
4463 73
4464 73
4465 73
4466 73
4467 73
4468 73
4469 73
4470 74
4471 74
4472 74
4473 74
4474 74
4475 74
4476 74
4477 74
4478 74
4479 74
4480 74
4481 74
4482 74
4483 74
4484 74
4485 74
4486 74
4487 74
4488 74
4489 74
4490 74
4491 74
4492 74
4493 74
4494 74
4495 74
4496 74
4497 74
4498 74
4499 74
4500 74
4501 74
4502 74
4503 74
4504 74
4505 74
4506 74
4507 74
4508 74
4509 74
4510 77
4511 77
4512 77
4513 77
4514 77
4515 77
4516 77
4517 77
4518 77
4519 77
4520 77
4521 77
4522 77
4523 77
4524 77
4525 77
4526 77
4527 77
4528 77
4529 77
4530 77
4531 77
4532 77
4533 77
4534 77
4535 77
4536 77
4537 77
4538 77
4539 77
4540 79
4541 79
4542 79
4543 79
4544 79
4545 79
4546 79
4547 79
4548 79
4549 79
4550 79
4551 79
4552 79
4553 79
4554 79
4555 79
4556 79
4557 79
4558 79
4559 79
4560 85
4561 85
4562 85
4563 85
4564 85
4565 85
4566 85
4567 85
4568 85
4569 85
4570 85
4571 85
4572 85
4573 85
4574 85
4575 85
4576 85
4577 85
4578 85
4579 85
4580 85
4581 85
4582 85
4583 85
4584 85
4585 85
4586 85
4587 85
4588 85
4589 85
4590 86
4591 86
4592 86
4593 86
4594 86
4595 86
4596 86
4597 86
4598 86
4599 86
4600 86
4601 86
4602 86
4603 86
4604 86
4605 86
4606 86
4607 86
4608 86
4609 86
4610 86
4611 86
4612 86
4613 86
4614 86
4615 86
4616 86
4617 86
4618 86
4619 86
4620 90
4621 90
4622 90
4623 90
4624 90
4625 90
4626 90
4627 90
4628 90
4629 90
4630 90
4631 90
4632 90
4633 90
4634 90
4635 90
4636 90
4637 90
4638 90
4639 90
4640 90
4641 90
4642 90
4643 90
4644 90
4645 90
4646 90
4647 90
4648 90
4649 90
4650 90
4651 90
4652 90
4653 90
4654 90
4655 90
4656 90
4657 90
4658 90
4659 90
4660 98
4661 98
4662 98
4663 98
4664 98
4665 98
4666 98
4667 98
4668 98
4669 98
4670 98
4671 98
4672 98
4673 98
4674 98
4675 98
4676 98
4677 98
4678 98
4679 98
4680 98
4681 98
4682 98
4683 98
4684 98
4685 98
4686 98
4687 98
4688 98
4689 98
4690 102
4691 102
4692 102
4693 102
4694 102
4695 102
4696 102
4697 102
4698 102
4699 102
4700 102
4701 102
4702 102
4703 102
4704 102
4705 102
4706 102
4707 102
4708 102
4709 102
4710 102
4711 102
4712 102
4713 102
4714 102
4715 102
4716 102
4717 102
4718 102
4719 102
4720 102
4721 102
4722 102
4723 102
4724 102
4725 102
4726 102
4727 102
4728 102
4729 102
4730 103
4731 103
4732 103
4733 103
4734 103
4735 103
4736 103
4737 103
4738 103
4739 103
4740 103
4741 103
4742 103
4743 103
4744 103
4745 103
4746 103
4747 103
4748 103
4749 103
4750 103
4751 103
4752 103
4753 103
4754 103
4755 103
4756 103
4757 103
4758 103
4759 103
4760 105
4761 105
4762 105
4763 105
4764 105
4765 105
4766 105
4767 105
4768 105
4769 105
4770 105
4771 105
4772 105
4773 105
4774 105
4775 105
4776 105
4777 105
4778 105
4779 105
4780 105
4781 105
4782 105
4783 105
4784 105
4785 105
4786 105
4787 105
4788 105
4789 105
4790 105
4791 105
4792 105
4793 105
4794 105
4795 105
4796 105
4797 105
4798 105
4799 105
4800 112
4801 112
4802 112
4803 112
4804 112
4805 112
4806 112
4807 112
4808 112
4809 112
4810 112
4811 112
4812 112
4813 112
4814 112
4815 112
4816 112
4817 112
4818 112
4819 112
4820 113
4821 113
4822 113
4823 113
4824 113
4825 113
4826 113
4827 113
4828 113
4829 113
4830 113
4831 113
4832 113
4833 113
4834 113
4835 113
4836 113
4837 113
4838 113
4839 113
4840 113
4841 113
4842 113
4843 113
4844 113
4845 113
4846 113
4847 113
4848 113
4849 113
4850 113
4851 113
4852 113
4853 113
4854 113
4855 113
4856 113
4857 113
4858 113
4859 113
4860 116
4861 116
4862 116
4863 116
4864 116
4865 116
4866 116
4867 116
4868 116
4869 116
4870 116
4871 116
4872 116
4873 116
4874 116
4875 116
4876 116
4877 116
4878 116
4879 116
4880 116
4881 116
4882 116
4883 116
4884 116
4885 116
4886 116
4887 116
4888 116
4889 116
4890 120
4891 120
4892 120
4893 120
4894 120
4895 120
4896 120
4897 120
4898 120
4899 120
4900 120
4901 120
4902 120
4903 120
4904 120
4905 120
4906 120
4907 120
4908 120
4909 120
4910 120
4911 120
4912 120
4913 120
4914 120
4915 120
4916 120
4917 120
4918 120
4919 120
4920 124
4921 124
4922 124
4923 124
4924 124
4925 124
4926 124
4927 124
4928 124
4929 124
4930 124
4931 124
4932 124
4933 124
4934 124
4935 124
4936 124
4937 124
4938 124
4939 124
4940 124
4941 124
4942 124
4943 124
4944 124
4945 124
4946 124
4947 124
4948 124
4949 124
4950 124
4951 124
4952 124
4953 124
4954 124
4955 124
4956 124
4957 124
4958 124
4959 124
4960 127
4961 127
4962 127
4963 127
4964 127
4965 127
4966 127
4967 127
4968 127
4969 127
4970 127
4971 127
4972 127
4973 127
4974 127
4975 127
4976 127
4977 127
4978 127
4979 127
4980 127
4981 127
4982 127
4983 127
4984 127
4985 127
4986 127
4987 127
4988 127
4989 127
4990 127
4991 127
4992 127
4993 127
4994 127
4995 127
4996 127
4997 127
4998 127
4999 127
