0 0
1 0
2 0
3 0
4 0
5 0
6 0
7 0
8 0
9 0
10 0
11 0
12 0
13 0
14 0
15 0
16 0
17 0
18 0
19 0
20 0
21 0
22 0
23 0
24 0
25 0
26 0
27 0
28 0
29 0
30 0
31 0
32 0
33 0
34 0
35 0
36 0
37 0
38 0
39 0
40 0
41 0
42 0
43 0
44 0
45 0
46 0
47 0
48 0
49 0
50 0
51 0
52 0
53 0
54 0
55 0
56 0
57 0
58 0
59 0
60 0
61 0
62 0
63 0
64 0
65 0
66 0
67 0
68 0
69 0
70 0
71 0
72 0
73 0
74 0
75 0
76 0
77 0
78 0
79 0
80 0
81 0
82 0
83 0
84 0
85 0
86 0
87 0
88 0
89 0
90 0
91 0
92 0
93 0
94 0
95 0
96 0
97 0
98 0
99 0
100 0
101 0
102 0
103 0
104 0
105 0
106 0
107 0
108 0
109 0
110 0
111 0
112 0
113 0
114 0
115 0
116 0
117 0
118 0
119 0
120 0
121 0
122 0
123 0
124 0
125 0
126 0
127 0
128 0
129 0
130 0
131 0
132 0
133 0
134 0
135 0
136 0
137 0
138 0
139 0
140 0
141 0
142 0
143 0
144 0
145 0
146 0
147 0
148 0
149 0
150 0
151 0
152 0
153 0
154 0
155 0
156 0
157 0
158 0
159 0
160 0
161 0
162 0
163 0
164 0
165 0
166 0
167 0
168 0
169 0
170 0
171 0
172 0
173 0
174 0
175 0
176 0
177 0
178 0
179 0
180 0
181 0
182 0
183 0
184 0
185 0
186 0
187 0
188 0
189 0
190 0
191 0
192 0
193 0
194 0
195 0
196 0
197 0
198 0
199 0
200 0
201 0
202 0
203 0
204 0
205 0
206 0
207 0
208 0
209 0
210 0
211 0
212 0
213 0
214 0
215 0
216 0
217 0
218 0
219 0
220 0
221 0
222 0
223 0
224 0
225 0
226 0
227 0
228 0
229 0
230 0
231 0
232 0
233 0
234 0
235 0
236 0
237 0
238 0
239 0
240 0
241 0
242 0
243 0
244 0
245 0
246 0
247 0
248 0
249 0
250 0
251 0
252 0
253 0
254 0
255 0
256 57
257 0
258 0
259 0
260 0
261 0
262 0
263 0
264 0
265 0
266 0
267 0
268 0
269 0
270 0
271 0
272 0
273 0
274 0
275 0
276 0
277 0
278 0
279 0
280 0
281 0
282 0
283 0
284 0
285 0
286 0
287 0
288 0
289 0
290 0
291 0
292 0
293 0
294 0
295 0
296 0
297 0
298 0
299 0
300 0
301 0
302 0
303 0
304 0
305 0
306 0
307 0
308 0
309 0
310 0
311 0
312 0
313 0
314 0
315 0
316 0
317 0
318 0
319 0
320 0
321 0
322 0
323 0
324 0
325 0
326 0
327 0
328 0
329 0
330 0
331 0
332 0
333 0
334 0
335 0
336 0
337 0
338 0
339 0
340 0
341 0
342 0
343 0
344 0
345 0
346 0
347 0
348 0
349 0
350 0
351 0
352 0
353 0
354 0
355 0
356 0
357 0
358 0
359 0
360 0
361 0
362 0
363 0
364 0
365 0
366 0
367 0
368 0
369 0
370 0
371 0
372 0
373 0
374 0
375 0
376 0
377 0
378 0
379 0
380 0
381 0
382 0
383 0
384 0
385 0
386 0
387 0
388 0
389 0
390 0
391 0
392 0
393 0
394 0
395 0
396 0
397 58
398 0
399 0
400 0
401 0
402 0
403 0
404 0
405 0
406 0
407 0
408 0
409 0
410 0
411 0
412 0
413 0
414 0
415 0
416 0
417 0
418 0
419 0
420 0
421 0
422 0
423 0
424 0
425 0
426 0
427 0
428 0
429 0
430 0
431 0
432 0
433 0
434 0
435 0
436 0
437 0
438 0
439 0
440 0
441 0
442 0
443 0
444 0
445 0
446 0
447 0
448 0
449 0
450 0
451 0
452 0
453 0
454 0
455 0
456 0
457 0
458 0
459 0
460 59
461 0
462 0
463 0
464 0
465 0
466 0
467 0
468 0
469 0
470 0
471 0
472 0
473 0
474 0
475 0
476 0
477 0
478 0
479 0
480 0
481 0
482 0
483 0
484 0
485 0
486 0
487 0
488 0
489 0
490 0
491 0
492 0
493 0
494 0
495 0
496 0
497 0
498 0
499 0
500 0
501 0
502 0
503 0
504 0
505 0
506 0
507 0
508 0
509 0
510 0
511 0
512 0
513 0
514 0
515 0
516 0
517 0
518 0
519 0
520 0
521 60
522 0
523 0
524 0
525 0
526 0
527 0
528 0
529 0
530 0
531 0
532 0
533 0
534 0
535 0
536 0
537 0
538 0
539 0
540 0
541 0
542 0
543 0
544 0
545 61
546 0
547 0
548 0
549 0
550 0
551 0
552 0
553 0
554 0
555 0
556 0
557 0
558 0
559 0
560 0
561 0
562 0
563 0
564 0
565 0
566 0
567 0
568 0
569 0
570 0
571 0
572 0
573 0
574 0
575 0
576 0
577 0
578 0
579 0
580 0
581 0
582 0
583 0
584 0
585 0
586 0
587 0
588 0
589 0
590 0
591 0
592 0
593 0
594 0
595 0
596 0
597 0
598 0
599 0
600 0
601 0
602 0
603 0
604 0
605 0
606 0
607 0
608 0
609 0
610 0
611 0
612 0
613 0
614 0
615 0
616 0
617 0
618 0
619 0
620 0
621 0
622 0
623 0
624 0
625 0
626 0
627 0
628 0
629 0
630 0
631 0
632 0
633 0
634 0
635 0
636 0
637 0
638 0
639 0
640 0
641 0
642 0
643 0
644 0
645 0
646 0
647 0
648 0
649 0
650 0
651 0
652 0
653 0
654 0
655 0
656 0
657 0
658 0
659 0
660 0
661 0
662 0
663 0
664 0
665 0
666 0
667 0
668 0
669 0
670 0
671 0
672 0
673 0
674 0
675 0
676 0
677 0
678 0
679 0
680 0
681 0
682 0
683 0
684 0
685 0
686 0
687 0
688 0
689 0
690 0
691 0
692 0
693 0
694 0
695 0
696 0
697 0
698 0
699 0
700 0
701 0
702 0
703 0
704 0
705 0
706 0
707 0
708 0
709 0
710 0
711 0
712 0
713 0
714 0
715 0
716 0
717 0
718 0
719 0
720 0
721 0
722 0
723 0
724 0
725 0
726 0
727 0
728 0
729 0
730 0
731 0
732 0
733 0
734 0
735 0
736 0
737 0
738 0
739 0
740 0
741 0
742 0
743 0
744 0
745 0
746 0
747 0
748 0
749 0
750 0
751 0
752 0
753 0
754 0
755 0
756 0
757 0
758 0
759 0
760 0
761 0
762 0
763 0
764 0
765 62
766 0
767 0
768 0
769 0
770 0
771 0
772 0
773 0
774 0
775 0
776 0
777 0
778 0
779 0
780 0
781 0
782 0
783 0
784 0
785 0
786 0
787 0
788 0
789 0
790 0
791 0
792 0
793 0
794 0
795 0
796 0
797 0
798 0
799 0
800 0
801 0
802 0
803 0
804 0
805 0
806 0
807 0
808 0
809 0
810 0
811 0
812 0
813 0
814 0
815 0
816 0
817 0
818 0
819 0
820 0
821 0
822 0
823 0
824 0
825 0
826 0
827 0
828 0
829 0
830 0
831 0
832 0
833 0
834 0
835 0
836 0
837 0
838 0
839 0
840 63
841 0
842 0
843 0
844 0
845 0
846 0
847 0
848 0
849 0
850 0
851 0
852 0
853 0
854 0
855 0
856 0
857 0
858 0
859 0
860 0
861 0
862 0
863 0
864 0
865 0
866 0
867 0
868 0
869 0
870 0
871 0
872 0
873 0
874 0
875 0
876 0
877 0
878 0
879 0
880 0
881 0
882 0
883 0
884 0
885 0
886 0
887 0
888 0
889 0
890 0
891 0
892 0
893 0
894 0
895 0
896 0
897 0
898 0
899 0
900 0
901 0
902 0
903 0
904 0
905 0
906 0
907 0
908 0
909 0
910 0
911 0
912 0
913 0
914 0
915 0
916 0
917 0
918 0
919 0
920 0
921 0
922 0
923 0
924 0
925 0
926 0
927 0
928 0
929 0
930 0
931 0
932 0
933 0
934 0
935 0
936 0
937 0
938 0
939 0
940 0
941 0
942 0
943 0
944 0
945 0
946 0
947 0
948 0
949 0
950 0
951 0
952 0
953 0
954 0
955 64
956 0
957 0
958 0
959 0
960 0
961 0
962 0
963 0
964 0
965 0
966 0
967 0
968 0
969 0
970 0
971 0
972 0
973 0
974 0
975 0
976 0
977 0
978 0
979 0
980 0
981 0
982 0
983 0
984 0
985 0
986 0
987 0
988 0
989 0
990 0
991 0
992 0
993 0
994 0
995 0
996 0
997 0
998 0
999 0
1000 1
1001 1
1002 1
1003 1
1004 1
1005 1
1006 1
1007 1
1008 1
1009 1
1010 1
1011 1
1012 1
1013 1
1014 1
1015 1
1016 1
1017 1
1018 1
1019 1
1020 2
1021 2
1022 2
1023 2
1024 2
1025 2
1026 2
1027 2
1028 2
1029 2
1030 2
1031 2
1032 2
1033 2
1034 2
1035 2
1036 2
1037 2
1038 2
1039 2
1040 46
1041 46
1042 46
1043 46
1044 46
1045 46
1046 46
1047 46
1048 46
1049 46
1050 3
1051 3
1052 3
1053 3
1054 3
1055 3
1056 3
1057 3
1058 3
1059 3
1060 3
1061 3
1062 3
1063 3
1064 3
1065 3
1066 3
1067 3
1068 3
1069 3
1070 4
1071 4
1072 4
1073 4
1074 4
1075 4
1076 4
1077 4
1078 4
1079 4
1080 4
1081 4
1082 4
1083 4
1084 4
1085 4
1086 4
1087 4
1088 4
1089 4
1090 5
1091 5
1092 5
1093 5
1094 5
1095 5
1096 5
1097 5
1098 5
1099 5
1100 5
1101 5
1102 5
1103 5
1104 5
1105 5
1106 5
1107 5
1108 5
1109 5
1110 6
1111 6
1112 6
1113 6
1114 6
1115 6
1116 6
1117 6
1118 6
1119 6
1120 6
1121 6
1122 6
1123 6
1124 6
1125 6
1126 6
1127 6
1128 6
1129 6
1130 7
1131 7
1132 7
1133 7
1134 7
1135 7
1136 7
1137 7
1138 7
1139 7
1140 7
1141 7
1142 7
1143 7
1144 7
1145 7
1146 7
1147 7
1148 7
1149 7
1150 8
1151 8
1152 8
1153 8
1154 8
1155 8
1156 8
1157 8
1158 8
1159 8
1160 8
1161 8
1162 8
1163 8
1164 8
1165 8
1166 8
1167 8
1168 8
1169 8
1170 9
1171 9
1172 9
1173 9
1174 9
1175 9
1176 9
1177 9
1178 9
1179 9
1180 9
1181 9
1182 9
1183 9
1184 9
1185 9
1186 9
1187 9
1188 9
1189 9
1190 10
1191 10
1192 10
1193 10
1194 10
1195 10
1196 10
1197 10
1198 10
1199 10
1200 10
1201 10
1202 10
1203 10
1204 10
1205 10
1206 10
1207 10
1208 10
1209 10
1210 11
1211 11
1212 11
1213 11
1214 11
1215 11
1216 11
1217 11
1218 11
1219 11
1220 11
1221 11
1222 11
1223 11
1224 11
1225 11
1226 11
1227 11
1228 11
1229 11
1230 12
1231 12
1232 12
1233 12
1234 12
1235 12
1236 12
1237 12
1238 12
1239 12
1240 12
1241 12
1242 12
1243 12
1244 12
1245 12
1246 12
1247 12
1248 12
1249 12
1250 47
1251 47
1252 47
1253 47
1254 47
1255 47
1256 47
1257 47
1258 47
1259 47
1260 13
1261 13
1262 13
1263 13
1264 13
1265 13
1266 13
1267 13
1268 13
1269 13
1270 13
1271 13
1272 13
1273 13
1274 13
1275 13
1276 13
1277 13
1278 13
1279 13
1280 14
1281 14
1282 14
1283 14
1284 14
1285 14
1286 14
1287 14
1288 14
1289 14
1290 14
1291 14
1292 14
1293 14
1294 14
1295 14
1296 14
1297 14
1298 14
1299 14
1300 48
1301 48
1302 48
1303 48
1304 48
1305 48
1306 48
1307 48
1308 48
1309 48
1310 15
1311 15
1312 15
1313 15
1314 15
1315 15
1316 15
1317 15
1318 15
1319 15
1320 15
1321 15
1322 15
1323 15
1324 15
1325 15
1326 15
1327 15
1328 15
1329 15
1330 16
1331 16
1332 16
1333 16
1334 16
1335 16
1336 16
1337 16
1338 16
1339 16
1340 16
1341 16
1342 16
1343 16
1344 16
1345 16
1346 16
1347 16
1348 16
1349 16
1350 49
1351 49
1352 49
1353 49
1354 49
1355 49
1356 49
1357 49
1358 49
1359 49
1360 17
1361 17
1362 17
1363 17
1364 17
1365 17
1366 17
1367 17
1368 17
1369 17
1370 17
1371 17
1372 17
1373 17
1374 17
1375 17
1376 17
1377 17
1378 17
1379 17
1380 18
1381 18
1382 18
1383 18
1384 18
1385 18
1386 18
1387 18
1388 18
1389 18
1390 18
1391 18
1392 18
1393 18
1394 18
1395 18
1396 18
1397 18
1398 18
1399 18
1400 50
1401 50
1402 50
1403 50
1404 50
1405 50
1406 50
1407 50
1408 50
1409 50
1410 19
1411 19
1412 19
1413 19
1414 19
1415 19
1416 19
1417 19
1418 19
1419 19
1420 19
1421 19
1422 19
1423 19
1424 19
1425 19
1426 19
1427 19
1428 19
1429 19
1430 51
1431 51
1432 51
1433 51
1434 51
1435 51
1436 51
1437 51
1438 51
1439 51
1440 20
1441 20
1442 20
1443 20
1444 20
1445 20
1446 20
1447 20
1448 20
1449 20
1450 20
1451 20
1452 20
1453 20
1454 20
1455 20
1456 20
1457 20
1458 20
1459 20
1460 21
1461 21
1462 21
1463 21
1464 21
1465 21
1466 21
1467 21
1468 21
1469 21
1470 21
1471 21
1472 21
1473 21
1474 21
1475 21
1476 21
1477 21
1478 21
1479 21
1480 52
1481 52
1482 52
1483 52
1484 52
1485 52
1486 52
1487 52
1488 52
1489 52
1490 22
1491 22
1492 22
1493 22
1494 22
1495 22
1496 22
1497 22
1498 22
1499 22
1500 22
1501 22
1502 22
1503 22
1504 22
1505 22
1506 22
1507 22
1508 22
1509 22
1510 23
1511 23
1512 23
1513 23
1514 23
1515 23
1516 23
1517 23
1518 23
1519 23
1520 23
1521 23
1522 23
1523 23
1524 23
1525 23
1526 23
1527 23
1528 23
1529 23
1530 24
1531 24
1532 24
1533 24
1534 24
1535 24
1536 24
1537 24
1538 24
1539 24
1540 24
1541 24
1542 24
1543 24
1544 24
1545 24
1546 24
1547 24
1548 24
1549 24
1550 53
1551 53
1552 53
1553 53
1554 53
1555 53
1556 53
1557 53
1558 53
1559 53
1560 25
1561 25
1562 25
1563 25
1564 25
1565 25
1566 25
1567 25
1568 25
1569 25
1570 25
1571 25
1572 25
1573 25
1574 25
1575 25
1576 25
1577 25
1578 25
1579 25
1580 54
1581 54
1582 54
1583 54
1584 54
1585 54
1586 54
1587 54
1588 54
1589 54
1590 26
1591 26
1592 26
1593 26
1594 26
1595 26
1596 26
1597 26
1598 26
1599 26
1600 26
1601 26
1602 26
1603 26
1604 26
1605 26
1606 26
1607 26
1608 26
1609 26
1610 27
1611 27
1612 27
1613 27
1614 27
1615 27
1616 27
1617 27
1618 27
1619 27
1620 27
1621 27
1622 27
1623 27
1624 27
1625 27
1626 27
1627 27
1628 27
1629 27
1630 28
1631 28
1632 28
1633 28
1634 28
1635 28
1636 28
1637 28
1638 28
1639 28
1640 28
1641 28
1642 28
1643 28
1644 28
1645 28
1646 28
1647 28
1648 28
1649 28
1650 29
1651 29
1652 29
1653 29
1654 29
1655 29
1656 29
1657 29
1658 29
1659 29
1660 29
1661 29
1662 29
1663 29
1664 29
1665 29
1666 29
1667 29
1668 29
1669 29
1670 30
1671 30
1672 30
1673 30
1674 30
1675 30
1676 30
1677 30
1678 30
1679 30
1680 30
1681 30
1682 30
1683 30
1684 30
1685 30
1686 30
1687 30
1688 30
1689 30
1690 31
1691 31
1692 31
1693 31
1694 31
1695 31
1696 31
1697 31
1698 31
1699 31
1700 31
1701 31
1702 31
1703 31
1704 31
1705 31
1706 31
1707 31
1708 31
1709 31
1710 32
1711 32
1712 32
1713 32
1714 32
1715 32
1716 32
1717 32
1718 32
1719 32
1720 32
1721 32
1722 32
1723 32
1724 32
1725 32
1726 32
1727 32
1728 32
1729 32
1730 55
1731 55
1732 55
1733 55
1734 55
1735 55
1736 55
1737 55
1738 55
1739 55
1740 33
1741 33
1742 33
1743 33
1744 33
1745 33
1746 33
1747 33
1748 33
1749 33
1750 33
1751 33
1752 33
1753 33
1754 33
1755 33
1756 33
1757 33
1758 33
1759 33
1760 34
1761 34
1762 34
1763 34
1764 34
1765 34
1766 34
1767 34
1768 34
1769 34
1770 34
1771 34
1772 34
1773 34
1774 34
1775 34
1776 34
1777 34
1778 34
1779 34
1780 35
1781 35
1782 35
1783 35
1784 35
1785 35
1786 35
1787 35
1788 35
1789 35
1790 35
1791 35
1792 35
1793 35
1794 35
1795 35
1796 35
1797 35
1798 35
1799 35
1800 36
1801 36
1802 36
1803 36
1804 36
1805 36
1806 36
1807 36
1808 36
1809 36
1810 36
1811 36
1812 36
1813 36
1814 36
1815 36
1816 36
1817 36
1818 36
1819 36
1820 37
1821 37
1822 37
1823 37
1824 37
1825 37
1826 37
1827 37
1828 37
1829 37
1830 37
1831 37
1832 37
1833 37
1834 37
1835 37
1836 37
1837 37
1838 37
1839 37
1840 56
1841 56
1842 56
1843 56
1844 56
1845 56
1846 56
1847 56
1848 56
1849 56
1850 38
1851 38
1852 38
1853 38
1854 38
1855 38
1856 38
1857 38
1858 38
1859 38
1860 38
1861 38
1862 38
1863 38
1864 38
1865 38
1866 38
1867 38
1868 38
1869 38
1870 39
1871 39
1872 39
1873 39
1874 39
1875 39
1876 39
1877 39
1878 39
1879 39
1880 39
1881 39
1882 39
1883 39
1884 39
1885 39
1886 39
1887 39
1888 39
1889 39
1890 40
1891 40
1892 40
1893 40
1894 40
1895 40
1896 40
1897 40
1898 40
1899 40
1900 40
1901 40
1902 40
1903 40
1904 40
1905 40
1906 40
1907 40
1908 40
1909 40
1910 41
1911 41
1912 41
1913 41
1914 41
1915 41
1916 41
1917 41
1918 41
1919 41
1920 41
1921 41
1922 41
1923 41
1924 41
1925 41
1926 41
1927 41
1928 41
1929 41
1930 42
1931 42
1932 42
1933 42
1934 42
1935 42
1936 42
1937 42
1938 42
1939 42
1940 42
1941 42
1942 42
1943 42
1944 42
1945 42
1946 42
1947 42
1948 42
1949 42
1950 43
1951 43
1952 43
1953 43
1954 43
1955 43
1956 43
1957 43
1958 43
1959 43
1960 43
1961 43
1962 43
1963 43
1964 43
1965 43
1966 43
1967 43
1968 43
1969 43
1970 44
1971 44
1972 44
1973 44
1974 44
1975 44
1976 44
1977 44
1978 44
1979 44
1980 44
1981 44
1982 44
1983 44
1984 44
1985 44
1986 44
1987 44
1988 44
1989 44
1990 45
1991 45
1992 45
1993 45
1994 45
1995 45
1996 45
1997 45
1998 45
1999 45
