0 256
1 256
2 256
3 256
4 256
5 256
6 256
7 256
8 256
9 256
10 76
11 76
12 76
13 76
14 76
15 76
16 76
17 76
18 76
19 76
20 257
21 257
22 257
23 257
24 257
25 257
26 257
27 257
28 257
29 257
30 157
31 157
32 157
33 157
34 157
35 157
36 157
37 157
38 157
39 157
40 97
41 97
42 97
43 97
44 97
45 97
46 97
47 97
48 97
49 97
50 11
51 11
52 11
53 11
54 11
55 11
56 11
57 11
58 11
59 11
60 6
61 6
62 6
63 6
64 6
65 6
66 6
67 6
68 6
69 6
70 104
71 104
72 104
73 104
74 104
75 104
76 104
77 104
78 104
79 104
80 135
81 135
82 135
83 135
84 135
85 135
86 135
87 135
88 135
89 135
90 258
91 258
92 258
93 258
94 258
95 258
96 258
97 258
98 258
99 258
100 81
101 81
102 81
103 81
104 81
105 81
106 81
107 81
108 81
109 81
110 91
111 91
112 91
113 91
114 91
115 91
116 91
117 91
118 91
119 91
120 158
121 158
122 158
123 158
124 158
125 158
126 158
127 158
128 158
129 158
130 259
131 259
132 259
133 259
134 259
135 259
136 259
137 259
138 259
139 259
140 45
141 45
142 45
143 45
144 45
145 45
146 45
147 45
148 45
149 45
150 16
151 16
152 16
153 16
154 16
155 16
156 16
157 16
158 16
159 16
160 26
161 26
162 26
163 26
164 26
165 26
166 26
167 26
168 26
169 26
170 260
171 260
172 260
173 260
174 260
175 260
176 260
177 260
178 260
179 260
180 204
181 204
182 204
183 204
184 204
185 204
186 204
187 204
188 204
189 204
190 78
191 78
192 78
193 78
194 78
195 78
196 78
197 78
198 78
199 78
200 159
201 159
202 159
203 159
204 159
205 159
206 159
207 159
208 159
209 159
210 109
211 109
212 109
213 109
214 109
215 109
216 109
217 109
218 109
219 109
220 27
221 27
222 27
223 27
224 27
225 27
226 27
227 27
228 27
229 27
230 92
231 92
232 92
233 92
234 92
235 92
236 92
237 92
238 92
239 92
240 8
241 8
242 8
243 8
244 8
245 8
246 8
247 8
248 8
249 8
250 160
251 160
252 160
253 160
254 160
255 160
256 160
257 160
258 160
259 160
260 146
261 146
262 146
263 146
264 146
265 146
266 146
267 146
268 146
269 146
270 93
271 93
272 93
273 93
274 93
275 93
276 93
277 93
278 93
279 93
280 94
281 94
282 94
283 94
284 94
285 94
286 94
287 94
288 94
289 94
290 261
291 261
292 261
293 261
294 261
295 261
296 261
297 261
298 261
299 261
300 28
301 28
302 28
303 28
304 28
305 28
306 28
307 28
308 28
309 28
310 164
311 164
312 164
313 164
314 164
315 164
316 164
317 164
318 164
319 164
320 161
321 161
322 161
323 161
324 161
325 161
326 161
327 161
328 161
329 161
330 29
331 29
332 29
333 29
334 29
335 29
336 29
337 29
338 29
339 29
340 30
341 30
342 30
343 30
344 30
345 30
346 30
347 30
348 30
349 30
350 262
351 262
352 262
353 262
354 262
355 262
356 262
357 262
358 262
359 262
360 150
361 150
362 150
363 150
364 150
365 150
366 150
367 150
368 150
369 150
370 263
371 263
372 263
373 263
374 263
375 263
376 263
377 263
378 263
379 263
380 156
381 156
382 156
383 156
384 156
385 156
386 156
387 156
388 156
389 156
390 15
391 15
392 15
393 15
394 15
395 15
396 15
397 15
398 15
399 15
400 148
401 148
402 148
403 148
404 148
405 148
406 148
407 148
408 148
409 148
410 162
411 162
412 162
413 162
414 162
415 162
416 162
417 162
418 162
419 162
420 112
421 112
422 112
423 112
424 112
425 112
426 112
427 112
428 112
429 112
430 264
431 264
432 264
433 264
434 264
435 264
436 264
437 264
438 264
439 264
440 55
441 55
442 55
443 55
444 55
445 55
446 55
447 55
448 55
449 55
450 3
451 3
452 3
453 3
454 3
455 3
456 3
457 3
458 3
459 3
460 265
461 265
462 265
463 265
464 265
465 265
466 265
467 265
468 265
469 265
470 266
471 266
472 266
473 266
474 266
475 266
476 266
477 266
478 266
479 266
480 20
481 20
482 20
483 20
484 20
485 20
486 20
487 20
488 20
489 20
490 267
491 267
492 267
493 267
494 267
495 267
496 267
497 267
498 267
499 267
500 9
501 9
502 9
503 9
504 9
505 9
506 9
507 9
508 9
509 9
510 111
511 111
512 111
513 111
514 111
515 111
516 111
517 111
518 111
519 111
520 35
521 35
522 35
523 35
524 35
525 35
526 35
527 35
528 35
529 35
530 31
531 31
532 31
533 31
534 31
535 31
536 31
537 31
538 31
539 31
540 68
541 68
542 68
543 68
544 68
545 68
546 68
547 68
548 68
549 68
550 163
551 163
552 163
553 163
554 163
555 163
556 163
557 163
558 163
559 163
560 142
561 142
562 142
563 142
564 142
565 142
566 142
567 142
568 142
569 142
570 153
571 153
572 153
573 153
574 153
575 153
576 153
577 153
578 153
579 153
580 268
581 268
582 268
583 268
584 268
585 268
586 268
587 268
588 268
589 268
590 45
591 45
592 45
593 45
594 45
595 45
596 45
597 45
598 45
599 45
600 2
601 2
602 2
603 2
604 2
605 2
606 2
607 2
608 2
609 2
610 113
611 113
612 113
613 113
614 113
615 113
616 113
617 113
618 113
619 113
620 25
621 25
622 25
623 25
624 25
625 25
626 25
627 25
628 25
629 25
630 5
631 5
632 5
633 5
634 5
635 5
636 5
637 5
638 5
639 5
640 29
641 29
642 29
643 29
644 29
645 29
646 29
647 29
648 29
649 29
650 32
651 32
652 32
653 32
654 32
655 32
656 32
657 32
658 32
659 32
660 164
661 164
662 164
663 164
664 164
665 164
666 164
667 164
668 164
669 164
670 19
671 19
672 19
673 19
674 19
675 19
676 19
677 19
678 19
679 19
680 177
681 177
682 177
683 177
684 177
685 177
686 177
687 177
688 177
689 177
690 269
691 269
692 269
693 269
694 269
695 269
696 269
697 269
698 269
699 269
700 0
701 0
702 0
703 0
704 0
705 0
706 0
707 0
708 0
709 0
710 77
711 77
712 77
713 77
714 77
715 77
716 77
717 77
718 77
719 77
720 220
721 220
722 220
723 220
724 220
725 220
726 220
727 220
728 220
729 220
730 95
731 95
732 95
733 95
734 95
735 95
736 95
737 95
738 95
739 95
740 33
741 33
742 33
743 33
744 33
745 33
746 33
747 33
748 33
749 33
750 270
751 270
752 270
753 270
754 270
755 270
756 270
757 270
758 270
759 270
760 62
761 62
762 62
763 62
764 62
765 62
766 62
767 62
768 62
769 62
770 165
771 165
772 165
773 165
774 165
775 165
776 165
777 165
778 165
779 165
780 119
781 119
782 119
783 119
784 119
785 119
786 119
787 119
788 119
789 119
790 24
791 24
792 24
793 24
794 24
795 24
796 24
797 24
798 24
799 24
800 96
801 96
802 96
803 96
804 96
805 96
806 96
807 96
808 96
809 96
810 271
811 271
812 271
813 271
814 271
815 271
816 271
817 271
818 271
819 271
820 50
821 50
822 50
823 50
824 50
825 50
826 50
827 50
828 50
829 50
830 272
831 272
832 272
833 272
834 272
835 272
836 272
837 272
838 272
839 272
840 32
841 32
842 32
843 32
844 32
845 32
846 32
847 32
848 32
849 32
850 134
851 134
852 134
853 134
854 134
855 134
856 134
857 134
858 134
859 134
860 273
861 273
862 273
863 273
864 273
865 273
866 273
867 273
868 273
869 273
870 274
871 274
872 274
873 274
874 274
875 274
876 274
877 274
878 274
879 274
880 275
881 275
882 275
883 275
884 275
885 275
886 275
887 275
888 275
889 275
890 16
891 16
892 16
893 16
894 16
895 16
896 16
897 16
898 16
899 16
900 212
901 212
902 212
903 212
904 212
905 212
906 212
907 212
908 212
909 212
910 154
911 154
912 154
913 154
914 154
915 154
916 154
917 154
918 154
919 154
920 71
921 71
922 71
923 71
924 71
925 71
926 71
927 71
928 71
929 71
930 31
931 31
932 31
933 31
934 31
935 31
936 31
937 31
938 31
939 31
940 65
941 65
942 65
943 65
944 65
945 65
946 65
947 65
948 65
949 65
950 94
951 94
952 94
953 94
954 94
955 94
956 94
957 94
958 94
959 94
960 97
961 97
962 97
963 97
964 97
965 97
966 97
967 97
968 97
969 97
970 166
971 166
972 166
973 166
974 166
975 166
976 166
977 166
978 166
979 166
980 210
981 210
982 210
983 210
984 210
985 210
986 210
987 210
988 210
989 210
990 219
991 219
992 219
993 219
994 219
995 219
996 219
997 219
998 219
999 219
1000 10
1001 10
1002 10
1003 10
1004 10
1005 10
1006 10
1007 10
1008 10
1009 10
1010 276
1011 276
1012 276
1013 276
1014 276
1015 276
1016 276
1017 276
1018 276
1019 276
1020 134
1021 134
1022 134
1023 134
1024 134
1025 134
1026 134
1027 134
1028 134
1029 134
1030 35
1031 35
1032 35
1033 35
1034 35
1035 35
1036 35
1037 35
1038 35
1039 35
1040 36
1041 36
1042 36
1043 36
1044 36
1045 36
1046 36
1047 36
1048 36
1049 36
1050 277
1051 277
1052 277
1053 277
1054 277
1055 277
1056 277
1057 277
1058 277
1059 277
1060 167
1061 167
1062 167
1063 167
1064 167
1065 167
1066 167
1067 167
1068 167
1069 167
1070 125
1071 125
1072 125
1073 125
1074 125
1075 125
1076 125
1077 125
1078 125
1079 125
1080 278
1081 278
1082 278
1083 278
1084 278
1085 278
1086 278
1087 278
1088 278
1089 278
1090 279
1091 279
1092 279
1093 279
1094 279
1095 279
1096 279
1097 279
1098 279
1099 279
1100 280
1101 280
1102 280
1103 280
1104 280
1105 280
1106 280
1107 280
1108 280
1109 280
1110 34
1111 34
1112 34
1113 34
1114 34
1115 34
1116 34
1117 34
1118 34
1119 34
1120 34
1121 34
1122 34
1123 34
1124 34
1125 34
1126 34
1127 34
1128 34
1129 34
1130 281
1131 281
1132 281
1133 281
1134 281
1135 281
1136 281
1137 281
1138 281
1139 281
1140 98
1141 98
1142 98
1143 98
1144 98
1145 98
1146 98
1147 98
1148 98
1149 98
1150 282
1151 282
1152 282
1153 282
1154 282
1155 282
1156 282
1157 282
1158 282
1159 282
1160 27
1161 27
1162 27
1163 27
1164 27
1165 27
1166 27
1167 27
1168 27
1169 27
1170 84
1171 84
1172 84
1173 84
1174 84
1175 84
1176 84
1177 84
1178 84
1179 84
1180 43
1181 43
1182 43
1183 43
1184 43
1185 43
1186 43
1187 43
1188 43
1189 43
1190 22
1191 22
1192 22
1193 22
1194 22
1195 22
1196 22
1197 22
1198 22
1199 22
1200 62
1201 62
1202 62
1203 62
1204 62
1205 62
1206 62
1207 62
1208 62
1209 62
1210 168
1211 168
1212 168
1213 168
1214 168
1215 168
1216 168
1217 168
1218 168
1219 168
1220 137
1221 137
1222 137
1223 137
1224 137
1225 137
1226 137
1227 137
1228 137
1229 137
1230 169
1231 169
1232 169
1233 169
1234 169
1235 169
1236 169
1237 169
1238 169
1239 169
1240 135
1241 135
1242 135
1243 135
1244 135
1245 135
1246 135
1247 135
1248 135
1249 135
1250 6
1251 6
1252 6
1253 6
1254 6
1255 6
1256 6
1257 6
1258 6
1259 6
1260 99
1261 99
1262 99
1263 99
1264 99
1265 99
1266 99
1267 99
1268 99
1269 99
1270 283
1271 283
1272 283
1273 283
1274 283
1275 283
1276 283
1277 283
1278 283
1279 283
1280 63
1281 63
1282 63
1283 63
1284 63
1285 63
1286 63
1287 63
1288 63
1289 63
1290 54
1291 54
1292 54
1293 54
1294 54
1295 54
1296 54
1297 54
1298 54
1299 54
1300 170
1301 170
1302 170
1303 170
1304 170
1305 170
1306 170
1307 170
1308 170
1309 170
1310 171
1311 171
1312 171
1313 171
1314 171
1315 171
1316 171
1317 171
1318 171
1319 171
1320 1
1321 1
1322 1
1323 1
1324 1
1325 1
1326 1
1327 1
1328 1
1329 1
1330 13
1331 13
1332 13
1333 13
1334 13
1335 13
1336 13
1337 13
1338 13
1339 13
1340 100
1341 100
1342 100
1343 100
1344 100
1345 100
1346 100
1347 100
1348 100
1349 100
1350 2
1351 2
1352 2
1353 2
1354 2
1355 2
1356 2
1357 2
1358 2
1359 2
1360 284
1361 284
1362 284
1363 284
1364 284
1365 284
1366 284
1367 284
1368 284
1369 284
1370 61
1371 61
1372 61
1373 61
1374 61
1375 61
1376 61
1377 61
1378 61
1379 61
1380 285
1381 285
1382 285
1383 285
1384 285
1385 285
1386 285
1387 285
1388 285
1389 285
1390 209
1391 209
1392 209
1393 209
1394 209
1395 209
1396 209
1397 209
1398 209
1399 209
1400 286
1401 286
1402 286
1403 286
1404 286
1405 286
1406 286
1407 286
1408 286
1409 286
1410 287
1411 287
1412 287
1413 287
1414 287
1415 287
1416 287
1417 287
1418 287
1419 287
1420 172
1421 172
1422 172
1423 172
1424 172
1425 172
1426 172
1427 172
1428 172
1429 172
1430 288
1431 288
1432 288
1433 288
1434 288
1435 288
1436 288
1437 288
1438 288
1439 288
1440 289
1441 289
1442 289
1443 289
1444 289
1445 289
1446 289
1447 289
1448 289
1449 289
1450 290
1451 290
1452 290
1453 290
1454 290
1455 290
1456 290
1457 290
1458 290
1459 290
1460 118
1461 118
1462 118
1463 118
1464 118
1465 118
1466 118
1467 118
1468 118
1469 118
1470 291
1471 291
1472 291
1473 291
1474 291
1475 291
1476 291
1477 291
1478 291
1479 291
1480 123
1481 123
1482 123
1483 123
1484 123
1485 123
1486 123
1487 123
1488 123
1489 123
1490 173
1491 173
1492 173
1493 173
1494 173
1495 173
1496 173
1497 173
1498 173
1499 173
1500 186
1501 186
1502 186
1503 186
1504 186
1505 186
1506 186
1507 186
1508 186
1509 186
1510 8
1511 8
1512 8
1513 8
1514 8
1515 8
1516 8
1517 8
1518 8
1519 8
1520 37
1521 37
1522 37
1523 37
1524 37
1525 37
1526 37
1527 37
1528 37
1529 37
1530 7
1531 7
1532 7
1533 7
1534 7
1535 7
1536 7
1537 7
1538 7
1539 7
1540 138
1541 138
1542 138
1543 138
1544 138
1545 138
1546 138
1547 138
1548 138
1549 138
1550 77
1551 77
1552 77
1553 77
1554 77
1555 77
1556 77
1557 77
1558 77
1559 77
1560 2
1561 2
1562 2
1563 2
1564 2
1565 2
1566 2
1567 2
1568 2
1569 2
1570 35
1571 35
1572 35
1573 35
1574 35
1575 35
1576 35
1577 35
1578 35
1579 35
1580 248
1581 248
1582 248
1583 248
1584 248
1585 248
1586 248
1587 248
1588 248
1589 248
1590 21
1591 21
1592 21
1593 21
1594 21
1595 21
1596 21
1597 21
1598 21
1599 21
1600 75
1601 75
1602 75
1603 75
1604 75
1605 75
1606 75
1607 75
1608 75
1609 75
1610 292
1611 292
1612 292
1613 292
1614 292
1615 292
1616 292
1617 292
1618 292
1619 292
1620 52
1621 52
1622 52
1623 52
1624 52
1625 52
1626 52
1627 52
1628 52
1629 52
1630 174
1631 174
1632 174
1633 174
1634 174
1635 174
1636 174
1637 174
1638 174
1639 174
1640 293
1641 293
1642 293
1643 293
1644 293
1645 293
1646 293
1647 293
1648 293
1649 293
1650 173
1651 173
1652 173
1653 173
1654 173
1655 173
1656 173
1657 173
1658 173
1659 173
1660 294
1661 294
1662 294
1663 294
1664 294
1665 294
1666 294
1667 294
1668 294
1669 294
1670 178
1671 178
1672 178
1673 178
1674 178
1675 178
1676 178
1677 178
1678 178
1679 178
1680 175
1681 175
1682 175
1683 175
1684 175
1685 175
1686 175
1687 175
1688 175
1689 175
1690 70
1691 70
1692 70
1693 70
1694 70
1695 70
1696 70
1697 70
1698 70
1699 70
1700 295
1701 295
1702 295
1703 295
1704 295
1705 295
1706 295
1707 295
1708 295
1709 295
1710 77
1711 77
1712 77
1713 77
1714 77
1715 77
1716 77
1717 77
1718 77
1719 77
1720 296
1721 296
1722 296
1723 296
1724 296
1725 296
1726 296
1727 296
1728 296
1729 296
1730 35
1731 35
1732 35
1733 35
1734 35
1735 35
1736 35
1737 35
1738 35
1739 35
1740 297
1741 297
1742 297
1743 297
1744 297
1745 297
1746 297
1747 297
1748 297
1749 297
1750 298
1751 298
1752 298
1753 298
1754 298
1755 298
1756 298
1757 298
1758 298
1759 298
1760 36
1761 36
1762 36
1763 36
1764 36
1765 36
1766 36
1767 36
1768 36
1769 36
1770 37
1771 37
1772 37
1773 37
1774 37
1775 37
1776 37
1777 37
1778 37
1779 37
1780 299
1781 299
1782 299
1783 299
1784 299
1785 299
1786 299
1787 299
1788 299
1789 299
1790 120
1791 120
1792 120
1793 120
1794 120
1795 120
1796 120
1797 120
1798 120
1799 120
1800 144
1801 144
1802 144
1803 144
1804 144
1805 144
1806 144
1807 144
1808 144
1809 144
1810 101
1811 101
1812 101
1813 101
1814 101
1815 101
1816 101
1817 101
1818 101
1819 101
1820 89
1821 89
1822 89
1823 89
1824 89
1825 89
1826 89
1827 89
1828 89
1829 89
1830 85
1831 85
1832 85
1833 85
1834 85
1835 85
1836 85
1837 85
1838 85
1839 85
1840 176
1841 176
1842 176
1843 176
1844 176
1845 176
1846 176
1847 176
1848 176
1849 176
1850 300
1851 300
1852 300
1853 300
1854 300
1855 300
1856 300
1857 300
1858 300
1859 300
1860 65
1861 65
1862 65
1863 65
1864 65
1865 65
1866 65
1867 65
1868 65
1869 65
1870 192
1871 192
1872 192
1873 192
1874 192
1875 192
1876 192
1877 192
1878 192
1879 192
1880 177
1881 177
1882 177
1883 177
1884 177
1885 177
1886 177
1887 177
1888 177
1889 177
1890 301
1891 301
1892 301
1893 301
1894 301
1895 301
1896 301
1897 301
1898 301
1899 301
1900 302
1901 302
1902 302
1903 302
1904 302
1905 302
1906 302
1907 302
1908 302
1909 302
1910 102
1911 102
1912 102
1913 102
1914 102
1915 102
1916 102
1917 102
1918 102
1919 102
1920 46
1921 46
1922 46
1923 46
1924 46
1925 46
1926 46
1927 46
1928 46
1929 46
1930 29
1931 29
1932 29
1933 29
1934 29
1935 29
1936 29
1937 29
1938 29
1939 29
1940 254
1941 254
1942 254
1943 254
1944 254
1945 254
1946 254
1947 254
1948 254
1949 254
1950 303
1951 303
1952 303
1953 303
1954 303
1955 303
1956 303
1957 303
1958 303
1959 303
1960 78
1961 78
1962 78
1963 78
1964 78
1965 78
1966 78
1967 78
1968 78
1969 78
1970 178
1971 178
1972 178
1973 178
1974 178
1975 178
1976 178
1977 178
1978 178
1979 178
1980 103
1981 103
1982 103
1983 103
1984 103
1985 103
1986 103
1987 103
1988 103
1989 103
1990 304
1991 304
1992 304
1993 304
1994 304
1995 304
1996 304
1997 304
1998 304
1999 304
2000 95
2001 95
2002 95
2003 95
2004 95
2005 95
2006 95
2007 95
2008 95
2009 95
2010 305
2011 305
2012 305
2013 305
2014 305
2015 305
2016 305
2017 305
2018 305
2019 305
2020 237
2021 237
2022 237
2023 237
2024 237
2025 237
2026 237
2027 237
2028 237
2029 237
2030 306
2031 306
2032 306
2033 306
2034 306
2035 306
2036 306
2037 306
2038 306
2039 306
2040 102
2041 102
2042 102
2043 102
2044 102
2045 102
2046 102
2047 102
2048 102
2049 102
2050 74
2051 74
2052 74
2053 74
2054 74
2055 74
2056 74
2057 74
2058 74
2059 74
2060 307
2061 307
2062 307
2063 307
2064 307
2065 307
2066 307
2067 307
2068 307
2069 307
2070 179
2071 179
2072 179
2073 179
2074 179
2075 179
2076 179
2077 179
2078 179
2079 179
2080 308
2081 308
2082 308
2083 308
2084 308
2085 308
2086 308
2087 308
2088 308
2089 308
2090 14
2091 14
2092 14
2093 14
2094 14
2095 14
2096 14
2097 14
2098 14
2099 14
2100 180
2101 180
2102 180
2103 180
2104 180
2105 180
2106 180
2107 180
2108 180
2109 180
2110 309
2111 309
2112 309
2113 309
2114 309
2115 309
2116 309
2117 309
2118 309
2119 309
2120 52
2121 52
2122 52
2123 52
2124 52
2125 52
2126 52
2127 52
2128 52
2129 52
2130 168
2131 168
2132 168
2133 168
2134 168
2135 168
2136 168
2137 168
2138 168
2139 168
2140 85
2141 85
2142 85
2143 85
2144 85
2145 85
2146 85
2147 85
2148 85
2149 85
2150 104
2151 104
2152 104
2153 104
2154 104
2155 104
2156 104
2157 104
2158 104
2159 104
2160 88
2161 88
2162 88
2163 88
2164 88
2165 88
2166 88
2167 88
2168 88
2169 88
2170 76
2171 76
2172 76
2173 76
2174 76
2175 76
2176 76
2177 76
2178 76
2179 76
2180 38
2181 38
2182 38
2183 38
2184 38
2185 38
2186 38
2187 38
2188 38
2189 38
2190 69
2191 69
2192 69
2193 69
2194 69
2195 69
2196 69
2197 69
2198 69
2199 69
2200 310
2201 310
2202 310
2203 310
2204 310
2205 310
2206 310
2207 310
2208 310
2209 310
2210 311
2211 311
2212 311
2213 311
2214 311
2215 311
2216 311
2217 311
2218 311
2219 311
2220 6
2221 6
2222 6
2223 6
2224 6
2225 6
2226 6
2227 6
2228 6
2229 6
2230 218
2231 218
2232 218
2233 218
2234 218
2235 218
2236 218
2237 218
2238 218
2239 218
2240 207
2241 207
2242 207
2243 207
2244 207
2245 207
2246 207
2247 207
2248 207
2249 207
2250 1
2251 1
2252 1
2253 1
2254 1
2255 1
2256 1
2257 1
2258 1
2259 1
2260 105
2261 105
2262 105
2263 105
2264 105
2265 105
2266 105
2267 105
2268 105
2269 105
2270 312
2271 312
2272 312
2273 312
2274 312
2275 312
2276 312
2277 312
2278 312
2279 312
2280 313
2281 313
2282 313
2283 313
2284 313
2285 313
2286 313
2287 313
2288 313
2289 313
2290 314
2291 314
2292 314
2293 314
2294 314
2295 314
2296 314
2297 314
2298 314
2299 314
2300 223
2301 223
2302 223
2303 223
2304 223
2305 223
2306 223
2307 223
2308 223
2309 223
2310 189
2311 189
2312 189
2313 189
2314 189
2315 189
2316 189
2317 189
2318 189
2319 189
2320 315
2321 315
2322 315
2323 315
2324 315
2325 315
2326 315
2327 315
2328 315
2329 315
2330 79
2331 79
2332 79
2333 79
2334 79
2335 79
2336 79
2337 79
2338 79
2339 79
2340 181
2341 181
2342 181
2343 181
2344 181
2345 181
2346 181
2347 181
2348 181
2349 181
2350 4
2351 4
2352 4
2353 4
2354 4
2355 4
2356 4
2357 4
2358 4
2359 4
2360 182
2361 182
2362 182
2363 182
2364 182
2365 182
2366 182
2367 182
2368 182
2369 182
2370 90
2371 90
2372 90
2373 90
2374 90
2375 90
2376 90
2377 90
2378 90
2379 90
2380 200
2381 200
2382 200
2383 200
2384 200
2385 200
2386 200
2387 200
2388 200
2389 200
2390 3
2391 3
2392 3
2393 3
2394 3
2395 3
2396 3
2397 3
2398 3
2399 3
2400 43
2401 43
2402 43
2403 43
2404 43
2405 43
2406 43
2407 43
2408 43
2409 43
2410 21
2411 21
2412 21
2413 21
2414 21
2415 21
2416 21
2417 21
2418 21
2419 21
2420 39
2421 39
2422 39
2423 39
2424 39
2425 39
2426 39
2427 39
2428 39
2429 39
2430 316
2431 316
2432 316
2433 316
2434 316
2435 316
2436 316
2437 316
2438 316
2439 316
2440 77
2441 77
2442 77
2443 77
2444 77
2445 77
2446 77
2447 77
2448 77
2449 77
2450 21
2451 21
2452 21
2453 21
2454 21
2455 21
2456 21
2457 21
2458 21
2459 21
2460 317
2461 317
2462 317
2463 317
2464 317
2465 317
2466 317
2467 317
2468 317
2469 317
2470 108
2471 108
2472 108
2473 108
2474 108
2475 108
2476 108
2477 108
2478 108
2479 108
2480 40
2481 40
2482 40
2483 40
2484 40
2485 40
2486 40
2487 40
2488 40
2489 40
2490 79
2491 79
2492 79
2493 79
2494 79
2495 79
2496 79
2497 79
2498 79
2499 79
2500 106
2501 106
2502 106
2503 106
2504 106
2505 106
2506 106
2507 106
2508 106
2509 106
2510 48
2511 48
2512 48
2513 48
2514 48
2515 48
2516 48
2517 48
2518 48
2519 48
2520 171
2521 171
2522 171
2523 171
2524 171
2525 171
2526 171
2527 171
2528 171
2529 171
2530 8
2531 8
2532 8
2533 8
2534 8
2535 8
2536 8
2537 8
2538 8
2539 8
2540 28
2541 28
2542 28
2543 28
2544 28
2545 28
2546 28
2547 28
2548 28
2549 28
2550 183
2551 183
2552 183
2553 183
2554 183
2555 183
2556 183
2557 183
2558 183
2559 183
2560 6
2561 6
2562 6
2563 6
2564 6
2565 6
2566 6
2567 6
2568 6
2569 6
2570 107
2571 107
2572 107
2573 107
2574 107
2575 107
2576 107
2577 107
2578 107
2579 107
2580 108
2581 108
2582 108
2583 108
2584 108
2585 108
2586 108
2587 108
2588 108
2589 108
2590 4
2591 4
2592 4
2593 4
2594 4
2595 4
2596 4
2597 4
2598 4
2599 4
2600 26
2601 26
2602 26
2603 26
2604 26
2605 26
2606 26
2607 26
2608 26
2609 26
2610 318
2611 318
2612 318
2613 318
2614 318
2615 318
2616 318
2617 318
2618 318
2619 318
2620 9
2621 9
2622 9
2623 9
2624 9
2625 9
2626 9
2627 9
2628 9
2629 9
2630 1
2631 1
2632 1
2633 1
2634 1
2635 1
2636 1
2637 1
2638 1
2639 1
2640 56
2641 56
2642 56
2643 56
2644 56
2645 56
2646 56
2647 56
2648 56
2649 56
2650 126
2651 126
2652 126
2653 126
2654 126
2655 126
2656 126
2657 126
2658 126
2659 126
2660 319
2661 319
2662 319
2663 319
2664 319
2665 319
2666 319
2667 319
2668 319
2669 319
2670 80
2671 80
2672 80
2673 80
2674 80
2675 80
2676 80
2677 80
2678 80
2679 80
2680 1
2681 1
2682 1
2683 1
2684 1
2685 1
2686 1
2687 1
2688 1
2689 1
2690 109
2691 109
2692 109
2693 109
2694 109
2695 109
2696 109
2697 109
2698 109
2699 109
2700 69
2701 69
2702 69
2703 69
2704 69
2705 69
2706 69
2707 69
2708 69
2709 69
2710 110
2711 110
2712 110
2713 110
2714 110
2715 110
2716 110
2717 110
2718 110
2719 110
2720 152
2721 152
2722 152
2723 152
2724 152
2725 152
2726 152
2727 152
2728 152
2729 152
2730 114
2731 114
2732 114
2733 114
2734 114
2735 114
2736 114
2737 114
2738 114
2739 114
2740 27
2741 27
2742 27
2743 27
2744 27
2745 27
2746 27
2747 27
2748 27
2749 27
2750 111
2751 111
2752 111
2753 111
2754 111
2755 111
2756 111
2757 111
2758 111
2759 111
2760 16
2761 16
2762 16
2763 16
2764 16
2765 16
2766 16
2767 16
2768 16
2769 16
2770 140
2771 140
2772 140
2773 140
2774 140
2775 140
2776 140
2777 140
2778 140
2779 140
2780 55
2781 55
2782 55
2783 55
2784 55
2785 55
2786 55
2787 55
2788 55
2789 55
2790 112
2791 112
2792 112
2793 112
2794 112
2795 112
2796 112
2797 112
2798 112
2799 112
2800 320
2801 320
2802 320
2803 320
2804 320
2805 320
2806 320
2807 320
2808 320
2809 320
2810 7
2811 7
2812 7
2813 7
2814 7
2815 7
2816 7
2817 7
2818 7
2819 7
2820 113
2821 113
2822 113
2823 113
2824 113
2825 113
2826 113
2827 113
2828 113
2829 113
2830 113
2831 113
2832 113
2833 113
2834 113
2835 113
2836 113
2837 113
2838 113
2839 113
2840 36
2841 36
2842 36
2843 36
2844 36
2845 36
2846 36
2847 36
2848 36
2849 36
2850 182
2851 182
2852 182
2853 182
2854 182
2855 182
2856 182
2857 182
2858 182
2859 182
2860 181
2861 181
2862 181
2863 181
2864 181
2865 181
2866 181
2867 181
2868 181
2869 181
2870 26
2871 26
2872 26
2873 26
2874 26
2875 26
2876 26
2877 26
2878 26
2879 26
2880 157
2881 157
2882 157
2883 157
2884 157
2885 157
2886 157
2887 157
2888 157
2889 157
2890 142
2891 142
2892 142
2893 142
2894 142
2895 142
2896 142
2897 142
2898 142
2899 142
2900 321
2901 321
2902 321
2903 321
2904 321
2905 321
2906 321
2907 321
2908 321
2909 321
2910 20
2911 20
2912 20
2913 20
2914 20
2915 20
2916 20
2917 20
2918 20
2919 20
2920 322
2921 322
2922 322
2923 322
2924 322
2925 322
2926 322
2927 322
2928 322
2929 322
2930 32
2931 32
2932 32
2933 32
2934 32
2935 32
2936 32
2937 32
2938 32
2939 32
2940 8
2941 8
2942 8
2943 8
2944 8
2945 8
2946 8
2947 8
2948 8
2949 8
2950 40
2951 40
2952 40
2953 40
2954 40
2955 40
2956 40
2957 40
2958 40
2959 40
2960 235
2961 235
2962 235
2963 235
2964 235
2965 235
2966 235
2967 235
2968 235
2969 235
2970 184
2971 184
2972 184
2973 184
2974 184
2975 184
2976 184
2977 184
2978 184
2979 184
2980 28
2981 28
2982 28
2983 28
2984 28
2985 28
2986 28
2987 28
2988 28
2989 28
2990 87
2991 87
2992 87
2993 87
2994 87
2995 87
2996 87
2997 87
2998 87
2999 87
3000 132
3001 132
3002 132
3003 132
3004 132
3005 132
3006 132
3007 132
3008 132
3009 132
3010 21
3011 21
3012 21
3013 21
3014 21
3015 21
3016 21
3017 21
3018 21
3019 21
3020 41
3021 41
3022 41
3023 41
3024 41
3025 41
3026 41
3027 41
3028 41
3029 41
3030 323
3031 323
3032 323
3033 323
3034 323
3035 323
3036 323
3037 323
3038 323
3039 323
3040 9
3041 9
3042 9
3043 9
3044 9
3045 9
3046 9
3047 9
3048 9
3049 9
3050 324
3051 324
3052 324
3053 324
3054 324
3055 324
3056 324
3057 324
3058 324
3059 324
3060 54
3061 54
3062 54
3063 54
3064 54
3065 54
3066 54
3067 54
3068 54
3069 54
3070 98
3071 98
3072 98
3073 98
3074 98
3075 98
3076 98
3077 98
3078 98
3079 98
3080 252
3081 252
3082 252
3083 252
3084 252
3085 252
3086 252
3087 252
3088 252
3089 252
3090 325
3091 325
3092 325
3093 325
3094 325
3095 325
3096 325
3097 325
3098 325
3099 325
3100 122
3101 122
3102 122
3103 122
3104 122
3105 122
3106 122
3107 122
3108 122
3109 122
3110 326
3111 326
3112 326
3113 326
3114 326
3115 326
3116 326
3117 326
3118 326
3119 326
3120 10
3121 10
3122 10
3123 10
3124 10
3125 10
3126 10
3127 10
3128 10
3129 10
3130 12
3131 12
3132 12
3133 12
3134 12
3135 12
3136 12
3137 12
3138 12
3139 12
3140 11
3141 11
3142 11
3143 11
3144 11
3145 11
3146 11
3147 11
3148 11
3149 11
3150 5
3151 5
3152 5
3153 5
3154 5
3155 5
3156 5
3157 5
3158 5
3159 5
3160 76
3161 76
3162 76
3163 76
3164 76
3165 76
3166 76
3167 76
3168 76
3169 76
3170 327
3171 327
3172 327
3173 327
3174 327
3175 327
3176 327
3177 327
3178 327
3179 327
3180 185
3181 185
3182 185
3183 185
3184 185
3185 185
3186 185
3187 185
3188 185
3189 185
3190 12
3191 12
3192 12
3193 12
3194 12
3195 12
3196 12
3197 12
3198 12
3199 12
3200 12
3201 12
3202 12
3203 12
3204 12
3205 12
3206 12
3207 12
3208 12
3209 12
3210 147
3211 147
3212 147
3213 147
3214 147
3215 147
3216 147
3217 147
3218 147
3219 147
3220 80
3221 80
3222 80
3223 80
3224 80
3225 80
3226 80
3227 80
3228 80
3229 80
3230 186
3231 186
3232 186
3233 186
3234 186
3235 186
3236 186
3237 186
3238 186
3239 186
3240 231
3241 231
3242 231
3243 231
3244 231
3245 231
3246 231
3247 231
3248 231
3249 231
3250 24
3251 24
3252 24
3253 24
3254 24
3255 24
3256 24
3257 24
3258 24
3259 24
3260 34
3261 34
3262 34
3263 34
3264 34
3265 34
3266 34
3267 34
3268 34
3269 34
3270 131
3271 131
3272 131
3273 131
3274 131
3275 131
3276 131
3277 131
3278 131
3279 131
3280 187
3281 187
3282 187
3283 187
3284 187
3285 187
3286 187
3287 187
3288 187
3289 187
3290 43
3291 43
3292 43
3293 43
3294 43
3295 43
3296 43
3297 43
3298 43
3299 43
3300 328
3301 328
3302 328
3303 328
3304 328
3305 328
3306 328
3307 328
3308 328
3309 328
3310 23
3311 23
3312 23
3313 23
3314 23
3315 23
3316 23
3317 23
3318 23
3319 23
3320 18
3321 18
3322 18
3323 18
3324 18
3325 18
3326 18
3327 18
3328 18
3329 18
3330 81
3331 81
3332 81
3333 81
3334 81
3335 81
3336 81
3337 81
3338 81
3339 81
3340 329
3341 329
3342 329
3343 329
3344 329
3345 329
3346 329
3347 329
3348 329
3349 329
3350 330
3351 330
3352 330
3353 330
3354 330
3355 330
3356 330
3357 330
3358 330
3359 330
3360 87
3361 87
3362 87
3363 87
3364 87
3365 87
3366 87
3367 87
3368 87
3369 87
3370 238
3371 238
3372 238
3373 238
3374 238
3375 238
3376 238
3377 238
3378 238
3379 238
3380 121
3381 121
3382 121
3383 121
3384 121
3385 121
3386 121
3387 121
3388 121
3389 121
3390 331
3391 331
3392 331
3393 331
3394 331
3395 331
3396 331
3397 331
3398 331
3399 331
3400 41
3401 41
3402 41
3403 41
3404 41
3405 41
3406 41
3407 41
3408 41
3409 41
3410 52
3411 52
3412 52
3413 52
3414 52
3415 52
3416 52
3417 52
3418 52
3419 52
3420 188
3421 188
3422 188
3423 188
3424 188
3425 188
3426 188
3427 188
3428 188
3429 188
3430 239
3431 239
3432 239
3433 239
3434 239
3435 239
3436 239
3437 239
3438 239
3439 239
3440 114
3441 114
3442 114
3443 114
3444 114
3445 114
3446 114
3447 114
3448 114
3449 114
3450 72
3451 72
3452 72
3453 72
3454 72
3455 72
3456 72
3457 72
3458 72
3459 72
3460 146
3461 146
3462 146
3463 146
3464 146
3465 146
3466 146
3467 146
3468 146
3469 146
3470 189
3471 189
3472 189
3473 189
3474 189
3475 189
3476 189
3477 189
3478 189
3479 189
3480 69
3481 69
3482 69
3483 69
3484 69
3485 69
3486 69
3487 69
3488 69
3489 69
3490 332
3491 332
3492 332
3493 332
3494 332
3495 332
3496 332
3497 332
3498 332
3499 332
3500 190
3501 190
3502 190
3503 190
3504 190
3505 190
3506 190
3507 190
3508 190
3509 190
3510 42
3511 42
3512 42
3513 42
3514 42
3515 42
3516 42
3517 42
3518 42
3519 42
3520 97
3521 97
3522 97
3523 97
3524 97
3525 97
3526 97
3527 97
3528 97
3529 97
3530 96
3531 96
3532 96
3533 96
3534 96
3535 96
3536 96
3537 96
3538 96
3539 96
3540 4
3541 4
3542 4
3543 4
3544 4
3545 4
3546 4
3547 4
3548 4
3549 4
3550 115
3551 115
3552 115
3553 115
3554 115
3555 115
3556 115
3557 115
3558 115
3559 115
3560 333
3561 333
3562 333
3563 333
3564 333
3565 333
3566 333
3567 333
3568 333
3569 333
3570 42
3571 42
3572 42
3573 42
3574 42
3575 42
3576 42
3577 42
3578 42
3579 42
3580 334
3581 334
3582 334
3583 334
3584 334
3585 334
3586 334
3587 334
3588 334
3589 334
3590 335
3591 335
3592 335
3593 335
3594 335
3595 335
3596 335
3597 335
3598 335
3599 335
3600 106
3601 106
3602 106
3603 106
3604 106
3605 106
3606 106
3607 106
3608 106
3609 106
3610 196
3611 196
3612 196
3613 196
3614 196
3615 196
3616 196
3617 196
3618 196
3619 196
3620 336
3621 336
3622 336
3623 336
3624 336
3625 336
3626 336
3627 336
3628 336
3629 336
3630 57
3631 57
3632 57
3633 57
3634 57
3635 57
3636 57
3637 57
3638 57
3639 57
3640 20
3641 20
3642 20
3643 20
3644 20
3645 20
3646 20
3647 20
3648 20
3649 20
3650 43
3651 43
3652 43
3653 43
3654 43
3655 43
3656 43
3657 43
3658 43
3659 43
3660 20
3661 20
3662 20
3663 20
3664 20
3665 20
3666 20
3667 20
3668 20
3669 20
3670 53
3671 53
3672 53
3673 53
3674 53
3675 53
3676 53
3677 53
3678 53
3679 53
3680 68
3681 68
3682 68
3683 68
3684 68
3685 68
3686 68
3687 68
3688 68
3689 68
3690 104
3691 104
3692 104
3693 104
3694 104
3695 104
3696 104
3697 104
3698 104
3699 104
3700 86
3701 86
3702 86
3703 86
3704 86
3705 86
3706 86
3707 86
3708 86
3709 86
3710 84
3711 84
3712 84
3713 84
3714 84
3715 84
3716 84
3717 84
3718 84
3719 84
3720 82
3721 82
3722 82
3723 82
3724 82
3725 82
3726 82
3727 82
3728 82
3729 82
3730 39
3731 39
3732 39
3733 39
3734 39
3735 39
3736 39
3737 39
3738 39
3739 39
3740 191
3741 191
3742 191
3743 191
3744 191
3745 191
3746 191
3747 191
3748 191
3749 191
3750 31
3751 31
3752 31
3753 31
3754 31
3755 31
3756 31
3757 31
3758 31
3759 31
3760 337
3761 337
3762 337
3763 337
3764 337
3765 337
3766 337
3767 337
3768 337
3769 337
3770 13
3771 13
3772 13
3773 13
3774 13
3775 13
3776 13
3777 13
3778 13
3779 13
3780 141
3781 141
3782 141
3783 141
3784 141
3785 141
3786 141
3787 141
3788 141
3789 141
3790 192
3791 192
3792 192
3793 192
3794 192
3795 192
3796 192
3797 192
3798 192
3799 192
3800 73
3801 73
3802 73
3803 73
3804 73
3805 73
3806 73
3807 73
3808 73
3809 73
3810 0
3811 0
3812 0
3813 0
3814 0
3815 0
3816 0
3817 0
3818 0
3819 0
3820 116
3821 116
3822 116
3823 116
3824 116
3825 116
3826 116
3827 116
3828 116
3829 116
3830 44
3831 44
3832 44
3833 44
3834 44
3835 44
3836 44
3837 44
3838 44
3839 44
3840 58
3841 58
3842 58
3843 58
3844 58
3845 58
3846 58
3847 58
3848 58
3849 58
3850 117
3851 117
3852 117
3853 117
3854 117
3855 117
3856 117
3857 117
3858 117
3859 117
3860 63
3861 63
3862 63
3863 63
3864 63
3865 63
3866 63
3867 63
3868 63
3869 63
3870 30
3871 30
3872 30
3873 30
3874 30
3875 30
3876 30
3877 30
3878 30
3879 30
3880 45
3881 45
3882 45
3883 45
3884 45
3885 45
3886 45
3887 45
3888 45
3889 45
3890 193
3891 193
3892 193
3893 193
3894 193
3895 193
3896 193
3897 193
3898 193
3899 193
3900 194
3901 194
3902 194
3903 194
3904 194
3905 194
3906 194
3907 194
3908 194
3909 194
3910 195
3911 195
3912 195
3913 195
3914 195
3915 195
3916 195
3917 195
3918 195
3919 195
3920 118
3921 118
3922 118
3923 118
3924 118
3925 118
3926 118
3927 118
3928 118
3929 118
3930 114
3931 114
3932 114
3933 114
3934 114
3935 114
3936 114
3937 114
3938 114
3939 114
3940 99
3941 99
3942 99
3943 99
3944 99
3945 99
3946 99
3947 99
3948 99
3949 99
3950 338
3951 338
3952 338
3953 338
3954 338
3955 338
3956 338
3957 338
3958 338
3959 338
3960 202
3961 202
3962 202
3963 202
3964 202
3965 202
3966 202
3967 202
3968 202
3969 202
3970 119
3971 119
3972 119
3973 119
3974 119
3975 119
3976 119
3977 119
3978 119
3979 119
3980 154
3981 154
3982 154
3983 154
3984 154
3985 154
3986 154
3987 154
3988 154
3989 154
3990 37
3991 37
3992 37
3993 37
3994 37
3995 37
3996 37
3997 37
3998 37
3999 37
4000 82
4001 82
4002 82
4003 82
4004 82
4005 82
4006 82
4007 82
4008 82
4009 82
4010 79
4011 79
4012 79
4013 79
4014 79
4015 79
4016 79
4017 79
4018 79
4019 79
4020 230
4021 230
4022 230
4023 230
4024 230
4025 230
4026 230
4027 230
4028 230
4029 230
4030 339
4031 339
4032 339
4033 339
4034 339
4035 339
4036 339
4037 339
4038 339
4039 339
4040 126
4041 126
4042 126
4043 126
4044 126
4045 126
4046 126
4047 126
4048 126
4049 126
4050 22
4051 22
4052 22
4053 22
4054 22
4055 22
4056 22
4057 22
4058 22
4059 22
4060 227
4061 227
4062 227
4063 227
4064 227
4065 227
4066 227
4067 227
4068 227
4069 227
4070 7
4071 7
4072 7
4073 7
4074 7
4075 7
4076 7
4077 7
4078 7
4079 7
4080 46
4081 46
4082 46
4083 46
4084 46
4085 46
4086 46
4087 46
4088 46
4089 46
4090 340
4091 340
4092 340
4093 340
4094 340
4095 340
4096 340
4097 340
4098 340
4099 340
4100 30
4101 30
4102 30
4103 30
4104 30
4105 30
4106 30
4107 30
4108 30
4109 30
4110 196
4111 196
4112 196
4113 196
4114 196
4115 196
4116 196
4117 196
4118 196
4119 196
4120 47
4121 47
4122 47
4123 47
4124 47
4125 47
4126 47
4127 47
4128 47
4129 47
4130 48
4131 48
4132 48
4133 48
4134 48
4135 48
4136 48
4137 48
4138 48
4139 48
4140 103
4141 103
4142 103
4143 103
4144 103
4145 103
4146 103
4147 103
4148 103
4149 103
4150 95
4151 95
4152 95
4153 95
4154 95
4155 95
4156 95
4157 95
4158 95
4159 95
4160 120
4161 120
4162 120
4163 120
4164 120
4165 120
4166 120
4167 120
4168 120
4169 120
4170 121
4171 121
4172 121
4173 121
4174 121
4175 121
4176 121
4177 121
4178 121
4179 121
4180 20
4181 20
4182 20
4183 20
4184 20
4185 20
4186 20
4187 20
4188 20
4189 20
4190 122
4191 122
4192 122
4193 122
4194 122
4195 122
4196 122
4197 122
4198 122
4199 122
4200 341
4201 341
4202 341
4203 341
4204 341
4205 341
4206 341
4207 341
4208 341
4209 341
4210 25
4211 25
4212 25
4213 25
4214 25
4215 25
4216 25
4217 25
4218 25
4219 25
4220 11
4221 11
4222 11
4223 11
4224 11
4225 11
4226 11
4227 11
4228 11
4229 11
4230 342
4231 342
4232 342
4233 342
4234 342
4235 342
4236 342
4237 342
4238 342
4239 342
4240 343
4241 343
4242 343
4243 343
4244 343
4245 343
4246 343
4247 343
4248 343
4249 343
4250 159
4251 159
4252 159
4253 159
4254 159
4255 159
4256 159
4257 159
4258 159
4259 159
4260 37
4261 37
4262 37
4263 37
4264 37
4265 37
4266 37
4267 37
4268 37
4269 37
4270 14
4271 14
4272 14
4273 14
4274 14
4275 14
4276 14
4277 14
4278 14
4279 14
4280 123
4281 123
4282 123
4283 123
4284 123
4285 123
4286 123
4287 123
4288 123
4289 123
4290 56
4291 56
4292 56
4293 56
4294 56
4295 56
4296 56
4297 56
4298 56
4299 56
4300 197
4301 197
4302 197
4303 197
4304 197
4305 197
4306 197
4307 197
4308 197
4309 197
4310 48
4311 48
4312 48
4313 48
4314 48
4315 48
4316 48
4317 48
4318 48
4319 48
4320 344
4321 344
4322 344
4323 344
4324 344
4325 344
4326 344
4327 344
4328 344
4329 344
4330 345
4331 345
4332 345
4333 345
4334 345
4335 345
4336 345
4337 345
4338 345
4339 345
4340 346
4341 346
4342 346
4343 346
4344 346
4345 346
4346 346
4347 346
4348 346
4349 346
4350 347
4351 347
4352 347
4353 347
4354 347
4355 347
4356 347
4357 347
4358 347
4359 347
4360 348
4361 348
4362 348
4363 348
4364 348
4365 348
4366 348
4367 348
4368 348
4369 348
4370 349
4371 349
4372 349
4373 349
4374 349
4375 349
4376 349
4377 349
4378 349
4379 349
4380 350
4381 350
4382 350
4383 350
4384 350
4385 350
4386 350
4387 350
4388 350
4389 350
4390 221
4391 221
4392 221
4393 221
4394 221
4395 221
4396 221
4397 221
4398 221
4399 221
4400 225
4401 225
4402 225
4403 225
4404 225
4405 225
4406 225
4407 225
4408 225
4409 225
4410 351
4411 351
4412 351
4413 351
4414 351
4415 351
4416 351
4417 351
4418 351
4419 351
4420 213
4421 213
4422 213
4423 213
4424 213
4425 213
4426 213
4427 213
4428 213
4429 213
4430 18
4431 18
4432 18
4433 18
4434 18
4435 18
4436 18
4437 18
4438 18
4439 18
4440 198
4441 198
4442 198
4443 198
4444 198
4445 198
4446 198
4447 198
4448 198
4449 198
4450 352
4451 352
4452 352
4453 352
4454 352
4455 352
4456 352
4457 352
4458 352
4459 352
4460 234
4461 234
4462 234
4463 234
4464 234
4465 234
4466 234
4467 234
4468 234
4469 234
4470 0
4471 0
4472 0
4473 0
4474 0
4475 0
4476 0
4477 0
4478 0
4479 0
4480 105
4481 105
4482 105
4483 105
4484 105
4485 105
4486 105
4487 105
4488 105
4489 105
4490 145
4491 145
4492 145
4493 145
4494 145
4495 145
4496 145
4497 145
4498 145
4499 145
4500 353
4501 353
4502 353
4503 353
4504 353
4505 353
4506 353
4507 353
4508 353
4509 353
4510 199
4511 199
4512 199
4513 199
4514 199
4515 199
4516 199
4517 199
4518 199
4519 199
4520 49
4521 49
4522 49
4523 49
4524 49
4525 49
4526 49
4527 49
4528 49
4529 49
4530 9
4531 9
4532 9
4533 9
4534 9
4535 9
4536 9
4537 9
4538 9
4539 9
4540 354
4541 354
4542 354
4543 354
4544 354
4545 354
4546 354
4547 354
4548 354
4549 354
4550 200
4551 200
4552 200
4553 200
4554 200
4555 200
4556 200
4557 200
4558 200
4559 200
4560 19
4561 19
4562 19
4563 19
4564 19
4565 19
4566 19
4567 19
4568 19
4569 19
4570 197
4571 197
4572 197
4573 197
4574 197
4575 197
4576 197
4577 197
4578 197
4579 197
4580 355
4581 355
4582 355
4583 355
4584 355
4585 355
4586 355
4587 355
4588 355
4589 355
4590 14
4591 14
4592 14
4593 14
4594 14
4595 14
4596 14
4597 14
4598 14
4599 14
4600 11
4601 11
4602 11
4603 11
4604 11
4605 11
4606 11
4607 11
4608 11
4609 11
4610 62
4611 62
4612 62
4613 62
4614 62
4615 62
4616 62
4617 62
4618 62
4619 62
4620 153
4621 153
4622 153
4623 153
4624 153
4625 153
4626 153
4627 153
4628 153
4629 153
4630 50
4631 50
4632 50
4633 50
4634 50
4635 50
4636 50
4637 50
4638 50
4639 50
4640 3
4641 3
4642 3
4643 3
4644 3
4645 3
4646 3
4647 3
4648 3
4649 3
4650 201
4651 201
4652 201
4653 201
4654 201
4655 201
4656 201
4657 201
4658 201
4659 201
4660 101
4661 101
4662 101
4663 101
4664 101
4665 101
4666 101
4667 101
4668 101
4669 101
4670 124
4671 124
4672 124
4673 124
4674 124
4675 124
4676 124
4677 124
4678 124
4679 124
4680 128
4681 128
4682 128
4683 128
4684 128
4685 128
4686 128
4687 128
4688 128
4689 128
4690 243
4691 243
4692 243
4693 243
4694 243
4695 243
4696 243
4697 243
4698 243
4699 243
4700 175
4701 175
4702 175
4703 175
4704 175
4705 175
4706 175
4707 175
4708 175
4709 175
4710 64
4711 64
4712 64
4713 64
4714 64
4715 64
4716 64
4717 64
4718 64
4719 64
4720 241
4721 241
4722 241
4723 241
4724 241
4725 241
4726 241
4727 241
4728 241
4729 241
4730 50
4731 50
4732 50
4733 50
4734 50
4735 50
4736 50
4737 50
4738 50
4739 50
4740 356
4741 356
4742 356
4743 356
4744 356
4745 356
4746 356
4747 356
4748 356
4749 356
4750 19
4751 19
4752 19
4753 19
4754 19
4755 19
4756 19
4757 19
4758 19
4759 19
4760 202
4761 202
4762 202
4763 202
4764 202
4765 202
4766 202
4767 202
4768 202
4769 202
4770 357
4771 357
4772 357
4773 357
4774 357
4775 357
4776 357
4777 357
4778 357
4779 357
4780 124
4781 124
4782 124
4783 124
4784 124
4785 124
4786 124
4787 124
4788 124
4789 124
4790 15
4791 15
4792 15
4793 15
4794 15
4795 15
4796 15
4797 15
4798 15
4799 15
4800 160
4801 160
4802 160
4803 160
4804 160
4805 160
4806 160
4807 160
4808 160
4809 160
4810 27
4811 27
4812 27
4813 27
4814 27
4815 27
4816 27
4817 27
4818 27
4819 27
4820 46
4821 46
4822 46
4823 46
4824 46
4825 46
4826 46
4827 46
4828 46
4829 46
4830 14
4831 14
4832 14
4833 14
4834 14
4835 14
4836 14
4837 14
4838 14
4839 14
4840 66
4841 66
4842 66
4843 66
4844 66
4845 66
4846 66
4847 66
4848 66
4849 66
4850 125
4851 125
4852 125
4853 125
4854 125
4855 125
4856 125
4857 125
4858 125
4859 125
4860 126
4861 126
4862 126
4863 126
4864 126
4865 126
4866 126
4867 126
4868 126
4869 126
4870 358
4871 358
4872 358
4873 358
4874 358
4875 358
4876 358
4877 358
4878 358
4879 358
4880 42
4881 42
4882 42
4883 42
4884 42
4885 42
4886 42
4887 42
4888 42
4889 42
4890 203
4891 203
4892 203
4893 203
4894 203
4895 203
4896 203
4897 203
4898 203
4899 203
4900 204
4901 204
4902 204
4903 204
4904 204
4905 204
4906 204
4907 204
4908 204
4909 204
4910 228
4911 228
4912 228
4913 228
4914 228
4915 228
4916 228
4917 228
4918 228
4919 228
4920 359
4921 359
4922 359
4923 359
4924 359
4925 359
4926 359
4927 359
4928 359
4929 359
4930 83
4931 83
4932 83
4933 83
4934 83
4935 83
4936 83
4937 83
4938 83
4939 83
4940 105
4941 105
4942 105
4943 105
4944 105
4945 105
4946 105
4947 105
4948 105
4949 105
4950 360
4951 360
4952 360
4953 360
4954 360
4955 360
4956 360
4957 360
4958 360
4959 360
4960 201
4961 201
4962 201
4963 201
4964 201
4965 201
4966 201
4967 201
4968 201
4969 201
4970 2
4971 2
4972 2
4973 2
4974 2
4975 2
4976 2
4977 2
4978 2
4979 2
4980 246
4981 246
4982 246
4983 246
4984 246
4985 246
4986 246
4987 246
4988 246
4989 246
4990 89
4991 89
4992 89
4993 89
4994 89
4995 89
4996 89
4997 89
4998 89
4999 89
5000 48
5001 48
5002 48
5003 48
5004 48
5005 48
5006 48
5007 48
5008 48
5009 48
5010 137
5011 137
5012 137
5013 137
5014 137
5015 137
5016 137
5017 137
5018 137
5019 137
5020 140
5021 140
5022 140
5023 140
5024 140
5025 140
5026 140
5027 140
5028 140
5029 140
5030 15
5031 15
5032 15
5033 15
5034 15
5035 15
5036 15
5037 15
5038 15
5039 15
5040 361
5041 361
5042 361
5043 361
5044 361
5045 361
5046 361
5047 361
5048 361
5049 361
5050 117
5051 117
5052 117
5053 117
5054 117
5055 117
5056 117
5057 117
5058 117
5059 117
5060 362
5061 362
5062 362
5063 362
5064 362
5065 362
5066 362
5067 362
5068 362
5069 362
5070 39
5071 39
5072 39
5073 39
5074 39
5075 39
5076 39
5077 39
5078 39
5079 39
5080 56
5081 56
5082 56
5083 56
5084 56
5085 56
5086 56
5087 56
5088 56
5089 56
5090 363
5091 363
5092 363
5093 363
5094 363
5095 363
5096 363
5097 363
5098 363
5099 363
5100 205
5101 205
5102 205
5103 205
5104 205
5105 205
5106 205
5107 205
5108 205
5109 205
5110 364
5111 364
5112 364
5113 364
5114 364
5115 364
5116 364
5117 364
5118 364
5119 364
5120 152
5121 152
5122 152
5123 152
5124 152
5125 152
5126 152
5127 152
5128 152
5129 152
5130 365
5131 365
5132 365
5133 365
5134 365
5135 365
5136 365
5137 365
5138 365
5139 365
5140 24
5141 24
5142 24
5143 24
5144 24
5145 24
5146 24
5147 24
5148 24
5149 24
5150 8
5151 8
5152 8
5153 8
5154 8
5155 8
5156 8
5157 8
5158 8
5159 8
5160 51
5161 51
5162 51
5163 51
5164 51
5165 51
5166 51
5167 51
5168 51
5169 51
5170 191
5171 191
5172 191
5173 191
5174 191
5175 191
5176 191
5177 191
5178 191
5179 191
5180 206
5181 206
5182 206
5183 206
5184 206
5185 206
5186 206
5187 206
5188 206
5189 206
5190 83
5191 83
5192 83
5193 83
5194 83
5195 83
5196 83
5197 83
5198 83
5199 83
5200 127
5201 127
5202 127
5203 127
5204 127
5205 127
5206 127
5207 127
5208 127
5209 127
5210 53
5211 53
5212 53
5213 53
5214 53
5215 53
5216 53
5217 53
5218 53
5219 53
5220 58
5221 58
5222 58
5223 58
5224 58
5225 58
5226 58
5227 58
5228 58
5229 58
5230 214
5231 214
5232 214
5233 214
5234 214
5235 214
5236 214
5237 214
5238 214
5239 214
5240 82
5241 82
5242 82
5243 82
5244 82
5245 82
5246 82
5247 82
5248 82
5249 82
5250 366
5251 366
5252 366
5253 366
5254 366
5255 366
5256 366
5257 366
5258 366
5259 366
5260 128
5261 128
5262 128
5263 128
5264 128
5265 128
5266 128
5267 128
5268 128
5269 128
5270 207
5271 207
5272 207
5273 207
5274 207
5275 207
5276 207
5277 207
5278 207
5279 207
5280 67
5281 67
5282 67
5283 67
5284 67
5285 67
5286 67
5287 67
5288 67
5289 67
5290 128
5291 128
5292 128
5293 128
5294 128
5295 128
5296 128
5297 128
5298 128
5299 128
5300 18
5301 18
5302 18
5303 18
5304 18
5305 18
5306 18
5307 18
5308 18
5309 18
5310 211
5311 211
5312 211
5313 211
5314 211
5315 211
5316 211
5317 211
5318 211
5319 211
5320 367
5321 367
5322 367
5323 367
5324 367
5325 367
5326 367
5327 367
5328 367
5329 367
5330 208
5331 208
5332 208
5333 208
5334 208
5335 208
5336 208
5337 208
5338 208
5339 208
5340 144
5341 144
5342 144
5343 144
5344 144
5345 144
5346 144
5347 144
5348 144
5349 144
5350 368
5351 368
5352 368
5353 368
5354 368
5355 368
5356 368
5357 368
5358 368
5359 368
5360 54
5361 54
5362 54
5363 54
5364 54
5365 54
5366 54
5367 54
5368 54
5369 54
5370 185
5371 185
5372 185
5373 185
5374 185
5375 185
5376 185
5377 185
5378 185
5379 185
5380 36
5381 36
5382 36
5383 36
5384 36
5385 36
5386 36
5387 36
5388 36
5389 36
5390 369
5391 369
5392 369
5393 369
5394 369
5395 369
5396 369
5397 369
5398 369
5399 369
5400 39
5401 39
5402 39
5403 39
5404 39
5405 39
5406 39
5407 39
5408 39
5409 39
5410 129
5411 129
5412 129
5413 129
5414 129
5415 129
5416 129
5417 129
5418 129
5419 129
5420 138
5421 138
5422 138
5423 138
5424 138
5425 138
5426 138
5427 138
5428 138
5429 138
5430 370
5431 370
5432 370
5433 370
5434 370
5435 370
5436 370
5437 370
5438 370
5439 370
5440 33
5441 33
5442 33
5443 33
5444 33
5445 33
5446 33
5447 33
5448 33
5449 33
5450 22
5451 22
5452 22
5453 22
5454 22
5455 22
5456 22
5457 22
5458 22
5459 22
5460 52
5461 52
5462 52
5463 52
5464 52
5465 52
5466 52
5467 52
5468 52
5469 52
5470 216
5471 216
5472 216
5473 216
5474 216
5475 216
5476 216
5477 216
5478 216
5479 216
5480 209
5481 209
5482 209
5483 209
5484 209
5485 209
5486 209
5487 209
5488 209
5489 209
5490 75
5491 75
5492 75
5493 75
5494 75
5495 75
5496 75
5497 75
5498 75
5499 75
5500 371
5501 371
5502 371
5503 371
5504 371
5505 371
5506 371
5507 371
5508 371
5509 371
5510 118
5511 118
5512 118
5513 118
5514 118
5515 118
5516 118
5517 118
5518 118
5519 118
5520 372
5521 372
5522 372
5523 372
5524 372
5525 372
5526 372
5527 372
5528 372
5529 372
5530 373
5531 373
5532 373
5533 373
5534 373
5535 373
5536 373
5537 373
5538 373
5539 373
5540 210
5541 210
5542 210
5543 210
5544 210
5545 210
5546 210
5547 210
5548 210
5549 210
5550 7
5551 7
5552 7
5553 7
5554 7
5555 7
5556 7
5557 7
5558 7
5559 7
5560 100
5561 100
5562 100
5563 100
5564 100
5565 100
5566 100
5567 100
5568 100
5569 100
5570 211
5571 211
5572 211
5573 211
5574 211
5575 211
5576 211
5577 211
5578 211
5579 211
5580 133
5581 133
5582 133
5583 133
5584 133
5585 133
5586 133
5587 133
5588 133
5589 133
5590 53
5591 53
5592 53
5593 53
5594 53
5595 53
5596 53
5597 53
5598 53
5599 53
5600 145
5601 145
5602 145
5603 145
5604 145
5605 145
5606 145
5607 145
5608 145
5609 145
5610 374
5611 374
5612 374
5613 374
5614 374
5615 374
5616 374
5617 374
5618 374
5619 374
5620 98
5621 98
5622 98
5623 98
5624 98
5625 98
5626 98
5627 98
5628 98
5629 98
5630 54
5631 54
5632 54
5633 54
5634 54
5635 54
5636 54
5637 54
5638 54
5639 54
5640 212
5641 212
5642 212
5643 212
5644 212
5645 212
5646 212
5647 212
5648 212
5649 212
5650 179
5651 179
5652 179
5653 179
5654 179
5655 179
5656 179
5657 179
5658 179
5659 179
5660 17
5661 17
5662 17
5663 17
5664 17
5665 17
5666 17
5667 17
5668 17
5669 17
5670 249
5671 249
5672 249
5673 249
5674 249
5675 249
5676 249
5677 249
5678 249
5679 249
5680 29
5681 29
5682 29
5683 29
5684 29
5685 29
5686 29
5687 29
5688 29
5689 29
5690 60
5691 60
5692 60
5693 60
5694 60
5695 60
5696 60
5697 60
5698 60
5699 60
5700 110
5701 110
5702 110
5703 110
5704 110
5705 110
5706 110
5707 110
5708 110
5709 110
5710 141
5711 141
5712 141
5713 141
5714 141
5715 141
5716 141
5717 141
5718 141
5719 141
5720 55
5721 55
5722 55
5723 55
5724 55
5725 55
5726 55
5727 55
5728 55
5729 55
5730 375
5731 375
5732 375
5733 375
5734 375
5735 375
5736 375
5737 375
5738 375
5739 375
5740 130
5741 130
5742 130
5743 130
5744 130
5745 130
5746 130
5747 130
5748 130
5749 130
5750 10
5751 10
5752 10
5753 10
5754 10
5755 10
5756 10
5757 10
5758 10
5759 10
5760 376
5761 376
5762 376
5763 376
5764 376
5765 376
5766 376
5767 376
5768 376
5769 376
5770 213
5771 213
5772 213
5773 213
5774 213
5775 213
5776 213
5777 213
5778 213
5779 213
5780 377
5781 377
5782 377
5783 377
5784 377
5785 377
5786 377
5787 377
5788 377
5789 377
5790 17
5791 17
5792 17
5793 17
5794 17
5795 17
5796 17
5797 17
5798 17
5799 17
5800 78
5801 78
5802 78
5803 78
5804 78
5805 78
5806 78
5807 78
5808 78
5809 78
5810 59
5811 59
5812 59
5813 59
5814 59
5815 59
5816 59
5817 59
5818 59
5819 59
5820 131
5821 131
5822 131
5823 131
5824 131
5825 131
5826 131
5827 131
5828 131
5829 131
5830 75
5831 75
5832 75
5833 75
5834 75
5835 75
5836 75
5837 75
5838 75
5839 75
5840 378
5841 378
5842 378
5843 378
5844 378
5845 378
5846 378
5847 378
5848 378
5849 378
5850 143
5851 143
5852 143
5853 143
5854 143
5855 143
5856 143
5857 143
5858 143
5859 143
5860 13
5861 13
5862 13
5863 13
5864 13
5865 13
5866 13
5867 13
5868 13
5869 13
5870 190
5871 190
5872 190
5873 190
5874 190
5875 190
5876 190
5877 190
5878 190
5879 190
5880 132
5881 132
5882 132
5883 132
5884 132
5885 132
5886 132
5887 132
5888 132
5889 132
5890 123
5891 123
5892 123
5893 123
5894 123
5895 123
5896 123
5897 123
5898 123
5899 123
5900 250
5901 250
5902 250
5903 250
5904 250
5905 250
5906 250
5907 250
5908 250
5909 250
5910 172
5911 172
5912 172
5913 172
5914 172
5915 172
5916 172
5917 172
5918 172
5919 172
5920 214
5921 214
5922 214
5923 214
5924 214
5925 214
5926 214
5927 214
5928 214
5929 214
5930 60
5931 60
5932 60
5933 60
5934 60
5935 60
5936 60
5937 60
5938 60
5939 60
5940 93
5941 93
5942 93
5943 93
5944 93
5945 93
5946 93
5947 93
5948 93
5949 93
5950 379
5951 379
5952 379
5953 379
5954 379
5955 379
5956 379
5957 379
5958 379
5959 379
5960 19
5961 19
5962 19
5963 19
5964 19
5965 19
5966 19
5967 19
5968 19
5969 19
5970 116
5971 116
5972 116
5973 116
5974 116
5975 116
5976 116
5977 116
5978 116
5979 116
5980 380
5981 380
5982 380
5983 380
5984 380
5985 380
5986 380
5987 380
5988 380
5989 380
5990 80
5991 80
5992 80
5993 80
5994 80
5995 80
5996 80
5997 80
5998 80
5999 80
6000 215
6001 215
6002 215
6003 215
6004 215
6005 215
6006 215
6007 215
6008 215
6009 215
6010 133
6011 133
6012 133
6013 133
6014 133
6015 133
6016 133
6017 133
6018 133
6019 133
6020 96
6021 96
6022 96
6023 96
6024 96
6025 96
6026 96
6027 96
6028 96
6029 96
6030 73
6031 73
6032 73
6033 73
6034 73
6035 73
6036 73
6037 73
6038 73
6039 73
6040 3
6041 3
6042 3
6043 3
6044 3
6045 3
6046 3
6047 3
6048 3
6049 3
6050 46
6051 46
6052 46
6053 46
6054 46
6055 46
6056 46
6057 46
6058 46
6059 46
6060 57
6061 57
6062 57
6063 57
6064 57
6065 57
6066 57
6067 57
6068 57
6069 57
6070 86
6071 86
6072 86
6073 86
6074 86
6075 86
6076 86
6077 86
6078 86
6079 86
6080 183
6081 183
6082 183
6083 183
6084 183
6085 183
6086 183
6087 183
6088 183
6089 183
6090 0
6091 0
6092 0
6093 0
6094 0
6095 0
6096 0
6097 0
6098 0
6099 0
6100 381
6101 381
6102 381
6103 381
6104 381
6105 381
6106 381
6107 381
6108 381
6109 381
6110 216
6111 216
6112 216
6113 216
6114 216
6115 216
6116 216
6117 216
6118 216
6119 216
6120 134
6121 134
6122 134
6123 134
6124 134
6125 134
6126 134
6127 134
6128 134
6129 134
6130 81
6131 81
6132 81
6133 81
6134 81
6135 81
6136 81
6137 81
6138 81
6139 81
6140 56
6141 56
6142 56
6143 56
6144 56
6145 56
6146 56
6147 56
6148 56
6149 56
6150 57
6151 57
6152 57
6153 57
6154 57
6155 57
6156 57
6157 57
6158 57
6159 57
6160 4
6161 4
6162 4
6163 4
6164 4
6165 4
6166 4
6167 4
6168 4
6169 4
6170 382
6171 382
6172 382
6173 382
6174 382
6175 382
6176 382
6177 382
6178 382
6179 382
6180 47
6181 47
6182 47
6183 47
6184 47
6185 47
6186 47
6187 47
6188 47
6189 47
6190 217
6191 217
6192 217
6193 217
6194 217
6195 217
6196 217
6197 217
6198 217
6199 217
6200 4
6201 4
6202 4
6203 4
6204 4
6205 4
6206 4
6207 4
6208 4
6209 4
6210 23
6211 23
6212 23
6213 23
6214 23
6215 23
6216 23
6217 23
6218 23
6219 23
6220 67
6221 67
6222 67
6223 67
6224 67
6225 67
6226 67
6227 67
6228 67
6229 67
6230 162
6231 162
6232 162
6233 162
6234 162
6235 162
6236 162
6237 162
6238 162
6239 162
6240 111
6241 111
6242 111
6243 111
6244 111
6245 111
6246 111
6247 111
6248 111
6249 111
6250 68
6251 68
6252 68
6253 68
6254 68
6255 68
6256 68
6257 68
6258 68
6259 68
6260 255
6261 255
6262 255
6263 255
6264 255
6265 255
6266 255
6267 255
6268 255
6269 255
6270 53
6271 53
6272 53
6273 53
6274 53
6275 53
6276 53
6277 53
6278 53
6279 53
6280 58
6281 58
6282 58
6283 58
6284 58
6285 58
6286 58
6287 58
6288 58
6289 58
6290 17
6291 17
6292 17
6293 17
6294 17
6295 17
6296 17
6297 17
6298 17
6299 17
6300 25
6301 25
6302 25
6303 25
6304 25
6305 25
6306 25
6307 25
6308 25
6309 25
6310 383
6311 383
6312 383
6313 383
6314 383
6315 383
6316 383
6317 383
6318 383
6319 383
6320 218
6321 218
6322 218
6323 218
6324 218
6325 218
6326 218
6327 218
6328 218
6329 218
6330 203
6331 203
6332 203
6333 203
6334 203
6335 203
6336 203
6337 203
6338 203
6339 203
6340 384
6341 384
6342 384
6343 384
6344 384
6345 384
6346 384
6347 384
6348 384
6349 384
6350 385
6351 385
6352 385
6353 385
6354 385
6355 385
6356 385
6357 385
6358 385
6359 385
6360 127
6361 127
6362 127
6363 127
6364 127
6365 127
6366 127
6367 127
6368 127
6369 127
6370 135
6371 135
6372 135
6373 135
6374 135
6375 135
6376 135
6377 135
6378 135
6379 135
6380 84
6381 84
6382 84
6383 84
6384 84
6385 84
6386 84
6387 84
6388 84
6389 84
6390 85
6391 85
6392 85
6393 85
6394 85
6395 85
6396 85
6397 85
6398 85
6399 85
6400 64
6401 64
6402 64
6403 64
6404 64
6405 64
6406 64
6407 64
6408 64
6409 64
6410 0
6411 0
6412 0
6413 0
6414 0
6415 0
6416 0
6417 0
6418 0
6419 0
6420 386
6421 386
6422 386
6423 386
6424 386
6425 386
6426 386
6427 386
6428 386
6429 386
6430 387
6431 387
6432 387
6433 387
6434 387
6435 387
6436 387
6437 387
6438 387
6439 387
6440 31
6441 31
6442 31
6443 31
6444 31
6445 31
6446 31
6447 31
6448 31
6449 31
6450 136
6451 136
6452 136
6453 136
6454 136
6455 136
6456 136
6457 136
6458 136
6459 136
6460 70
6461 70
6462 70
6463 70
6464 70
6465 70
6466 70
6467 70
6468 70
6469 70
6470 151
6471 151
6472 151
6473 151
6474 151
6475 151
6476 151
6477 151
6478 151
6479 151
6480 83
6481 83
6482 83
6483 83
6484 83
6485 83
6486 83
6487 83
6488 83
6489 83
6490 112
6491 112
6492 112
6493 112
6494 112
6495 112
6496 112
6497 112
6498 112
6499 112
6500 388
6501 388
6502 388
6503 388
6504 388
6505 388
6506 388
6507 388
6508 388
6509 388
6510 217
6511 217
6512 217
6513 217
6514 217
6515 217
6516 217
6517 217
6518 217
6519 217
6520 176
6521 176
6522 176
6523 176
6524 176
6525 176
6526 176
6527 176
6528 176
6529 176
6530 233
6531 233
6532 233
6533 233
6534 233
6535 233
6536 233
6537 233
6538 233
6539 233
6540 389
6541 389
6542 389
6543 389
6544 389
6545 389
6546 389
6547 389
6548 389
6549 389
6550 78
6551 78
6552 78
6553 78
6554 78
6555 78
6556 78
6557 78
6558 78
6559 78
6560 224
6561 224
6562 224
6563 224
6564 224
6565 224
6566 224
6567 224
6568 224
6569 224
6570 16
6571 16
6572 16
6573 16
6574 16
6575 16
6576 16
6577 16
6578 16
6579 16
6580 137
6581 137
6582 137
6583 137
6584 137
6585 137
6586 137
6587 137
6588 137
6589 137
6590 119
6591 119
6592 119
6593 119
6594 119
6595 119
6596 119
6597 119
6598 119
6599 119
6600 390
6601 390
6602 390
6603 390
6604 390
6605 390
6606 390
6607 390
6608 390
6609 390
6610 73
6611 73
6612 73
6613 73
6614 73
6615 73
6616 73
6617 73
6618 73
6619 73
6620 391
6621 391
6622 391
6623 391
6624 391
6625 391
6626 391
6627 391
6628 391
6629 391
6630 392
6631 392
6632 392
6633 392
6634 392
6635 392
6636 392
6637 392
6638 392
6639 392
6640 38
6641 38
6642 38
6643 38
6644 38
6645 38
6646 38
6647 38
6648 38
6649 38
6650 167
6651 167
6652 167
6653 167
6654 167
6655 167
6656 167
6657 167
6658 167
6659 167
6660 50
6661 50
6662 50
6663 50
6664 50
6665 50
6666 50
6667 50
6668 50
6669 50
6670 136
6671 136
6672 136
6673 136
6674 136
6675 136
6676 136
6677 136
6678 136
6679 136
6680 169
6681 169
6682 169
6683 169
6684 169
6685 169
6686 169
6687 169
6688 169
6689 169
6690 393
6691 393
6692 393
6693 393
6694 393
6695 393
6696 393
6697 393
6698 393
6699 393
6700 11
6701 11
6702 11
6703 11
6704 11
6705 11
6706 11
6707 11
6708 11
6709 11
6710 17
6711 17
6712 17
6713 17
6714 17
6715 17
6716 17
6717 17
6718 17
6719 17
6720 3
6721 3
6722 3
6723 3
6724 3
6725 3
6726 3
6727 3
6728 3
6729 3
6730 40
6731 40
6732 40
6733 40
6734 40
6735 40
6736 40
6737 40
6738 40
6739 40
6740 150
6741 150
6742 150
6743 150
6744 150
6745 150
6746 150
6747 150
6748 150
6749 150
6750 129
6751 129
6752 129
6753 129
6754 129
6755 129
6756 129
6757 129
6758 129
6759 129
6760 394
6761 394
6762 394
6763 394
6764 394
6765 394
6766 394
6767 394
6768 394
6769 394
6770 395
6771 395
6772 395
6773 395
6774 395
6775 395
6776 395
6777 395
6778 395
6779 395
6780 7
6781 7
6782 7
6783 7
6784 7
6785 7
6786 7
6787 7
6788 7
6789 7
6790 219
6791 219
6792 219
6793 219
6794 219
6795 219
6796 219
6797 219
6798 219
6799 219
6800 120
6801 120
6802 120
6803 120
6804 120
6805 120
6806 120
6807 120
6808 120
6809 120
6810 30
6811 30
6812 30
6813 30
6814 30
6815 30
6816 30
6817 30
6818 30
6819 30
6820 138
6821 138
6822 138
6823 138
6824 138
6825 138
6826 138
6827 138
6828 138
6829 138
6830 205
6831 205
6832 205
6833 205
6834 205
6835 205
6836 205
6837 205
6838 205
6839 205
6840 396
6841 396
6842 396
6843 396
6844 396
6845 396
6846 396
6847 396
6848 396
6849 396
6850 67
6851 67
6852 67
6853 67
6854 67
6855 67
6856 67
6857 67
6858 67
6859 67
6860 86
6861 86
6862 86
6863 86
6864 86
6865 86
6866 86
6867 86
6868 86
6869 86
6870 49
6871 49
6872 49
6873 49
6874 49
6875 49
6876 49
6877 49
6878 49
6879 49
6880 240
6881 240
6882 240
6883 240
6884 240
6885 240
6886 240
6887 240
6888 240
6889 240
6890 397
6891 397
6892 397
6893 397
6894 397
6895 397
6896 397
6897 397
6898 397
6899 397
6900 57
6901 57
6902 57
6903 57
6904 57
6905 57
6906 57
6907 57
6908 57
6909 57
6910 58
6911 58
6912 58
6913 58
6914 58
6915 58
6916 58
6917 58
6918 58
6919 58
6920 398
6921 398
6922 398
6923 398
6924 398
6925 398
6926 398
6927 398
6928 398
6929 398
6930 59
6931 59
6932 59
6933 59
6934 59
6935 59
6936 59
6937 59
6938 59
6939 59
6940 130
6941 130
6942 130
6943 130
6944 130
6945 130
6946 130
6947 130
6948 130
6949 130
6950 65
6951 65
6952 65
6953 65
6954 65
6955 65
6956 65
6957 65
6958 65
6959 65
6960 399
6961 399
6962 399
6963 399
6964 399
6965 399
6966 399
6967 399
6968 399
6969 399
6970 220
6971 220
6972 220
6973 220
6974 220
6975 220
6976 220
6977 220
6978 220
6979 220
6980 400
6981 400
6982 400
6983 400
6984 400
6985 400
6986 400
6987 400
6988 400
6989 400
6990 71
6991 71
6992 71
6993 71
6994 71
6995 71
6996 71
6997 71
6998 71
6999 71
7000 156
7001 156
7002 156
7003 156
7004 156
7005 156
7006 156
7007 156
7008 156
7009 156
7010 401
7011 401
7012 401
7013 401
7014 401
7015 401
7016 401
7017 401
7018 401
7019 401
7020 221
7021 221
7022 221
7023 221
7024 221
7025 221
7026 221
7027 221
7028 221
7029 221
7030 60
7031 60
7032 60
7033 60
7034 60
7035 60
7036 60
7037 60
7038 60
7039 60
7040 194
7041 194
7042 194
7043 194
7044 194
7045 194
7046 194
7047 194
7048 194
7049 194
7050 402
7051 402
7052 402
7053 402
7054 402
7055 402
7056 402
7057 402
7058 402
7059 402
7060 23
7061 23
7062 23
7063 23
7064 23
7065 23
7066 23
7067 23
7068 23
7069 23
7070 66
7071 66
7072 66
7073 66
7074 66
7075 66
7076 66
7077 66
7078 66
7079 66
7080 208
7081 208
7082 208
7083 208
7084 208
7085 208
7086 208
7087 208
7088 208
7089 208
7090 85
7091 85
7092 85
7093 85
7094 85
7095 85
7096 85
7097 85
7098 85
7099 85
7100 47
7101 47
7102 47
7103 47
7104 47
7105 47
7106 47
7107 47
7108 47
7109 47
7110 403
7111 403
7112 403
7113 403
7114 403
7115 403
7116 403
7117 403
7118 403
7119 403
7120 61
7121 61
7122 61
7123 61
7124 61
7125 61
7126 61
7127 61
7128 61
7129 61
7130 404
7131 404
7132 404
7133 404
7134 404
7135 404
7136 404
7137 404
7138 404
7139 404
7140 188
7141 188
7142 188
7143 188
7144 188
7145 188
7146 188
7147 188
7148 188
7149 188
7150 2
7151 2
7152 2
7153 2
7154 2
7155 2
7156 2
7157 2
7158 2
7159 2
7160 139
7161 139
7162 139
7163 139
7164 139
7165 139
7166 139
7167 139
7168 139
7169 139
7170 51
7171 51
7172 51
7173 51
7174 51
7175 51
7176 51
7177 51
7178 51
7179 51
7180 405
7181 405
7182 405
7183 405
7184 405
7185 405
7186 405
7187 405
7188 405
7189 405
7190 10
7191 10
7192 10
7193 10
7194 10
7195 10
7196 10
7197 10
7198 10
7199 10
7200 92
7201 92
7202 92
7203 92
7204 92
7205 92
7206 92
7207 92
7208 92
7209 92
7210 88
7211 88
7212 88
7213 88
7214 88
7215 88
7216 88
7217 88
7218 88
7219 88
7220 122
7221 122
7222 122
7223 122
7224 122
7225 122
7226 122
7227 122
7228 122
7229 122
7230 406
7231 406
7232 406
7233 406
7234 406
7235 406
7236 406
7237 406
7238 406
7239 406
7240 140
7241 140
7242 140
7243 140
7244 140
7245 140
7246 140
7247 140
7248 140
7249 140
7250 129
7251 129
7252 129
7253 129
7254 129
7255 129
7256 129
7257 129
7258 129
7259 129
7260 1
7261 1
7262 1
7263 1
7264 1
7265 1
7266 1
7267 1
7268 1
7269 1
7270 79
7271 79
7272 79
7273 79
7274 79
7275 79
7276 79
7277 79
7278 79
7279 79
7280 24
7281 24
7282 24
7283 24
7284 24
7285 24
7286 24
7287 24
7288 24
7289 24
7290 101
7291 101
7292 101
7293 101
7294 101
7295 101
7296 101
7297 101
7298 101
7299 101
7300 72
7301 72
7302 72
7303 72
7304 72
7305 72
7306 72
7307 72
7308 72
7309 72
7310 222
7311 222
7312 222
7313 222
7314 222
7315 222
7316 222
7317 222
7318 222
7319 222
7320 12
7321 12
7322 12
7323 12
7324 12
7325 12
7326 12
7327 12
7328 12
7329 12
7330 222
7331 222
7332 222
7333 222
7334 222
7335 222
7336 222
7337 222
7338 222
7339 222
7340 18
7341 18
7342 18
7343 18
7344 18
7345 18
7346 18
7347 18
7348 18
7349 18
7350 166
7351 166
7352 166
7353 166
7354 166
7355 166
7356 166
7357 166
7358 166
7359 166
7360 407
7361 407
7362 407
7363 407
7364 407
7365 407
7366 407
7367 407
7368 407
7369 407
7370 408
7371 408
7372 408
7373 408
7374 408
7375 408
7376 408
7377 408
7378 408
7379 408
7380 62
7381 62
7382 62
7383 62
7384 62
7385 62
7386 62
7387 62
7388 62
7389 62
7390 32
7391 32
7392 32
7393 32
7394 32
7395 32
7396 32
7397 32
7398 32
7399 32
7400 44
7401 44
7402 44
7403 44
7404 44
7405 44
7406 44
7407 44
7408 44
7409 44
7410 193
7411 193
7412 193
7413 193
7414 193
7415 193
7416 193
7417 193
7418 193
7419 193
7420 143
7421 143
7422 143
7423 143
7424 143
7425 143
7426 143
7427 143
7428 143
7429 143
7430 63
7431 63
7432 63
7433 63
7434 63
7435 63
7436 63
7437 63
7438 63
7439 63
7440 1
7441 1
7442 1
7443 1
7444 1
7445 1
7446 1
7447 1
7448 1
7449 1
7450 409
7451 409
7452 409
7453 409
7454 409
7455 409
7456 409
7457 409
7458 409
7459 409
7460 410
7461 410
7462 410
7463 410
7464 410
7465 410
7466 410
7467 410
7468 410
7469 410
7470 28
7471 28
7472 28
7473 28
7474 28
7475 28
7476 28
7477 28
7478 28
7479 28
7480 149
7481 149
7482 149
7483 149
7484 149
7485 149
7486 149
7487 149
7488 149
7489 149
7490 17
7491 17
7492 17
7493 17
7494 17
7495 17
7496 17
7497 17
7498 17
7499 17
7500 411
7501 411
7502 411
7503 411
7504 411
7505 411
7506 411
7507 411
7508 411
7509 411
7510 215
7511 215
7512 215
7513 215
7514 215
7515 215
7516 215
7517 215
7518 215
7519 215
7520 412
7521 412
7522 412
7523 412
7524 412
7525 412
7526 412
7527 412
7528 412
7529 412
7530 141
7531 141
7532 141
7533 141
7534 141
7535 141
7536 141
7537 141
7538 141
7539 141
7540 413
7541 413
7542 413
7543 413
7544 413
7545 413
7546 413
7547 413
7548 413
7549 413
7550 414
7551 414
7552 414
7553 414
7554 414
7555 414
7556 414
7557 414
7558 414
7559 414
7560 142
7561 142
7562 142
7563 142
7564 142
7565 142
7566 142
7567 142
7568 142
7569 142
7570 223
7571 223
7572 223
7573 223
7574 223
7575 223
7576 223
7577 223
7578 223
7579 223
7580 64
7581 64
7582 64
7583 64
7584 64
7585 64
7586 64
7587 64
7588 64
7589 64
7590 143
7591 143
7592 143
7593 143
7594 143
7595 143
7596 143
7597 143
7598 143
7599 143
7600 198
7601 198
7602 198
7603 198
7604 198
7605 198
7606 198
7607 198
7608 198
7609 198
7610 415
7611 415
7612 415
7613 415
7614 415
7615 415
7616 415
7617 415
7618 415
7619 415
7620 127
7621 127
7622 127
7623 127
7624 127
7625 127
7626 127
7627 127
7628 127
7629 127
7630 59
7631 59
7632 59
7633 59
7634 59
7635 59
7636 59
7637 59
7638 59
7639 59
7640 9
7641 9
7642 9
7643 9
7644 9
7645 9
7646 9
7647 9
7648 9
7649 9
7650 416
7651 416
7652 416
7653 416
7654 416
7655 416
7656 416
7657 416
7658 416
7659 416
7660 242
7661 242
7662 242
7663 242
7664 242
7665 242
7666 242
7667 242
7668 242
7669 242
7670 251
7671 251
7672 251
7673 251
7674 251
7675 251
7676 251
7677 251
7678 251
7679 251
7680 13
7681 13
7682 13
7683 13
7684 13
7685 13
7686 13
7687 13
7688 13
7689 13
7690 41
7691 41
7692 41
7693 41
7694 41
7695 41
7696 41
7697 41
7698 41
7699 41
7700 144
7701 144
7702 144
7703 144
7704 144
7705 144
7706 144
7707 144
7708 144
7709 144
7710 417
7711 417
7712 417
7713 417
7714 417
7715 417
7716 417
7717 417
7718 417
7719 417
7720 65
7721 65
7722 65
7723 65
7724 65
7725 65
7726 65
7727 65
7728 65
7729 65
7730 18
7731 18
7732 18
7733 18
7734 18
7735 18
7736 18
7737 18
7738 18
7739 18
7740 418
7741 418
7742 418
7743 418
7744 418
7745 418
7746 418
7747 418
7748 418
7749 418
7750 419
7751 419
7752 419
7753 419
7754 419
7755 419
7756 419
7757 419
7758 419
7759 419
7760 226
7761 226
7762 226
7763 226
7764 226
7765 226
7766 226
7767 226
7768 226
7769 226
7770 420
7771 420
7772 420
7773 420
7774 420
7775 420
7776 420
7777 420
7778 420
7779 420
7780 103
7781 103
7782 103
7783 103
7784 103
7785 103
7786 103
7787 103
7788 103
7789 103
7790 149
7791 149
7792 149
7793 149
7794 149
7795 149
7796 149
7797 149
7798 149
7799 149
7800 224
7801 224
7802 224
7803 224
7804 224
7805 224
7806 224
7807 224
7808 224
7809 224
7810 421
7811 421
7812 421
7813 421
7814 421
7815 421
7816 421
7817 421
7818 421
7819 421
7820 225
7821 225
7822 225
7823 225
7824 225
7825 225
7826 225
7827 225
7828 225
7829 225
7830 34
7831 34
7832 34
7833 34
7834 34
7835 34
7836 34
7837 34
7838 34
7839 34
7840 51
7841 51
7842 51
7843 51
7844 51
7845 51
7846 51
7847 51
7848 51
7849 51
7850 23
7851 23
7852 23
7853 23
7854 23
7855 23
7856 23
7857 23
7858 23
7859 23
7860 110
7861 110
7862 110
7863 110
7864 110
7865 110
7866 110
7867 110
7868 110
7869 110
7870 422
7871 422
7872 422
7873 422
7874 422
7875 422
7876 422
7877 422
7878 422
7879 422
7880 89
7881 89
7882 89
7883 89
7884 89
7885 89
7886 89
7887 89
7888 89
7889 89
7890 80
7891 80
7892 80
7893 80
7894 80
7895 80
7896 80
7897 80
7898 80
7899 80
7900 174
7901 174
7902 174
7903 174
7904 174
7905 174
7906 174
7907 174
7908 174
7909 174
7910 66
7911 66
7912 66
7913 66
7914 66
7915 66
7916 66
7917 66
7918 66
7919 66
7920 90
7921 90
7922 90
7923 90
7924 90
7925 90
7926 90
7927 90
7928 90
7929 90
7930 139
7931 139
7932 139
7933 139
7934 139
7935 139
7936 139
7937 139
7938 139
7939 139
7940 26
7941 26
7942 26
7943 26
7944 26
7945 26
7946 26
7947 26
7948 26
7949 26
7950 423
7951 423
7952 423
7953 423
7954 423
7955 423
7956 423
7957 423
7958 423
7959 423
7960 155
7961 155
7962 155
7963 155
7964 155
7965 155
7966 155
7967 155
7968 155
7969 155
7970 121
7971 121
7972 121
7973 121
7974 121
7975 121
7976 121
7977 121
7978 121
7979 121
7980 145
7981 145
7982 145
7983 145
7984 145
7985 145
7986 145
7987 145
7988 145
7989 145
7990 226
7991 226
7992 226
7993 226
7994 226
7995 226
7996 226
7997 226
7998 226
7999 226
8000 109
8001 109
8002 109
8003 109
8004 109
8005 109
8006 109
8007 109
8008 109
8009 109
8010 2
8011 2
8012 2
8013 2
8014 2
8015 2
8016 2
8017 2
8018 2
8019 2
8020 72
8021 72
8022 72
8023 72
8024 72
8025 72
8026 72
8027 72
8028 72
8029 72
8030 424
8031 424
8032 424
8033 424
8034 424
8035 424
8036 424
8037 424
8038 424
8039 424
8040 146
8041 146
8042 146
8043 146
8044 146
8045 146
8046 146
8047 146
8048 146
8049 146
8050 147
8051 147
8052 147
8053 147
8054 147
8055 147
8056 147
8057 147
8058 147
8059 147
8060 87
8061 87
8062 87
8063 87
8064 87
8065 87
8066 87
8067 87
8068 87
8069 87
8070 130
8071 130
8072 130
8073 130
8074 130
8075 130
8076 130
8077 130
8078 130
8079 130
8080 425
8081 425
8082 425
8083 425
8084 425
8085 425
8086 425
8087 425
8088 425
8089 425
8090 426
8091 426
8092 426
8093 426
8094 426
8095 426
8096 426
8097 426
8098 426
8099 426
8100 125
8101 125
8102 125
8103 125
8104 125
8105 125
8106 125
8107 125
8108 125
8109 125
8110 33
8111 33
8112 33
8113 33
8114 33
8115 33
8116 33
8117 33
8118 33
8119 33
8120 227
8121 227
8122 227
8123 227
8124 227
8125 227
8126 227
8127 227
8128 227
8129 227
8130 60
8131 60
8132 60
8133 60
8134 60
8135 60
8136 60
8137 60
8138 60
8139 60
8140 107
8141 107
8142 107
8143 107
8144 107
8145 107
8146 107
8147 107
8148 107
8149 107
8150 427
8151 427
8152 427
8153 427
8154 427
8155 427
8156 427
8157 427
8158 427
8159 427
8160 151
8161 151
8162 151
8163 151
8164 151
8165 151
8166 151
8167 151
8168 151
8169 151
8170 19
8171 19
8172 19
8173 19
8174 19
8175 19
8176 19
8177 19
8178 19
8179 19
8180 116
8181 116
8182 116
8183 116
8184 116
8185 116
8186 116
8187 116
8188 116
8189 116
8190 428
8191 428
8192 428
8193 428
8194 428
8195 428
8196 428
8197 428
8198 428
8199 428
8200 47
8201 47
8202 47
8203 47
8204 47
8205 47
8206 47
8207 47
8208 47
8209 47
8210 429
8211 429
8212 429
8213 429
8214 429
8215 429
8216 429
8217 429
8218 429
8219 429
8220 38
8221 38
8222 38
8223 38
8224 38
8225 38
8226 38
8227 38
8228 38
8229 38
8230 4
8231 4
8232 4
8233 4
8234 4
8235 4
8236 4
8237 4
8238 4
8239 4
8240 86
8241 86
8242 86
8243 86
8244 86
8245 86
8246 86
8247 86
8248 86
8249 86
8250 22
8251 22
8252 22
8253 22
8254 22
8255 22
8256 22
8257 22
8258 22
8259 22
8260 228
8261 228
8262 228
8263 228
8264 228
8265 228
8266 228
8267 228
8268 228
8269 228
8270 229
8271 229
8272 229
8273 229
8274 229
8275 229
8276 229
8277 229
8278 229
8279 229
8280 117
8281 117
8282 117
8283 117
8284 117
8285 117
8286 117
8287 117
8288 117
8289 117
8290 38
8291 38
8292 38
8293 38
8294 38
8295 38
8296 38
8297 38
8298 38
8299 38
8300 161
8301 161
8302 161
8303 161
8304 161
8305 161
8306 161
8307 161
8308 161
8309 161
8310 131
8311 131
8312 131
8313 131
8314 131
8315 131
8316 131
8317 131
8318 131
8319 131
8320 33
8321 33
8322 33
8323 33
8324 33
8325 33
8326 33
8327 33
8328 33
8329 33
8330 430
8331 430
8332 430
8333 430
8334 430
8335 430
8336 430
8337 430
8338 430
8339 430
8340 64
8341 64
8342 64
8343 64
8344 64
8345 64
8346 64
8347 64
8348 64
8349 64
8350 82
8351 82
8352 82
8353 82
8354 82
8355 82
8356 82
8357 82
8358 82
8359 82
8360 431
8361 431
8362 431
8363 431
8364 431
8365 431
8366 431
8367 431
8368 431
8369 431
8370 432
8371 432
8372 432
8373 432
8374 432
8375 432
8376 432
8377 432
8378 432
8379 432
8380 66
8381 66
8382 66
8383 66
8384 66
8385 66
8386 66
8387 66
8388 66
8389 66
8390 55
8391 55
8392 55
8393 55
8394 55
8395 55
8396 55
8397 55
8398 55
8399 55
8400 132
8401 132
8402 132
8403 132
8404 132
8405 132
8406 132
8407 132
8408 132
8409 132
8410 91
8411 91
8412 91
8413 91
8414 91
8415 91
8416 91
8417 91
8418 91
8419 91
8420 165
8421 165
8422 165
8423 165
8424 165
8425 165
8426 165
8427 165
8428 165
8429 165
8430 40
8431 40
8432 40
8433 40
8434 40
8435 40
8436 40
8437 40
8438 40
8439 40
8440 230
8441 230
8442 230
8443 230
8444 230
8445 230
8446 230
8447 230
8448 230
8449 230
8450 199
8451 199
8452 199
8453 199
8454 199
8455 199
8456 199
8457 199
8458 199
8459 199
8460 206
8461 206
8462 206
8463 206
8464 206
8465 206
8466 206
8467 206
8468 206
8469 206
8470 231
8471 231
8472 231
8473 231
8474 231
8475 231
8476 231
8477 231
8478 231
8479 231
8480 433
8481 433
8482 433
8483 433
8484 433
8485 433
8486 433
8487 433
8488 433
8489 433
8490 434
8491 434
8492 434
8493 434
8494 434
8495 434
8496 434
8497 434
8498 434
8499 434
8500 6
8501 6
8502 6
8503 6
8504 6
8505 6
8506 6
8507 6
8508 6
8509 6
8510 15
8511 15
8512 15
8513 15
8514 15
8515 15
8516 15
8517 15
8518 15
8519 15
8520 435
8521 435
8522 435
8523 435
8524 435
8525 435
8526 435
8527 435
8528 435
8529 435
8530 67
8531 67
8532 67
8533 67
8534 67
8535 67
8536 67
8537 67
8538 67
8539 67
8540 436
8541 436
8542 436
8543 436
8544 436
8545 436
8546 436
8547 436
8548 436
8549 436
8550 232
8551 232
8552 232
8553 232
8554 232
8555 232
8556 232
8557 232
8558 232
8559 232
8560 163
8561 163
8562 163
8563 163
8564 163
8565 163
8566 163
8567 163
8568 163
8569 163
8570 5
8571 5
8572 5
8573 5
8574 5
8575 5
8576 5
8577 5
8578 5
8579 5
8580 49
8581 49
8582 49
8583 49
8584 49
8585 49
8586 49
8587 49
8588 49
8589 49
8590 115
8591 115
8592 115
8593 115
8594 115
8595 115
8596 115
8597 115
8598 115
8599 115
8600 13
8601 13
8602 13
8603 13
8604 13
8605 13
8606 13
8607 13
8608 13
8609 13
8610 93
8611 93
8612 93
8613 93
8614 93
8615 93
8616 93
8617 93
8618 93
8619 93
8620 68
8621 68
8622 68
8623 68
8624 68
8625 68
8626 68
8627 68
8628 68
8629 68
8630 49
8631 49
8632 49
8633 49
8634 49
8635 49
8636 49
8637 49
8638 49
8639 49
8640 88
8641 88
8642 88
8643 88
8644 88
8645 88
8646 88
8647 88
8648 88
8649 88
8650 437
8651 437
8652 437
8653 437
8654 437
8655 437
8656 437
8657 437
8658 437
8659 437
8660 438
8661 438
8662 438
8663 438
8664 438
8665 438
8666 438
8667 438
8668 438
8669 438
8670 439
8671 439
8672 439
8673 439
8674 439
8675 439
8676 439
8677 439
8678 439
8679 439
8680 440
8681 440
8682 440
8683 440
8684 440
8685 440
8686 440
8687 440
8688 440
8689 440
8690 233
8691 233
8692 233
8693 233
8694 233
8695 233
8696 233
8697 233
8698 233
8699 233
8700 69
8701 69
8702 69
8703 69
8704 69
8705 69
8706 69
8707 69
8708 69
8709 69
8710 441
8711 441
8712 441
8713 441
8714 441
8715 441
8716 441
8717 441
8718 441
8719 441
8720 88
8721 88
8722 88
8723 88
8724 88
8725 88
8726 88
8727 88
8728 88
8729 88
8730 170
8731 170
8732 170
8733 170
8734 170
8735 170
8736 170
8737 170
8738 170
8739 170
8740 180
8741 180
8742 180
8743 180
8744 180
8745 180
8746 180
8747 180
8748 180
8749 180
8750 21
8751 21
8752 21
8753 21
8754 21
8755 21
8756 21
8757 21
8758 21
8759 21
8760 10
8761 10
8762 10
8763 10
8764 10
8765 10
8766 10
8767 10
8768 10
8769 10
8770 90
8771 90
8772 90
8773 90
8774 90
8775 90
8776 90
8777 90
8778 90
8779 90
8780 234
8781 234
8782 234
8783 234
8784 234
8785 234
8786 234
8787 234
8788 234
8789 234
8790 51
8791 51
8792 51
8793 51
8794 51
8795 51
8796 51
8797 51
8798 51
8799 51
8800 235
8801 235
8802 235
8803 235
8804 235
8805 235
8806 235
8807 235
8808 235
8809 235
8810 70
8811 70
8812 70
8813 70
8814 70
8815 70
8816 70
8817 70
8818 70
8819 70
8820 236
8821 236
8822 236
8823 236
8824 236
8825 236
8826 236
8827 236
8828 236
8829 236
8830 237
8831 237
8832 237
8833 237
8834 237
8835 237
8836 237
8837 237
8838 237
8839 237
8840 45
8841 45
8842 45
8843 45
8844 45
8845 45
8846 45
8847 45
8848 45
8849 45
8850 71
8851 71
8852 71
8853 71
8854 71
8855 71
8856 71
8857 71
8858 71
8859 71
8860 238
8861 238
8862 238
8863 238
8864 238
8865 238
8866 238
8867 238
8868 238
8869 238
8870 106
8871 106
8872 106
8873 106
8874 106
8875 106
8876 106
8877 106
8878 106
8879 106
8880 72
8881 72
8882 72
8883 72
8884 72
8885 72
8886 72
8887 72
8888 72
8889 72
8890 195
8891 195
8892 195
8893 195
8894 195
8895 195
8896 195
8897 195
8898 195
8899 195
8900 16
8901 16
8902 16
8903 16
8904 16
8905 16
8906 16
8907 16
8908 16
8909 16
8910 442
8911 442
8912 442
8913 442
8914 442
8915 442
8916 442
8917 442
8918 442
8919 442
8920 14
8921 14
8922 14
8923 14
8924 14
8925 14
8926 14
8927 14
8928 14
8929 14
8930 239
8931 239
8932 239
8933 239
8934 239
8935 239
8936 239
8937 239
8938 239
8939 239
8940 443
8941 443
8942 443
8943 443
8944 443
8945 443
8946 443
8947 443
8948 443
8949 443
8950 5
8951 5
8952 5
8953 5
8954 5
8955 5
8956 5
8957 5
8958 5
8959 5
8960 244
8961 244
8962 244
8963 244
8964 244
8965 244
8966 244
8967 244
8968 244
8969 244
8970 187
8971 187
8972 187
8973 187
8974 187
8975 187
8976 187
8977 187
8978 187
8979 187
8980 155
8981 155
8982 155
8983 155
8984 155
8985 155
8986 155
8987 155
8988 155
8989 155
8990 3
8991 3
8992 3
8993 3
8994 3
8995 3
8996 3
8997 3
8998 3
8999 3
9000 444
9001 444
9002 444
9003 444
9004 444
9005 444
9006 444
9007 444
9008 444
9009 444
9010 445
9011 445
9012 445
9013 445
9014 445
9015 445
9016 445
9017 445
9018 445
9019 445
9020 23
9021 23
9022 23
9023 23
9024 23
9025 23
9026 23
9027 23
9028 23
9029 23
9030 99
9031 99
9032 99
9033 99
9034 99
9035 99
9036 99
9037 99
9038 99
9039 99
9040 446
9041 446
9042 446
9043 446
9044 446
9045 446
9046 446
9047 446
9048 446
9049 446
9050 148
9051 148
9052 148
9053 148
9054 148
9055 148
9056 148
9057 148
9058 148
9059 148
9060 15
9061 15
9062 15
9063 15
9064 15
9065 15
9066 15
9067 15
9068 15
9069 15
9070 447
9071 447
9072 447
9073 447
9074 447
9075 447
9076 447
9077 447
9078 447
9079 447
9080 94
9081 94
9082 94
9083 94
9084 94
9085 94
9086 94
9087 94
9088 94
9089 94
9090 102
9091 102
9092 102
9093 102
9094 102
9095 102
9096 102
9097 102
9098 102
9099 102
9100 158
9101 158
9102 158
9103 158
9104 158
9105 158
9106 158
9107 158
9108 158
9109 158
9110 448
9111 448
9112 448
9113 448
9114 448
9115 448
9116 448
9117 448
9118 448
9119 448
9120 184
9121 184
9122 184
9123 184
9124 184
9125 184
9126 184
9127 184
9128 184
9129 184
9130 124
9131 124
9132 124
9133 124
9134 124
9135 124
9136 124
9137 124
9138 124
9139 124
9140 240
9141 240
9142 240
9143 240
9144 240
9145 240
9146 240
9147 240
9148 240
9149 240
9150 149
9151 149
9152 149
9153 149
9154 149
9155 149
9156 149
9157 149
9158 149
9159 149
9160 449
9161 449
9162 449
9163 449
9164 449
9165 449
9166 449
9167 449
9168 449
9169 449
9170 150
9171 150
9172 150
9173 150
9174 150
9175 150
9176 150
9177 150
9178 150
9179 150
9180 108
9181 108
9182 108
9183 108
9184 108
9185 108
9186 108
9187 108
9188 108
9189 108
9190 247
9191 247
9192 247
9193 247
9194 247
9195 247
9196 247
9197 247
9198 247
9199 247
9200 81
9201 81
9202 81
9203 81
9204 81
9205 81
9206 81
9207 81
9208 81
9209 81
9210 450
9211 450
9212 450
9213 450
9214 450
9215 450
9216 450
9217 450
9218 450
9219 450
9220 61
9221 61
9222 61
9223 61
9224 61
9225 61
9226 61
9227 61
9228 61
9229 61
9230 92
9231 92
9232 92
9233 92
9234 92
9235 92
9236 92
9237 92
9238 92
9239 92
9240 133
9241 133
9242 133
9243 133
9244 133
9245 133
9246 133
9247 133
9248 133
9249 133
9250 12
9251 12
9252 12
9253 12
9254 12
9255 12
9256 12
9257 12
9258 12
9259 12
9260 44
9261 44
9262 44
9263 44
9264 44
9265 44
9266 44
9267 44
9268 44
9269 44
9270 5
9271 5
9272 5
9273 5
9274 5
9275 5
9276 5
9277 5
9278 5
9279 5
9280 63
9281 63
9282 63
9283 63
9284 63
9285 63
9286 63
9287 63
9288 63
9289 63
9290 89
9291 89
9292 89
9293 89
9294 89
9295 89
9296 89
9297 89
9298 89
9299 89
9300 61
9301 61
9302 61
9303 61
9304 61
9305 61
9306 61
9307 61
9308 61
9309 61
9310 241
9311 241
9312 241
9313 241
9314 241
9315 241
9316 241
9317 241
9318 241
9319 241
9320 90
9321 90
9322 90
9323 90
9324 90
9325 90
9326 90
9327 90
9328 90
9329 90
9330 87
9331 87
9332 87
9333 87
9334 87
9335 87
9336 87
9337 87
9338 87
9339 87
9340 71
9341 71
9342 71
9343 71
9344 71
9345 71
9346 71
9347 71
9348 71
9349 71
9350 451
9351 451
9352 451
9353 451
9354 451
9355 451
9356 451
9357 451
9358 451
9359 451
9360 452
9361 452
9362 452
9363 452
9364 452
9365 452
9366 452
9367 452
9368 452
9369 452
9370 139
9371 139
9372 139
9373 139
9374 139
9375 139
9376 139
9377 139
9378 139
9379 139
9380 242
9381 242
9382 242
9383 242
9384 242
9385 242
9386 242
9387 242
9388 242
9389 242
9390 245
9391 245
9392 245
9393 245
9394 245
9395 245
9396 245
9397 245
9398 245
9399 245
9400 151
9401 151
9402 151
9403 151
9404 151
9405 151
9406 151
9407 151
9408 151
9409 151
9410 73
9411 73
9412 73
9413 73
9414 73
9415 73
9416 73
9417 73
9418 73
9419 73
9420 243
9421 243
9422 243
9423 243
9424 243
9425 243
9426 243
9427 243
9428 243
9429 243
9430 24
9431 24
9432 24
9433 24
9434 24
9435 24
9436 24
9437 24
9438 24
9439 24
9440 236
9441 236
9442 236
9443 236
9444 236
9445 236
9446 236
9447 236
9448 236
9449 236
9450 152
9451 152
9452 152
9453 152
9454 152
9455 152
9456 152
9457 152
9458 152
9459 152
9460 229
9461 229
9462 229
9463 229
9464 229
9465 229
9466 229
9467 229
9468 229
9469 229
9470 244
9471 244
9472 244
9473 244
9474 244
9475 244
9476 244
9477 244
9478 244
9479 244
9480 84
9481 84
9482 84
9483 84
9484 84
9485 84
9486 84
9487 84
9488 84
9489 84
9490 41
9491 41
9492 41
9493 41
9494 41
9495 41
9496 41
9497 41
9498 41
9499 41
9500 25
9501 25
9502 25
9503 25
9504 25
9505 25
9506 25
9507 25
9508 25
9509 25
9510 453
9511 453
9512 453
9513 453
9514 453
9515 453
9516 453
9517 453
9518 453
9519 453
9520 44
9521 44
9522 44
9523 44
9524 44
9525 44
9526 44
9527 44
9528 44
9529 44
9530 232
9531 232
9532 232
9533 232
9534 232
9535 232
9536 232
9537 232
9538 232
9539 232
9540 454
9541 454
9542 454
9543 454
9544 454
9545 454
9546 454
9547 454
9548 454
9549 454
9550 245
9551 245
9552 245
9553 245
9554 245
9555 245
9556 245
9557 245
9558 245
9559 245
9560 253
9561 253
9562 253
9563 253
9564 253
9565 253
9566 253
9567 253
9568 253
9569 253
9570 455
9571 455
9572 455
9573 455
9574 455
9575 455
9576 455
9577 455
9578 455
9579 455
9580 246
9581 246
9582 246
9583 246
9584 246
9585 246
9586 246
9587 246
9588 246
9589 246
9590 247
9591 247
9592 247
9593 247
9594 247
9595 247
9596 247
9597 247
9598 247
9599 247
9600 83
9601 83
9602 83
9603 83
9604 83
9605 83
9606 83
9607 83
9608 83
9609 83
9610 147
9611 147
9612 147
9613 147
9614 147
9615 147
9616 147
9617 147
9618 147
9619 147
9620 42
9621 42
9622 42
9623 42
9624 42
9625 42
9626 42
9627 42
9628 42
9629 42
9630 70
9631 70
9632 70
9633 70
9634 70
9635 70
9636 70
9637 70
9638 70
9639 70
9640 74
9641 74
9642 74
9643 74
9644 74
9645 74
9646 74
9647 74
9648 74
9649 74
9650 248
9651 248
9652 248
9653 248
9654 248
9655 248
9656 248
9657 248
9658 248
9659 248
9660 249
9661 249
9662 249
9663 249
9664 249
9665 249
9666 249
9667 249
9668 249
9669 249
9670 456
9671 456
9672 456
9673 456
9674 456
9675 456
9676 456
9677 456
9678 456
9679 456
9680 115
9681 115
9682 115
9683 115
9684 115
9685 115
9686 115
9687 115
9688 115
9689 115
9690 457
9691 457
9692 457
9693 457
9694 457
9695 457
9696 457
9697 457
9698 457
9699 457
9700 74
9701 74
9702 74
9703 74
9704 74
9705 74
9706 74
9707 74
9708 74
9709 74
9710 458
9711 458
9712 458
9713 458
9714 458
9715 458
9716 458
9717 458
9718 458
9719 458
9720 250
9721 250
9722 250
9723 250
9724 250
9725 250
9726 250
9727 250
9728 250
9729 250
9730 107
9731 107
9732 107
9733 107
9734 107
9735 107
9736 107
9737 107
9738 107
9739 107
9740 459
9741 459
9742 459
9743 459
9744 459
9745 459
9746 459
9747 459
9748 459
9749 459
9750 251
9751 251
9752 251
9753 251
9754 251
9755 251
9756 251
9757 251
9758 251
9759 251
9760 76
9761 76
9762 76
9763 76
9764 76
9765 76
9766 76
9767 76
9768 76
9769 76
9770 460
9771 460
9772 460
9773 460
9774 460
9775 460
9776 460
9777 460
9778 460
9779 460
9780 252
9781 252
9782 252
9783 252
9784 252
9785 252
9786 252
9787 252
9788 252
9789 252
9790 153
9791 153
9792 153
9793 153
9794 153
9795 153
9796 153
9797 153
9798 153
9799 153
9800 59
9801 59
9802 59
9803 59
9804 59
9805 59
9806 59
9807 59
9808 59
9809 59
9810 154
9811 154
9812 154
9813 154
9814 154
9815 154
9816 154
9817 154
9818 154
9819 154
9820 253
9821 253
9822 253
9823 253
9824 253
9825 253
9826 253
9827 253
9828 253
9829 253
9830 0
9831 0
9832 0
9833 0
9834 0
9835 0
9836 0
9837 0
9838 0
9839 0
9840 461
9841 461
9842 461
9843 461
9844 461
9845 461
9846 461
9847 461
9848 461
9849 461
9850 91
9851 91
9852 91
9853 91
9854 91
9855 91
9856 91
9857 91
9858 91
9859 91
9860 136
9861 136
9862 136
9863 136
9864 136
9865 136
9866 136
9867 136
9868 136
9869 136
9870 462
9871 462
9872 462
9873 462
9874 462
9875 462
9876 462
9877 462
9878 462
9879 462
9880 22
9881 22
9882 22
9883 22
9884 22
9885 22
9886 22
9887 22
9888 22
9889 22
9890 74
9891 74
9892 74
9893 74
9894 74
9895 74
9896 74
9897 74
9898 74
9899 74
9900 254
9901 254
9902 254
9903 254
9904 254
9905 254
9906 254
9907 254
9908 254
9909 254
9910 75
9911 75
9912 75
9913 75
9914 75
9915 75
9916 75
9917 75
9918 75
9919 75
9920 148
9921 148
9922 148
9923 148
9924 148
9925 148
9926 148
9927 148
9928 148
9929 148
9930 255
9931 255
9932 255
9933 255
9934 255
9935 255
9936 255
9937 255
9938 255
9939 255
9940 100
9941 100
9942 100
9943 100
9944 100
9945 100
9946 100
9947 100
9948 100
9949 100
9950 155
9951 155
9952 155
9953 155
9954 155
9955 155
9956 155
9957 155
9958 155
9959 155
9960 156
9961 156
9962 156
9963 156
9964 156
9965 156
9966 156
9967 156
9968 156
9969 156
9970 25
9971 25
9972 25
9973 25
9974 25
9975 25
9976 25
9977 25
9978 25
9979 25
9980 463
9981 463
9982 463
9983 463
9984 463
9985 463
9986 463
9987 463
9988 463
9989 463
9990 464
9991 464
9992 464
9993 464
9994 464
9995 464
9996 464
9997 464
9998 464
9999 464
