0 9
1 9
2 9
3 9
4 9
5 9
6 9
7 9
8 9
9 9
10 9
11 9
12 9
13 9
14 9
15 9
16 9
17 9
18 9
19 9
20 9
21 9
22 9
23 9
24 9
25 9
26 9
27 9
28 9
29 9
30 9
31 9
32 9
33 9
34 9
35 9
36 9
37 9
38 9
39 9
40 9
41 9
42 9
43 9
44 9
45 9
46 9
47 9
48 9
49 9
50 9
51 9
52 9
53 9
54 9
55 9
56 9
57 9
58 9
59 9
60 9
61 9
62 9
63 9
64 9
65 9
66 9
67 9
68 9
69 9
70 9
71 9
72 9
73 9
74 9
75 9
76 9
77 9
78 9
79 9
80 9
81 9
82 9
83 9
84 9
85 9
86 9
87 9
88 9
89 9
90 21
91 21
92 21
93 21
94 21
95 21
96 21
97 21
98 21
99 21
100 21
101 21
102 21
103 21
104 21
105 21
106 21
107 21
108 21
109 21
110 21
111 21
112 21
113 21
114 21
115 21
116 21
117 21
118 21
119 21
120 21
121 21
122 21
123 21
124 21
125 21
126 21
127 21
128 21
129 21
130 21
131 21
132 21
133 21
134 21
135 21
136 21
137 21
138 21
139 21
140 21
141 21
142 21
143 21
144 21
145 21
146 21
147 21
148 21
149 21
150 21
151 21
152 21
153 21
154 21
155 21
156 21
157 21
158 21
159 21
160 21
161 21
162 21
163 21
164 21
165 21
166 21
167 21
168 21
169 21
170 21
171 21
172 21
173 21
174 21
175 21
176 21
177 21
178 21
179 21
180 21
181 21
182 21
183 21
184 21
185 21
186 21
187 21
188 21
189 21
190 21
191 21
192 21
193 21
194 21
195 21
196 21
197 21
198 21
199 21
200 21
201 21
202 21
203 21
204 21
205 21
206 21
207 21
208 21
209 21
210 21
211 21
212 21
213 21
214 21
215 21
216 21
217 21
218 21
219 21
220 21
221 21
222 21
223 21
224 21
225 21
226 21
227 21
228 21
229 21
230 21
231 21
232 21
233 21
234 21
235 21
236 21
237 21
238 21
239 21
240 21
241 21
242 21
243 21
244 21
245 21
246 21
247 21
248 21
249 21
250 21
251 21
252 21
253 21
254 21
255 21
256 21
257 21
258 21
259 21
260 21
261 21
262 21
263 21
264 21
265 21
266 21
267 21
268 21
269 21
270 21
271 21
272 21
273 21
274 21
275 21
276 21
277 21
278 21
279 21
280 21
281 21
282 21
283 21
284 21
285 21
286 21
287 21
288 21
289 21
290 21
291 21
292 21
293 21
294 21
295 21
296 21
297 21
298 21
299 21
300 21
301 21
302 21
303 21
304 21
305 21
306 21
307 21
308 21
309 21
310 21
311 21
312 21
313 21
314 21
315 21
316 21
317 21
318 21
319 21
320 21
321 21
322 21
323 21
324 21
325 21
326 21
327 21
328 21
329 21
330 21
331 21
332 21
333 21
334 21
335 21
336 21
337 21
338 21
339 21
340 21
341 21
342 21
343 21
344 21
345 21
346 21
347 21
348 21
349 21
350 21
351 21
352 21
353 21
354 21
355 21
356 21
357 21
358 21
359 21
360 21
361 21
362 21
363 21
364 21
365 21
366 21
367 21
368 21
369 21
370 21
371 21
372 21
373 21
374 21
375 21
376 21
377 21
378 21
379 21
380 21
381 21
382 21
383 21
384 21
385 21
386 21
387 21
388 21
389 21
390 21
391 21
392 21
393 21
394 21
395 21
396 21
397 21
398 21
399 21
400 21
401 21
402 21
403 21
404 21
405 21
406 21
407 21
408 21
409 21
410 21
411 21
412 21
413 21
414 21
415 21
416 21
417 21
418 21
419 21
420 19
421 19
422 19
423 19
424 19
425 19
426 19
427 19
428 19
429 19
430 19
431 19
432 19
433 19
434 19
435 19
436 19
437 19
438 19
439 19
440 19
441 19
442 19
443 19
444 19
445 19
446 19
447 19
448 19
449 19
450 19
451 19
452 19
453 19
454 19
455 19
456 19
457 19
458 19
459 19
460 19
461 19
462 19
463 19
464 19
465 19
466 19
467 19
468 19
469 19
470 19
471 19
472 19
473 19
474 19
475 19
476 19
477 19
478 19
479 19
480 19
481 19
482 19
483 19
484 19
485 19
486 19
487 19
488 19
489 19
490 19
491 19
492 19
493 19
494 19
495 19
496 19
497 19
498 19
499 19
500 19
501 19
502 19
503 19
504 19
505 19
506 19
507 19
508 19
509 19
510 19
511 19
512 19
513 19
514 19
515 19
516 19
517 19
518 19
519 19
520 19
521 19
522 19
523 19
524 19
525 19
526 19
527 19
528 19
529 19
530 19
531 19
532 19
533 19
534 19
535 19
536 19
537 19
538 19
539 19
540 19
541 19
542 19
543 19
544 19
545 19
546 19
547 19
548 19
549 19
550 19
551 19
552 19
553 19
554 19
555 19
556 19
557 19
558 19
559 19
560 19
561 19
562 19
563 19
564 19
565 19
566 19
567 19
568 19
569 19
570 19
571 19
572 19
573 19
574 19
575 19
576 19
577 19
578 19
579 19
580 19
581 19
582 19
583 19
584 19
585 19
586 19
587 19
588 19
589 19
590 19
591 19
592 19
593 19
594 19
595 19
596 19
597 19
598 19
599 19
600 19
601 19
602 19
603 19
604 19
605 19
606 19
607 19
608 19
609 19
610 19
611 19
612 19
613 19
614 19
615 19
616 19
617 19
618 19
619 19
620 19
621 19
622 19
623 19
624 19
625 19
626 19
627 19
628 19
629 19
630 19
631 19
632 19
633 19
634 19
635 19
636 19
637 19
638 19
639 19
640 19
641 19
642 19
643 19
644 19
645 19
646 19
647 19
648 19
649 19
650 19
651 19
652 19
653 19
654 19
655 19
656 19
657 19
658 19
659 19
660 19
661 19
662 19
663 19
664 19
665 19
666 19
667 19
668 19
669 19
670 19
671 19
672 19
673 19
674 19
675 19
676 19
677 19
678 19
679 19
680 19
681 19
682 19
683 19
684 19
685 19
686 19
687 19
688 19
689 19
690 19
691 19
692 19
693 19
694 19
695 19
696 19
697 19
698 19
699 19
700 19
701 19
702 19
703 19
704 19
705 19
706 19
707 19
708 19
709 19
710 19
711 19
712 19
713 19
714 19
715 19
716 19
717 19
718 19
719 19
720 19
721 19
722 19
723 19
724 19
725 19
726 19
727 19
728 19
729 19
730 19
731 19
732 19
733 19
734 19
735 19
736 19
737 19
738 19
739 19
740 19
741 19
742 19
743 19
744 19
745 19
746 19
747 19
748 19
749 19
750 19
751 19
752 19
753 19
754 19
755 19
756 19
757 19
758 19
759 19
760 19
761 19
762 19
763 19
764 19
765 19
766 19
767 19
768 19
769 19
770 17
771 17
772 17
773 17
774 17
775 17
776 17
777 17
778 17
779 17
780 17
781 17
782 17
783 17
784 17
785 17
786 17
787 17
788 17
789 17
790 17
791 17
792 17
793 17
794 17
795 17
796 17
797 17
798 17
799 17
800 17
801 17
802 17
803 17
804 17
805 17
806 17
807 17
808 17
809 17
810 17
811 17
812 17
813 17
814 17
815 17
816 17
817 17
818 17
819 17
820 17
821 17
822 17
823 17
824 17
825 17
826 17
827 17
828 17
829 17
830 17
831 17
832 17
833 17
834 17
835 17
836 17
837 17
838 17
839 17
840 17
841 17
842 17
843 17
844 17
845 17
846 17
847 17
848 17
849 17
850 17
851 17
852 17
853 17
854 17
855 17
856 17
857 17
858 17
859 17
860 17
861 17
862 17
863 17
864 17
865 17
866 17
867 17
868 17
869 17
870 17
871 17
872 17
873 17
874 17
875 17
876 17
877 17
878 17
879 17
880 17
881 17
882 17
883 17
884 17
885 17
886 17
887 17
888 17
889 17
890 17
891 17
892 17
893 17
894 17
895 17
896 17
897 17
898 17
899 17
900 17
901 17
902 17
903 17
904 17
905 17
906 17
907 17
908 17
909 17
910 17
911 17
912 17
913 17
914 17
915 17
916 17
917 17
918 17
919 17
920 17
921 17
922 17
923 17
924 17
925 17
926 17
927 17
928 17
929 17
930 17
931 17
932 17
933 17
934 17
935 17
936 17
937 17
938 17
939 17
940 17
941 17
942 17
943 17
944 17
945 17
946 17
947 17
948 17
949 17
950 17
951 17
952 17
953 17
954 17
955 17
956 17
957 17
958 17
959 17
960 17
961 17
962 17
963 17
964 17
965 17
966 17
967 17
968 17
969 17
970 17
971 17
972 17
973 17
974 17
975 17
976 17
977 17
978 17
979 17
980 17
981 17
982 17
983 17
984 17
985 17
986 17
987 17
988 17
989 17
990 17
991 17
992 17
993 17
994 17
995 17
996 17
997 17
998 17
999 17
1000 17
1001 17
1002 17
1003 17
1004 17
1005 17
1006 17
1007 17
1008 17
1009 17
1010 17
1011 17
1012 17
1013 17
1014 17
1015 17
1016 17
1017 17
1018 17
1019 17
1020 17
1021 17
1022 17
1023 17
1024 17
1025 17
1026 17
1027 17
1028 17
1029 17
1030 17
1031 17
1032 17
1033 17
1034 17
1035 17
1036 17
1037 17
1038 17
1039 17
1040 17
1041 17
1042 17
1043 17
1044 17
1045 17
1046 17
1047 17
1048 17
1049 17
1050 17
1051 17
1052 17
1053 17
1054 17
1055 17
1056 17
1057 17
1058 17
1059 17
1060 17
1061 17
1062 17
1063 17
1064 17
1065 17
1066 17
1067 17
1068 17
1069 17
1070 17
1071 17
1072 17
1073 17
1074 17
1075 17
1076 17
1077 17
1078 17
1079 17
1080 17
1081 17
1082 17
1083 17
1084 17
1085 17
1086 17
1087 17
1088 17
1089 17
1090 17
1091 17
1092 17
1093 17
1094 17
1095 17
1096 17
1097 17
1098 17
1099 17
1100 17
1101 17
1102 17
1103 17
1104 17
1105 17
1106 17
1107 17
1108 17
1109 17
1110 17
1111 17
1112 17
1113 17
1114 17
1115 17
1116 17
1117 17
1118 17
1119 17
1120 17
1121 17
1122 17
1123 17
1124 17
1125 17
1126 17
1127 17
1128 17
1129 17
1130 17
1131 17
1132 17
1133 17
1134 17
1135 17
1136 17
1137 17
1138 17
1139 17
1140 17
1141 17
1142 17
1143 17
1144 17
1145 17
1146 17
1147 17
1148 17
1149 17
1150 17
1151 17
1152 17
1153 17
1154 17
1155 17
1156 17
1157 17
1158 17
1159 17
1160 18
1161 18
1162 18
1163 18
1164 18
1165 18
1166 18
1167 18
1168 18
1169 18
1170 18
1171 18
1172 18
1173 18
1174 18
1175 18
1176 18
1177 18
1178 18
1179 18
1180 18
1181 18
1182 18
1183 18
1184 18
1185 18
1186 18
1187 18
1188 18
1189 18
1190 18
1191 18
1192 18
1193 18
1194 18
1195 18
1196 18
1197 18
1198 18
1199 18
1200 18
1201 18
1202 18
1203 18
1204 18
1205 18
1206 18
1207 18
1208 18
1209 18
1210 18
1211 18
1212 18
1213 18
1214 18
1215 18
1216 18
1217 18
1218 18
1219 18
1220 18
1221 18
1222 18
1223 18
1224 18
1225 18
1226 18
1227 18
1228 18
1229 18
1230 18
1231 18
1232 18
1233 18
1234 18
1235 18
1236 18
1237 18
1238 18
1239 18
1240 18
1241 18
1242 18
1243 18
1244 18
1245 18
1246 18
1247 18
1248 18
1249 18
1250 18
1251 18
1252 18
1253 18
1254 18
1255 18
1256 18
1257 18
1258 18
1259 18
1260 18
1261 18
1262 18
1263 18
1264 18
1265 18
1266 18
1267 18
1268 18
1269 18
1270 18
1271 18
1272 18
1273 18
1274 18
1275 18
1276 18
1277 18
1278 18
1279 18
1280 18
1281 18
1282 18
1283 18
1284 18
1285 18
1286 18
1287 18
1288 18
1289 18
1290 18
1291 18
1292 18
1293 18
1294 18
1295 18
1296 18
1297 18
1298 18
1299 18
1300 18
1301 18
1302 18
1303 18
1304 18
1305 18
1306 18
1307 18
1308 18
1309 18
1310 18
1311 18
1312 18
1313 18
1314 18
1315 18
1316 18
1317 18
1318 18
1319 18
1320 18
1321 18
1322 18
1323 18
1324 18
1325 18
1326 18
1327 18
1328 18
1329 18
1330 18
1331 18
1332 18
1333 18
1334 18
1335 18
1336 18
1337 18
1338 18
1339 18
1340 18
1341 18
1342 18
1343 18
1344 18
1345 18
1346 18
1347 18
1348 18
1349 18
1350 18
1351 18
1352 18
1353 18
1354 18
1355 18
1356 18
1357 18
1358 18
1359 18
1360 18
1361 18
1362 18
1363 18
1364 18
1365 18
1366 18
1367 18
1368 18
1369 18
1370 18
1371 18
1372 18
1373 18
1374 18
1375 18
1376 18
1377 18
1378 18
1379 18
1380 18
1381 18
1382 18
1383 18
1384 18
1385 18
1386 18
1387 18
1388 18
1389 18
1390 18
1391 18
1392 18
1393 18
1394 18
1395 18
1396 18
1397 18
1398 18
1399 18
1400 18
1401 18
1402 18
1403 18
1404 18
1405 18
1406 18
1407 18
1408 18
1409 18
1410 18
1411 18
1412 18
1413 18
1414 18
1415 18
1416 18
1417 18
1418 18
1419 18
1420 18
1421 18
1422 18
1423 18
1424 18
1425 18
1426 18
1427 18
1428 18
1429 18
1430 18
1431 18
1432 18
1433 18
1434 18
1435 18
1436 18
1437 18
1438 18
1439 18
1440 18
1441 18
1442 18
1443 18
1444 18
1445 18
1446 18
1447 18
1448 18
1449 18
1450 18
1451 18
1452 18
1453 18
1454 18
1455 18
1456 18
1457 18
1458 18
1459 18
1460 18
1461 18
1462 18
1463 18
1464 18
1465 18
1466 18
1467 18
1468 18
1469 18
1470 18
1471 18
1472 18
1473 18
1474 18
1475 18
1476 18
1477 18
1478 18
1479 18
1480 18
1481 18
1482 18
1483 18
1484 18
1485 18
1486 18
1487 18
1488 18
1489 18
1490 18
1491 18
1492 18
1493 18
1494 18
1495 18
1496 18
1497 18
1498 18
1499 18
1500 18
1501 18
1502 18
1503 18
1504 18
1505 18
1506 18
1507 18
1508 18
1509 18
1510 18
1511 18
1512 18
1513 18
1514 18
1515 18
1516 18
1517 18
1518 18
1519 18
1520 18
1521 18
1522 18
1523 18
1524 18
1525 18
1526 18
1527 18
1528 18
1529 18
1530 18
1531 18
1532 18
1533 18
1534 18
1535 18
1536 18
1537 18
1538 18
1539 18
1540 18
1541 18
1542 18
1543 18
1544 18
1545 18
1546 18
1547 18
1548 18
1549 18
1550 16
1551 16
1552 16
1553 16
1554 16
1555 16
1556 16
1557 16
1558 16
1559 16
1560 16
1561 16
1562 16
1563 16
1564 16
1565 16
1566 16
1567 16
1568 16
1569 16
1570 16
1571 16
1572 16
1573 16
1574 16
1575 16
1576 16
1577 16
1578 16
1579 16
1580 16
1581 16
1582 16
1583 16
1584 16
1585 16
1586 16
1587 16
1588 16
1589 16
1590 16
1591 16
1592 16
1593 16
1594 16
1595 16
1596 16
1597 16
1598 16
1599 16
1600 16
1601 16
1602 16
1603 16
1604 16
1605 16
1606 16
1607 16
1608 16
1609 16
1610 16
1611 16
1612 16
1613 16
1614 16
1615 16
1616 16
1617 16
1618 16
1619 16
1620 16
1621 16
1622 16
1623 16
1624 16
1625 16
1626 16
1627 16
1628 16
1629 16
1630 16
1631 16
1632 16
1633 16
1634 16
1635 16
1636 16
1637 16
1638 16
1639 16
1640 16
1641 16
1642 16
1643 16
1644 16
1645 16
1646 16
1647 16
1648 16
1649 16
1650 16
1651 16
1652 16
1653 16
1654 16
1655 16
1656 16
1657 16
1658 16
1659 16
1660 16
1661 16
1662 16
1663 16
1664 16
1665 16
1666 16
1667 16
1668 16
1669 16
1670 16
1671 16
1672 16
1673 16
1674 16
1675 16
1676 16
1677 16
1678 16
1679 16
1680 16
1681 16
1682 16
1683 16
1684 16
1685 16
1686 16
1687 16
1688 16
1689 16
1690 16
1691 16
1692 16
1693 16
1694 16
1695 16
1696 16
1697 16
1698 16
1699 16
1700 16
1701 16
1702 16
1703 16
1704 16
1705 16
1706 16
1707 16
1708 16
1709 16
1710 16
1711 16
1712 16
1713 16
1714 16
1715 16
1716 16
1717 16
1718 16
1719 16
1720 16
1721 16
1722 16
1723 16
1724 16
1725 16
1726 16
1727 16
1728 16
1729 16
1730 16
1731 16
1732 16
1733 16
1734 16
1735 16
1736 16
1737 16
1738 16
1739 16
1740 16
1741 16
1742 16
1743 16
1744 16
1745 16
1746 16
1747 16
1748 16
1749 16
1750 16
1751 16
1752 16
1753 16
1754 16
1755 16
1756 16
1757 16
1758 16
1759 16
1760 16
1761 16
1762 16
1763 16
1764 16
1765 16
1766 16
1767 16
1768 16
1769 16
1770 16
1771 16
1772 16
1773 16
1774 16
1775 16
1776 16
1777 16
1778 16
1779 16
1780 16
1781 16
1782 16
1783 16
1784 16
1785 16
1786 16
1787 16
1788 16
1789 16
1790 16
1791 16
1792 16
1793 16
1794 16
1795 16
1796 16
1797 16
1798 16
1799 16
1800 16
1801 16
1802 16
1803 16
1804 16
1805 16
1806 16
1807 16
1808 16
1809 16
1810 16
1811 16
1812 16
1813 16
1814 16
1815 16
1816 16
1817 16
1818 16
1819 16
1820 16
1821 16
1822 16
1823 16
1824 16
1825 16
1826 16
1827 16
1828 16
1829 16
1830 16
1831 16
1832 16
1833 16
1834 16
1835 16
1836 16
1837 16
1838 16
1839 16
1840 16
1841 16
1842 16
1843 16
1844 16
1845 16
1846 16
1847 16
1848 16
1849 16
1850 16
1851 16
1852 16
1853 16
1854 16
1855 16
1856 16
1857 16
1858 16
1859 16
1860 16
1861 16
1862 16
1863 16
1864 16
1865 16
1866 16
1867 16
1868 16
1869 16
1870 16
1871 16
1872 16
1873 16
1874 16
1875 16
1876 16
1877 16
1878 16
1879 16
1880 16
1881 16
1882 16
1883 16
1884 16
1885 16
1886 16
1887 16
1888 16
1889 16
1890 16
1891 16
1892 16
1893 16
1894 16
1895 16
1896 16
1897 16
1898 16
1899 16
1900 16
1901 16
1902 16
1903 16
1904 16
1905 16
1906 16
1907 16
1908 16
1909 16
1910 16
1911 16
1912 16
1913 16
1914 16
1915 16
1916 16
1917 16
1918 16
1919 16
1920 16
1921 16
1922 16
1923 16
1924 16
1925 16
1926 16
1927 16
1928 16
1929 16
1930 16
1931 16
1932 16
1933 16
1934 16
1935 16
1936 16
1937 16
1938 16
1939 16
1940 16
1941 16
1942 16
1943 16
1944 16
1945 16
1946 16
1947 16
1948 16
1949 16
1950 16
1951 16
1952 16
1953 16
1954 16
1955 16
1956 16
1957 16
1958 16
1959 16
1960 11
1961 11
1962 11
1963 11
1964 11
1965 11
1966 11
1967 11
1968 11
1969 11
1970 11
1971 11
1972 11
1973 11
1974 11
1975 11
1976 11
1977 11
1978 11
1979 11
1980 11
1981 11
1982 11
1983 11
1984 11
1985 11
1986 11
1987 11
1988 11
1989 11
1990 11
1991 11
1992 11
1993 11
1994 11
1995 11
1996 11
1997 11
1998 11
1999 11
2000 11
2001 11
2002 11
2003 11
2004 11
2005 11
2006 11
2007 11
2008 11
2009 11
2010 11
2011 11
2012 11
2013 11
2014 11
2015 11
2016 11
2017 11
2018 11
2019 11
2020 11
2021 11
2022 11
2023 11
2024 11
2025 11
2026 11
2027 11
2028 11
2029 11
2030 11
2031 11
2032 11
2033 11
2034 11
2035 11
2036 11
2037 11
2038 11
2039 11
2040 11
2041 11
2042 11
2043 11
2044 11
2045 11
2046 11
2047 11
2048 11
2049 11
2050 11
2051 11
2052 11
2053 11
2054 11
2055 11
2056 11
2057 11
2058 11
2059 11
2060 11
2061 11
2062 11
2063 11
2064 11
2065 11
2066 11
2067 11
2068 11
2069 11
2070 11
2071 11
2072 11
2073 11
2074 11
2075 11
2076 11
2077 11
2078 11
2079 11
2080 11
2081 11
2082 11
2083 11
2084 11
2085 11
2086 11
2087 11
2088 11
2089 11
2090 11
2091 11
2092 11
2093 11
2094 11
2095 11
2096 11
2097 11
2098 11
2099 11
2100 11
2101 11
2102 11
2103 11
2104 11
2105 11
2106 11
2107 11
2108 11
2109 11
2110 11
2111 11
2112 11
2113 11
2114 11
2115 11
2116 11
2117 11
2118 11
2119 11
2120 11
2121 11
2122 11
2123 11
2124 11
2125 11
2126 11
2127 11
2128 11
2129 11
2130 11
2131 11
2132 11
2133 11
2134 11
2135 11
2136 11
2137 11
2138 11
2139 11
2140 11
2141 11
2142 11
2143 11
2144 11
2145 11
2146 11
2147 11
2148 11
2149 11
2150 11
2151 11
2152 11
2153 11
2154 11
2155 11
2156 11
2157 11
2158 11
2159 11
2160 11
2161 11
2162 11
2163 11
2164 11
2165 11
2166 11
2167 11
2168 11
2169 11
2170 11
2171 11
2172 11
2173 11
2174 11
2175 11
2176 11
2177 11
2178 11
2179 11
2180 11
2181 11
2182 11
2183 11
2184 11
2185 11
2186 11
2187 11
2188 11
2189 11
2190 11
2191 11
2192 11
2193 11
2194 11
2195 11
2196 11
2197 11
2198 11
2199 11
2200 11
2201 11
2202 11
2203 11
2204 11
2205 11
2206 11
2207 11
2208 11
2209 11
2210 11
2211 11
2212 11
2213 11
2214 11
2215 11
2216 11
2217 11
2218 11
2219 11
2220 11
2221 11
2222 11
2223 11
2224 11
2225 11
2226 11
2227 11
2228 11
2229 11
2230 11
2231 11
2232 11
2233 11
2234 11
2235 11
2236 11
2237 11
2238 11
2239 11
2240 11
2241 11
2242 11
2243 11
2244 11
2245 11
2246 11
2247 11
2248 11
2249 11
2250 11
2251 11
2252 11
2253 11
2254 11
2255 11
2256 11
2257 11
2258 11
2259 11
2260 11
2261 11
2262 11
2263 11
2264 11
2265 11
2266 11
2267 11
2268 11
2269 11
2270 11
2271 11
2272 11
2273 11
2274 11
2275 11
2276 11
2277 11
2278 11
2279 11
2280 11
2281 11
2282 11
2283 11
2284 11
2285 11
2286 11
2287 11
2288 11
2289 11
2290 11
2291 11
2292 11
2293 11
2294 11
2295 11
2296 11
2297 11
2298 11
2299 11
2300 11
2301 11
2302 11
2303 11
2304 11
2305 11
2306 11
2307 11
2308 11
2309 11
2310 11
2311 11
2312 11
2313 11
2314 11
2315 11
2316 11
2317 11
2318 11
2319 11
2320 11
2321 11
2322 11
2323 11
2324 11
2325 11
2326 11
2327 11
2328 11
2329 11
2330 11
2331 11
2332 11
2333 11
2334 11
2335 11
2336 11
2337 11
2338 11
2339 11
2340 11
2341 11
2342 11
2343 11
2344 11
2345 11
2346 11
2347 11
2348 11
2349 11
2350 11
2351 11
2352 11
2353 11
2354 11
2355 11
2356 11
2357 11
2358 11
2359 11
2360 11
2361 11
2362 11
2363 11
2364 11
2365 11
2366 11
2367 11
2368 11
2369 11
2370 11
2371 11
2372 11
2373 11
2374 11
2375 11
2376 11
2377 11
2378 11
2379 11
2380 11
2381 11
2382 11
2383 11
2384 11
2385 11
2386 11
2387 11
2388 11
2389 11
2390 11
2391 11
2392 11
2393 11
2394 11
2395 11
2396 11
2397 11
2398 11
2399 11
2400 11
2401 11
2402 11
2403 11
2404 11
2405 11
2406 11
2407 11
2408 11
2409 11
2410 11
2411 11
2412 11
2413 11
2414 11
2415 11
2416 11
2417 11
2418 11
2419 11
2420 11
2421 11
2422 11
2423 11
2424 11
2425 11
2426 11
2427 11
2428 11
2429 11
2430 3
2431 3
2432 3
2433 3
2434 3
2435 3
2436 3
2437 3
2438 3
2439 3
2440 3
2441 3
2442 3
2443 3
2444 3
2445 3
2446 3
2447 3
2448 3
2449 3
2450 3
2451 3
2452 3
2453 3
2454 3
2455 3
2456 3
2457 3
2458 3
2459 3
2460 3
2461 3
2462 3
2463 3
2464 3
2465 3
2466 3
2467 3
2468 3
2469 3
2470 3
2471 3
2472 3
2473 3
2474 3
2475 3
2476 3
2477 3
2478 3
2479 3
2480 3
2481 3
2482 3
2483 3
2484 3
2485 3
2486 3
2487 3
2488 3
2489 3
2490 3
2491 3
2492 3
2493 3
2494 3
2495 3
2496 3
2497 3
2498 3
2499 3
2500 3
2501 3
2502 3
2503 3
2504 3
2505 3
2506 3
2507 3
2508 3
2509 3
2510 3
2511 3
2512 3
2513 3
2514 3
2515 3
2516 3
2517 3
2518 3
2519 3
2520 3
2521 3
2522 3
2523 3
2524 3
2525 3
2526 3
2527 3
2528 3
2529 3
2530 3
2531 3
2532 3
2533 3
2534 3
2535 3
2536 3
2537 3
2538 3
2539 3
2540 3
2541 3
2542 3
2543 3
2544 3
2545 3
2546 3
2547 3
2548 3
2549 3
2550 3
2551 3
2552 3
2553 3
2554 3
2555 3
2556 3
2557 3
2558 3
2559 3
2560 3
2561 3
2562 3
2563 3
2564 3
2565 3
2566 3
2567 3
2568 3
2569 3
2570 3
2571 3
2572 3
2573 3
2574 3
2575 3
2576 3
2577 3
2578 3
2579 3
2580 3
2581 3
2582 3
2583 3
2584 3
2585 3
2586 3
2587 3
2588 3
2589 3
2590 3
2591 3
2592 3
2593 3
2594 3
2595 3
2596 3
2597 3
2598 3
2599 3
2600 3
2601 3
2602 3
2603 3
2604 3
2605 3
2606 3
2607 3
2608 3
2609 3
2610 3
2611 3
2612 3
2613 3
2614 3
2615 3
2616 3
2617 3
2618 3
2619 3
2620 3
2621 3
2622 3
2623 3
2624 3
2625 3
2626 3
2627 3
2628 3
2629 3
2630 3
2631 3
2632 3
2633 3
2634 3
2635 3
2636 3
2637 3
2638 3
2639 3
2640 3
2641 3
2642 3
2643 3
2644 3
2645 3
2646 3
2647 3
2648 3
2649 3
2650 3
2651 3
2652 3
2653 3
2654 3
2655 3
2656 3
2657 3
2658 3
2659 3
2660 3
2661 3
2662 3
2663 3
2664 3
2665 3
2666 3
2667 3
2668 3
2669 3
2670 3
2671 3
2672 3
2673 3
2674 3
2675 3
2676 3
2677 3
2678 3
2679 3
2680 3
2681 3
2682 3
2683 3
2684 3
2685 3
2686 3
2687 3
2688 3
2689 3
2690 3
2691 3
2692 3
2693 3
2694 3
2695 3
2696 3
2697 3
2698 3
2699 3
2700 3
2701 3
2702 3
2703 3
2704 3
2705 3
2706 3
2707 3
2708 3
2709 3
2710 3
2711 3
2712 3
2713 3
2714 3
2715 3
2716 3
2717 3
2718 3
2719 3
2720 3
2721 3
2722 3
2723 3
2724 3
2725 3
2726 3
2727 3
2728 3
2729 3
2730 3
2731 3
2732 3
2733 3
2734 3
2735 3
2736 3
2737 3
2738 3
2739 3
2740 3
2741 3
2742 3
2743 3
2744 3
2745 3
2746 3
2747 3
2748 3
2749 3
2750 3
2751 3
2752 3
2753 3
2754 3
2755 3
2756 3
2757 3
2758 3
2759 3
2760 3
2761 3
2762 3
2763 3
2764 3
2765 3
2766 3
2767 3
2768 3
2769 3
2770 3
2771 3
2772 3
2773 3
2774 3
2775 3
2776 3
2777 3
2778 3
2779 3
2780 3
2781 3
2782 3
2783 3
2784 3
2785 3
2786 3
2787 3
2788 3
2789 3
2790 3
2791 3
2792 3
2793 3
2794 3
2795 3
2796 3
2797 3
2798 3
2799 3
2800 3
2801 3
2802 3
2803 3
2804 3
2805 3
2806 3
2807 3
2808 3
2809 3
2810 3
2811 3
2812 3
2813 3
2814 3
2815 3
2816 3
2817 3
2818 3
2819 3
2820 3
2821 3
2822 3
2823 3
2824 3
2825 3
2826 3
2827 3
2828 3
2829 3
2830 3
2831 3
2832 3
2833 3
2834 3
2835 3
2836 3
2837 3
2838 3
2839 3
2840 3
2841 3
2842 3
2843 3
2844 3
2845 3
2846 3
2847 3
2848 3
2849 3
2850 3
2851 3
2852 3
2853 3
2854 3
2855 3
2856 3
2857 3
2858 3
2859 3
2860 3
2861 3
2862 3
2863 3
2864 3
2865 3
2866 3
2867 3
2868 3
2869 3
2870 3
2871 3
2872 3
2873 3
2874 3
2875 3
2876 3
2877 3
2878 3
2879 3
2880 3
2881 3
2882 3
2883 3
2884 3
2885 3
2886 3
2887 3
2888 3
2889 3
2890 3
2891 3
2892 3
2893 3
2894 3
2895 3
2896 3
2897 3
2898 3
2899 3
2900 3
2901 3
2902 3
2903 3
2904 3
2905 3
2906 3
2907 3
2908 3
2909 3
2910 3
2911 3
2912 3
2913 3
2914 3
2915 3
2916 3
2917 3
2918 3
2919 3
2920 3
2921 3
2922 3
2923 3
2924 3
2925 3
2926 3
2927 3
2928 3
2929 3
2930 3
2931 3
2932 3
2933 3
2934 3
2935 3
2936 3
2937 3
2938 3
2939 3
2940 0
2941 0
2942 0
2943 0
2944 0
2945 0
2946 0
2947 0
2948 0
2949 0
2950 0
2951 0
2952 0
2953 0
2954 0
2955 0
2956 0
2957 0
2958 0
2959 0
2960 0
2961 0
2962 0
2963 0
2964 0
2965 0
2966 0
2967 0
2968 0
2969 0
2970 0
2971 0
2972 0
2973 0
2974 0
2975 0
2976 0
2977 0
2978 0
2979 0
2980 0
2981 0
2982 0
2983 0
2984 0
2985 0
2986 0
2987 0
2988 0
2989 0
2990 0
2991 0
2992 0
2993 0
2994 0
2995 0
2996 0
2997 0
2998 0
2999 0
3000 0
3001 0
3002 0
3003 0
3004 0
3005 0
3006 0
3007 0
3008 0
3009 0
3010 0
3011 0
3012 0
3013 0
3014 0
3015 0
3016 0
3017 0
3018 0
3019 0
3020 0
3021 0
3022 0
3023 0
3024 0
3025 0
3026 0
3027 0
3028 0
3029 0
3030 0
3031 0
3032 0
3033 0
3034 0
3035 0
3036 0
3037 0
3038 0
3039 0
3040 0
3041 0
3042 0
3043 0
3044 0
3045 0
3046 0
3047 0
3048 0
3049 0
3050 0
3051 0
3052 0
3053 0
3054 0
3055 0
3056 0
3057 0
3058 0
3059 0
3060 0
3061 0
3062 0
3063 0
3064 0
3065 0
3066 0
3067 0
3068 0
3069 0
3070 0
3071 0
3072 0
3073 0
3074 0
3075 0
3076 0
3077 0
3078 0
3079 0
3080 0
3081 0
3082 0
3083 0
3084 0
3085 0
3086 0
3087 0
3088 0
3089 0
3090 0
3091 0
3092 0
3093 0
3094 0
3095 0
3096 0
3097 0
3098 0
3099 0
3100 0
3101 0
3102 0
3103 0
3104 0
3105 0
3106 0
3107 0
3108 0
3109 0
3110 0
3111 0
3112 0
3113 0
3114 0
3115 0
3116 0
3117 0
3118 0
3119 0
3120 0
3121 0
3122 0
3123 0
3124 0
3125 0
3126 0
3127 0
3128 0
3129 0
3130 0
3131 0
3132 0
3133 0
3134 0
3135 0
3136 0
3137 0
3138 0
3139 0
3140 0
3141 0
3142 0
3143 0
3144 0
3145 0
3146 0
3147 0
3148 0
3149 0
3150 0
3151 0
3152 0
3153 0
3154 0
3155 0
3156 0
3157 0
3158 0
3159 0
3160 0
3161 0
3162 0
3163 0
3164 0
3165 0
3166 0
3167 0
3168 0
3169 0
3170 0
3171 0
3172 0
3173 0
3174 0
3175 0
3176 0
3177 0
3178 0
3179 0
3180 0
3181 0
3182 0
3183 0
3184 0
3185 0
3186 0
3187 0
3188 0
3189 0
3190 0
3191 0
3192 0
3193 0
3194 0
3195 0
3196 0
3197 0
3198 0
3199 0
3200 0
3201 0
3202 0
3203 0
3204 0
3205 0
3206 0
3207 0
3208 0
3209 0
3210 0
3211 0
3212 0
3213 0
3214 0
3215 0
3216 0
3217 0
3218 0
3219 0
3220 0
3221 0
3222 0
3223 0
3224 0
3225 0
3226 0
3227 0
3228 0
3229 0
3230 0
3231 0
3232 0
3233 0
3234 0
3235 0
3236 0
3237 0
3238 0
3239 0
3240 0
3241 0
3242 0
3243 0
3244 0
3245 0
3246 0
3247 0
3248 0
3249 0
3250 0
3251 0
3252 0
3253 0
3254 0
3255 0
3256 0
3257 0
3258 0
3259 0
3260 0
3261 0
3262 0
3263 0
3264 0
3265 0
3266 0
3267 0
3268 0
3269 0
3270 0
3271 0
3272 0
3273 0
3274 0
3275 0
3276 0
3277 0
3278 0
3279 0
3280 0
3281 0
3282 0
3283 0
3284 0
3285 0
3286 0
3287 0
3288 0
3289 0
3290 0
3291 0
3292 0
3293 0
3294 0
3295 0
3296 0
3297 0
3298 0
3299 0
3300 0
3301 0
3302 0
3303 0
3304 0
3305 0
3306 0
3307 0
3308 0
3309 0
3310 0
3311 0
3312 0
3313 0
3314 0
3315 0
3316 0
3317 0
3318 0
3319 0
3320 0
3321 0
3322 0
3323 0
3324 0
3325 0
3326 0
3327 0
3328 0
3329 0
3330 0
3331 0
3332 0
3333 0
3334 0
3335 0
3336 0
3337 0
3338 0
3339 0
3340 0
3341 0
3342 0
3343 0
3344 0
3345 0
3346 0
3347 0
3348 0
3349 0
3350 0
3351 0
3352 0
3353 0
3354 0
3355 0
3356 0
3357 0
3358 0
3359 0
3360 0
3361 0
3362 0
3363 0
3364 0
3365 0
3366 0
3367 0
3368 0
3369 0
3370 0
3371 0
3372 0
3373 0
3374 0
3375 0
3376 0
3377 0
3378 0
3379 0
3380 0
3381 0
3382 0
3383 0
3384 0
3385 0
3386 0
3387 0
3388 0
3389 0
3390 0
3391 0
3392 0
3393 0
3394 0
3395 0
3396 0
3397 0
3398 0
3399 0
3400 0
3401 0
3402 0
3403 0
3404 0
3405 0
3406 0
3407 0
3408 0
3409 0
3410 0
3411 0
3412 0
3413 0
3414 0
3415 0
3416 0
3417 0
3418 0
3419 0
3420 0
3421 0
3422 0
3423 0
3424 0
3425 0
3426 0
3427 0
3428 0
3429 0
3430 0
3431 0
3432 0
3433 0
3434 0
3435 0
3436 0
3437 0
3438 0
3439 0
3440 0
3441 0
3442 0
3443 0
3444 0
3445 0
3446 0
3447 0
3448 0
3449 0
3450 0
3451 0
3452 0
3453 0
3454 0
3455 0
3456 0
3457 0
3458 0
3459 0
3460 0
3461 0
3462 0
3463 0
3464 0
3465 0
3466 0
3467 0
3468 0
3469 0
3470 0
3471 0
3472 0
3473 0
3474 0
3475 0
3476 0
3477 0
3478 0
3479 0
3480 0
3481 0
3482 0
3483 0
3484 0
3485 0
3486 0
3487 0
3488 0
3489 0
3490 20
3491 20
3492 20
3493 20
3494 20
3495 20
3496 20
3497 20
3498 20
3499 20
3500 20
3501 20
3502 20
3503 20
3504 20
3505 20
3506 20
3507 20
3508 20
3509 20
3510 20
3511 20
3512 20
3513 20
3514 20
3515 20
3516 20
3517 20
3518 20
3519 20
3520 20
3521 20
3522 20
3523 20
3524 20
3525 20
3526 20
3527 20
3528 20
3529 20
3530 20
3531 20
3532 20
3533 20
3534 20
3535 20
3536 20
3537 20
3538 20
3539 20
3540 20
3541 20
3542 20
3543 20
3544 20
3545 20
3546 20
3547 20
3548 20
3549 20
3550 20
3551 20
3552 20
3553 20
3554 20
3555 20
3556 20
3557 20
3558 20
3559 20
3560 20
3561 20
3562 20
3563 20
3564 20
3565 20
3566 20
3567 20
3568 20
3569 20
3570 20
3571 20
3572 20
3573 20
3574 20
3575 20
3576 20
3577 20
3578 20
3579 20
3580 20
3581 20
3582 20
3583 20
3584 20
3585 20
3586 20
3587 20
3588 20
3589 20
3590 20
3591 20
3592 20
3593 20
3594 20
3595 20
3596 20
3597 20
3598 20
3599 20
3600 20
3601 20
3602 20
3603 20
3604 20
3605 20
3606 20
3607 20
3608 20
3609 20
3610 20
3611 20
3612 20
3613 20
3614 20
3615 20
3616 20
3617 20
3618 20
3619 20
3620 20
3621 20
3622 20
3623 20
3624 20
3625 20
3626 20
3627 20
3628 20
3629 20
3630 20
3631 20
3632 20
3633 20
3634 20
3635 20
3636 20
3637 20
3638 20
3639 20
3640 20
3641 20
3642 20
3643 20
3644 20
3645 20
3646 20
3647 20
3648 20
3649 20
3650 20
3651 20
3652 20
3653 20
3654 20
3655 20
3656 20
3657 20
3658 20
3659 20
3660 20
3661 20
3662 20
3663 20
3664 20
3665 20
3666 20
3667 20
3668 20
3669 20
3670 20
3671 20
3672 20
3673 20
3674 20
3675 20
3676 20
3677 20
3678 20
3679 20
3680 20
3681 20
3682 20
3683 20
3684 20
3685 20
3686 20
3687 20
3688 20
3689 20
3690 20
3691 20
3692 20
3693 20
3694 20
3695 20
3696 20
3697 20
3698 20
3699 20
3700 20
3701 20
3702 20
3703 20
3704 20
3705 20
3706 20
3707 20
3708 20
3709 20
3710 20
3711 20
3712 20
3713 20
3714 20
3715 20
3716 20
3717 20
3718 20
3719 20
3720 20
3721 20
3722 20
3723 20
3724 20
3725 20
3726 20
3727 20
3728 20
3729 20
3730 20
3731 20
3732 20
3733 20
3734 20
3735 20
3736 20
3737 20
3738 20
3739 20
3740 20
3741 20
3742 20
3743 20
3744 20
3745 20
3746 20
3747 20
3748 20
3749 20
3750 20
3751 20
3752 20
3753 20
3754 20
3755 20
3756 20
3757 20
3758 20
3759 20
3760 20
3761 20
3762 20
3763 20
3764 20
3765 20
3766 20
3767 20
3768 20
3769 20
3770 20
3771 20
3772 20
3773 20
3774 20
3775 20
3776 20
3777 20
3778 20
3779 20
3780 20
3781 20
3782 20
3783 20
3784 20
3785 20
3786 20
3787 20
3788 20
3789 20
3790 20
3791 20
3792 20
3793 20
3794 20
3795 20
3796 20
3797 20
3798 20
3799 20
3800 20
3801 20
3802 20
3803 20
3804 20
3805 20
3806 20
3807 20
3808 20
3809 20
3810 20
3811 20
3812 20
3813 20
3814 20
3815 20
3816 20
3817 20
3818 20
3819 20
3820 20
3821 20
3822 20
3823 20
3824 20
3825 20
3826 20
3827 20
3828 20
3829 20
3830 15
3831 15
3832 15
3833 15
3834 15
3835 15
3836 15
3837 15
3838 15
3839 15
3840 15
3841 15
3842 15
3843 15
3844 15
3845 15
3846 15
3847 15
3848 15
3849 15
3850 15
3851 15
3852 15
3853 15
3854 15
3855 15
3856 15
3857 15
3858 15
3859 15
3860 15
3861 15
3862 15
3863 15
3864 15
3865 15
3866 15
3867 15
3868 15
3869 15
3870 15
3871 15
3872 15
3873 15
3874 15
3875 15
3876 15
3877 15
3878 15
3879 15
3880 15
3881 15
3882 15
3883 15
3884 15
3885 15
3886 15
3887 15
3888 15
3889 15
3890 15
3891 15
3892 15
3893 15
3894 15
3895 15
3896 15
3897 15
3898 15
3899 15
3900 15
3901 15
3902 15
3903 15
3904 15
3905 15
3906 15
3907 15
3908 15
3909 15
3910 15
3911 15
3912 15
3913 15
3914 15
3915 15
3916 15
3917 15
3918 15
3919 15
3920 15
3921 15
3922 15
3923 15
3924 15
3925 15
3926 15
3927 15
3928 15
3929 15
3930 15
3931 15
3932 15
3933 15
3934 15
3935 15
3936 15
3937 15
3938 15
3939 15
3940 15
3941 15
3942 15
3943 15
3944 15
3945 15
3946 15
3947 15
3948 15
3949 15
3950 15
3951 15
3952 15
3953 15
3954 15
3955 15
3956 15
3957 15
3958 15
3959 15
3960 15
3961 15
3962 15
3963 15
3964 15
3965 15
3966 15
3967 15
3968 15
3969 15
3970 15
3971 15
3972 15
3973 15
3974 15
3975 15
3976 15
3977 15
3978 15
3979 15
3980 15
3981 15
3982 15
3983 15
3984 15
3985 15
3986 15
3987 15
3988 15
3989 15
3990 15
3991 15
3992 15
3993 15
3994 15
3995 15
3996 15
3997 15
3998 15
3999 15
4000 15
4001 15
4002 15
4003 15
4004 15
4005 15
4006 15
4007 15
4008 15
4009 15
4010 15
4011 15
4012 15
4013 15
4014 15
4015 15
4016 15
4017 15
4018 15
4019 15
4020 15
4021 15
4022 15
4023 15
4024 15
4025 15
4026 15
4027 15
4028 15
4029 15
4030 15
4031 15
4032 15
4033 15
4034 15
4035 15
4036 15
4037 15
4038 15
4039 15
4040 15
4041 15
4042 15
4043 15
4044 15
4045 15
4046 15
4047 15
4048 15
4049 15
4050 15
4051 15
4052 15
4053 15
4054 15
4055 15
4056 15
4057 15
4058 15
4059 15
4060 15
4061 15
4062 15
4063 15
4064 15
4065 15
4066 15
4067 15
4068 15
4069 15
4070 15
4071 15
4072 15
4073 15
4074 15
4075 15
4076 15
4077 15
4078 15
4079 15
4080 15
4081 15
4082 15
4083 15
4084 15
4085 15
4086 15
4087 15
4088 15
4089 15
4090 15
4091 15
4092 15
4093 15
4094 15
4095 15
4096 15
4097 15
4098 15
4099 15
4100 15
4101 15
4102 15
4103 15
4104 15
4105 15
4106 15
4107 15
4108 15
4109 15
4110 15
4111 15
4112 15
4113 15
4114 15
4115 15
4116 15
4117 15
4118 15
4119 15
4120 15
4121 15
4122 15
4123 15
4124 15
4125 15
4126 15
4127 15
4128 15
4129 15
4130 15
4131 15
4132 15
4133 15
4134 15
4135 15
4136 15
4137 15
4138 15
4139 15
4140 15
4141 15
4142 15
4143 15
4144 15
4145 15
4146 15
4147 15
4148 15
4149 15
4150 15
4151 15
4152 15
4153 15
4154 15
4155 15
4156 15
4157 15
4158 15
4159 15
4160 15
4161 15
4162 15
4163 15
4164 15
4165 15
4166 15
4167 15
4168 15
4169 15
4170 15
4171 15
4172 15
4173 15
4174 15
4175 15
4176 15
4177 15
4178 15
4179 15
4180 15
4181 15
4182 15
4183 15
4184 15
4185 15
4186 15
4187 15
4188 15
4189 15
4190 15
4191 15
4192 15
4193 15
4194 15
4195 15
4196 15
4197 15
4198 15
4199 15
4200 15
4201 15
4202 15
4203 15
4204 15
4205 15
4206 15
4207 15
4208 15
4209 15
4210 15
4211 15
4212 15
4213 15
4214 15
4215 15
4216 15
4217 15
4218 15
4219 15
4220 15
4221 15
4222 15
4223 15
4224 15
4225 15
4226 15
4227 15
4228 15
4229 15
4230 15
4231 15
4232 15
4233 15
4234 15
4235 15
4236 15
4237 15
4238 15
4239 15
4240 15
4241 15
4242 15
4243 15
4244 15
4245 15
4246 15
4247 15
4248 15
4249 15
4250 15
4251 15
4252 15
4253 15
4254 15
4255 15
4256 15
4257 15
4258 15
4259 15
4260 14
4261 14
4262 14
4263 14
4264 14
4265 14
4266 14
4267 14
4268 14
4269 14
4270 14
4271 14
4272 14
4273 14
4274 14
4275 14
4276 14
4277 14
4278 14
4279 14
4280 14
4281 14
4282 14
4283 14
4284 14
4285 14
4286 14
4287 14
4288 14
4289 14
4290 14
4291 14
4292 14
4293 14
4294 14
4295 14
4296 14
4297 14
4298 14
4299 14
4300 14
4301 14
4302 14
4303 14
4304 14
4305 14
4306 14
4307 14
4308 14
4309 14
4310 14
4311 14
4312 14
4313 14
4314 14
4315 14
4316 14
4317 14
4318 14
4319 14
4320 14
4321 14
4322 14
4323 14
4324 14
4325 14
4326 14
4327 14
4328 14
4329 14
4330 14
4331 14
4332 14
4333 14
4334 14
4335 14
4336 14
4337 14
4338 14
4339 14
4340 14
4341 14
4342 14
4343 14
4344 14
4345 14
4346 14
4347 14
4348 14
4349 14
4350 14
4351 14
4352 14
4353 14
4354 14
4355 14
4356 14
4357 14
4358 14
4359 14
4360 14
4361 14
4362 14
4363 14
4364 14
4365 14
4366 14
4367 14
4368 14
4369 14
4370 14
4371 14
4372 14
4373 14
4374 14
4375 14
4376 14
4377 14
4378 14
4379 14
4380 14
4381 14
4382 14
4383 14
4384 14
4385 14
4386 14
4387 14
4388 14
4389 14
4390 14
4391 14
4392 14
4393 14
4394 14
4395 14
4396 14
4397 14
4398 14
4399 14
4400 14
4401 14
4402 14
4403 14
4404 14
4405 14
4406 14
4407 14
4408 14
4409 14
4410 14
4411 14
4412 14
4413 14
4414 14
4415 14
4416 14
4417 14
4418 14
4419 14
4420 14
4421 14
4422 14
4423 14
4424 14
4425 14
4426 14
4427 14
4428 14
4429 14
4430 14
4431 14
4432 14
4433 14
4434 14
4435 14
4436 14
4437 14
4438 14
4439 14
4440 14
4441 14
4442 14
4443 14
4444 14
4445 14
4446 14
4447 14
4448 14
4449 14
4450 14
4451 14
4452 14
4453 14
4454 14
4455 14
4456 14
4457 14
4458 14
4459 14
4460 14
4461 14
4462 14
4463 14
4464 14
4465 14
4466 14
4467 14
4468 14
4469 14
4470 14
4471 14
4472 14
4473 14
4474 14
4475 14
4476 14
4477 14
4478 14
4479 14
4480 14
4481 14
4482 14
4483 14
4484 14
4485 14
4486 14
4487 14
4488 14
4489 14
4490 14
4491 14
4492 14
4493 14
4494 14
4495 14
4496 14
4497 14
4498 14
4499 14
4500 14
4501 14
4502 14
4503 14
4504 14
4505 14
4506 14
4507 14
4508 14
4509 14
4510 14
4511 14
4512 14
4513 14
4514 14
4515 14
4516 14
4517 14
4518 14
4519 14
4520 14
4521 14
4522 14
4523 14
4524 14
4525 14
4526 14
4527 14
4528 14
4529 14
4530 14
4531 14
4532 14
4533 14
4534 14
4535 14
4536 14
4537 14
4538 14
4539 14
4540 14
4541 14
4542 14
4543 14
4544 14
4545 14
4546 14
4547 14
4548 14
4549 14
4550 14
4551 14
4552 14
4553 14
4554 14
4555 14
4556 14
4557 14
4558 14
4559 14
4560 14
4561 14
4562 14
4563 14
4564 14
4565 14
4566 14
4567 14
4568 14
4569 14
4570 14
4571 14
4572 14
4573 14
4574 14
4575 14
4576 14
4577 14
4578 14
4579 14
4580 14
4581 14
4582 14
4583 14
4584 14
4585 14
4586 14
4587 14
4588 14
4589 14
4590 14
4591 14
4592 14
4593 14
4594 14
4595 14
4596 14
4597 14
4598 14
4599 14
4600 14
4601 14
4602 14
4603 14
4604 14
4605 14
4606 14
4607 14
4608 14
4609 14
4610 14
4611 14
4612 14
4613 14
4614 14
4615 14
4616 14
4617 14
4618 14
4619 14
4620 14
4621 14
4622 14
4623 14
4624 14
4625 14
4626 14
4627 14
4628 14
4629 14
4630 14
4631 14
4632 14
4633 14
4634 14
4635 14
4636 14
4637 14
4638 14
4639 14
4640 14
4641 14
4642 14
4643 14
4644 14
4645 14
4646 14
4647 14
4648 14
4649 14
4650 14
4651 14
4652 14
4653 14
4654 14
4655 14
4656 14
4657 14
4658 14
4659 14
4660 14
4661 14
4662 14
4663 14
4664 14
4665 14
4666 14
4667 14
4668 14
4669 14
4670 14
4671 14
4672 14
4673 14
4674 14
4675 14
4676 14
4677 14
4678 14
4679 14
4680 14
4681 14
4682 14
4683 14
4684 14
4685 14
4686 14
4687 14
4688 14
4689 14
4690 7
4691 7
4692 7
4693 7
4694 7
4695 7
4696 7
4697 7
4698 7
4699 7
4700 7
4701 7
4702 7
4703 7
4704 7
4705 7
4706 7
4707 7
4708 7
4709 7
4710 7
4711 7
4712 7
4713 7
4714 7
4715 7
4716 7
4717 7
4718 7
4719 7
4720 7
4721 7
4722 7
4723 7
4724 7
4725 7
4726 7
4727 7
4728 7
4729 7
4730 7
4731 7
4732 7
4733 7
4734 7
4735 7
4736 7
4737 7
4738 7
4739 7
4740 7
4741 7
4742 7
4743 7
4744 7
4745 7
4746 7
4747 7
4748 7
4749 7
4750 7
4751 7
4752 7
4753 7
4754 7
4755 7
4756 7
4757 7
4758 7
4759 7
4760 7
4761 7
4762 7
4763 7
4764 7
4765 7
4766 7
4767 7
4768 7
4769 7
4770 7
4771 7
4772 7
4773 7
4774 7
4775 7
4776 7
4777 7
4778 7
4779 7
4780 7
4781 7
4782 7
4783 7
4784 7
4785 7
4786 7
4787 7
4788 7
4789 7
4790 7
4791 7
4792 7
4793 7
4794 7
4795 7
4796 7
4797 7
4798 7
4799 7
4800 7
4801 7
4802 7
4803 7
4804 7
4805 7
4806 7
4807 7
4808 7
4809 7
4810 7
4811 7
4812 7
4813 7
4814 7
4815 7
4816 7
4817 7
4818 7
4819 7
4820 7
4821 7
4822 7
4823 7
4824 7
4825 7
4826 7
4827 7
4828 7
4829 7
4830 7
4831 7
4832 7
4833 7
4834 7
4835 7
4836 7
4837 7
4838 7
4839 7
4840 7
4841 7
4842 7
4843 7
4844 7
4845 7
4846 7
4847 7
4848 7
4849 7
4850 7
4851 7
4852 7
4853 7
4854 7
4855 7
4856 7
4857 7
4858 7
4859 7
4860 7
4861 7
4862 7
4863 7
4864 7
4865 7
4866 7
4867 7
4868 7
4869 7
4870 7
4871 7
4872 7
4873 7
4874 7
4875 7
4876 7
4877 7
4878 7
4879 7
4880 7
4881 7
4882 7
4883 7
4884 7
4885 7
4886 7
4887 7
4888 7
4889 7
4890 7
4891 7
4892 7
4893 7
4894 7
4895 7
4896 7
4897 7
4898 7
4899 7
4900 7
4901 7
4902 7
4903 7
4904 7
4905 7
4906 7
4907 7
4908 7
4909 7
4910 7
4911 7
4912 7
4913 7
4914 7
4915 7
4916 7
4917 7
4918 7
4919 7
4920 7
4921 7
4922 7
4923 7
4924 7
4925 7
4926 7
4927 7
4928 7
4929 7
4930 7
4931 7
4932 7
4933 7
4934 7
4935 7
4936 7
4937 7
4938 7
4939 7
4940 7
4941 7
4942 7
4943 7
4944 7
4945 7
4946 7
4947 7
4948 7
4949 7
4950 7
4951 7
4952 7
4953 7
4954 7
4955 7
4956 7
4957 7
4958 7
4959 7
4960 7
4961 7
4962 7
4963 7
4964 7
4965 7
4966 7
4967 7
4968 7
4969 7
4970 7
4971 7
4972 7
4973 7
4974 7
4975 7
4976 7
4977 7
4978 7
4979 7
4980 7
4981 7
4982 7
4983 7
4984 7
4985 7
4986 7
4987 7
4988 7
4989 7
4990 7
4991 7
4992 7
4993 7
4994 7
4995 7
4996 7
4997 7
4998 7
4999 7
5000 7
5001 7
5002 7
5003 7
5004 7
5005 7
5006 7
5007 7
5008 7
5009 7
5010 7
5011 7
5012 7
5013 7
5014 7
5015 7
5016 7
5017 7
5018 7
5019 7
5020 7
5021 7
5022 7
5023 7
5024 7
5025 7
5026 7
5027 7
5028 7
5029 7
5030 7
5031 7
5032 7
5033 7
5034 7
5035 7
5036 7
5037 7
5038 7
5039 7
5040 7
5041 7
5042 7
5043 7
5044 7
5045 7
5046 7
5047 7
5048 7
5049 7
5050 7
5051 7
5052 7
5053 7
5054 7
5055 7
5056 7
5057 7
5058 7
5059 7
5060 7
5061 7
5062 7
5063 7
5064 7
5065 7
5066 7
5067 7
5068 7
5069 7
5070 7
5071 7
5072 7
5073 7
5074 7
5075 7
5076 7
5077 7
5078 7
5079 7
5080 7
5081 7
5082 7
5083 7
5084 7
5085 7
5086 7
5087 7
5088 7
5089 7
5090 7
5091 7
5092 7
5093 7
5094 7
5095 7
5096 7
5097 7
5098 7
5099 7
5100 7
5101 7
5102 7
5103 7
5104 7
5105 7
5106 7
5107 7
5108 7
5109 7
5110 7
5111 7
5112 7
5113 7
5114 7
5115 7
5116 7
5117 7
5118 7
5119 7
5120 7
5121 7
5122 7
5123 7
5124 7
5125 7
5126 7
5127 7
5128 7
5129 7
5130 7
5131 7
5132 7
5133 7
5134 7
5135 7
5136 7
5137 7
5138 7
5139 7
5140 7
5141 7
5142 7
5143 7
5144 7
5145 7
5146 7
5147 7
5148 7
5149 7
5150 7
5151 7
5152 7
5153 7
5154 7
5155 7
5156 7
5157 7
5158 7
5159 7
5160 7
5161 7
5162 7
5163 7
5164 7
5165 7
5166 7
5167 7
5168 7
5169 7
5170 7
5171 7
5172 7
5173 7
5174 7
5175 7
5176 7
5177 7
5178 7
5179 7
5180 7
5181 7
5182 7
5183 7
5184 7
5185 7
5186 7
5187 7
5188 7
5189 7
5190 6
5191 6
5192 6
5193 6
5194 6
5195 6
5196 6
5197 6
5198 6
5199 6
5200 6
5201 6
5202 6
5203 6
5204 6
5205 6
5206 6
5207 6
5208 6
5209 6
5210 6
5211 6
5212 6
5213 6
5214 6
5215 6
5216 6
5217 6
5218 6
5219 6
5220 6
5221 6
5222 6
5223 6
5224 6
5225 6
5226 6
5227 6
5228 6
5229 6
5230 6
5231 6
5232 6
5233 6
5234 6
5235 6
5236 6
5237 6
5238 6
5239 6
5240 6
5241 6
5242 6
5243 6
5244 6
5245 6
5246 6
5247 6
5248 6
5249 6
5250 6
5251 6
5252 6
5253 6
5254 6
5255 6
5256 6
5257 6
5258 6
5259 6
5260 6
5261 6
5262 6
5263 6
5264 6
5265 6
5266 6
5267 6
5268 6
5269 6
5270 6
5271 6
5272 6
5273 6
5274 6
5275 6
5276 6
5277 6
5278 6
5279 6
5280 6
5281 6
5282 6
5283 6
5284 6
5285 6
5286 6
5287 6
5288 6
5289 6
5290 6
5291 6
5292 6
5293 6
5294 6
5295 6
5296 6
5297 6
5298 6
5299 6
5300 6
5301 6
5302 6
5303 6
5304 6
5305 6
5306 6
5307 6
5308 6
5309 6
5310 6
5311 6
5312 6
5313 6
5314 6
5315 6
5316 6
5317 6
5318 6
5319 6
5320 6
5321 6
5322 6
5323 6
5324 6
5325 6
5326 6
5327 6
5328 6
5329 6
5330 6
5331 6
5332 6
5333 6
5334 6
5335 6
5336 6
5337 6
5338 6
5339 6
5340 6
5341 6
5342 6
5343 6
5344 6
5345 6
5346 6
5347 6
5348 6
5349 6
5350 6
5351 6
5352 6
5353 6
5354 6
5355 6
5356 6
5357 6
5358 6
5359 6
5360 6
5361 6
5362 6
5363 6
5364 6
5365 6
5366 6
5367 6
5368 6
5369 6
5370 6
5371 6
5372 6
5373 6
5374 6
5375 6
5376 6
5377 6
5378 6
5379 6
5380 6
5381 6
5382 6
5383 6
5384 6
5385 6
5386 6
5387 6
5388 6
5389 6
5390 6
5391 6
5392 6
5393 6
5394 6
5395 6
5396 6
5397 6
5398 6
5399 6
5400 6
5401 6
5402 6
5403 6
5404 6
5405 6
5406 6
5407 6
5408 6
5409 6
5410 6
5411 6
5412 6
5413 6
5414 6
5415 6
5416 6
5417 6
5418 6
5419 6
5420 6
5421 6
5422 6
5423 6
5424 6
5425 6
5426 6
5427 6
5428 6
5429 6
5430 6
5431 6
5432 6
5433 6
5434 6
5435 6
5436 6
5437 6
5438 6
5439 6
5440 6
5441 6
5442 6
5443 6
5444 6
5445 6
5446 6
5447 6
5448 6
5449 6
5450 6
5451 6
5452 6
5453 6
5454 6
5455 6
5456 6
5457 6
5458 6
5459 6
5460 6
5461 6
5462 6
5463 6
5464 6
5465 6
5466 6
5467 6
5468 6
5469 6
5470 6
5471 6
5472 6
5473 6
5474 6
5475 6
5476 6
5477 6
5478 6
5479 6
5480 6
5481 6
5482 6
5483 6
5484 6
5485 6
5486 6
5487 6
5488 6
5489 6
5490 6
5491 6
5492 6
5493 6
5494 6
5495 6
5496 6
5497 6
5498 6
5499 6
5500 6
5501 6
5502 6
5503 6
5504 6
5505 6
5506 6
5507 6
5508 6
5509 6
5510 6
5511 6
5512 6
5513 6
5514 6
5515 6
5516 6
5517 6
5518 6
5519 6
5520 6
5521 6
5522 6
5523 6
5524 6
5525 6
5526 6
5527 6
5528 6
5529 6
5530 6
5531 6
5532 6
5533 6
5534 6
5535 6
5536 6
5537 6
5538 6
5539 6
5540 6
5541 6
5542 6
5543 6
5544 6
5545 6
5546 6
5547 6
5548 6
5549 6
5550 6
5551 6
5552 6
5553 6
5554 6
5555 6
5556 6
5557 6
5558 6
5559 6
5560 6
5561 6
5562 6
5563 6
5564 6
5565 6
5566 6
5567 6
5568 6
5569 6
5570 6
5571 6
5572 6
5573 6
5574 6
5575 6
5576 6
5577 6
5578 6
5579 6
5580 6
5581 6
5582 6
5583 6
5584 6
5585 6
5586 6
5587 6
5588 6
5589 6
5590 6
5591 6
5592 6
5593 6
5594 6
5595 6
5596 6
5597 6
5598 6
5599 6
5600 6
5601 6
5602 6
5603 6
5604 6
5605 6
5606 6
5607 6
5608 6
5609 6
5610 6
5611 6
5612 6
5613 6
5614 6
5615 6
5616 6
5617 6
5618 6
5619 6
5620 6
5621 6
5622 6
5623 6
5624 6
5625 6
5626 6
5627 6
5628 6
5629 6
5630 6
5631 6
5632 6
5633 6
5634 6
5635 6
5636 6
5637 6
5638 6
5639 6
5640 6
5641 6
5642 6
5643 6
5644 6
5645 6
5646 6
5647 6
5648 6
5649 6
5650 6
5651 6
5652 6
5653 6
5654 6
5655 6
5656 6
5657 6
5658 6
5659 6
5660 6
5661 6
5662 6
5663 6
5664 6
5665 6
5666 6
5667 6
5668 6
5669 6
5670 6
5671 6
5672 6
5673 6
5674 6
5675 6
5676 6
5677 6
5678 6
5679 6
5680 6
5681 6
5682 6
5683 6
5684 6
5685 6
5686 6
5687 6
5688 6
5689 6
5690 2
5691 2
5692 2
5693 2
5694 2
5695 2
5696 2
5697 2
5698 2
5699 2
5700 2
5701 2
5702 2
5703 2
5704 2
5705 2
5706 2
5707 2
5708 2
5709 2
5710 2
5711 2
5712 2
5713 2
5714 2
5715 2
5716 2
5717 2
5718 2
5719 2
5720 2
5721 2
5722 2
5723 2
5724 2
5725 2
5726 2
5727 2
5728 2
5729 2
5730 2
5731 2
5732 2
5733 2
5734 2
5735 2
5736 2
5737 2
5738 2
5739 2
5740 2
5741 2
5742 2
5743 2
5744 2
5745 2
5746 2
5747 2
5748 2
5749 2
5750 2
5751 2
5752 2
5753 2
5754 2
5755 2
5756 2
5757 2
5758 2
5759 2
5760 2
5761 2
5762 2
5763 2
5764 2
5765 2
5766 2
5767 2
5768 2
5769 2
5770 2
5771 2
5772 2
5773 2
5774 2
5775 2
5776 2
5777 2
5778 2
5779 2
5780 2
5781 2
5782 2
5783 2
5784 2
5785 2
5786 2
5787 2
5788 2
5789 2
5790 2
5791 2
5792 2
5793 2
5794 2
5795 2
5796 2
5797 2
5798 2
5799 2
5800 2
5801 2
5802 2
5803 2
5804 2
5805 2
5806 2
5807 2
5808 2
5809 2
5810 2
5811 2
5812 2
5813 2
5814 2
5815 2
5816 2
5817 2
5818 2
5819 2
5820 2
5821 2
5822 2
5823 2
5824 2
5825 2
5826 2
5827 2
5828 2
5829 2
5830 2
5831 2
5832 2
5833 2
5834 2
5835 2
5836 2
5837 2
5838 2
5839 2
5840 2
5841 2
5842 2
5843 2
5844 2
5845 2
5846 2
5847 2
5848 2
5849 2
5850 2
5851 2
5852 2
5853 2
5854 2
5855 2
5856 2
5857 2
5858 2
5859 2
5860 2
5861 2
5862 2
5863 2
5864 2
5865 2
5866 2
5867 2
5868 2
5869 2
5870 2
5871 2
5872 2
5873 2
5874 2
5875 2
5876 2
5877 2
5878 2
5879 2
5880 2
5881 2
5882 2
5883 2
5884 2
5885 2
5886 2
5887 2
5888 2
5889 2
5890 2
5891 2
5892 2
5893 2
5894 2
5895 2
5896 2
5897 2
5898 2
5899 2
5900 2
5901 2
5902 2
5903 2
5904 2
5905 2
5906 2
5907 2
5908 2
5909 2
5910 2
5911 2
5912 2
5913 2
5914 2
5915 2
5916 2
5917 2
5918 2
5919 2
5920 2
5921 2
5922 2
5923 2
5924 2
5925 2
5926 2
5927 2
5928 2
5929 2
5930 2
5931 2
5932 2
5933 2
5934 2
5935 2
5936 2
5937 2
5938 2
5939 2
5940 2
5941 2
5942 2
5943 2
5944 2
5945 2
5946 2
5947 2
5948 2
5949 2
5950 2
5951 2
5952 2
5953 2
5954 2
5955 2
5956 2
5957 2
5958 2
5959 2
5960 2
5961 2
5962 2
5963 2
5964 2
5965 2
5966 2
5967 2
5968 2
5969 2
5970 2
5971 2
5972 2
5973 2
5974 2
5975 2
5976 2
5977 2
5978 2
5979 2
5980 2
5981 2
5982 2
5983 2
5984 2
5985 2
5986 2
5987 2
5988 2
5989 2
5990 2
5991 2
5992 2
5993 2
5994 2
5995 2
5996 2
5997 2
5998 2
5999 2
6000 2
6001 2
6002 2
6003 2
6004 2
6005 2
6006 2
6007 2
6008 2
6009 2
6010 2
6011 2
6012 2
6013 2
6014 2
6015 2
6016 2
6017 2
6018 2
6019 2
6020 2
6021 2
6022 2
6023 2
6024 2
6025 2
6026 2
6027 2
6028 2
6029 2
6030 2
6031 2
6032 2
6033 2
6034 2
6035 2
6036 2
6037 2
6038 2
6039 2
6040 2
6041 2
6042 2
6043 2
6044 2
6045 2
6046 2
6047 2
6048 2
6049 2
6050 2
6051 2
6052 2
6053 2
6054 2
6055 2
6056 2
6057 2
6058 2
6059 2
6060 2
6061 2
6062 2
6063 2
6064 2
6065 2
6066 2
6067 2
6068 2
6069 2
6070 2
6071 2
6072 2
6073 2
6074 2
6075 2
6076 2
6077 2
6078 2
6079 2
6080 2
6081 2
6082 2
6083 2
6084 2
6085 2
6086 2
6087 2
6088 2
6089 2
6090 2
6091 2
6092 2
6093 2
6094 2
6095 2
6096 2
6097 2
6098 2
6099 2
6100 2
6101 2
6102 2
6103 2
6104 2
6105 2
6106 2
6107 2
6108 2
6109 2
6110 2
6111 2
6112 2
6113 2
6114 2
6115 2
6116 2
6117 2
6118 2
6119 2
6120 2
6121 2
6122 2
6123 2
6124 2
6125 2
6126 2
6127 2
6128 2
6129 2
6130 2
6131 2
6132 2
6133 2
6134 2
6135 2
6136 2
6137 2
6138 2
6139 2
6140 2
6141 2
6142 2
6143 2
6144 2
6145 2
6146 2
6147 2
6148 2
6149 2
6150 2
6151 2
6152 2
6153 2
6154 2
6155 2
6156 2
6157 2
6158 2
6159 2
6160 2
6161 2
6162 2
6163 2
6164 2
6165 2
6166 2
6167 2
6168 2
6169 2
6170 2
6171 2
6172 2
6173 2
6174 2
6175 2
6176 2
6177 2
6178 2
6179 2
6180 2
6181 2
6182 2
6183 2
6184 2
6185 2
6186 2
6187 2
6188 2
6189 2
6190 2
6191 2
6192 2
6193 2
6194 2
6195 2
6196 2
6197 2
6198 2
6199 2
6200 1
6201 1
6202 1
6203 1
6204 1
6205 1
6206 1
6207 1
6208 1
6209 1
6210 1
6211 1
6212 1
6213 1
6214 1
6215 1
6216 1
6217 1
6218 1
6219 1
6220 1
6221 1
6222 1
6223 1
6224 1
6225 1
6226 1
6227 1
6228 1
6229 1
6230 1
6231 1
6232 1
6233 1
6234 1
6235 1
6236 1
6237 1
6238 1
6239 1
6240 1
6241 1
6242 1
6243 1
6244 1
6245 1
6246 1
6247 1
6248 1
6249 1
6250 1
6251 1
6252 1
6253 1
6254 1
6255 1
6256 1
6257 1
6258 1
6259 1
6260 1
6261 1
6262 1
6263 1
6264 1
6265 1
6266 1
6267 1
6268 1
6269 1
6270 1
6271 1
6272 1
6273 1
6274 1
6275 1
6276 1
6277 1
6278 1
6279 1
6280 1
6281 1
6282 1
6283 1
6284 1
6285 1
6286 1
6287 1
6288 1
6289 1
6290 1
6291 1
6292 1
6293 1
6294 1
6295 1
6296 1
6297 1
6298 1
6299 1
6300 1
6301 1
6302 1
6303 1
6304 1
6305 1
6306 1
6307 1
6308 1
6309 1
6310 1
6311 1
6312 1
6313 1
6314 1
6315 1
6316 1
6317 1
6318 1
6319 1
6320 1
6321 1
6322 1
6323 1
6324 1
6325 1
6326 1
6327 1
6328 1
6329 1
6330 1
6331 1
6332 1
6333 1
6334 1
6335 1
6336 1
6337 1
6338 1
6339 1
6340 1
6341 1
6342 1
6343 1
6344 1
6345 1
6346 1
6347 1
6348 1
6349 1
6350 1
6351 1
6352 1
6353 1
6354 1
6355 1
6356 1
6357 1
6358 1
6359 1
6360 1
6361 1
6362 1
6363 1
6364 1
6365 1
6366 1
6367 1
6368 1
6369 1
6370 1
6371 1
6372 1
6373 1
6374 1
6375 1
6376 1
6377 1
6378 1
6379 1
6380 1
6381 1
6382 1
6383 1
6384 1
6385 1
6386 1
6387 1
6388 1
6389 1
6390 1
6391 1
6392 1
6393 1
6394 1
6395 1
6396 1
6397 1
6398 1
6399 1
6400 1
6401 1
6402 1
6403 1
6404 1
6405 1
6406 1
6407 1
6408 1
6409 1
6410 1
6411 1
6412 1
6413 1
6414 1
6415 1
6416 1
6417 1
6418 1
6419 1
6420 1
6421 1
6422 1
6423 1
6424 1
6425 1
6426 1
6427 1
6428 1
6429 1
6430 1
6431 1
6432 1
6433 1
6434 1
6435 1
6436 1
6437 1
6438 1
6439 1
6440 1
6441 1
6442 1
6443 1
6444 1
6445 1
6446 1
6447 1
6448 1
6449 1
6450 1
6451 1
6452 1
6453 1
6454 1
6455 1
6456 1
6457 1
6458 1
6459 1
6460 1
6461 1
6462 1
6463 1
6464 1
6465 1
6466 1
6467 1
6468 1
6469 1
6470 1
6471 1
6472 1
6473 1
6474 1
6475 1
6476 1
6477 1
6478 1
6479 1
6480 1
6481 1
6482 1
6483 1
6484 1
6485 1
6486 1
6487 1
6488 1
6489 1
6490 1
6491 1
6492 1
6493 1
6494 1
6495 1
6496 1
6497 1
6498 1
6499 1
6500 1
6501 1
6502 1
6503 1
6504 1
6505 1
6506 1
6507 1
6508 1
6509 1
6510 1
6511 1
6512 1
6513 1
6514 1
6515 1
6516 1
6517 1
6518 1
6519 1
6520 1
6521 1
6522 1
6523 1
6524 1
6525 1
6526 1
6527 1
6528 1
6529 1
6530 1
6531 1
6532 1
6533 1
6534 1
6535 1
6536 1
6537 1
6538 1
6539 1
6540 1
6541 1
6542 1
6543 1
6544 1
6545 1
6546 1
6547 1
6548 1
6549 1
6550 1
6551 1
6552 1
6553 1
6554 1
6555 1
6556 1
6557 1
6558 1
6559 1
6560 1
6561 1
6562 1
6563 1
6564 1
6565 1
6566 1
6567 1
6568 1
6569 1
6570 1
6571 1
6572 1
6573 1
6574 1
6575 1
6576 1
6577 1
6578 1
6579 1
6580 1
6581 1
6582 1
6583 1
6584 1
6585 1
6586 1
6587 1
6588 1
6589 1
6590 1
6591 1
6592 1
6593 1
6594 1
6595 1
6596 1
6597 1
6598 1
6599 1
6600 1
6601 1
6602 1
6603 1
6604 1
6605 1
6606 1
6607 1
6608 1
6609 1
6610 1
6611 1
6612 1
6613 1
6614 1
6615 1
6616 1
6617 1
6618 1
6619 1
6620 1
6621 1
6622 1
6623 1
6624 1
6625 1
6626 1
6627 1
6628 1
6629 1
6630 1
6631 1
6632 1
6633 1
6634 1
6635 1
6636 1
6637 1
6638 1
6639 1
6640 1
6641 1
6642 1
6643 1
6644 1
6645 1
6646 1
6647 1
6648 1
6649 1
6650 1
6651 1
6652 1
6653 1
6654 1
6655 1
6656 1
6657 1
6658 1
6659 1
6660 1
6661 1
6662 1
6663 1
6664 1
6665 1
6666 1
6667 1
6668 1
6669 1
6670 1
6671 1
6672 1
6673 1
6674 1
6675 1
6676 1
6677 1
6678 1
6679 1
6680 1
6681 1
6682 1
6683 1
6684 1
6685 1
6686 1
6687 1
6688 1
6689 1
6690 1
6691 1
6692 1
6693 1
6694 1
6695 1
6696 1
6697 1
6698 1
6699 1
6700 1
6701 1
6702 1
6703 1
6704 1
6705 1
6706 1
6707 1
6708 1
6709 1
6710 1
6711 1
6712 1
6713 1
6714 1
6715 1
6716 1
6717 1
6718 1
6719 1
6720 4
6721 4
6722 4
6723 4
6724 4
6725 4
6726 4
6727 4
6728 4
6729 4
6730 4
6731 4
6732 4
6733 4
6734 4
6735 4
6736 4
6737 4
6738 4
6739 4
6740 4
6741 4
6742 4
6743 4
6744 4
6745 4
6746 4
6747 4
6748 4
6749 4
6750 4
6751 4
6752 4
6753 4
6754 4
6755 4
6756 4
6757 4
6758 4
6759 4
6760 4
6761 4
6762 4
6763 4
6764 4
6765 4
6766 4
6767 4
6768 4
6769 4
6770 4
6771 4
6772 4
6773 4
6774 4
6775 4
6776 4
6777 4
6778 4
6779 4
6780 4
6781 4
6782 4
6783 4
6784 4
6785 4
6786 4
6787 4
6788 4
6789 4
6790 4
6791 4
6792 4
6793 4
6794 4
6795 4
6796 4
6797 4
6798 4
6799 4
6800 4
6801 4
6802 4
6803 4
6804 4
6805 4
6806 4
6807 4
6808 4
6809 4
6810 4
6811 4
6812 4
6813 4
6814 4
6815 4
6816 4
6817 4
6818 4
6819 4
6820 4
6821 4
6822 4
6823 4
6824 4
6825 4
6826 4
6827 4
6828 4
6829 4
6830 4
6831 4
6832 4
6833 4
6834 4
6835 4
6836 4
6837 4
6838 4
6839 4
6840 4
6841 4
6842 4
6843 4
6844 4
6845 4
6846 4
6847 4
6848 4
6849 4
6850 4
6851 4
6852 4
6853 4
6854 4
6855 4
6856 4
6857 4
6858 4
6859 4
6860 4
6861 4
6862 4
6863 4
6864 4
6865 4
6866 4
6867 4
6868 4
6869 4
6870 4
6871 4
6872 4
6873 4
6874 4
6875 4
6876 4
6877 4
6878 4
6879 4
6880 4
6881 4
6882 4
6883 4
6884 4
6885 4
6886 4
6887 4
6888 4
6889 4
6890 4
6891 4
6892 4
6893 4
6894 4
6895 4
6896 4
6897 4
6898 4
6899 4
6900 4
6901 4
6902 4
6903 4
6904 4
6905 4
6906 4
6907 4
6908 4
6909 4
6910 4
6911 4
6912 4
6913 4
6914 4
6915 4
6916 4
6917 4
6918 4
6919 4
6920 4
6921 4
6922 4
6923 4
6924 4
6925 4
6926 4
6927 4
6928 4
6929 4
6930 4
6931 4
6932 4
6933 4
6934 4
6935 4
6936 4
6937 4
6938 4
6939 4
6940 4
6941 4
6942 4
6943 4
6944 4
6945 4
6946 4
6947 4
6948 4
6949 4
6950 4
6951 4
6952 4
6953 4
6954 4
6955 4
6956 4
6957 4
6958 4
6959 4
6960 4
6961 4
6962 4
6963 4
6964 4
6965 4
6966 4
6967 4
6968 4
6969 4
6970 4
6971 4
6972 4
6973 4
6974 4
6975 4
6976 4
6977 4
6978 4
6979 4
6980 4
6981 4
6982 4
6983 4
6984 4
6985 4
6986 4
6987 4
6988 4
6989 4
6990 4
6991 4
6992 4
6993 4
6994 4
6995 4
6996 4
6997 4
6998 4
6999 4
7000 4
7001 4
7002 4
7003 4
7004 4
7005 4
7006 4
7007 4
7008 4
7009 4
7010 4
7011 4
7012 4
7013 4
7014 4
7015 4
7016 4
7017 4
7018 4
7019 4
7020 4
7021 4
7022 4
7023 4
7024 4
7025 4
7026 4
7027 4
7028 4
7029 4
7030 4
7031 4
7032 4
7033 4
7034 4
7035 4
7036 4
7037 4
7038 4
7039 4
7040 4
7041 4
7042 4
7043 4
7044 4
7045 4
7046 4
7047 4
7048 4
7049 4
7050 4
7051 4
7052 4
7053 4
7054 4
7055 4
7056 4
7057 4
7058 4
7059 4
7060 4
7061 4
7062 4
7063 4
7064 4
7065 4
7066 4
7067 4
7068 4
7069 4
7070 4
7071 4
7072 4
7073 4
7074 4
7075 4
7076 4
7077 4
7078 4
7079 4
7080 4
7081 4
7082 4
7083 4
7084 4
7085 4
7086 4
7087 4
7088 4
7089 4
7090 4
7091 4
7092 4
7093 4
7094 4
7095 4
7096 4
7097 4
7098 4
7099 4
7100 4
7101 4
7102 4
7103 4
7104 4
7105 4
7106 4
7107 4
7108 4
7109 4
7110 4
7111 4
7112 4
7113 4
7114 4
7115 4
7116 4
7117 4
7118 4
7119 4
7120 4
7121 4
7122 4
7123 4
7124 4
7125 4
7126 4
7127 4
7128 4
7129 4
7130 4
7131 4
7132 4
7133 4
7134 4
7135 4
7136 4
7137 4
7138 4
7139 4
7140 4
7141 4
7142 4
7143 4
7144 4
7145 4
7146 4
7147 4
7148 4
7149 4
7150 4
7151 4
7152 4
7153 4
7154 4
7155 4
7156 4
7157 4
7158 4
7159 4
7160 4
7161 4
7162 4
7163 4
7164 4
7165 4
7166 4
7167 4
7168 4
7169 4
7170 4
7171 4
7172 4
7173 4
7174 4
7175 4
7176 4
7177 4
7178 4
7179 4
7180 4
7181 4
7182 4
7183 4
7184 4
7185 4
7186 4
7187 4
7188 4
7189 4
7190 4
7191 4
7192 4
7193 4
7194 4
7195 4
7196 4
7197 4
7198 4
7199 4
7200 4
7201 4
7202 4
7203 4
7204 4
7205 4
7206 4
7207 4
7208 4
7209 4
7210 4
7211 4
7212 4
7213 4
7214 4
7215 4
7216 4
7217 4
7218 4
7219 4
7220 4
7221 4
7222 4
7223 4
7224 4
7225 4
7226 4
7227 4
7228 4
7229 4
7230 10
7231 10
7232 10
7233 10
7234 10
7235 10
7236 10
7237 10
7238 10
7239 10
7240 10
7241 10
7242 10
7243 10
7244 10
7245 10
7246 10
7247 10
7248 10
7249 10
7250 10
7251 10
7252 10
7253 10
7254 10
7255 10
7256 10
7257 10
7258 10
7259 10
7260 10
7261 10
7262 10
7263 10
7264 10
7265 10
7266 10
7267 10
7268 10
7269 10
7270 10
7271 10
7272 10
7273 10
7274 10
7275 10
7276 10
7277 10
7278 10
7279 10
7280 10
7281 10
7282 10
7283 10
7284 10
7285 10
7286 10
7287 10
7288 10
7289 10
7290 10
7291 10
7292 10
7293 10
7294 10
7295 10
7296 10
7297 10
7298 10
7299 10
7300 10
7301 10
7302 10
7303 10
7304 10
7305 10
7306 10
7307 10
7308 10
7309 10
7310 10
7311 10
7312 10
7313 10
7314 10
7315 10
7316 10
7317 10
7318 10
7319 10
7320 10
7321 10
7322 10
7323 10
7324 10
7325 10
7326 10
7327 10
7328 10
7329 10
7330 10
7331 10
7332 10
7333 10
7334 10
7335 10
7336 10
7337 10
7338 10
7339 10
7340 10
7341 10
7342 10
7343 10
7344 10
7345 10
7346 10
7347 10
7348 10
7349 10
7350 10
7351 10
7352 10
7353 10
7354 10
7355 10
7356 10
7357 10
7358 10
7359 10
7360 10
7361 10
7362 10
7363 10
7364 10
7365 10
7366 10
7367 10
7368 10
7369 10
7370 10
7371 10
7372 10
7373 10
7374 10
7375 10
7376 10
7377 10
7378 10
7379 10
7380 10
7381 10
7382 10
7383 10
7384 10
7385 10
7386 10
7387 10
7388 10
7389 10
7390 10
7391 10
7392 10
7393 10
7394 10
7395 10
7396 10
7397 10
7398 10
7399 10
7400 10
7401 10
7402 10
7403 10
7404 10
7405 10
7406 10
7407 10
7408 10
7409 10
7410 10
7411 10
7412 10
7413 10
7414 10
7415 10
7416 10
7417 10
7418 10
7419 10
7420 10
7421 10
7422 10
7423 10
7424 10
7425 10
7426 10
7427 10
7428 10
7429 10
7430 10
7431 10
7432 10
7433 10
7434 10
7435 10
7436 10
7437 10
7438 10
7439 10
7440 10
7441 10
7442 10
7443 10
7444 10
7445 10
7446 10
7447 10
7448 10
7449 10
7450 10
7451 10
7452 10
7453 10
7454 10
7455 10
7456 10
7457 10
7458 10
7459 10
7460 10
7461 10
7462 10
7463 10
7464 10
7465 10
7466 10
7467 10
7468 10
7469 10
7470 10
7471 10
7472 10
7473 10
7474 10
7475 10
7476 10
7477 10
7478 10
7479 10
7480 10
7481 10
7482 10
7483 10
7484 10
7485 10
7486 10
7487 10
7488 10
7489 10
7490 10
7491 10
7492 10
7493 10
7494 10
7495 10
7496 10
7497 10
7498 10
7499 10
7500 10
7501 10
7502 10
7503 10
7504 10
7505 10
7506 10
7507 10
7508 10
7509 10
7510 10
7511 10
7512 10
7513 10
7514 10
7515 10
7516 10
7517 10
7518 10
7519 10
7520 10
7521 10
7522 10
7523 10
7524 10
7525 10
7526 10
7527 10
7528 10
7529 10
7530 10
7531 10
7532 10
7533 10
7534 10
7535 10
7536 10
7537 10
7538 10
7539 10
7540 10
7541 10
7542 10
7543 10
7544 10
7545 10
7546 10
7547 10
7548 10
7549 10
7550 10
7551 10
7552 10
7553 10
7554 10
7555 10
7556 10
7557 10
7558 10
7559 10
7560 10
7561 10
7562 10
7563 10
7564 10
7565 10
7566 10
7567 10
7568 10
7569 10
7570 10
7571 10
7572 10
7573 10
7574 10
7575 10
7576 10
7577 10
7578 10
7579 10
7580 10
7581 10
7582 10
7583 10
7584 10
7585 10
7586 10
7587 10
7588 10
7589 10
7590 10
7591 10
7592 10
7593 10
7594 10
7595 10
7596 10
7597 10
7598 10
7599 10
7600 10
7601 10
7602 10
7603 10
7604 10
7605 10
7606 10
7607 10
7608 10
7609 10
7610 10
7611 10
7612 10
7613 10
7614 10
7615 10
7616 10
7617 10
7618 10
7619 10
7620 10
7621 10
7622 10
7623 10
7624 10
7625 10
7626 10
7627 10
7628 10
7629 10
7630 10
7631 10
7632 10
7633 10
7634 10
7635 10
7636 10
7637 10
7638 10
7639 10
7640 10
7641 10
7642 10
7643 10
7644 10
7645 10
7646 10
7647 10
7648 10
7649 10
7650 10
7651 10
7652 10
7653 10
7654 10
7655 10
7656 10
7657 10
7658 10
7659 10
7660 10
7661 10
7662 10
7663 10
7664 10
7665 10
7666 10
7667 10
7668 10
7669 10
7670 10
7671 10
7672 10
7673 10
7674 10
7675 10
7676 10
7677 10
7678 10
7679 10
7680 10
7681 10
7682 10
7683 10
7684 10
7685 10
7686 10
7687 10
7688 10
7689 10
7690 10
7691 10
7692 10
7693 10
7694 10
7695 10
7696 10
7697 10
7698 10
7699 10
7700 10
7701 10
7702 10
7703 10
7704 10
7705 10
7706 10
7707 10
7708 10
7709 10
7710 5
7711 5
7712 5
7713 5
7714 5
7715 5
7716 5
7717 5
7718 5
7719 5
7720 5
7721 5
7722 5
7723 5
7724 5
7725 5
7726 5
7727 5
7728 5
7729 5
7730 5
7731 5
7732 5
7733 5
7734 5
7735 5
7736 5
7737 5
7738 5
7739 5
7740 5
7741 5
7742 5
7743 5
7744 5
7745 5
7746 5
7747 5
7748 5
7749 5
7750 5
7751 5
7752 5
7753 5
7754 5
7755 5
7756 5
7757 5
7758 5
7759 5
7760 5
7761 5
7762 5
7763 5
7764 5
7765 5
7766 5
7767 5
7768 5
7769 5
7770 5
7771 5
7772 5
7773 5
7774 5
7775 5
7776 5
7777 5
7778 5
7779 5
7780 5
7781 5
7782 5
7783 5
7784 5
7785 5
7786 5
7787 5
7788 5
7789 5
7790 5
7791 5
7792 5
7793 5
7794 5
7795 5
7796 5
7797 5
7798 5
7799 5
7800 5
7801 5
7802 5
7803 5
7804 5
7805 5
7806 5
7807 5
7808 5
7809 5
7810 5
7811 5
7812 5
7813 5
7814 5
7815 5
7816 5
7817 5
7818 5
7819 5
7820 5
7821 5
7822 5
7823 5
7824 5
7825 5
7826 5
7827 5
7828 5
7829 5
7830 5
7831 5
7832 5
7833 5
7834 5
7835 5
7836 5
7837 5
7838 5
7839 5
7840 5
7841 5
7842 5
7843 5
7844 5
7845 5
7846 5
7847 5
7848 5
7849 5
7850 5
7851 5
7852 5
7853 5
7854 5
7855 5
7856 5
7857 5
7858 5
7859 5
7860 5
7861 5
7862 5
7863 5
7864 5
7865 5
7866 5
7867 5
7868 5
7869 5
7870 5
7871 5
7872 5
7873 5
7874 5
7875 5
7876 5
7877 5
7878 5
7879 5
7880 5
7881 5
7882 5
7883 5
7884 5
7885 5
7886 5
7887 5
7888 5
7889 5
7890 5
7891 5
7892 5
7893 5
7894 5
7895 5
7896 5
7897 5
7898 5
7899 5
7900 5
7901 5
7902 5
7903 5
7904 5
7905 5
7906 5
7907 5
7908 5
7909 5
7910 5
7911 5
7912 5
7913 5
7914 5
7915 5
7916 5
7917 5
7918 5
7919 5
7920 5
7921 5
7922 5
7923 5
7924 5
7925 5
7926 5
7927 5
7928 5
7929 5
7930 5
7931 5
7932 5
7933 5
7934 5
7935 5
7936 5
7937 5
7938 5
7939 5
7940 5
7941 5
7942 5
7943 5
7944 5
7945 5
7946 5
7947 5
7948 5
7949 5
7950 5
7951 5
7952 5
7953 5
7954 5
7955 5
7956 5
7957 5
7958 5
7959 5
7960 5
7961 5
7962 5
7963 5
7964 5
7965 5
7966 5
7967 5
7968 5
7969 5
7970 5
7971 5
7972 5
7973 5
7974 5
7975 5
7976 5
7977 5
7978 5
7979 5
7980 5
7981 5
7982 5
7983 5
7984 5
7985 5
7986 5
7987 5
7988 5
7989 5
7990 5
7991 5
7992 5
7993 5
7994 5
7995 5
7996 5
7997 5
7998 5
7999 5
8000 5
8001 5
8002 5
8003 5
8004 5
8005 5
8006 5
8007 5
8008 5
8009 5
8010 5
8011 5
8012 5
8013 5
8014 5
8015 5
8016 5
8017 5
8018 5
8019 5
8020 5
8021 5
8022 5
8023 5
8024 5
8025 5
8026 5
8027 5
8028 5
8029 5
8030 5
8031 5
8032 5
8033 5
8034 5
8035 5
8036 5
8037 5
8038 5
8039 5
8040 5
8041 5
8042 5
8043 5
8044 5
8045 5
8046 5
8047 5
8048 5
8049 5
8050 5
8051 5
8052 5
8053 5
8054 5
8055 5
8056 5
8057 5
8058 5
8059 5
8060 5
8061 5
8062 5
8063 5
8064 5
8065 5
8066 5
8067 5
8068 5
8069 5
8070 5
8071 5
8072 5
8073 5
8074 5
8075 5
8076 5
8077 5
8078 5
8079 5
8080 5
8081 5
8082 5
8083 5
8084 5
8085 5
8086 5
8087 5
8088 5
8089 5
8090 5
8091 5
8092 5
8093 5
8094 5
8095 5
8096 5
8097 5
8098 5
8099 5
8100 5
8101 5
8102 5
8103 5
8104 5
8105 5
8106 5
8107 5
8108 5
8109 5
8110 5
8111 5
8112 5
8113 5
8114 5
8115 5
8116 5
8117 5
8118 5
8119 5
8120 5
8121 5
8122 5
8123 5
8124 5
8125 5
8126 5
8127 5
8128 5
8129 5
8130 5
8131 5
8132 5
8133 5
8134 5
8135 5
8136 5
8137 5
8138 5
8139 5
8140 5
8141 5
8142 5
8143 5
8144 5
8145 5
8146 5
8147 5
8148 5
8149 5
8150 5
8151 5
8152 5
8153 5
8154 5
8155 5
8156 5
8157 5
8158 5
8159 5
8160 5
8161 5
8162 5
8163 5
8164 5
8165 5
8166 5
8167 5
8168 5
8169 5
8170 5
8171 5
8172 5
8173 5
8174 5
8175 5
8176 5
8177 5
8178 5
8179 5
8180 5
8181 5
8182 5
8183 5
8184 5
8185 5
8186 5
8187 5
8188 5
8189 5
8190 5
8191 5
8192 5
8193 5
8194 5
8195 5
8196 5
8197 5
8198 5
8199 5
8200 5
8201 5
8202 5
8203 5
8204 5
8205 5
8206 5
8207 5
8208 5
8209 5
8210 8
8211 8
8212 8
8213 8
8214 8
8215 8
8216 8
8217 8
8218 8
8219 8
8220 8
8221 8
8222 8
8223 8
8224 8
8225 8
8226 8
8227 8
8228 8
8229 8
8230 8
8231 8
8232 8
8233 8
8234 8
8235 8
8236 8
8237 8
8238 8
8239 8
8240 8
8241 8
8242 8
8243 8
8244 8
8245 8
8246 8
8247 8
8248 8
8249 8
8250 8
8251 8
8252 8
8253 8
8254 8
8255 8
8256 8
8257 8
8258 8
8259 8
8260 8
8261 8
8262 8
8263 8
8264 8
8265 8
8266 8
8267 8
8268 8
8269 8
8270 8
8271 8
8272 8
8273 8
8274 8
8275 8
8276 8
8277 8
8278 8
8279 8
8280 8
8281 8
8282 8
8283 8
8284 8
8285 8
8286 8
8287 8
8288 8
8289 8
8290 8
8291 8
8292 8
8293 8
8294 8
8295 8
8296 8
8297 8
8298 8
8299 8
8300 8
8301 8
8302 8
8303 8
8304 8
8305 8
8306 8
8307 8
8308 8
8309 8
8310 8
8311 8
8312 8
8313 8
8314 8
8315 8
8316 8
8317 8
8318 8
8319 8
8320 8
8321 8
8322 8
8323 8
8324 8
8325 8
8326 8
8327 8
8328 8
8329 8
8330 8
8331 8
8332 8
8333 8
8334 8
8335 8
8336 8
8337 8
8338 8
8339 8
8340 8
8341 8
8342 8
8343 8
8344 8
8345 8
8346 8
8347 8
8348 8
8349 8
8350 8
8351 8
8352 8
8353 8
8354 8
8355 8
8356 8
8357 8
8358 8
8359 8
8360 8
8361 8
8362 8
8363 8
8364 8
8365 8
8366 8
8367 8
8368 8
8369 8
8370 8
8371 8
8372 8
8373 8
8374 8
8375 8
8376 8
8377 8
8378 8
8379 8
8380 8
8381 8
8382 8
8383 8
8384 8
8385 8
8386 8
8387 8
8388 8
8389 8
8390 8
8391 8
8392 8
8393 8
8394 8
8395 8
8396 8
8397 8
8398 8
8399 8
8400 8
8401 8
8402 8
8403 8
8404 8
8405 8
8406 8
8407 8
8408 8
8409 8
8410 8
8411 8
8412 8
8413 8
8414 8
8415 8
8416 8
8417 8
8418 8
8419 8
8420 8
8421 8
8422 8
8423 8
8424 8
8425 8
8426 8
8427 8
8428 8
8429 8
8430 8
8431 8
8432 8
8433 8
8434 8
8435 8
8436 8
8437 8
8438 8
8439 8
8440 8
8441 8
8442 8
8443 8
8444 8
8445 8
8446 8
8447 8
8448 8
8449 8
8450 8
8451 8
8452 8
8453 8
8454 8
8455 8
8456 8
8457 8
8458 8
8459 8
8460 8
8461 8
8462 8
8463 8
8464 8
8465 8
8466 8
8467 8
8468 8
8469 8
8470 8
8471 8
8472 8
8473 8
8474 8
8475 8
8476 8
8477 8
8478 8
8479 8
8480 8
8481 8
8482 8
8483 8
8484 8
8485 8
8486 8
8487 8
8488 8
8489 8
8490 8
8491 8
8492 8
8493 8
8494 8
8495 8
8496 8
8497 8
8498 8
8499 8
8500 8
8501 8
8502 8
8503 8
8504 8
8505 8
8506 8
8507 8
8508 8
8509 8
8510 8
8511 8
8512 8
8513 8
8514 8
8515 8
8516 8
8517 8
8518 8
8519 8
8520 8
8521 8
8522 8
8523 8
8524 8
8525 8
8526 8
8527 8
8528 8
8529 8
8530 8
8531 8
8532 8
8533 8
8534 8
8535 8
8536 8
8537 8
8538 8
8539 8
8540 8
8541 8
8542 8
8543 8
8544 8
8545 8
8546 8
8547 8
8548 8
8549 8
8550 8
8551 8
8552 8
8553 8
8554 8
8555 8
8556 8
8557 8
8558 8
8559 8
8560 8
8561 8
8562 8
8563 8
8564 8
8565 8
8566 8
8567 8
8568 8
8569 8
8570 8
8571 8
8572 8
8573 8
8574 8
8575 8
8576 8
8577 8
8578 8
8579 8
8580 8
8581 8
8582 8
8583 8
8584 8
8585 8
8586 8
8587 8
8588 8
8589 8
8590 8
8591 8
8592 8
8593 8
8594 8
8595 8
8596 8
8597 8
8598 8
8599 8
8600 8
8601 8
8602 8
8603 8
8604 8
8605 8
8606 8
8607 8
8608 8
8609 8
8610 8
8611 8
8612 8
8613 8
8614 8
8615 8
8616 8
8617 8
8618 8
8619 8
8620 8
8621 8
8622 8
8623 8
8624 8
8625 8
8626 8
8627 8
8628 8
8629 8
8630 8
8631 8
8632 8
8633 8
8634 8
8635 8
8636 8
8637 8
8638 8
8639 8
8640 8
8641 8
8642 8
8643 8
8644 8
8645 8
8646 8
8647 8
8648 8
8649 8
8650 8
8651 8
8652 8
8653 8
8654 8
8655 8
8656 8
8657 8
8658 8
8659 8
8660 8
8661 8
8662 8
8663 8
8664 8
8665 8
8666 8
8667 8
8668 8
8669 8
8670 8
8671 8
8672 8
8673 8
8674 8
8675 8
8676 8
8677 8
8678 8
8679 8
8680 8
8681 8
8682 8
8683 8
8684 8
8685 8
8686 8
8687 8
8688 8
8689 8
8690 8
8691 8
8692 8
8693 8
8694 8
8695 8
8696 8
8697 8
8698 8
8699 8
8700 13
8701 13
8702 13
8703 13
8704 13
8705 13
8706 13
8707 13
8708 13
8709 13
8710 13
8711 13
8712 13
8713 13
8714 13
8715 13
8716 13
8717 13
8718 13
8719 13
8720 13
8721 13
8722 13
8723 13
8724 13
8725 13
8726 13
8727 13
8728 13
8729 13
8730 13
8731 13
8732 13
8733 13
8734 13
8735 13
8736 13
8737 13
8738 13
8739 13
8740 13
8741 13
8742 13
8743 13
8744 13
8745 13
8746 13
8747 13
8748 13
8749 13
8750 13
8751 13
8752 13
8753 13
8754 13
8755 13
8756 13
8757 13
8758 13
8759 13
8760 13
8761 13
8762 13
8763 13
8764 13
8765 13
8766 13
8767 13
8768 13
8769 13
8770 13
8771 13
8772 13
8773 13
8774 13
8775 13
8776 13
8777 13
8778 13
8779 13
8780 13
8781 13
8782 13
8783 13
8784 13
8785 13
8786 13
8787 13
8788 13
8789 13
8790 13
8791 13
8792 13
8793 13
8794 13
8795 13
8796 13
8797 13
8798 13
8799 13
8800 13
8801 13
8802 13
8803 13
8804 13
8805 13
8806 13
8807 13
8808 13
8809 13
8810 13
8811 13
8812 13
8813 13
8814 13
8815 13
8816 13
8817 13
8818 13
8819 13
8820 13
8821 13
8822 13
8823 13
8824 13
8825 13
8826 13
8827 13
8828 13
8829 13
8830 13
8831 13
8832 13
8833 13
8834 13
8835 13
8836 13
8837 13
8838 13
8839 13
8840 13
8841 13
8842 13
8843 13
8844 13
8845 13
8846 13
8847 13
8848 13
8849 13
8850 13
8851 13
8852 13
8853 13
8854 13
8855 13
8856 13
8857 13
8858 13
8859 13
8860 13
8861 13
8862 13
8863 13
8864 13
8865 13
8866 13
8867 13
8868 13
8869 13
8870 13
8871 13
8872 13
8873 13
8874 13
8875 13
8876 13
8877 13
8878 13
8879 13
8880 13
8881 13
8882 13
8883 13
8884 13
8885 13
8886 13
8887 13
8888 13
8889 13
8890 13
8891 13
8892 13
8893 13
8894 13
8895 13
8896 13
8897 13
8898 13
8899 13
8900 13
8901 13
8902 13
8903 13
8904 13
8905 13
8906 13
8907 13
8908 13
8909 13
8910 13
8911 13
8912 13
8913 13
8914 13
8915 13
8916 13
8917 13
8918 13
8919 13
8920 13
8921 13
8922 13
8923 13
8924 13
8925 13
8926 13
8927 13
8928 13
8929 13
8930 13
8931 13
8932 13
8933 13
8934 13
8935 13
8936 13
8937 13
8938 13
8939 13
8940 13
8941 13
8942 13
8943 13
8944 13
8945 13
8946 13
8947 13
8948 13
8949 13
8950 13
8951 13
8952 13
8953 13
8954 13
8955 13
8956 13
8957 13
8958 13
8959 13
8960 13
8961 13
8962 13
8963 13
8964 13
8965 13
8966 13
8967 13
8968 13
8969 13
8970 13
8971 13
8972 13
8973 13
8974 13
8975 13
8976 13
8977 13
8978 13
8979 13
8980 13
8981 13
8982 13
8983 13
8984 13
8985 13
8986 13
8987 13
8988 13
8989 13
8990 13
8991 13
8992 13
8993 13
8994 13
8995 13
8996 13
8997 13
8998 13
8999 13
9000 13
9001 13
9002 13
9003 13
9004 13
9005 13
9006 13
9007 13
9008 13
9009 13
9010 13
9011 13
9012 13
9013 13
9014 13
9015 13
9016 13
9017 13
9018 13
9019 13
9020 13
9021 13
9022 13
9023 13
9024 13
9025 13
9026 13
9027 13
9028 13
9029 13
9030 13
9031 13
9032 13
9033 13
9034 13
9035 13
9036 13
9037 13
9038 13
9039 13
9040 13
9041 13
9042 13
9043 13
9044 13
9045 13
9046 13
9047 13
9048 13
9049 13
9050 13
9051 13
9052 13
9053 13
9054 13
9055 13
9056 13
9057 13
9058 13
9059 13
9060 13
9061 13
9062 13
9063 13
9064 13
9065 13
9066 13
9067 13
9068 13
9069 13
9070 13
9071 13
9072 13
9073 13
9074 13
9075 13
9076 13
9077 13
9078 13
9079 13
9080 13
9081 13
9082 13
9083 13
9084 13
9085 13
9086 13
9087 13
9088 13
9089 13
9090 13
9091 13
9092 13
9093 13
9094 13
9095 13
9096 13
9097 13
9098 13
9099 13
9100 13
9101 13
9102 13
9103 13
9104 13
9105 13
9106 13
9107 13
9108 13
9109 13
9110 13
9111 13
9112 13
9113 13
9114 13
9115 13
9116 13
9117 13
9118 13
9119 13
9120 13
9121 13
9122 13
9123 13
9124 13
9125 13
9126 13
9127 13
9128 13
9129 13
9130 13
9131 13
9132 13
9133 13
9134 13
9135 13
9136 13
9137 13
9138 13
9139 13
9140 12
9141 12
9142 12
9143 12
9144 12
9145 12
9146 12
9147 12
9148 12
9149 12
9150 12
9151 12
9152 12
9153 12
9154 12
9155 12
9156 12
9157 12
9158 12
9159 12
9160 12
9161 12
9162 12
9163 12
9164 12
9165 12
9166 12
9167 12
9168 12
9169 12
9170 12
9171 12
9172 12
9173 12
9174 12
9175 12
9176 12
9177 12
9178 12
9179 12
9180 12
9181 12
9182 12
9183 12
9184 12
9185 12
9186 12
9187 12
9188 12
9189 12
9190 12
9191 12
9192 12
9193 12
9194 12
9195 12
9196 12
9197 12
9198 12
9199 12
9200 12
9201 12
9202 12
9203 12
9204 12
9205 12
9206 12
9207 12
9208 12
9209 12
9210 12
9211 12
9212 12
9213 12
9214 12
9215 12
9216 12
9217 12
9218 12
9219 12
9220 12
9221 12
9222 12
9223 12
9224 12
9225 12
9226 12
9227 12
9228 12
9229 12
9230 12
9231 12
9232 12
9233 12
9234 12
9235 12
9236 12
9237 12
9238 12
9239 12
9240 12
9241 12
9242 12
9243 12
9244 12
9245 12
9246 12
9247 12
9248 12
9249 12
9250 12
9251 12
9252 12
9253 12
9254 12
9255 12
9256 12
9257 12
9258 12
9259 12
9260 12
9261 12
9262 12
9263 12
9264 12
9265 12
9266 12
9267 12
9268 12
9269 12
9270 12
9271 12
9272 12
9273 12
9274 12
9275 12
9276 12
9277 12
9278 12
9279 12
9280 12
9281 12
9282 12
9283 12
9284 12
9285 12
9286 12
9287 12
9288 12
9289 12
9290 12
9291 12
9292 12
9293 12
9294 12
9295 12
9296 12
9297 12
9298 12
9299 12
9300 12
9301 12
9302 12
9303 12
9304 12
9305 12
9306 12
9307 12
9308 12
9309 12
9310 12
9311 12
9312 12
9313 12
9314 12
9315 12
9316 12
9317 12
9318 12
9319 12
9320 12
9321 12
9322 12
9323 12
9324 12
9325 12
9326 12
9327 12
9328 12
9329 12
9330 12
9331 12
9332 12
9333 12
9334 12
9335 12
9336 12
9337 12
9338 12
9339 12
9340 12
9341 12
9342 12
9343 12
9344 12
9345 12
9346 12
9347 12
9348 12
9349 12
9350 12
9351 12
9352 12
9353 12
9354 12
9355 12
9356 12
9357 12
9358 12
9359 12
9360 12
9361 12
9362 12
9363 12
9364 12
9365 12
9366 12
9367 12
9368 12
9369 12
9370 12
9371 12
9372 12
9373 12
9374 12
9375 12
9376 12
9377 12
9378 12
9379 12
9380 12
9381 12
9382 12
9383 12
9384 12
9385 12
9386 12
9387 12
9388 12
9389 12
9390 12
9391 12
9392 12
9393 12
9394 12
9395 12
9396 12
9397 12
9398 12
9399 12
9400 12
9401 12
9402 12
9403 12
9404 12
9405 12
9406 12
9407 12
9408 12
9409 12
9410 12
9411 12
9412 12
9413 12
9414 12
9415 12
9416 12
9417 12
9418 12
9419 12
9420 12
9421 12
9422 12
9423 12
9424 12
9425 12
9426 12
9427 12
9428 12
9429 12
9430 12
9431 12
9432 12
9433 12
9434 12
9435 12
9436 12
9437 12
9438 12
9439 12
9440 12
9441 12
9442 12
9443 12
9444 12
9445 12
9446 12
9447 12
9448 12
9449 12
9450 12
9451 12
9452 12
9453 12
9454 12
9455 12
9456 12
9457 12
9458 12
9459 12
9460 12
9461 12
9462 12
9463 12
9464 12
9465 12
9466 12
9467 12
9468 12
9469 12
9470 12
9471 12
9472 12
9473 12
9474 12
9475 12
9476 12
9477 12
9478 12
9479 12
9480 12
9481 12
9482 12
9483 12
9484 12
9485 12
9486 12
9487 12
9488 12
9489 12
9490 12
9491 12
9492 12
9493 12
9494 12
9495 12
9496 12
9497 12
9498 12
9499 12
9500 12
9501 12
9502 12
9503 12
9504 12
9505 12
9506 12
9507 12
9508 12
9509 12
9510 12
9511 12
9512 12
9513 12
9514 12
9515 12
9516 12
9517 12
9518 12
9519 12
9520 12
9521 12
9522 12
9523 12
9524 12
9525 12
9526 12
9527 12
9528 12
9529 12
9530 12
9531 12
9532 12
9533 12
9534 12
9535 12
9536 12
9537 12
9538 12
9539 12
9540 12
9541 12
9542 12
9543 12
9544 12
9545 12
9546 12
9547 12
9548 12
9549 12
9550 12
9551 12
9552 12
9553 12
9554 12
9555 12
9556 12
9557 12
9558 12
9559 12
9560 12
9561 12
9562 12
9563 12
9564 12
9565 12
9566 12
9567 12
9568 12
9569 12
9570 12
9571 12
9572 12
9573 12
9574 12
9575 12
9576 12
9577 12
9578 12
9579 12
9580 12
9581 12
9582 12
9583 12
9584 12
9585 12
9586 12
9587 12
9588 12
9589 12
9590 12
9591 12
9592 12
9593 12
9594 12
9595 12
9596 12
9597 12
9598 12
9599 12
9600 12
9601 12
9602 12
9603 12
9604 12
9605 12
9606 12
9607 12
9608 12
9609 12
9610 9
9611 9
9612 9
9613 9
9614 9
9615 9
9616 9
9617 9
9618 9
9619 9
9620 9
9621 9
9622 9
9623 9
9624 9
9625 9
9626 9
9627 9
9628 9
9629 9
9630 9
9631 9
9632 9
9633 9
9634 9
9635 9
9636 9
9637 9
9638 9
9639 9
9640 9
9641 9
9642 9
9643 9
9644 9
9645 9
9646 9
9647 9
9648 9
9649 9
9650 9
9651 9
9652 9
9653 9
9654 9
9655 9
9656 9
9657 9
9658 9
9659 9
9660 9
9661 9
9662 9
9663 9
9664 9
9665 9
9666 9
9667 9
9668 9
9669 9
9670 9
9671 9
9672 9
9673 9
9674 9
9675 9
9676 9
9677 9
9678 9
9679 9
9680 9
9681 9
9682 9
9683 9
9684 9
9685 9
9686 9
9687 9
9688 9
9689 9
9690 9
9691 9
9692 9
9693 9
9694 9
9695 9
9696 9
9697 9
9698 9
9699 9
9700 9
9701 9
9702 9
9703 9
9704 9
9705 9
9706 9
9707 9
9708 9
9709 9
9710 9
9711 9
9712 9
9713 9
9714 9
9715 9
9716 9
9717 9
9718 9
9719 9
9720 9
9721 9
9722 9
9723 9
9724 9
9725 9
9726 9
9727 9
9728 9
9729 9
9730 9
9731 9
9732 9
9733 9
9734 9
9735 9
9736 9
9737 9
9738 9
9739 9
9740 9
9741 9
9742 9
9743 9
9744 9
9745 9
9746 9
9747 9
9748 9
9749 9
9750 9
9751 9
9752 9
9753 9
9754 9
9755 9
9756 9
9757 9
9758 9
9759 9
9760 9
9761 9
9762 9
9763 9
9764 9
9765 9
9766 9
9767 9
9768 9
9769 9
9770 9
9771 9
9772 9
9773 9
9774 9
9775 9
9776 9
9777 9
9778 9
9779 9
9780 9
9781 9
9782 9
9783 9
9784 9
9785 9
9786 9
9787 9
9788 9
9789 9
9790 9
9791 9
9792 9
9793 9
9794 9
9795 9
9796 9
9797 9
9798 9
9799 9
9800 9
9801 9
9802 9
9803 9
9804 9
9805 9
9806 9
9807 9
9808 9
9809 9
9810 9
9811 9
9812 9
9813 9
9814 9
9815 9
9816 9
9817 9
9818 9
9819 9
9820 9
9821 9
9822 9
9823 9
9824 9
9825 9
9826 9
9827 9
9828 9
9829 9
9830 9
9831 9
9832 9
9833 9
9834 9
9835 9
9836 9
9837 9
9838 9
9839 9
9840 9
9841 9
9842 9
9843 9
9844 9
9845 9
9846 9
9847 9
9848 9
9849 9
9850 9
9851 9
9852 9
9853 9
9854 9
9855 9
9856 9
9857 9
9858 9
9859 9
9860 9
9861 9
9862 9
9863 9
9864 9
9865 9
9866 9
9867 9
9868 9
9869 9
9870 9
9871 9
9872 9
9873 9
9874 9
9875 9
9876 9
9877 9
9878 9
9879 9
9880 9
9881 9
9882 9
9883 9
9884 9
9885 9
9886 9
9887 9
9888 9
9889 9
9890 9
9891 9
9892 9
9893 9
9894 9
9895 9
9896 9
9897 9
9898 9
9899 9
9900 9
9901 9
9902 9
9903 9
9904 9
9905 9
9906 9
9907 9
9908 9
9909 9
9910 9
9911 9
9912 9
9913 9
9914 9
9915 9
9916 9
9917 9
9918 9
9919 9
9920 9
9921 9
9922 9
9923 9
9924 9
9925 9
9926 9
9927 9
9928 9
9929 9
9930 9
9931 9
9932 9
9933 9
9934 9
9935 9
9936 9
9937 9
9938 9
9939 9
9940 9
9941 9
9942 9
9943 9
9944 9
9945 9
9946 9
9947 9
9948 9
9949 9
9950 9
9951 9
9952 9
9953 9
9954 9
9955 9
9956 9
9957 9
9958 9
9959 9
9960 9
9961 9
9962 9
9963 9
9964 9
9965 9
9966 9
9967 9
9968 9
9969 9
9970 9
9971 9
9972 9
9973 9
9974 9
9975 9
9976 9
9977 9
9978 9
9979 9
9980 9
9981 9
9982 9
9983 9
9984 9
9985 9
9986 9
9987 9
9988 9
9989 9
9990 9
9991 9
9992 9
9993 9
9994 9
9995 9
9996 9
9997 9
9998 9
9999 9
