0 12
1 12
2 12
3 12
4 12
5 12
6 12
7 12
8 12
9 12
10 12
11 12
12 12
13 12
14 12
15 12
16 12
17 12
18 12
19 12
20 123
21 123
22 123
23 123
24 123
25 123
26 123
27 123
28 123
29 123
30 123
31 123
32 123
33 123
34 123
35 123
36 123
37 123
38 123
39 123
40 59
41 59
42 59
43 59
44 59
45 59
46 59
47 59
48 59
49 59
50 59
51 59
52 59
53 59
54 59
55 59
56 59
57 59
58 59
59 59
60 59
61 59
62 59
63 59
64 59
65 59
66 59
67 59
68 59
69 59
70 273
71 273
72 273
73 273
74 273
75 273
76 273
77 273
78 273
79 273
80 274
81 274
82 274
83 274
84 274
85 274
86 274
87 274
88 274
89 274
90 275
91 275
92 275
93 275
94 275
95 275
96 275
97 275
98 275
99 275
100 276
101 276
102 276
103 276
104 276
105 276
106 276
107 276
108 276
109 276
110 277
111 277
112 277
113 277
114 277
115 277
116 277
117 277
118 277
119 277
120 17
121 17
122 17
123 17
124 17
125 17
126 17
127 17
128 17
129 17
130 17
131 17
132 17
133 17
134 17
135 17
136 17
137 17
138 17
139 17
140 17
141 17
142 17
143 17
144 17
145 17
146 17
147 17
148 17
149 17
150 17
151 17
152 17
153 17
154 17
155 17
156 17
157 17
158 17
159 17
160 124
161 124
162 124
163 124
164 124
165 124
166 124
167 124
168 124
169 124
170 124
171 124
172 124
173 124
174 124
175 124
176 124
177 124
178 124
179 124
180 278
181 278
182 278
183 278
184 278
185 278
186 278
187 278
188 278
189 278
190 279
191 279
192 279
193 279
194 279
195 279
196 279
197 279
198 279
199 279
200 280
201 280
202 280
203 280
204 280
205 280
206 280
207 280
208 280
209 280
210 281
211 281
212 281
213 281
214 281
215 281
216 281
217 281
218 281
219 281
220 40
221 40
222 40
223 40
224 40
225 40
226 40
227 40
228 40
229 40
230 40
231 40
232 40
233 40
234 40
235 40
236 40
237 40
238 40
239 40
240 40
241 40
242 40
243 40
244 40
245 40
246 40
247 40
248 40
249 40
250 40
251 40
252 40
253 40
254 40
255 40
256 40
257 40
258 40
259 40
260 60
261 60
262 60
263 60
264 60
265 60
266 60
267 60
268 60
269 60
270 60
271 60
272 60
273 60
274 60
275 60
276 60
277 60
278 60
279 60
280 60
281 60
282 60
283 60
284 60
285 60
286 60
287 60
288 60
289 60
290 125
291 125
292 125
293 125
294 125
295 125
296 125
297 125
298 125
299 125
300 125
301 125
302 125
303 125
304 125
305 125
306 125
307 125
308 125
309 125
310 282
311 282
312 282
313 282
314 282
315 282
316 282
317 282
318 282
319 282
320 61
321 61
322 61
323 61
324 61
325 61
326 61
327 61
328 61
329 61
330 61
331 61
332 61
333 61
334 61
335 61
336 61
337 61
338 61
339 61
340 61
341 61
342 61
343 61
344 61
345 61
346 61
347 61
348 61
349 61
350 141
351 141
352 141
353 141
354 141
355 141
356 141
357 141
358 141
359 141
360 141
361 141
362 141
363 141
364 141
365 141
366 141
367 141
368 141
369 141
370 3
371 3
372 3
373 3
374 3
375 3
376 3
377 3
378 3
379 3
380 3
381 3
382 3
383 3
384 3
385 3
386 3
387 3
388 3
389 3
390 3
391 3
392 3
393 3
394 3
395 3
396 3
397 3
398 3
399 3
400 3
401 3
402 3
403 3
404 3
405 3
406 3
407 3
408 3
409 3
410 3
411 3
412 3
413 3
414 3
415 3
416 3
417 3
418 3
419 3
420 142
421 142
422 142
423 142
424 142
425 142
426 142
427 142
428 142
429 142
430 142
431 142
432 142
433 142
434 142
435 142
436 142
437 142
438 142
439 142
440 143
441 143
442 143
443 143
444 143
445 143
446 143
447 143
448 143
449 143
450 143
451 143
452 143
453 143
454 143
455 143
456 143
457 143
458 143
459 143
460 144
461 144
462 144
463 144
464 144
465 144
466 144
467 144
468 144
469 144
470 144
471 144
472 144
473 144
474 144
475 144
476 144
477 144
478 144
479 144
480 145
481 145
482 145
483 145
484 145
485 145
486 145
487 145
488 145
489 145
490 145
491 145
492 145
493 145
494 145
495 145
496 145
497 145
498 145
499 145
500 146
501 146
502 146
503 146
504 146
505 146
506 146
507 146
508 146
509 146
510 146
511 146
512 146
513 146
514 146
515 146
516 146
517 146
518 146
519 146
520 48
521 48
522 48
523 48
524 48
525 48
526 48
527 48
528 48
529 48
530 48
531 48
532 48
533 48
534 48
535 48
536 48
537 48
538 48
539 48
540 48
541 48
542 48
543 48
544 48
545 48
546 48
547 48
548 48
549 48
550 283
551 283
552 283
553 283
554 283
555 283
556 283
557 283
558 283
559 283
560 62
561 62
562 62
563 62
564 62
565 62
566 62
567 62
568 62
569 62
570 62
571 62
572 62
573 62
574 62
575 62
576 62
577 62
578 62
579 62
580 62
581 62
582 62
583 62
584 62
585 62
586 62
587 62
588 62
589 62
590 284
591 284
592 284
593 284
594 284
595 284
596 284
597 284
598 284
599 284
600 285
601 285
602 285
603 285
604 285
605 285
606 285
607 285
608 285
609 285
610 63
611 63
612 63
613 63
614 63
615 63
616 63
617 63
618 63
619 63
620 63
621 63
622 63
623 63
624 63
625 63
626 63
627 63
628 63
629 63
630 63
631 63
632 63
633 63
634 63
635 63
636 63
637 63
638 63
639 63
640 286
641 286
642 286
643 286
644 286
645 286
646 286
647 286
648 286
649 286
650 147
651 147
652 147
653 147
654 147
655 147
656 147
657 147
658 147
659 147
660 147
661 147
662 147
663 147
664 147
665 147
666 147
667 147
668 147
669 147
670 287
671 287
672 287
673 287
674 287
675 287
676 287
677 287
678 287
679 287
680 18
681 18
682 18
683 18
684 18
685 18
686 18
687 18
688 18
689 18
690 18
691 18
692 18
693 18
694 18
695 18
696 18
697 18
698 18
699 18
700 18
701 18
702 18
703 18
704 18
705 18
706 18
707 18
708 18
709 18
710 18
711 18
712 18
713 18
714 18
715 18
716 18
717 18
718 18
719 18
720 288
721 288
722 288
723 288
724 288
725 288
726 288
727 288
728 288
729 288
730 64
731 64
732 64
733 64
734 64
735 64
736 64
737 64
738 64
739 64
740 64
741 64
742 64
743 64
744 64
745 64
746 64
747 64
748 64
749 64
750 64
751 64
752 64
753 64
754 64
755 64
756 64
757 64
758 64
759 64
760 289
761 289
762 289
763 289
764 289
765 289
766 289
767 289
768 289
769 289
770 290
771 290
772 290
773 290
774 290
775 290
776 290
777 290
778 290
779 290
780 291
781 291
782 291
783 291
784 291
785 291
786 291
787 291
788 291
789 291
790 148
791 148
792 148
793 148
794 148
795 148
796 148
797 148
798 148
799 148
800 148
801 148
802 148
803 148
804 148
805 148
806 148
807 148
808 148
809 148
810 65
811 65
812 65
813 65
814 65
815 65
816 65
817 65
818 65
819 65
820 65
821 65
822 65
823 65
824 65
825 65
826 65
827 65
828 65
829 65
830 65
831 65
832 65
833 65
834 65
835 65
836 65
837 65
838 65
839 65
840 149
841 149
842 149
843 149
844 149
845 149
846 149
847 149
848 149
849 149
850 149
851 149
852 149
853 149
854 149
855 149
856 149
857 149
858 149
859 149
860 126
861 126
862 126
863 126
864 126
865 126
866 126
867 126
868 126
869 126
870 126
871 126
872 126
873 126
874 126
875 126
876 126
877 126
878 126
879 126
880 292
881 292
882 292
883 292
884 292
885 292
886 292
887 292
888 292
889 292
890 150
891 150
892 150
893 150
894 150
895 150
896 150
897 150
898 150
899 150
900 150
901 150
902 150
903 150
904 150
905 150
906 150
907 150
908 150
909 150
910 293
911 293
912 293
913 293
914 293
915 293
916 293
917 293
918 293
919 293
920 6
921 6
922 6
923 6
924 6
925 6
926 6
927 6
928 6
929 6
930 6
931 6
932 6
933 6
934 6
935 6
936 6
937 6
938 6
939 6
940 6
941 6
942 6
943 6
944 6
945 6
946 6
947 6
948 6
949 6
950 6
951 6
952 6
953 6
954 6
955 6
956 6
957 6
958 6
959 6
960 6
961 6
962 6
963 6
964 6
965 6
966 6
967 6
968 6
969 6
970 294
971 294
972 294
973 294
974 294
975 294
976 294
977 294
978 294
979 294
980 295
981 295
982 295
983 295
984 295
985 295
986 295
987 295
988 295
989 295
990 151
991 151
992 151
993 151
994 151
995 151
996 151
997 151
998 151
999 151
1000 151
1001 151
1002 151
1003 151
1004 151
1005 151
1006 151
1007 151
1008 151
1009 151
1010 152
1011 152
1012 152
1013 152
1014 152
1015 152
1016 152
1017 152
1018 152
1019 152
1020 152
1021 152
1022 152
1023 152
1024 152
1025 152
1026 152
1027 152
1028 152
1029 152
1030 296
1031 296
1032 296
1033 296
1034 296
1035 296
1036 296
1037 296
1038 296
1039 296
1040 153
1041 153
1042 153
1043 153
1044 153
1045 153
1046 153
1047 153
1048 153
1049 153
1050 153
1051 153
1052 153
1053 153
1054 153
1055 153
1056 153
1057 153
1058 153
1059 153
1060 154
1061 154
1062 154
1063 154
1064 154
1065 154
1066 154
1067 154
1068 154
1069 154
1070 154
1071 154
1072 154
1073 154
1074 154
1075 154
1076 154
1077 154
1078 154
1079 154
1080 4
1081 4
1082 4
1083 4
1084 4
1085 4
1086 4
1087 4
1088 4
1089 4
1090 4
1091 4
1092 4
1093 4
1094 4
1095 4
1096 4
1097 4
1098 4
1099 4
1100 4
1101 4
1102 4
1103 4
1104 4
1105 4
1106 4
1107 4
1108 4
1109 4
1110 4
1111 4
1112 4
1113 4
1114 4
1115 4
1116 4
1117 4
1118 4
1119 4
1120 4
1121 4
1122 4
1123 4
1124 4
1125 4
1126 4
1127 4
1128 4
1129 4
1130 297
1131 297
1132 297
1133 297
1134 297
1135 297
1136 297
1137 297
1138 297
1139 297
1140 298
1141 298
1142 298
1143 298
1144 298
1145 298
1146 298
1147 298
1148 298
1149 298
1150 299
1151 299
1152 299
1153 299
1154 299
1155 299
1156 299
1157 299
1158 299
1159 299
1160 127
1161 127
1162 127
1163 127
1164 127
1165 127
1166 127
1167 127
1168 127
1169 127
1170 127
1171 127
1172 127
1173 127
1174 127
1175 127
1176 127
1177 127
1178 127
1179 127
1180 300
1181 300
1182 300
1183 300
1184 300
1185 300
1186 300
1187 300
1188 300
1189 300
1190 301
1191 301
1192 301
1193 301
1194 301
1195 301
1196 301
1197 301
1198 301
1199 301
1200 22
1201 22
1202 22
1203 22
1204 22
1205 22
1206 22
1207 22
1208 22
1209 22
1210 22
1211 22
1212 22
1213 22
1214 22
1215 22
1216 22
1217 22
1218 22
1219 22
1220 22
1221 22
1222 22
1223 22
1224 22
1225 22
1226 22
1227 22
1228 22
1229 22
1230 22
1231 22
1232 22
1233 22
1234 22
1235 22
1236 22
1237 22
1238 22
1239 22
1240 128
1241 128
1242 128
1243 128
1244 128
1245 128
1246 128
1247 128
1248 128
1249 128
1250 128
1251 128
1252 128
1253 128
1254 128
1255 128
1256 128
1257 128
1258 128
1259 128
1260 302
1261 302
1262 302
1263 302
1264 302
1265 302
1266 302
1267 302
1268 302
1269 302
1270 303
1271 303
1272 303
1273 303
1274 303
1275 303
1276 303
1277 303
1278 303
1279 303
1280 304
1281 304
1282 304
1283 304
1284 304
1285 304
1286 304
1287 304
1288 304
1289 304
1290 305
1291 305
1292 305
1293 305
1294 305
1295 305
1296 305
1297 305
1298 305
1299 305
1300 306
1301 306
1302 306
1303 306
1304 306
1305 306
1306 306
1307 306
1308 306
1309 306
1310 129
1311 129
1312 129
1313 129
1314 129
1315 129
1316 129
1317 129
1318 129
1319 129
1320 129
1321 129
1322 129
1323 129
1324 129
1325 129
1326 129
1327 129
1328 129
1329 129
1330 155
1331 155
1332 155
1333 155
1334 155
1335 155
1336 155
1337 155
1338 155
1339 155
1340 155
1341 155
1342 155
1343 155
1344 155
1345 155
1346 155
1347 155
1348 155
1349 155
1350 307
1351 307
1352 307
1353 307
1354 307
1355 307
1356 307
1357 307
1358 307
1359 307
1360 156
1361 156
1362 156
1363 156
1364 156
1365 156
1366 156
1367 156
1368 156
1369 156
1370 156
1371 156
1372 156
1373 156
1374 156
1375 156
1376 156
1377 156
1378 156
1379 156
1380 157
1381 157
1382 157
1383 157
1384 157
1385 157
1386 157
1387 157
1388 157
1389 157
1390 157
1391 157
1392 157
1393 157
1394 157
1395 157
1396 157
1397 157
1398 157
1399 157
1400 158
1401 158
1402 158
1403 158
1404 158
1405 158
1406 158
1407 158
1408 158
1409 158
1410 158
1411 158
1412 158
1413 158
1414 158
1415 158
1416 158
1417 158
1418 158
1419 158
1420 308
1421 308
1422 308
1423 308
1424 308
1425 308
1426 308
1427 308
1428 308
1429 308
1430 309
1431 309
1432 309
1433 309
1434 309
1435 309
1436 309
1437 309
1438 309
1439 309
1440 310
1441 310
1442 310
1443 310
1444 310
1445 310
1446 310
1447 310
1448 310
1449 310
1450 24
1451 24
1452 24
1453 24
1454 24
1455 24
1456 24
1457 24
1458 24
1459 24
1460 24
1461 24
1462 24
1463 24
1464 24
1465 24
1466 24
1467 24
1468 24
1469 24
1470 24
1471 24
1472 24
1473 24
1474 24
1475 24
1476 24
1477 24
1478 24
1479 24
1480 24
1481 24
1482 24
1483 24
1484 24
1485 24
1486 24
1487 24
1488 24
1489 24
1490 311
1491 311
1492 311
1493 311
1494 311
1495 311
1496 311
1497 311
1498 311
1499 311
1500 312
1501 312
1502 312
1503 312
1504 312
1505 312
1506 312
1507 312
1508 312
1509 312
1510 66
1511 66
1512 66
1513 66
1514 66
1515 66
1516 66
1517 66
1518 66
1519 66
1520 66
1521 66
1522 66
1523 66
1524 66
1525 66
1526 66
1527 66
1528 66
1529 66
1530 66
1531 66
1532 66
1533 66
1534 66
1535 66
1536 66
1537 66
1538 66
1539 66
1540 159
1541 159
1542 159
1543 159
1544 159
1545 159
1546 159
1547 159
1548 159
1549 159
1550 159
1551 159
1552 159
1553 159
1554 159
1555 159
1556 159
1557 159
1558 159
1559 159
1560 313
1561 313
1562 313
1563 313
1564 313
1565 313
1566 313
1567 313
1568 313
1569 313
1570 314
1571 314
1572 314
1573 314
1574 314
1575 314
1576 314
1577 314
1578 314
1579 314
1580 315
1581 315
1582 315
1583 315
1584 315
1585 315
1586 315
1587 315
1588 315
1589 315
1590 160
1591 160
1592 160
1593 160
1594 160
1595 160
1596 160
1597 160
1598 160
1599 160
1600 160
1601 160
1602 160
1603 160
1604 160
1605 160
1606 160
1607 160
1608 160
1609 160
1610 67
1611 67
1612 67
1613 67
1614 67
1615 67
1616 67
1617 67
1618 67
1619 67
1620 67
1621 67
1622 67
1623 67
1624 67
1625 67
1626 67
1627 67
1628 67
1629 67
1630 67
1631 67
1632 67
1633 67
1634 67
1635 67
1636 67
1637 67
1638 67
1639 67
1640 316
1641 316
1642 316
1643 316
1644 316
1645 316
1646 316
1647 316
1648 316
1649 316
1650 130
1651 130
1652 130
1653 130
1654 130
1655 130
1656 130
1657 130
1658 130
1659 130
1660 130
1661 130
1662 130
1663 130
1664 130
1665 130
1666 130
1667 130
1668 130
1669 130
1670 25
1671 25
1672 25
1673 25
1674 25
1675 25
1676 25
1677 25
1678 25
1679 25
1680 25
1681 25
1682 25
1683 25
1684 25
1685 25
1686 25
1687 25
1688 25
1689 25
1690 25
1691 25
1692 25
1693 25
1694 25
1695 25
1696 25
1697 25
1698 25
1699 25
1700 25
1701 25
1702 25
1703 25
1704 25
1705 25
1706 25
1707 25
1708 25
1709 25
1710 317
1711 317
1712 317
1713 317
1714 317
1715 317
1716 317
1717 317
1718 317
1719 317
1720 318
1721 318
1722 318
1723 318
1724 318
1725 318
1726 318
1727 318
1728 318
1729 318
1730 319
1731 319
1732 319
1733 319
1734 319
1735 319
1736 319
1737 319
1738 319
1739 319
1740 68
1741 68
1742 68
1743 68
1744 68
1745 68
1746 68
1747 68
1748 68
1749 68
1750 68
1751 68
1752 68
1753 68
1754 68
1755 68
1756 68
1757 68
1758 68
1759 68
1760 68
1761 68
1762 68
1763 68
1764 68
1765 68
1766 68
1767 68
1768 68
1769 68
1770 161
1771 161
1772 161
1773 161
1774 161
1775 161
1776 161
1777 161
1778 161
1779 161
1780 161
1781 161
1782 161
1783 161
1784 161
1785 161
1786 161
1787 161
1788 161
1789 161
1790 320
1791 320
1792 320
1793 320
1794 320
1795 320
1796 320
1797 320
1798 320
1799 320
1800 131
1801 131
1802 131
1803 131
1804 131
1805 131
1806 131
1807 131
1808 131
1809 131
1810 131
1811 131
1812 131
1813 131
1814 131
1815 131
1816 131
1817 131
1818 131
1819 131
1820 26
1821 26
1822 26
1823 26
1824 26
1825 26
1826 26
1827 26
1828 26
1829 26
1830 26
1831 26
1832 26
1833 26
1834 26
1835 26
1836 26
1837 26
1838 26
1839 26
1840 26
1841 26
1842 26
1843 26
1844 26
1845 26
1846 26
1847 26
1848 26
1849 26
1850 26
1851 26
1852 26
1853 26
1854 26
1855 26
1856 26
1857 26
1858 26
1859 26
1860 162
1861 162
1862 162
1863 162
1864 162
1865 162
1866 162
1867 162
1868 162
1869 162
1870 162
1871 162
1872 162
1873 162
1874 162
1875 162
1876 162
1877 162
1878 162
1879 162
1880 321
1881 321
1882 321
1883 321
1884 321
1885 321
1886 321
1887 321
1888 321
1889 321
1890 322
1891 322
1892 322
1893 322
1894 322
1895 322
1896 322
1897 322
1898 322
1899 322
1900 27
1901 27
1902 27
1903 27
1904 27
1905 27
1906 27
1907 27
1908 27
1909 27
1910 27
1911 27
1912 27
1913 27
1914 27
1915 27
1916 27
1917 27
1918 27
1919 27
1920 27
1921 27
1922 27
1923 27
1924 27
1925 27
1926 27
1927 27
1928 27
1929 27
1930 27
1931 27
1932 27
1933 27
1934 27
1935 27
1936 27
1937 27
1938 27
1939 27
1940 323
1941 323
1942 323
1943 323
1944 323
1945 323
1946 323
1947 323
1948 323
1949 323
1950 49
1951 49
1952 49
1953 49
1954 49
1955 49
1956 49
1957 49
1958 49
1959 49
1960 49
1961 49
1962 49
1963 49
1964 49
1965 49
1966 49
1967 49
1968 49
1969 49
1970 49
1971 49
1972 49
1973 49
1974 49
1975 49
1976 49
1977 49
1978 49
1979 49
1980 163
1981 163
1982 163
1983 163
1984 163
1985 163
1986 163
1987 163
1988 163
1989 163
1990 163
1991 163
1992 163
1993 163
1994 163
1995 163
1996 163
1997 163
1998 163
1999 163
2000 324
2001 324
2002 324
2003 324
2004 324
2005 324
2006 324
2007 324
2008 324
2009 324
2010 325
2011 325
2012 325
2013 325
2014 325
2015 325
2016 325
2017 325
2018 325
2019 325
2020 326
2021 326
2022 326
2023 326
2024 326
2025 326
2026 326
2027 326
2028 326
2029 326
2030 327
2031 327
2032 327
2033 327
2034 327
2035 327
2036 327
2037 327
2038 327
2039 327
2040 328
2041 328
2042 328
2043 328
2044 328
2045 328
2046 328
2047 328
2048 328
2049 328
2050 69
2051 69
2052 69
2053 69
2054 69
2055 69
2056 69
2057 69
2058 69
2059 69
2060 69
2061 69
2062 69
2063 69
2064 69
2065 69
2066 69
2067 69
2068 69
2069 69
2070 69
2071 69
2072 69
2073 69
2074 69
2075 69
2076 69
2077 69
2078 69
2079 69
2080 7
2081 7
2082 7
2083 7
2084 7
2085 7
2086 7
2087 7
2088 7
2089 7
2090 7
2091 7
2092 7
2093 7
2094 7
2095 7
2096 7
2097 7
2098 7
2099 7
2100 7
2101 7
2102 7
2103 7
2104 7
2105 7
2106 7
2107 7
2108 7
2109 7
2110 7
2111 7
2112 7
2113 7
2114 7
2115 7
2116 7
2117 7
2118 7
2119 7
2120 7
2121 7
2122 7
2123 7
2124 7
2125 7
2126 7
2127 7
2128 7
2129 7
2130 164
2131 164
2132 164
2133 164
2134 164
2135 164
2136 164
2137 164
2138 164
2139 164
2140 164
2141 164
2142 164
2143 164
2144 164
2145 164
2146 164
2147 164
2148 164
2149 164
2150 329
2151 329
2152 329
2153 329
2154 329
2155 329
2156 329
2157 329
2158 329
2159 329
2160 330
2161 330
2162 330
2163 330
2164 330
2165 330
2166 330
2167 330
2168 330
2169 330
2170 28
2171 28
2172 28
2173 28
2174 28
2175 28
2176 28
2177 28
2178 28
2179 28
2180 28
2181 28
2182 28
2183 28
2184 28
2185 28
2186 28
2187 28
2188 28
2189 28
2190 28
2191 28
2192 28
2193 28
2194 28
2195 28
2196 28
2197 28
2198 28
2199 28
2200 28
2201 28
2202 28
2203 28
2204 28
2205 28
2206 28
2207 28
2208 28
2209 28
2210 331
2211 331
2212 331
2213 331
2214 331
2215 331
2216 331
2217 331
2218 331
2219 331
2220 332
2221 332
2222 332
2223 332
2224 332
2225 332
2226 332
2227 332
2228 332
2229 332
2230 8
2231 8
2232 8
2233 8
2234 8
2235 8
2236 8
2237 8
2238 8
2239 8
2240 8
2241 8
2242 8
2243 8
2244 8
2245 8
2246 8
2247 8
2248 8
2249 8
2250 8
2251 8
2252 8
2253 8
2254 8
2255 8
2256 8
2257 8
2258 8
2259 8
2260 8
2261 8
2262 8
2263 8
2264 8
2265 8
2266 8
2267 8
2268 8
2269 8
2270 8
2271 8
2272 8
2273 8
2274 8
2275 8
2276 8
2277 8
2278 8
2279 8
2280 333
2281 333
2282 333
2283 333
2284 333
2285 333
2286 333
2287 333
2288 333
2289 333
2290 165
2291 165
2292 165
2293 165
2294 165
2295 165
2296 165
2297 165
2298 165
2299 165
2300 165
2301 165
2302 165
2303 165
2304 165
2305 165
2306 165
2307 165
2308 165
2309 165
2310 70
2311 70
2312 70
2313 70
2314 70
2315 70
2316 70
2317 70
2318 70
2319 70
2320 70
2321 70
2322 70
2323 70
2324 70
2325 70
2326 70
2327 70
2328 70
2329 70
2330 70
2331 70
2332 70
2333 70
2334 70
2335 70
2336 70
2337 70
2338 70
2339 70
2340 166
2341 166
2342 166
2343 166
2344 166
2345 166
2346 166
2347 166
2348 166
2349 166
2350 166
2351 166
2352 166
2353 166
2354 166
2355 166
2356 166
2357 166
2358 166
2359 166
2360 167
2361 167
2362 167
2363 167
2364 167
2365 167
2366 167
2367 167
2368 167
2369 167
2370 167
2371 167
2372 167
2373 167
2374 167
2375 167
2376 167
2377 167
2378 167
2379 167
2380 334
2381 334
2382 334
2383 334
2384 334
2385 334
2386 334
2387 334
2388 334
2389 334
2390 50
2391 50
2392 50
2393 50
2394 50
2395 50
2396 50
2397 50
2398 50
2399 50
2400 50
2401 50
2402 50
2403 50
2404 50
2405 50
2406 50
2407 50
2408 50
2409 50
2410 50
2411 50
2412 50
2413 50
2414 50
2415 50
2416 50
2417 50
2418 50
2419 50
2420 168
2421 168
2422 168
2423 168
2424 168
2425 168
2426 168
2427 168
2428 168
2429 168
2430 168
2431 168
2432 168
2433 168
2434 168
2435 168
2436 168
2437 168
2438 168
2439 168
2440 169
2441 169
2442 169
2443 169
2444 169
2445 169
2446 169
2447 169
2448 169
2449 169
2450 169
2451 169
2452 169
2453 169
2454 169
2455 169
2456 169
2457 169
2458 169
2459 169
2460 335
2461 335
2462 335
2463 335
2464 335
2465 335
2466 335
2467 335
2468 335
2469 335
2470 71
2471 71
2472 71
2473 71
2474 71
2475 71
2476 71
2477 71
2478 71
2479 71
2480 71
2481 71
2482 71
2483 71
2484 71
2485 71
2486 71
2487 71
2488 71
2489 71
2490 71
2491 71
2492 71
2493 71
2494 71
2495 71
2496 71
2497 71
2498 71
2499 71
2500 336
2501 336
2502 336
2503 336
2504 336
2505 336
2506 336
2507 336
2508 336
2509 336
2510 337
2511 337
2512 337
2513 337
2514 337
2515 337
2516 337
2517 337
2518 337
2519 337
2520 19
2521 19
2522 19
2523 19
2524 19
2525 19
2526 19
2527 19
2528 19
2529 19
2530 19
2531 19
2532 19
2533 19
2534 19
2535 19
2536 19
2537 19
2538 19
2539 19
2540 19
2541 19
2542 19
2543 19
2544 19
2545 19
2546 19
2547 19
2548 19
2549 19
2550 19
2551 19
2552 19
2553 19
2554 19
2555 19
2556 19
2557 19
2558 19
2559 19
2560 29
2561 29
2562 29
2563 29
2564 29
2565 29
2566 29
2567 29
2568 29
2569 29
2570 29
2571 29
2572 29
2573 29
2574 29
2575 29
2576 29
2577 29
2578 29
2579 29
2580 29
2581 29
2582 29
2583 29
2584 29
2585 29
2586 29
2587 29
2588 29
2589 29
2590 29
2591 29
2592 29
2593 29
2594 29
2595 29
2596 29
2597 29
2598 29
2599 29
2600 338
2601 338
2602 338
2603 338
2604 338
2605 338
2606 338
2607 338
2608 338
2609 338
2610 339
2611 339
2612 339
2613 339
2614 339
2615 339
2616 339
2617 339
2618 339
2619 339
2620 170
2621 170
2622 170
2623 170
2624 170
2625 170
2626 170
2627 170
2628 170
2629 170
2630 170
2631 170
2632 170
2633 170
2634 170
2635 170
2636 170
2637 170
2638 170
2639 170
2640 340
2641 340
2642 340
2643 340
2644 340
2645 340
2646 340
2647 340
2648 340
2649 340
2650 72
2651 72
2652 72
2653 72
2654 72
2655 72
2656 72
2657 72
2658 72
2659 72
2660 72
2661 72
2662 72
2663 72
2664 72
2665 72
2666 72
2667 72
2668 72
2669 72
2670 72
2671 72
2672 72
2673 72
2674 72
2675 72
2676 72
2677 72
2678 72
2679 72
2680 341
2681 341
2682 341
2683 341
2684 341
2685 341
2686 341
2687 341
2688 341
2689 341
2690 73
2691 73
2692 73
2693 73
2694 73
2695 73
2696 73
2697 73
2698 73
2699 73
2700 73
2701 73
2702 73
2703 73
2704 73
2705 73
2706 73
2707 73
2708 73
2709 73
2710 73
2711 73
2712 73
2713 73
2714 73
2715 73
2716 73
2717 73
2718 73
2719 73
2720 171
2721 171
2722 171
2723 171
2724 171
2725 171
2726 171
2727 171
2728 171
2729 171
2730 171
2731 171
2732 171
2733 171
2734 171
2735 171
2736 171
2737 171
2738 171
2739 171
2740 342
2741 342
2742 342
2743 342
2744 342
2745 342
2746 342
2747 342
2748 342
2749 342
2750 343
2751 343
2752 343
2753 343
2754 343
2755 343
2756 343
2757 343
2758 343
2759 343
2760 344
2761 344
2762 344
2763 344
2764 344
2765 344
2766 344
2767 344
2768 344
2769 344
2770 345
2771 345
2772 345
2773 345
2774 345
2775 345
2776 345
2777 345
2778 345
2779 345
2780 346
2781 346
2782 346
2783 346
2784 346
2785 346
2786 346
2787 346
2788 346
2789 346
2790 74
2791 74
2792 74
2793 74
2794 74
2795 74
2796 74
2797 74
2798 74
2799 74
2800 74
2801 74
2802 74
2803 74
2804 74
2805 74
2806 74
2807 74
2808 74
2809 74
2810 74
2811 74
2812 74
2813 74
2814 74
2815 74
2816 74
2817 74
2818 74
2819 74
2820 172
2821 172
2822 172
2823 172
2824 172
2825 172
2826 172
2827 172
2828 172
2829 172
2830 172
2831 172
2832 172
2833 172
2834 172
2835 172
2836 172
2837 172
2838 172
2839 172
2840 347
2841 347
2842 347
2843 347
2844 347
2845 347
2846 347
2847 347
2848 347
2849 347
2850 348
2851 348
2852 348
2853 348
2854 348
2855 348
2856 348
2857 348
2858 348
2859 348
2860 51
2861 51
2862 51
2863 51
2864 51
2865 51
2866 51
2867 51
2868 51
2869 51
2870 51
2871 51
2872 51
2873 51
2874 51
2875 51
2876 51
2877 51
2878 51
2879 51
2880 51
2881 51
2882 51
2883 51
2884 51
2885 51
2886 51
2887 51
2888 51
2889 51
2890 349
2891 349
2892 349
2893 349
2894 349
2895 349
2896 349
2897 349
2898 349
2899 349
2900 173
2901 173
2902 173
2903 173
2904 173
2905 173
2906 173
2907 173
2908 173
2909 173
2910 173
2911 173
2912 173
2913 173
2914 173
2915 173
2916 173
2917 173
2918 173
2919 173
2920 350
2921 350
2922 350
2923 350
2924 350
2925 350
2926 350
2927 350
2928 350
2929 350
2930 174
2931 174
2932 174
2933 174
2934 174
2935 174
2936 174
2937 174
2938 174
2939 174
2940 174
2941 174
2942 174
2943 174
2944 174
2945 174
2946 174
2947 174
2948 174
2949 174
2950 52
2951 52
2952 52
2953 52
2954 52
2955 52
2956 52
2957 52
2958 52
2959 52
2960 52
2961 52
2962 52
2963 52
2964 52
2965 52
2966 52
2967 52
2968 52
2969 52
2970 52
2971 52
2972 52
2973 52
2974 52
2975 52
2976 52
2977 52
2978 52
2979 52
2980 132
2981 132
2982 132
2983 132
2984 132
2985 132
2986 132
2987 132
2988 132
2989 132
2990 132
2991 132
2992 132
2993 132
2994 132
2995 132
2996 132
2997 132
2998 132
2999 132
3000 175
3001 175
3002 175
3003 175
3004 175
3005 175
3006 175
3007 175
3008 175
3009 175
3010 175
3011 175
3012 175
3013 175
3014 175
3015 175
3016 175
3017 175
3018 175
3019 175
3020 351
3021 351
3022 351
3023 351
3024 351
3025 351
3026 351
3027 351
3028 351
3029 351
3030 352
3031 352
3032 352
3033 352
3034 352
3035 352
3036 352
3037 352
3038 352
3039 352
3040 353
3041 353
3042 353
3043 353
3044 353
3045 353
3046 353
3047 353
3048 353
3049 353
3050 176
3051 176
3052 176
3053 176
3054 176
3055 176
3056 176
3057 176
3058 176
3059 176
3060 176
3061 176
3062 176
3063 176
3064 176
3065 176
3066 176
3067 176
3068 176
3069 176
3070 354
3071 354
3072 354
3073 354
3074 354
3075 354
3076 354
3077 354
3078 354
3079 354
3080 355
3081 355
3082 355
3083 355
3084 355
3085 355
3086 355
3087 355
3088 355
3089 355
3090 75
3091 75
3092 75
3093 75
3094 75
3095 75
3096 75
3097 75
3098 75
3099 75
3100 75
3101 75
3102 75
3103 75
3104 75
3105 75
3106 75
3107 75
3108 75
3109 75
3110 75
3111 75
3112 75
3113 75
3114 75
3115 75
3116 75
3117 75
3118 75
3119 75
3120 356
3121 356
3122 356
3123 356
3124 356
3125 356
3126 356
3127 356
3128 356
3129 356
3130 76
3131 76
3132 76
3133 76
3134 76
3135 76
3136 76
3137 76
3138 76
3139 76
3140 76
3141 76
3142 76
3143 76
3144 76
3145 76
3146 76
3147 76
3148 76
3149 76
3150 76
3151 76
3152 76
3153 76
3154 76
3155 76
3156 76
3157 76
3158 76
3159 76
3160 177
3161 177
3162 177
3163 177
3164 177
3165 177
3166 177
3167 177
3168 177
3169 177
3170 177
3171 177
3172 177
3173 177
3174 177
3175 177
3176 177
3177 177
3178 177
3179 177
3180 178
3181 178
3182 178
3183 178
3184 178
3185 178
3186 178
3187 178
3188 178
3189 178
3190 178
3191 178
3192 178
3193 178
3194 178
3195 178
3196 178
3197 178
3198 178
3199 178
3200 77
3201 77
3202 77
3203 77
3204 77
3205 77
3206 77
3207 77
3208 77
3209 77
3210 77
3211 77
3212 77
3213 77
3214 77
3215 77
3216 77
3217 77
3218 77
3219 77
3220 77
3221 77
3222 77
3223 77
3224 77
3225 77
3226 77
3227 77
3228 77
3229 77
3230 42
3231 42
3232 42
3233 42
3234 42
3235 42
3236 42
3237 42
3238 42
3239 42
3240 42
3241 42
3242 42
3243 42
3244 42
3245 42
3246 42
3247 42
3248 42
3249 42
3250 42
3251 42
3252 42
3253 42
3254 42
3255 42
3256 42
3257 42
3258 42
3259 42
3260 42
3261 42
3262 42
3263 42
3264 42
3265 42
3266 42
3267 42
3268 42
3269 42
3270 357
3271 357
3272 357
3273 357
3274 357
3275 357
3276 357
3277 357
3278 357
3279 357
3280 358
3281 358
3282 358
3283 358
3284 358
3285 358
3286 358
3287 358
3288 358
3289 358
3290 359
3291 359
3292 359
3293 359
3294 359
3295 359
3296 359
3297 359
3298 359
3299 359
3300 360
3301 360
3302 360
3303 360
3304 360
3305 360
3306 360
3307 360
3308 360
3309 360
3310 133
3311 133
3312 133
3313 133
3314 133
3315 133
3316 133
3317 133
3318 133
3319 133
3320 133
3321 133
3322 133
3323 133
3324 133
3325 133
3326 133
3327 133
3328 133
3329 133
3330 30
3331 30
3332 30
3333 30
3334 30
3335 30
3336 30
3337 30
3338 30
3339 30
3340 30
3341 30
3342 30
3343 30
3344 30
3345 30
3346 30
3347 30
3348 30
3349 30
3350 30
3351 30
3352 30
3353 30
3354 30
3355 30
3356 30
3357 30
3358 30
3359 30
3360 30
3361 30
3362 30
3363 30
3364 30
3365 30
3366 30
3367 30
3368 30
3369 30
3370 361
3371 361
3372 361
3373 361
3374 361
3375 361
3376 361
3377 361
3378 361
3379 361
3380 179
3381 179
3382 179
3383 179
3384 179
3385 179
3386 179
3387 179
3388 179
3389 179
3390 179
3391 179
3392 179
3393 179
3394 179
3395 179
3396 179
3397 179
3398 179
3399 179
3400 180
3401 180
3402 180
3403 180
3404 180
3405 180
3406 180
3407 180
3408 180
3409 180
3410 180
3411 180
3412 180
3413 180
3414 180
3415 180
3416 180
3417 180
3418 180
3419 180
3420 362
3421 362
3422 362
3423 362
3424 362
3425 362
3426 362
3427 362
3428 362
3429 362
3430 363
3431 363
3432 363
3433 363
3434 363
3435 363
3436 363
3437 363
3438 363
3439 363
3440 181
3441 181
3442 181
3443 181
3444 181
3445 181
3446 181
3447 181
3448 181
3449 181
3450 181
3451 181
3452 181
3453 181
3454 181
3455 181
3456 181
3457 181
3458 181
3459 181
3460 53
3461 53
3462 53
3463 53
3464 53
3465 53
3466 53
3467 53
3468 53
3469 53
3470 53
3471 53
3472 53
3473 53
3474 53
3475 53
3476 53
3477 53
3478 53
3479 53
3480 53
3481 53
3482 53
3483 53
3484 53
3485 53
3486 53
3487 53
3488 53
3489 53
3490 43
3491 43
3492 43
3493 43
3494 43
3495 43
3496 43
3497 43
3498 43
3499 43
3500 43
3501 43
3502 43
3503 43
3504 43
3505 43
3506 43
3507 43
3508 43
3509 43
3510 43
3511 43
3512 43
3513 43
3514 43
3515 43
3516 43
3517 43
3518 43
3519 43
3520 43
3521 43
3522 43
3523 43
3524 43
3525 43
3526 43
3527 43
3528 43
3529 43
3530 364
3531 364
3532 364
3533 364
3534 364
3535 364
3536 364
3537 364
3538 364
3539 364
3540 365
3541 365
3542 365
3543 365
3544 365
3545 365
3546 365
3547 365
3548 365
3549 365
3550 78
3551 78
3552 78
3553 78
3554 78
3555 78
3556 78
3557 78
3558 78
3559 78
3560 78
3561 78
3562 78
3563 78
3564 78
3565 78
3566 78
3567 78
3568 78
3569 78
3570 78
3571 78
3572 78
3573 78
3574 78
3575 78
3576 78
3577 78
3578 78
3579 78
3580 366
3581 366
3582 366
3583 366
3584 366
3585 366
3586 366
3587 366
3588 366
3589 366
3590 182
3591 182
3592 182
3593 182
3594 182
3595 182
3596 182
3597 182
3598 182
3599 182
3600 182
3601 182
3602 182
3603 182
3604 182
3605 182
3606 182
3607 182
3608 182
3609 182
3610 79
3611 79
3612 79
3613 79
3614 79
3615 79
3616 79
3617 79
3618 79
3619 79
3620 79
3621 79
3622 79
3623 79
3624 79
3625 79
3626 79
3627 79
3628 79
3629 79
3630 79
3631 79
3632 79
3633 79
3634 79
3635 79
3636 79
3637 79
3638 79
3639 79
3640 20
3641 20
3642 20
3643 20
3644 20
3645 20
3646 20
3647 20
3648 20
3649 20
3650 20
3651 20
3652 20
3653 20
3654 20
3655 20
3656 20
3657 20
3658 20
3659 20
3660 20
3661 20
3662 20
3663 20
3664 20
3665 20
3666 20
3667 20
3668 20
3669 20
3670 20
3671 20
3672 20
3673 20
3674 20
3675 20
3676 20
3677 20
3678 20
3679 20
3680 367
3681 367
3682 367
3683 367
3684 367
3685 367
3686 367
3687 367
3688 367
3689 367
3690 368
3691 368
3692 368
3693 368
3694 368
3695 368
3696 368
3697 368
3698 368
3699 368
3700 54
3701 54
3702 54
3703 54
3704 54
3705 54
3706 54
3707 54
3708 54
3709 54
3710 54
3711 54
3712 54
3713 54
3714 54
3715 54
3716 54
3717 54
3718 54
3719 54
3720 54
3721 54
3722 54
3723 54
3724 54
3725 54
3726 54
3727 54
3728 54
3729 54
3730 369
3731 369
3732 369
3733 369
3734 369
3735 369
3736 369
3737 369
3738 369
3739 369
3740 370
3741 370
3742 370
3743 370
3744 370
3745 370
3746 370
3747 370
3748 370
3749 370
3750 80
3751 80
3752 80
3753 80
3754 80
3755 80
3756 80
3757 80
3758 80
3759 80
3760 80
3761 80
3762 80
3763 80
3764 80
3765 80
3766 80
3767 80
3768 80
3769 80
3770 80
3771 80
3772 80
3773 80
3774 80
3775 80
3776 80
3777 80
3778 80
3779 80
3780 16
3781 16
3782 16
3783 16
3784 16
3785 16
3786 16
3787 16
3788 16
3789 16
3790 16
3791 16
3792 16
3793 16
3794 16
3795 16
3796 16
3797 16
3798 16
3799 16
3800 16
3801 16
3802 16
3803 16
3804 16
3805 16
3806 16
3807 16
3808 16
3809 16
3810 16
3811 16
3812 16
3813 16
3814 16
3815 16
3816 16
3817 16
3818 16
3819 16
3820 371
3821 371
3822 371
3823 371
3824 371
3825 371
3826 371
3827 371
3828 371
3829 371
3830 372
3831 372
3832 372
3833 372
3834 372
3835 372
3836 372
3837 372
3838 372
3839 372
3840 373
3841 373
3842 373
3843 373
3844 373
3845 373
3846 373
3847 373
3848 373
3849 373
3850 81
3851 81
3852 81
3853 81
3854 81
3855 81
3856 81
3857 81
3858 81
3859 81
3860 81
3861 81
3862 81
3863 81
3864 81
3865 81
3866 81
3867 81
3868 81
3869 81
3870 81
3871 81
3872 81
3873 81
3874 81
3875 81
3876 81
3877 81
3878 81
3879 81
3880 374
3881 374
3882 374
3883 374
3884 374
3885 374
3886 374
3887 374
3888 374
3889 374
3890 183
3891 183
3892 183
3893 183
3894 183
3895 183
3896 183
3897 183
3898 183
3899 183
3900 183
3901 183
3902 183
3903 183
3904 183
3905 183
3906 183
3907 183
3908 183
3909 183
3910 375
3911 375
3912 375
3913 375
3914 375
3915 375
3916 375
3917 375
3918 375
3919 375
3920 31
3921 31
3922 31
3923 31
3924 31
3925 31
3926 31
3927 31
3928 31
3929 31
3930 31
3931 31
3932 31
3933 31
3934 31
3935 31
3936 31
3937 31
3938 31
3939 31
3940 31
3941 31
3942 31
3943 31
3944 31
3945 31
3946 31
3947 31
3948 31
3949 31
3950 31
3951 31
3952 31
3953 31
3954 31
3955 31
3956 31
3957 31
3958 31
3959 31
3960 376
3961 376
3962 376
3963 376
3964 376
3965 376
3966 376
3967 376
3968 376
3969 376
3970 377
3971 377
3972 377
3973 377
3974 377
3975 377
3976 377
3977 377
3978 377
3979 377
3980 184
3981 184
3982 184
3983 184
3984 184
3985 184
3986 184
3987 184
3988 184
3989 184
3990 184
3991 184
3992 184
3993 184
3994 184
3995 184
3996 184
3997 184
3998 184
3999 184
4000 82
4001 82
4002 82
4003 82
4004 82
4005 82
4006 82
4007 82
4008 82
4009 82
4010 82
4011 82
4012 82
4013 82
4014 82
4015 82
4016 82
4017 82
4018 82
4019 82
4020 82
4021 82
4022 82
4023 82
4024 82
4025 82
4026 82
4027 82
4028 82
4029 82
4030 378
4031 378
4032 378
4033 378
4034 378
4035 378
4036 378
4037 378
4038 378
4039 378
4040 44
4041 44
4042 44
4043 44
4044 44
4045 44
4046 44
4047 44
4048 44
4049 44
4050 44
4051 44
4052 44
4053 44
4054 44
4055 44
4056 44
4057 44
4058 44
4059 44
4060 44
4061 44
4062 44
4063 44
4064 44
4065 44
4066 44
4067 44
4068 44
4069 44
4070 44
4071 44
4072 44
4073 44
4074 44
4075 44
4076 44
4077 44
4078 44
4079 44
4080 379
4081 379
4082 379
4083 379
4084 379
4085 379
4086 379
4087 379
4088 379
4089 379
4090 380
4091 380
4092 380
4093 380
4094 380
4095 380
4096 380
4097 380
4098 380
4099 380
4100 134
4101 134
4102 134
4103 134
4104 134
4105 134
4106 134
4107 134
4108 134
4109 134
4110 134
4111 134
4112 134
4113 134
4114 134
4115 134
4116 134
4117 134
4118 134
4119 134
4120 381
4121 381
4122 381
4123 381
4124 381
4125 381
4126 381
4127 381
4128 381
4129 381
4130 382
4131 382
4132 382
4133 382
4134 382
4135 382
4136 382
4137 382
4138 382
4139 382
4140 185
4141 185
4142 185
4143 185
4144 185
4145 185
4146 185
4147 185
4148 185
4149 185
4150 185
4151 185
4152 185
4153 185
4154 185
4155 185
4156 185
4157 185
4158 185
4159 185
4160 186
4161 186
4162 186
4163 186
4164 186
4165 186
4166 186
4167 186
4168 186
4169 186
4170 186
4171 186
4172 186
4173 186
4174 186
4175 186
4176 186
4177 186
4178 186
4179 186
4180 55
4181 55
4182 55
4183 55
4184 55
4185 55
4186 55
4187 55
4188 55
4189 55
4190 55
4191 55
4192 55
4193 55
4194 55
4195 55
4196 55
4197 55
4198 55
4199 55
4200 55
4201 55
4202 55
4203 55
4204 55
4205 55
4206 55
4207 55
4208 55
4209 55
4210 187
4211 187
4212 187
4213 187
4214 187
4215 187
4216 187
4217 187
4218 187
4219 187
4220 187
4221 187
4222 187
4223 187
4224 187
4225 187
4226 187
4227 187
4228 187
4229 187
4230 383
4231 383
4232 383
4233 383
4234 383
4235 383
4236 383
4237 383
4238 383
4239 383
4240 188
4241 188
4242 188
4243 188
4244 188
4245 188
4246 188
4247 188
4248 188
4249 188
4250 188
4251 188
4252 188
4253 188
4254 188
4255 188
4256 188
4257 188
4258 188
4259 188
4260 384
4261 384
4262 384
4263 384
4264 384
4265 384
4266 384
4267 384
4268 384
4269 384
4270 385
4271 385
4272 385
4273 385
4274 385
4275 385
4276 385
4277 385
4278 385
4279 385
4280 386
4281 386
4282 386
4283 386
4284 386
4285 386
4286 386
4287 386
4288 386
4289 386
4290 32
4291 32
4292 32
4293 32
4294 32
4295 32
4296 32
4297 32
4298 32
4299 32
4300 32
4301 32
4302 32
4303 32
4304 32
4305 32
4306 32
4307 32
4308 32
4309 32
4310 32
4311 32
4312 32
4313 32
4314 32
4315 32
4316 32
4317 32
4318 32
4319 32
4320 32
4321 32
4322 32
4323 32
4324 32
4325 32
4326 32
4327 32
4328 32
4329 32
4330 387
4331 387
4332 387
4333 387
4334 387
4335 387
4336 387
4337 387
4338 387
4339 387
4340 388
4341 388
4342 388
4343 388
4344 388
4345 388
4346 388
4347 388
4348 388
4349 388
4350 33
4351 33
4352 33
4353 33
4354 33
4355 33
4356 33
4357 33
4358 33
4359 33
4360 33
4361 33
4362 33
4363 33
4364 33
4365 33
4366 33
4367 33
4368 33
4369 33
4370 33
4371 33
4372 33
4373 33
4374 33
4375 33
4376 33
4377 33
4378 33
4379 33
4380 33
4381 33
4382 33
4383 33
4384 33
4385 33
4386 33
4387 33
4388 33
4389 33
4390 389
4391 389
4392 389
4393 389
4394 389
4395 389
4396 389
4397 389
4398 389
4399 389
4400 390
4401 390
4402 390
4403 390
4404 390
4405 390
4406 390
4407 390
4408 390
4409 390
4410 391
4411 391
4412 391
4413 391
4414 391
4415 391
4416 391
4417 391
4418 391
4419 391
4420 392
4421 392
4422 392
4423 392
4424 392
4425 392
4426 392
4427 392
4428 392
4429 392
4430 83
4431 83
4432 83
4433 83
4434 83
4435 83
4436 83
4437 83
4438 83
4439 83
4440 83
4441 83
4442 83
4443 83
4444 83
4445 83
4446 83
4447 83
4448 83
4449 83
4450 83
4451 83
4452 83
4453 83
4454 83
4455 83
4456 83
4457 83
4458 83
4459 83
4460 189
4461 189
4462 189
4463 189
4464 189
4465 189
4466 189
4467 189
4468 189
4469 189
4470 189
4471 189
4472 189
4473 189
4474 189
4475 189
4476 189
4477 189
4478 189
4479 189
4480 393
4481 393
4482 393
4483 393
4484 393
4485 393
4486 393
4487 393
4488 393
4489 393
4490 84
4491 84
4492 84
4493 84
4494 84
4495 84
4496 84
4497 84
4498 84
4499 84
4500 84
4501 84
4502 84
4503 84
4504 84
4505 84
4506 84
4507 84
4508 84
4509 84
4510 84
4511 84
4512 84
4513 84
4514 84
4515 84
4516 84
4517 84
4518 84
4519 84
4520 394
4521 394
4522 394
4523 394
4524 394
4525 394
4526 394
4527 394
4528 394
4529 394
4530 56
4531 56
4532 56
4533 56
4534 56
4535 56
4536 56
4537 56
4538 56
4539 56
4540 56
4541 56
4542 56
4543 56
4544 56
4545 56
4546 56
4547 56
4548 56
4549 56
4550 56
4551 56
4552 56
4553 56
4554 56
4555 56
4556 56
4557 56
4558 56
4559 56
4560 190
4561 190
4562 190
4563 190
4564 190
4565 190
4566 190
4567 190
4568 190
4569 190
4570 190
4571 190
4572 190
4573 190
4574 190
4575 190
4576 190
4577 190
4578 190
4579 190
4580 135
4581 135
4582 135
4583 135
4584 135
4585 135
4586 135
4587 135
4588 135
4589 135
4590 135
4591 135
4592 135
4593 135
4594 135
4595 135
4596 135
4597 135
4598 135
4599 135
4600 191
4601 191
4602 191
4603 191
4604 191
4605 191
4606 191
4607 191
4608 191
4609 191
4610 191
4611 191
4612 191
4613 191
4614 191
4615 191
4616 191
4617 191
4618 191
4619 191
4620 85
4621 85
4622 85
4623 85
4624 85
4625 85
4626 85
4627 85
4628 85
4629 85
4630 85
4631 85
4632 85
4633 85
4634 85
4635 85
4636 85
4637 85
4638 85
4639 85
4640 85
4641 85
4642 85
4643 85
4644 85
4645 85
4646 85
4647 85
4648 85
4649 85
4650 395
4651 395
4652 395
4653 395
4654 395
4655 395
4656 395
4657 395
4658 395
4659 395
4660 396
4661 396
4662 396
4663 396
4664 396
4665 396
4666 396
4667 396
4668 396
4669 396
4670 86
4671 86
4672 86
4673 86
4674 86
4675 86
4676 86
4677 86
4678 86
4679 86
4680 86
4681 86
4682 86
4683 86
4684 86
4685 86
4686 86
4687 86
4688 86
4689 86
4690 86
4691 86
4692 86
4693 86
4694 86
4695 86
4696 86
4697 86
4698 86
4699 86
4700 397
4701 397
4702 397
4703 397
4704 397
4705 397
4706 397
4707 397
4708 397
4709 397
4710 87
4711 87
4712 87
4713 87
4714 87
4715 87
4716 87
4717 87
4718 87
4719 87
4720 87
4721 87
4722 87
4723 87
4724 87
4725 87
4726 87
4727 87
4728 87
4729 87
4730 87
4731 87
4732 87
4733 87
4734 87
4735 87
4736 87
4737 87
4738 87
4739 87
4740 88
4741 88
4742 88
4743 88
4744 88
4745 88
4746 88
4747 88
4748 88
4749 88
4750 88
4751 88
4752 88
4753 88
4754 88
4755 88
4756 88
4757 88
4758 88
4759 88
4760 88
4761 88
4762 88
4763 88
4764 88
4765 88
4766 88
4767 88
4768 88
4769 88
4770 398
4771 398
4772 398
4773 398
4774 398
4775 398
4776 398
4777 398
4778 398
4779 398
4780 399
4781 399
4782 399
4783 399
4784 399
4785 399
4786 399
4787 399
4788 399
4789 399
4790 400
4791 400
4792 400
4793 400
4794 400
4795 400
4796 400
4797 400
4798 400
4799 400
4800 192
4801 192
4802 192
4803 192
4804 192
4805 192
4806 192
4807 192
4808 192
4809 192
4810 192
4811 192
4812 192
4813 192
4814 192
4815 192
4816 192
4817 192
4818 192
4819 192
4820 401
4821 401
4822 401
4823 401
4824 401
4825 401
4826 401
4827 401
4828 401
4829 401
4830 402
4831 402
4832 402
4833 402
4834 402
4835 402
4836 402
4837 402
4838 402
4839 402
4840 89
4841 89
4842 89
4843 89
4844 89
4845 89
4846 89
4847 89
4848 89
4849 89
4850 89
4851 89
4852 89
4853 89
4854 89
4855 89
4856 89
4857 89
4858 89
4859 89
4860 89
4861 89
4862 89
4863 89
4864 89
4865 89
4866 89
4867 89
4868 89
4869 89
4870 90
4871 90
4872 90
4873 90
4874 90
4875 90
4876 90
4877 90
4878 90
4879 90
4880 90
4881 90
4882 90
4883 90
4884 90
4885 90
4886 90
4887 90
4888 90
4889 90
4890 90
4891 90
4892 90
4893 90
4894 90
4895 90
4896 90
4897 90
4898 90
4899 90
4900 403
4901 403
4902 403
4903 403
4904 403
4905 403
4906 403
4907 403
4908 403
4909 403
4910 193
4911 193
4912 193
4913 193
4914 193
4915 193
4916 193
4917 193
4918 193
4919 193
4920 193
4921 193
4922 193
4923 193
4924 193
4925 193
4926 193
4927 193
4928 193
4929 193
4930 404
4931 404
4932 404
4933 404
4934 404
4935 404
4936 404
4937 404
4938 404
4939 404
4940 194
4941 194
4942 194
4943 194
4944 194
4945 194
4946 194
4947 194
4948 194
4949 194
4950 194
4951 194
4952 194
4953 194
4954 194
4955 194
4956 194
4957 194
4958 194
4959 194
4960 195
4961 195
4962 195
4963 195
4964 195
4965 195
4966 195
4967 195
4968 195
4969 195
4970 195
4971 195
4972 195
4973 195
4974 195
4975 195
4976 195
4977 195
4978 195
4979 195
4980 91
4981 91
4982 91
4983 91
4984 91
4985 91
4986 91
4987 91
4988 91
4989 91
4990 91
4991 91
4992 91
4993 91
4994 91
4995 91
4996 91
4997 91
4998 91
4999 91
5000 91
5001 91
5002 91
5003 91
5004 91
5005 91
5006 91
5007 91
5008 91
5009 91
5010 405
5011 405
5012 405
5013 405
5014 405
5015 405
5016 405
5017 405
5018 405
5019 405
5020 406
5021 406
5022 406
5023 406
5024 406
5025 406
5026 406
5027 406
5028 406
5029 406
5030 196
5031 196
5032 196
5033 196
5034 196
5035 196
5036 196
5037 196
5038 196
5039 196
5040 196
5041 196
5042 196
5043 196
5044 196
5045 196
5046 196
5047 196
5048 196
5049 196
5050 407
5051 407
5052 407
5053 407
5054 407
5055 407
5056 407
5057 407
5058 407
5059 407
5060 408
5061 408
5062 408
5063 408
5064 408
5065 408
5066 408
5067 408
5068 408
5069 408
5070 197
5071 197
5072 197
5073 197
5074 197
5075 197
5076 197
5077 197
5078 197
5079 197
5080 197
5081 197
5082 197
5083 197
5084 197
5085 197
5086 197
5087 197
5088 197
5089 197
5090 409
5091 409
5092 409
5093 409
5094 409
5095 409
5096 409
5097 409
5098 409
5099 409
5100 410
5101 410
5102 410
5103 410
5104 410
5105 410
5106 410
5107 410
5108 410
5109 410
5110 34
5111 34
5112 34
5113 34
5114 34
5115 34
5116 34
5117 34
5118 34
5119 34
5120 34
5121 34
5122 34
5123 34
5124 34
5125 34
5126 34
5127 34
5128 34
5129 34
5130 34
5131 34
5132 34
5133 34
5134 34
5135 34
5136 34
5137 34
5138 34
5139 34
5140 34
5141 34
5142 34
5143 34
5144 34
5145 34
5146 34
5147 34
5148 34
5149 34
5150 411
5151 411
5152 411
5153 411
5154 411
5155 411
5156 411
5157 411
5158 411
5159 411
5160 412
5161 412
5162 412
5163 412
5164 412
5165 412
5166 412
5167 412
5168 412
5169 412
5170 413
5171 413
5172 413
5173 413
5174 413
5175 413
5176 413
5177 413
5178 413
5179 413
5180 414
5181 414
5182 414
5183 414
5184 414
5185 414
5186 414
5187 414
5188 414
5189 414
5190 415
5191 415
5192 415
5193 415
5194 415
5195 415
5196 415
5197 415
5198 415
5199 415
5200 92
5201 92
5202 92
5203 92
5204 92
5205 92
5206 92
5207 92
5208 92
5209 92
5210 92
5211 92
5212 92
5213 92
5214 92
5215 92
5216 92
5217 92
5218 92
5219 92
5220 92
5221 92
5222 92
5223 92
5224 92
5225 92
5226 92
5227 92
5228 92
5229 92
5230 416
5231 416
5232 416
5233 416
5234 416
5235 416
5236 416
5237 416
5238 416
5239 416
5240 198
5241 198
5242 198
5243 198
5244 198
5245 198
5246 198
5247 198
5248 198
5249 198
5250 198
5251 198
5252 198
5253 198
5254 198
5255 198
5256 198
5257 198
5258 198
5259 198
5260 199
5261 199
5262 199
5263 199
5264 199
5265 199
5266 199
5267 199
5268 199
5269 199
5270 199
5271 199
5272 199
5273 199
5274 199
5275 199
5276 199
5277 199
5278 199
5279 199
5280 417
5281 417
5282 417
5283 417
5284 417
5285 417
5286 417
5287 417
5288 417
5289 417
5290 200
5291 200
5292 200
5293 200
5294 200
5295 200
5296 200
5297 200
5298 200
5299 200
5300 200
5301 200
5302 200
5303 200
5304 200
5305 200
5306 200
5307 200
5308 200
5309 200
5310 201
5311 201
5312 201
5313 201
5314 201
5315 201
5316 201
5317 201
5318 201
5319 201
5320 201
5321 201
5322 201
5323 201
5324 201
5325 201
5326 201
5327 201
5328 201
5329 201
5330 418
5331 418
5332 418
5333 418
5334 418
5335 418
5336 418
5337 418
5338 418
5339 418
5340 93
5341 93
5342 93
5343 93
5344 93
5345 93
5346 93
5347 93
5348 93
5349 93
5350 93
5351 93
5352 93
5353 93
5354 93
5355 93
5356 93
5357 93
5358 93
5359 93
5360 93
5361 93
5362 93
5363 93
5364 93
5365 93
5366 93
5367 93
5368 93
5369 93
5370 35
5371 35
5372 35
5373 35
5374 35
5375 35
5376 35
5377 35
5378 35
5379 35
5380 35
5381 35
5382 35
5383 35
5384 35
5385 35
5386 35
5387 35
5388 35
5389 35
5390 35
5391 35
5392 35
5393 35
5394 35
5395 35
5396 35
5397 35
5398 35
5399 35
5400 35
5401 35
5402 35
5403 35
5404 35
5405 35
5406 35
5407 35
5408 35
5409 35
5410 419
5411 419
5412 419
5413 419
5414 419
5415 419
5416 419
5417 419
5418 419
5419 419
5420 420
5421 420
5422 420
5423 420
5424 420
5425 420
5426 420
5427 420
5428 420
5429 420
5430 202
5431 202
5432 202
5433 202
5434 202
5435 202
5436 202
5437 202
5438 202
5439 202
5440 202
5441 202
5442 202
5443 202
5444 202
5445 202
5446 202
5447 202
5448 202
5449 202
5450 421
5451 421
5452 421
5453 421
5454 421
5455 421
5456 421
5457 421
5458 421
5459 421
5460 422
5461 422
5462 422
5463 422
5464 422
5465 422
5466 422
5467 422
5468 422
5469 422
5470 203
5471 203
5472 203
5473 203
5474 203
5475 203
5476 203
5477 203
5478 203
5479 203
5480 203
5481 203
5482 203
5483 203
5484 203
5485 203
5486 203
5487 203
5488 203
5489 203
5490 423
5491 423
5492 423
5493 423
5494 423
5495 423
5496 423
5497 423
5498 423
5499 423
5500 204
5501 204
5502 204
5503 204
5504 204
5505 204
5506 204
5507 204
5508 204
5509 204
5510 204
5511 204
5512 204
5513 204
5514 204
5515 204
5516 204
5517 204
5518 204
5519 204
5520 205
5521 205
5522 205
5523 205
5524 205
5525 205
5526 205
5527 205
5528 205
5529 205
5530 205
5531 205
5532 205
5533 205
5534 205
5535 205
5536 205
5537 205
5538 205
5539 205
5540 206
5541 206
5542 206
5543 206
5544 206
5545 206
5546 206
5547 206
5548 206
5549 206
5550 206
5551 206
5552 206
5553 206
5554 206
5555 206
5556 206
5557 206
5558 206
5559 206
5560 94
5561 94
5562 94
5563 94
5564 94
5565 94
5566 94
5567 94
5568 94
5569 94
5570 94
5571 94
5572 94
5573 94
5574 94
5575 94
5576 94
5577 94
5578 94
5579 94
5580 94
5581 94
5582 94
5583 94
5584 94
5585 94
5586 94
5587 94
5588 94
5589 94
5590 424
5591 424
5592 424
5593 424
5594 424
5595 424
5596 424
5597 424
5598 424
5599 424
5600 425
5601 425
5602 425
5603 425
5604 425
5605 425
5606 425
5607 425
5608 425
5609 425
5610 426
5611 426
5612 426
5613 426
5614 426
5615 426
5616 426
5617 426
5618 426
5619 426
5620 427
5621 427
5622 427
5623 427
5624 427
5625 427
5626 427
5627 427
5628 427
5629 427
5630 428
5631 428
5632 428
5633 428
5634 428
5635 428
5636 428
5637 428
5638 428
5639 428
5640 207
5641 207
5642 207
5643 207
5644 207
5645 207
5646 207
5647 207
5648 207
5649 207
5650 207
5651 207
5652 207
5653 207
5654 207
5655 207
5656 207
5657 207
5658 207
5659 207
5660 208
5661 208
5662 208
5663 208
5664 208
5665 208
5666 208
5667 208
5668 208
5669 208
5670 208
5671 208
5672 208
5673 208
5674 208
5675 208
5676 208
5677 208
5678 208
5679 208
5680 95
5681 95
5682 95
5683 95
5684 95
5685 95
5686 95
5687 95
5688 95
5689 95
5690 95
5691 95
5692 95
5693 95
5694 95
5695 95
5696 95
5697 95
5698 95
5699 95
5700 95
5701 95
5702 95
5703 95
5704 95
5705 95
5706 95
5707 95
5708 95
5709 95
5710 429
5711 429
5712 429
5713 429
5714 429
5715 429
5716 429
5717 429
5718 429
5719 429
5720 430
5721 430
5722 430
5723 430
5724 430
5725 430
5726 430
5727 430
5728 430
5729 430
5730 136
5731 136
5732 136
5733 136
5734 136
5735 136
5736 136
5737 136
5738 136
5739 136
5740 136
5741 136
5742 136
5743 136
5744 136
5745 136
5746 136
5747 136
5748 136
5749 136
5750 431
5751 431
5752 431
5753 431
5754 431
5755 431
5756 431
5757 431
5758 431
5759 431
5760 432
5761 432
5762 432
5763 432
5764 432
5765 432
5766 432
5767 432
5768 432
5769 432
5770 209
5771 209
5772 209
5773 209
5774 209
5775 209
5776 209
5777 209
5778 209
5779 209
5780 209
5781 209
5782 209
5783 209
5784 209
5785 209
5786 209
5787 209
5788 209
5789 209
5790 96
5791 96
5792 96
5793 96
5794 96
5795 96
5796 96
5797 96
5798 96
5799 96
5800 96
5801 96
5802 96
5803 96
5804 96
5805 96
5806 96
5807 96
5808 96
5809 96
5810 96
5811 96
5812 96
5813 96
5814 96
5815 96
5816 96
5817 96
5818 96
5819 96
5820 97
5821 97
5822 97
5823 97
5824 97
5825 97
5826 97
5827 97
5828 97
5829 97
5830 97
5831 97
5832 97
5833 97
5834 97
5835 97
5836 97
5837 97
5838 97
5839 97
5840 97
5841 97
5842 97
5843 97
5844 97
5845 97
5846 97
5847 97
5848 97
5849 97
5850 433
5851 433
5852 433
5853 433
5854 433
5855 433
5856 433
5857 433
5858 433
5859 433
5860 45
5861 45
5862 45
5863 45
5864 45
5865 45
5866 45
5867 45
5868 45
5869 45
5870 45
5871 45
5872 45
5873 45
5874 45
5875 45
5876 45
5877 45
5878 45
5879 45
5880 45
5881 45
5882 45
5883 45
5884 45
5885 45
5886 45
5887 45
5888 45
5889 45
5890 45
5891 45
5892 45
5893 45
5894 45
5895 45
5896 45
5897 45
5898 45
5899 45
5900 434
5901 434
5902 434
5903 434
5904 434
5905 434
5906 434
5907 434
5908 434
5909 434
5910 210
5911 210
5912 210
5913 210
5914 210
5915 210
5916 210
5917 210
5918 210
5919 210
5920 210
5921 210
5922 210
5923 210
5924 210
5925 210
5926 210
5927 210
5928 210
5929 210
5930 211
5931 211
5932 211
5933 211
5934 211
5935 211
5936 211
5937 211
5938 211
5939 211
5940 211
5941 211
5942 211
5943 211
5944 211
5945 211
5946 211
5947 211
5948 211
5949 211
5950 98
5951 98
5952 98
5953 98
5954 98
5955 98
5956 98
5957 98
5958 98
5959 98
5960 98
5961 98
5962 98
5963 98
5964 98
5965 98
5966 98
5967 98
5968 98
5969 98
5970 98
5971 98
5972 98
5973 98
5974 98
5975 98
5976 98
5977 98
5978 98
5979 98
5980 435
5981 435
5982 435
5983 435
5984 435
5985 435
5986 435
5987 435
5988 435
5989 435
5990 436
5991 436
5992 436
5993 436
5994 436
5995 436
5996 436
5997 436
5998 436
5999 436
6000 99
6001 99
6002 99
6003 99
6004 99
6005 99
6006 99
6007 99
6008 99
6009 99
6010 99
6011 99
6012 99
6013 99
6014 99
6015 99
6016 99
6017 99
6018 99
6019 99
6020 99
6021 99
6022 99
6023 99
6024 99
6025 99
6026 99
6027 99
6028 99
6029 99
6030 212
6031 212
6032 212
6033 212
6034 212
6035 212
6036 212
6037 212
6038 212
6039 212
6040 212
6041 212
6042 212
6043 212
6044 212
6045 212
6046 212
6047 212
6048 212
6049 212
6050 437
6051 437
6052 437
6053 437
6054 437
6055 437
6056 437
6057 437
6058 437
6059 437
6060 438
6061 438
6062 438
6063 438
6064 438
6065 438
6066 438
6067 438
6068 438
6069 438
6070 439
6071 439
6072 439
6073 439
6074 439
6075 439
6076 439
6077 439
6078 439
6079 439
6080 440
6081 440
6082 440
6083 440
6084 440
6085 440
6086 440
6087 440
6088 440
6089 440
6090 213
6091 213
6092 213
6093 213
6094 213
6095 213
6096 213
6097 213
6098 213
6099 213
6100 213
6101 213
6102 213
6103 213
6104 213
6105 213
6106 213
6107 213
6108 213
6109 213
6110 214
6111 214
6112 214
6113 214
6114 214
6115 214
6116 214
6117 214
6118 214
6119 214
6120 214
6121 214
6122 214
6123 214
6124 214
6125 214
6126 214
6127 214
6128 214
6129 214
6130 441
6131 441
6132 441
6133 441
6134 441
6135 441
6136 441
6137 441
6138 441
6139 441
6140 215
6141 215
6142 215
6143 215
6144 215
6145 215
6146 215
6147 215
6148 215
6149 215
6150 215
6151 215
6152 215
6153 215
6154 215
6155 215
6156 215
6157 215
6158 215
6159 215
6160 100
6161 100
6162 100
6163 100
6164 100
6165 100
6166 100
6167 100
6168 100
6169 100
6170 100
6171 100
6172 100
6173 100
6174 100
6175 100
6176 100
6177 100
6178 100
6179 100
6180 100
6181 100
6182 100
6183 100
6184 100
6185 100
6186 100
6187 100
6188 100
6189 100
6190 216
6191 216
6192 216
6193 216
6194 216
6195 216
6196 216
6197 216
6198 216
6199 216
6200 216
6201 216
6202 216
6203 216
6204 216
6205 216
6206 216
6207 216
6208 216
6209 216
6210 101
6211 101
6212 101
6213 101
6214 101
6215 101
6216 101
6217 101
6218 101
6219 101
6220 101
6221 101
6222 101
6223 101
6224 101
6225 101
6226 101
6227 101
6228 101
6229 101
6230 101
6231 101
6232 101
6233 101
6234 101
6235 101
6236 101
6237 101
6238 101
6239 101
6240 217
6241 217
6242 217
6243 217
6244 217
6245 217
6246 217
6247 217
6248 217
6249 217
6250 217
6251 217
6252 217
6253 217
6254 217
6255 217
6256 217
6257 217
6258 217
6259 217
6260 137
6261 137
6262 137
6263 137
6264 137
6265 137
6266 137
6267 137
6268 137
6269 137
6270 137
6271 137
6272 137
6273 137
6274 137
6275 137
6276 137
6277 137
6278 137
6279 137
6280 442
6281 442
6282 442
6283 442
6284 442
6285 442
6286 442
6287 442
6288 442
6289 442
6290 443
6291 443
6292 443
6293 443
6294 443
6295 443
6296 443
6297 443
6298 443
6299 443
6300 218
6301 218
6302 218
6303 218
6304 218
6305 218
6306 218
6307 218
6308 218
6309 218
6310 218
6311 218
6312 218
6313 218
6314 218
6315 218
6316 218
6317 218
6318 218
6319 218
6320 219
6321 219
6322 219
6323 219
6324 219
6325 219
6326 219
6327 219
6328 219
6329 219
6330 219
6331 219
6332 219
6333 219
6334 219
6335 219
6336 219
6337 219
6338 219
6339 219
6340 36
6341 36
6342 36
6343 36
6344 36
6345 36
6346 36
6347 36
6348 36
6349 36
6350 36
6351 36
6352 36
6353 36
6354 36
6355 36
6356 36
6357 36
6358 36
6359 36
6360 36
6361 36
6362 36
6363 36
6364 36
6365 36
6366 36
6367 36
6368 36
6369 36
6370 36
6371 36
6372 36
6373 36
6374 36
6375 36
6376 36
6377 36
6378 36
6379 36
6380 220
6381 220
6382 220
6383 220
6384 220
6385 220
6386 220
6387 220
6388 220
6389 220
6390 220
6391 220
6392 220
6393 220
6394 220
6395 220
6396 220
6397 220
6398 220
6399 220
6400 444
6401 444
6402 444
6403 444
6404 444
6405 444
6406 444
6407 444
6408 444
6409 444
6410 445
6411 445
6412 445
6413 445
6414 445
6415 445
6416 445
6417 445
6418 445
6419 445
6420 446
6421 446
6422 446
6423 446
6424 446
6425 446
6426 446
6427 446
6428 446
6429 446
6430 447
6431 447
6432 447
6433 447
6434 447
6435 447
6436 447
6437 447
6438 447
6439 447
6440 448
6441 448
6442 448
6443 448
6444 448
6445 448
6446 448
6447 448
6448 448
6449 448
6450 449
6451 449
6452 449
6453 449
6454 449
6455 449
6456 449
6457 449
6458 449
6459 449
6460 9
6461 9
6462 9
6463 9
6464 9
6465 9
6466 9
6467 9
6468 9
6469 9
6470 9
6471 9
6472 9
6473 9
6474 9
6475 9
6476 9
6477 9
6478 9
6479 9
6480 9
6481 9
6482 9
6483 9
6484 9
6485 9
6486 9
6487 9
6488 9
6489 9
6490 9
6491 9
6492 9
6493 9
6494 9
6495 9
6496 9
6497 9
6498 9
6499 9
6500 9
6501 9
6502 9
6503 9
6504 9
6505 9
6506 9
6507 9
6508 9
6509 9
6510 450
6511 450
6512 450
6513 450
6514 450
6515 450
6516 450
6517 450
6518 450
6519 450
6520 221
6521 221
6522 221
6523 221
6524 221
6525 221
6526 221
6527 221
6528 221
6529 221
6530 221
6531 221
6532 221
6533 221
6534 221
6535 221
6536 221
6537 221
6538 221
6539 221
6540 222
6541 222
6542 222
6543 222
6544 222
6545 222
6546 222
6547 222
6548 222
6549 222
6550 222
6551 222
6552 222
6553 222
6554 222
6555 222
6556 222
6557 222
6558 222
6559 222
6560 223
6561 223
6562 223
6563 223
6564 223
6565 223
6566 223
6567 223
6568 223
6569 223
6570 223
6571 223
6572 223
6573 223
6574 223
6575 223
6576 223
6577 223
6578 223
6579 223
6580 451
6581 451
6582 451
6583 451
6584 451
6585 451
6586 451
6587 451
6588 451
6589 451
6590 452
6591 452
6592 452
6593 452
6594 452
6595 452
6596 452
6597 452
6598 452
6599 452
6600 13
6601 13
6602 13
6603 13
6604 13
6605 13
6606 13
6607 13
6608 13
6609 13
6610 13
6611 13
6612 13
6613 13
6614 13
6615 13
6616 13
6617 13
6618 13
6619 13
6620 13
6621 13
6622 13
6623 13
6624 13
6625 13
6626 13
6627 13
6628 13
6629 13
6630 13
6631 13
6632 13
6633 13
6634 13
6635 13
6636 13
6637 13
6638 13
6639 13
6640 13
6641 13
6642 13
6643 13
6644 13
6645 13
6646 13
6647 13
6648 13
6649 13
6650 453
6651 453
6652 453
6653 453
6654 453
6655 453
6656 453
6657 453
6658 453
6659 453
6660 454
6661 454
6662 454
6663 454
6664 454
6665 454
6666 454
6667 454
6668 454
6669 454
6670 455
6671 455
6672 455
6673 455
6674 455
6675 455
6676 455
6677 455
6678 455
6679 455
6680 456
6681 456
6682 456
6683 456
6684 456
6685 456
6686 456
6687 456
6688 456
6689 456
6690 224
6691 224
6692 224
6693 224
6694 224
6695 224
6696 224
6697 224
6698 224
6699 224
6700 224
6701 224
6702 224
6703 224
6704 224
6705 224
6706 224
6707 224
6708 224
6709 224
6710 225
6711 225
6712 225
6713 225
6714 225
6715 225
6716 225
6717 225
6718 225
6719 225
6720 225
6721 225
6722 225
6723 225
6724 225
6725 225
6726 225
6727 225
6728 225
6729 225
6730 457
6731 457
6732 457
6733 457
6734 457
6735 457
6736 457
6737 457
6738 457
6739 457
6740 102
6741 102
6742 102
6743 102
6744 102
6745 102
6746 102
6747 102
6748 102
6749 102
6750 102
6751 102
6752 102
6753 102
6754 102
6755 102
6756 102
6757 102
6758 102
6759 102
6760 102
6761 102
6762 102
6763 102
6764 102
6765 102
6766 102
6767 102
6768 102
6769 102
6770 458
6771 458
6772 458
6773 458
6774 458
6775 458
6776 458
6777 458
6778 458
6779 458
6780 226
6781 226
6782 226
6783 226
6784 226
6785 226
6786 226
6787 226
6788 226
6789 226
6790 226
6791 226
6792 226
6793 226
6794 226
6795 226
6796 226
6797 226
6798 226
6799 226
6800 138
6801 138
6802 138
6803 138
6804 138
6805 138
6806 138
6807 138
6808 138
6809 138
6810 138
6811 138
6812 138
6813 138
6814 138
6815 138
6816 138
6817 138
6818 138
6819 138
6820 459
6821 459
6822 459
6823 459
6824 459
6825 459
6826 459
6827 459
6828 459
6829 459
6830 227
6831 227
6832 227
6833 227
6834 227
6835 227
6836 227
6837 227
6838 227
6839 227
6840 227
6841 227
6842 227
6843 227
6844 227
6845 227
6846 227
6847 227
6848 227
6849 227
6850 460
6851 460
6852 460
6853 460
6854 460
6855 460
6856 460
6857 460
6858 460
6859 460
6860 228
6861 228
6862 228
6863 228
6864 228
6865 228
6866 228
6867 228
6868 228
6869 228
6870 228
6871 228
6872 228
6873 228
6874 228
6875 228
6876 228
6877 228
6878 228
6879 228
6880 461
6881 461
6882 461
6883 461
6884 461
6885 461
6886 461
6887 461
6888 461
6889 461
6890 229
6891 229
6892 229
6893 229
6894 229
6895 229
6896 229
6897 229
6898 229
6899 229
6900 229
6901 229
6902 229
6903 229
6904 229
6905 229
6906 229
6907 229
6908 229
6909 229
6910 230
6911 230
6912 230
6913 230
6914 230
6915 230
6916 230
6917 230
6918 230
6919 230
6920 230
6921 230
6922 230
6923 230
6924 230
6925 230
6926 230
6927 230
6928 230
6929 230
6930 46
6931 46
6932 46
6933 46
6934 46
6935 46
6936 46
6937 46
6938 46
6939 46
6940 46
6941 46
6942 46
6943 46
6944 46
6945 46
6946 46
6947 46
6948 46
6949 46
6950 46
6951 46
6952 46
6953 46
6954 46
6955 46
6956 46
6957 46
6958 46
6959 46
6960 46
6961 46
6962 46
6963 46
6964 46
6965 46
6966 46
6967 46
6968 46
6969 46
6970 231
6971 231
6972 231
6973 231
6974 231
6975 231
6976 231
6977 231
6978 231
6979 231
6980 231
6981 231
6982 231
6983 231
6984 231
6985 231
6986 231
6987 231
6988 231
6989 231
6990 462
6991 462
6992 462
6993 462
6994 462
6995 462
6996 462
6997 462
6998 462
6999 462
7000 463
7001 463
7002 463
7003 463
7004 463
7005 463
7006 463
7007 463
7008 463
7009 463
7010 464
7011 464
7012 464
7013 464
7014 464
7015 464
7016 464
7017 464
7018 464
7019 464
7020 465
7021 465
7022 465
7023 465
7024 465
7025 465
7026 465
7027 465
7028 465
7029 465
7030 139
7031 139
7032 139
7033 139
7034 139
7035 139
7036 139
7037 139
7038 139
7039 139
7040 139
7041 139
7042 139
7043 139
7044 139
7045 139
7046 139
7047 139
7048 139
7049 139
7050 232
7051 232
7052 232
7053 232
7054 232
7055 232
7056 232
7057 232
7058 232
7059 232
7060 232
7061 232
7062 232
7063 232
7064 232
7065 232
7066 232
7067 232
7068 232
7069 232
7070 103
7071 103
7072 103
7073 103
7074 103
7075 103
7076 103
7077 103
7078 103
7079 103
7080 103
7081 103
7082 103
7083 103
7084 103
7085 103
7086 103
7087 103
7088 103
7089 103
7090 103
7091 103
7092 103
7093 103
7094 103
7095 103
7096 103
7097 103
7098 103
7099 103
7100 233
7101 233
7102 233
7103 233
7104 233
7105 233
7106 233
7107 233
7108 233
7109 233
7110 233
7111 233
7112 233
7113 233
7114 233
7115 233
7116 233
7117 233
7118 233
7119 233
7120 466
7121 466
7122 466
7123 466
7124 466
7125 466
7126 466
7127 466
7128 466
7129 466
7130 467
7131 467
7132 467
7133 467
7134 467
7135 467
7136 467
7137 467
7138 467
7139 467
7140 468
7141 468
7142 468
7143 468
7144 468
7145 468
7146 468
7147 468
7148 468
7149 468
7150 14
7151 14
7152 14
7153 14
7154 14
7155 14
7156 14
7157 14
7158 14
7159 14
7160 14
7161 14
7162 14
7163 14
7164 14
7165 14
7166 14
7167 14
7168 14
7169 14
7170 14
7171 14
7172 14
7173 14
7174 14
7175 14
7176 14
7177 14
7178 14
7179 14
7180 14
7181 14
7182 14
7183 14
7184 14
7185 14
7186 14
7187 14
7188 14
7189 14
7190 14
7191 14
7192 14
7193 14
7194 14
7195 14
7196 14
7197 14
7198 14
7199 14
7200 469
7201 469
7202 469
7203 469
7204 469
7205 469
7206 469
7207 469
7208 469
7209 469
7210 21
7211 21
7212 21
7213 21
7214 21
7215 21
7216 21
7217 21
7218 21
7219 21
7220 21
7221 21
7222 21
7223 21
7224 21
7225 21
7226 21
7227 21
7228 21
7229 21
7230 21
7231 21
7232 21
7233 21
7234 21
7235 21
7236 21
7237 21
7238 21
7239 21
7240 21
7241 21
7242 21
7243 21
7244 21
7245 21
7246 21
7247 21
7248 21
7249 21
7250 104
7251 104
7252 104
7253 104
7254 104
7255 104
7256 104
7257 104
7258 104
7259 104
7260 104
7261 104
7262 104
7263 104
7264 104
7265 104
7266 104
7267 104
7268 104
7269 104
7270 104
7271 104
7272 104
7273 104
7274 104
7275 104
7276 104
7277 104
7278 104
7279 104
7280 470
7281 470
7282 470
7283 470
7284 470
7285 470
7286 470
7287 470
7288 470
7289 470
7290 471
7291 471
7292 471
7293 471
7294 471
7295 471
7296 471
7297 471
7298 471
7299 471
7300 472
7301 472
7302 472
7303 472
7304 472
7305 472
7306 472
7307 472
7308 472
7309 472
7310 105
7311 105
7312 105
7313 105
7314 105
7315 105
7316 105
7317 105
7318 105
7319 105
7320 105
7321 105
7322 105
7323 105
7324 105
7325 105
7326 105
7327 105
7328 105
7329 105
7330 105
7331 105
7332 105
7333 105
7334 105
7335 105
7336 105
7337 105
7338 105
7339 105
7340 473
7341 473
7342 473
7343 473
7344 473
7345 473
7346 473
7347 473
7348 473
7349 473
7350 474
7351 474
7352 474
7353 474
7354 474
7355 474
7356 474
7357 474
7358 474
7359 474
7360 234
7361 234
7362 234
7363 234
7364 234
7365 234
7366 234
7367 234
7368 234
7369 234
7370 234
7371 234
7372 234
7373 234
7374 234
7375 234
7376 234
7377 234
7378 234
7379 234
7380 235
7381 235
7382 235
7383 235
7384 235
7385 235
7386 235
7387 235
7388 235
7389 235
7390 235
7391 235
7392 235
7393 235
7394 235
7395 235
7396 235
7397 235
7398 235
7399 235
7400 106
7401 106
7402 106
7403 106
7404 106
7405 106
7406 106
7407 106
7408 106
7409 106
7410 106
7411 106
7412 106
7413 106
7414 106
7415 106
7416 106
7417 106
7418 106
7419 106
7420 106
7421 106
7422 106
7423 106
7424 106
7425 106
7426 106
7427 106
7428 106
7429 106
7430 236
7431 236
7432 236
7433 236
7434 236
7435 236
7436 236
7437 236
7438 236
7439 236
7440 236
7441 236
7442 236
7443 236
7444 236
7445 236
7446 236
7447 236
7448 236
7449 236
7450 475
7451 475
7452 475
7453 475
7454 475
7455 475
7456 475
7457 475
7458 475
7459 475
7460 237
7461 237
7462 237
7463 237
7464 237
7465 237
7466 237
7467 237
7468 237
7469 237
7470 237
7471 237
7472 237
7473 237
7474 237
7475 237
7476 237
7477 237
7478 237
7479 237
7480 476
7481 476
7482 476
7483 476
7484 476
7485 476
7486 476
7487 476
7488 476
7489 476
7490 140
7491 140
7492 140
7493 140
7494 140
7495 140
7496 140
7497 140
7498 140
7499 140
7500 140
7501 140
7502 140
7503 140
7504 140
7505 140
7506 140
7507 140
7508 140
7509 140
7510 107
7511 107
7512 107
7513 107
7514 107
7515 107
7516 107
7517 107
7518 107
7519 107
7520 107
7521 107
7522 107
7523 107
7524 107
7525 107
7526 107
7527 107
7528 107
7529 107
7530 107
7531 107
7532 107
7533 107
7534 107
7535 107
7536 107
7537 107
7538 107
7539 107
7540 108
7541 108
7542 108
7543 108
7544 108
7545 108
7546 108
7547 108
7548 108
7549 108
7550 108
7551 108
7552 108
7553 108
7554 108
7555 108
7556 108
7557 108
7558 108
7559 108
7560 108
7561 108
7562 108
7563 108
7564 108
7565 108
7566 108
7567 108
7568 108
7569 108
7570 477
7571 477
7572 477
7573 477
7574 477
7575 477
7576 477
7577 477
7578 477
7579 477
7580 238
7581 238
7582 238
7583 238
7584 238
7585 238
7586 238
7587 238
7588 238
7589 238
7590 238
7591 238
7592 238
7593 238
7594 238
7595 238
7596 238
7597 238
7598 238
7599 238
7600 478
7601 478
7602 478
7603 478
7604 478
7605 478
7606 478
7607 478
7608 478
7609 478
7610 239
7611 239
7612 239
7613 239
7614 239
7615 239
7616 239
7617 239
7618 239
7619 239
7620 239
7621 239
7622 239
7623 239
7624 239
7625 239
7626 239
7627 239
7628 239
7629 239
7630 240
7631 240
7632 240
7633 240
7634 240
7635 240
7636 240
7637 240
7638 240
7639 240
7640 240
7641 240
7642 240
7643 240
7644 240
7645 240
7646 240
7647 240
7648 240
7649 240
7650 241
7651 241
7652 241
7653 241
7654 241
7655 241
7656 241
7657 241
7658 241
7659 241
7660 241
7661 241
7662 241
7663 241
7664 241
7665 241
7666 241
7667 241
7668 241
7669 241
7670 479
7671 479
7672 479
7673 479
7674 479
7675 479
7676 479
7677 479
7678 479
7679 479
7680 242
7681 242
7682 242
7683 242
7684 242
7685 242
7686 242
7687 242
7688 242
7689 242
7690 242
7691 242
7692 242
7693 242
7694 242
7695 242
7696 242
7697 242
7698 242
7699 242
7700 480
7701 480
7702 480
7703 480
7704 480
7705 480
7706 480
7707 480
7708 480
7709 480
7710 481
7711 481
7712 481
7713 481
7714 481
7715 481
7716 481
7717 481
7718 481
7719 481
7720 243
7721 243
7722 243
7723 243
7724 243
7725 243
7726 243
7727 243
7728 243
7729 243
7730 243
7731 243
7732 243
7733 243
7734 243
7735 243
7736 243
7737 243
7738 243
7739 243
7740 109
7741 109
7742 109
7743 109
7744 109
7745 109
7746 109
7747 109
7748 109
7749 109
7750 109
7751 109
7752 109
7753 109
7754 109
7755 109
7756 109
7757 109
7758 109
7759 109
7760 109
7761 109
7762 109
7763 109
7764 109
7765 109
7766 109
7767 109
7768 109
7769 109
7770 482
7771 482
7772 482
7773 482
7774 482
7775 482
7776 482
7777 482
7778 482
7779 482
7780 244
7781 244
7782 244
7783 244
7784 244
7785 244
7786 244
7787 244
7788 244
7789 244
7790 244
7791 244
7792 244
7793 244
7794 244
7795 244
7796 244
7797 244
7798 244
7799 244
7800 245
7801 245
7802 245
7803 245
7804 245
7805 245
7806 245
7807 245
7808 245
7809 245
7810 245
7811 245
7812 245
7813 245
7814 245
7815 245
7816 245
7817 245
7818 245
7819 245
7820 483
7821 483
7822 483
7823 483
7824 483
7825 483
7826 483
7827 483
7828 483
7829 483
7830 484
7831 484
7832 484
7833 484
7834 484
7835 484
7836 484
7837 484
7838 484
7839 484
7840 485
7841 485
7842 485
7843 485
7844 485
7845 485
7846 485
7847 485
7848 485
7849 485
7850 110
7851 110
7852 110
7853 110
7854 110
7855 110
7856 110
7857 110
7858 110
7859 110
7860 110
7861 110
7862 110
7863 110
7864 110
7865 110
7866 110
7867 110
7868 110
7869 110
7870 110
7871 110
7872 110
7873 110
7874 110
7875 110
7876 110
7877 110
7878 110
7879 110
7880 37
7881 37
7882 37
7883 37
7884 37
7885 37
7886 37
7887 37
7888 37
7889 37
7890 37
7891 37
7892 37
7893 37
7894 37
7895 37
7896 37
7897 37
7898 37
7899 37
7900 37
7901 37
7902 37
7903 37
7904 37
7905 37
7906 37
7907 37
7908 37
7909 37
7910 37
7911 37
7912 37
7913 37
7914 37
7915 37
7916 37
7917 37
7918 37
7919 37
7920 486
7921 486
7922 486
7923 486
7924 486
7925 486
7926 486
7927 486
7928 486
7929 486
7930 246
7931 246
7932 246
7933 246
7934 246
7935 246
7936 246
7937 246
7938 246
7939 246
7940 246
7941 246
7942 246
7943 246
7944 246
7945 246
7946 246
7947 246
7948 246
7949 246
7950 247
7951 247
7952 247
7953 247
7954 247
7955 247
7956 247
7957 247
7958 247
7959 247
7960 247
7961 247
7962 247
7963 247
7964 247
7965 247
7966 247
7967 247
7968 247
7969 247
7970 487
7971 487
7972 487
7973 487
7974 487
7975 487
7976 487
7977 487
7978 487
7979 487
7980 248
7981 248
7982 248
7983 248
7984 248
7985 248
7986 248
7987 248
7988 248
7989 248
7990 248
7991 248
7992 248
7993 248
7994 248
7995 248
7996 248
7997 248
7998 248
7999 248
8000 111
8001 111
8002 111
8003 111
8004 111
8005 111
8006 111
8007 111
8008 111
8009 111
8010 111
8011 111
8012 111
8013 111
8014 111
8015 111
8016 111
8017 111
8018 111
8019 111
8020 111
8021 111
8022 111
8023 111
8024 111
8025 111
8026 111
8027 111
8028 111
8029 111
8030 249
8031 249
8032 249
8033 249
8034 249
8035 249
8036 249
8037 249
8038 249
8039 249
8040 249
8041 249
8042 249
8043 249
8044 249
8045 249
8046 249
8047 249
8048 249
8049 249
8050 488
8051 488
8052 488
8053 488
8054 488
8055 488
8056 488
8057 488
8058 488
8059 488
8060 489
8061 489
8062 489
8063 489
8064 489
8065 489
8066 489
8067 489
8068 489
8069 489
8070 250
8071 250
8072 250
8073 250
8074 250
8075 250
8076 250
8077 250
8078 250
8079 250
8080 250
8081 250
8082 250
8083 250
8084 250
8085 250
8086 250
8087 250
8088 250
8089 250
8090 251
8091 251
8092 251
8093 251
8094 251
8095 251
8096 251
8097 251
8098 251
8099 251
8100 251
8101 251
8102 251
8103 251
8104 251
8105 251
8106 251
8107 251
8108 251
8109 251
8110 490
8111 490
8112 490
8113 490
8114 490
8115 490
8116 490
8117 490
8118 490
8119 490
8120 38
8121 38
8122 38
8123 38
8124 38
8125 38
8126 38
8127 38
8128 38
8129 38
8130 38
8131 38
8132 38
8133 38
8134 38
8135 38
8136 38
8137 38
8138 38
8139 38
8140 38
8141 38
8142 38
8143 38
8144 38
8145 38
8146 38
8147 38
8148 38
8149 38
8150 38
8151 38
8152 38
8153 38
8154 38
8155 38
8156 38
8157 38
8158 38
8159 38
8160 491
8161 491
8162 491
8163 491
8164 491
8165 491
8166 491
8167 491
8168 491
8169 491
8170 492
8171 492
8172 492
8173 492
8174 492
8175 492
8176 492
8177 492
8178 492
8179 492
8180 493
8181 493
8182 493
8183 493
8184 493
8185 493
8186 493
8187 493
8188 493
8189 493
8190 0
8191 0
8192 0
8193 0
8194 0
8195 0
8196 0
8197 0
8198 0
8199 0
8200 0
8201 0
8202 0
8203 0
8204 0
8205 0
8206 0
8207 0
8208 0
8209 0
8210 0
8211 0
8212 0
8213 0
8214 0
8215 0
8216 0
8217 0
8218 0
8219 0
8220 0
8221 0
8222 0
8223 0
8224 0
8225 0
8226 0
8227 0
8228 0
8229 0
8230 0
8231 0
8232 0
8233 0
8234 0
8235 0
8236 0
8237 0
8238 0
8239 0
8240 0
8241 0
8242 0
8243 0
8244 0
8245 0
8246 0
8247 0
8248 0
8249 0
8250 494
8251 494
8252 494
8253 494
8254 494
8255 494
8256 494
8257 494
8258 494
8259 494
8260 252
8261 252
8262 252
8263 252
8264 252
8265 252
8266 252
8267 252
8268 252
8269 252
8270 252
8271 252
8272 252
8273 252
8274 252
8275 252
8276 252
8277 252
8278 252
8279 252
8280 495
8281 495
8282 495
8283 495
8284 495
8285 495
8286 495
8287 495
8288 495
8289 495
8290 496
8291 496
8292 496
8293 496
8294 496
8295 496
8296 496
8297 496
8298 496
8299 496
8300 497
8301 497
8302 497
8303 497
8304 497
8305 497
8306 497
8307 497
8308 497
8309 497
8310 253
8311 253
8312 253
8313 253
8314 253
8315 253
8316 253
8317 253
8318 253
8319 253
8320 253
8321 253
8322 253
8323 253
8324 253
8325 253
8326 253
8327 253
8328 253
8329 253
8330 254
8331 254
8332 254
8333 254
8334 254
8335 254
8336 254
8337 254
8338 254
8339 254
8340 254
8341 254
8342 254
8343 254
8344 254
8345 254
8346 254
8347 254
8348 254
8349 254
8350 112
8351 112
8352 112
8353 112
8354 112
8355 112
8356 112
8357 112
8358 112
8359 112
8360 112
8361 112
8362 112
8363 112
8364 112
8365 112
8366 112
8367 112
8368 112
8369 112
8370 112
8371 112
8372 112
8373 112
8374 112
8375 112
8376 112
8377 112
8378 112
8379 112
8380 498
8381 498
8382 498
8383 498
8384 498
8385 498
8386 498
8387 498
8388 498
8389 498
8390 255
8391 255
8392 255
8393 255
8394 255
8395 255
8396 255
8397 255
8398 255
8399 255
8400 255
8401 255
8402 255
8403 255
8404 255
8405 255
8406 255
8407 255
8408 255
8409 255
8410 256
8411 256
8412 256
8413 256
8414 256
8415 256
8416 256
8417 256
8418 256
8419 256
8420 256
8421 256
8422 256
8423 256
8424 256
8425 256
8426 256
8427 256
8428 256
8429 256
8430 499
8431 499
8432 499
8433 499
8434 499
8435 499
8436 499
8437 499
8438 499
8439 499
8440 500
8441 500
8442 500
8443 500
8444 500
8445 500
8446 500
8447 500
8448 500
8449 500
8450 1
8451 1
8452 1
8453 1
8454 1
8455 1
8456 1
8457 1
8458 1
8459 1
8460 1
8461 1
8462 1
8463 1
8464 1
8465 1
8466 1
8467 1
8468 1
8469 1
8470 1
8471 1
8472 1
8473 1
8474 1
8475 1
8476 1
8477 1
8478 1
8479 1
8480 1
8481 1
8482 1
8483 1
8484 1
8485 1
8486 1
8487 1
8488 1
8489 1
8490 1
8491 1
8492 1
8493 1
8494 1
8495 1
8496 1
8497 1
8498 1
8499 1
8500 1
8501 1
8502 1
8503 1
8504 1
8505 1
8506 1
8507 1
8508 1
8509 1
8510 501
8511 501
8512 501
8513 501
8514 501
8515 501
8516 501
8517 501
8518 501
8519 501
8520 502
8521 502
8522 502
8523 502
8524 502
8525 502
8526 502
8527 502
8528 502
8529 502
8530 39
8531 39
8532 39
8533 39
8534 39
8535 39
8536 39
8537 39
8538 39
8539 39
8540 39
8541 39
8542 39
8543 39
8544 39
8545 39
8546 39
8547 39
8548 39
8549 39
8550 39
8551 39
8552 39
8553 39
8554 39
8555 39
8556 39
8557 39
8558 39
8559 39
8560 39
8561 39
8562 39
8563 39
8564 39
8565 39
8566 39
8567 39
8568 39
8569 39
8570 257
8571 257
8572 257
8573 257
8574 257
8575 257
8576 257
8577 257
8578 257
8579 257
8580 257
8581 257
8582 257
8583 257
8584 257
8585 257
8586 257
8587 257
8588 257
8589 257
8590 15
8591 15
8592 15
8593 15
8594 15
8595 15
8596 15
8597 15
8598 15
8599 15
8600 15
8601 15
8602 15
8603 15
8604 15
8605 15
8606 15
8607 15
8608 15
8609 15
8610 15
8611 15
8612 15
8613 15
8614 15
8615 15
8616 15
8617 15
8618 15
8619 15
8620 15
8621 15
8622 15
8623 15
8624 15
8625 15
8626 15
8627 15
8628 15
8629 15
8630 15
8631 15
8632 15
8633 15
8634 15
8635 15
8636 15
8637 15
8638 15
8639 15
8640 503
8641 503
8642 503
8643 503
8644 503
8645 503
8646 503
8647 503
8648 503
8649 503
8650 258
8651 258
8652 258
8653 258
8654 258
8655 258
8656 258
8657 258
8658 258
8659 258
8660 258
8661 258
8662 258
8663 258
8664 258
8665 258
8666 258
8667 258
8668 258
8669 258
8670 113
8671 113
8672 113
8673 113
8674 113
8675 113
8676 113
8677 113
8678 113
8679 113
8680 113
8681 113
8682 113
8683 113
8684 113
8685 113
8686 113
8687 113
8688 113
8689 113
8690 113
8691 113
8692 113
8693 113
8694 113
8695 113
8696 113
8697 113
8698 113
8699 113
8700 41
8701 41
8702 41
8703 41
8704 41
8705 41
8706 41
8707 41
8708 41
8709 41
8710 41
8711 41
8712 41
8713 41
8714 41
8715 41
8716 41
8717 41
8718 41
8719 41
8720 41
8721 41
8722 41
8723 41
8724 41
8725 41
8726 41
8727 41
8728 41
8729 41
8730 41
8731 41
8732 41
8733 41
8734 41
8735 41
8736 41
8737 41
8738 41
8739 41
8740 504
8741 504
8742 504
8743 504
8744 504
8745 504
8746 504
8747 504
8748 504
8749 504
8750 114
8751 114
8752 114
8753 114
8754 114
8755 114
8756 114
8757 114
8758 114
8759 114
8760 114
8761 114
8762 114
8763 114
8764 114
8765 114
8766 114
8767 114
8768 114
8769 114
8770 114
8771 114
8772 114
8773 114
8774 114
8775 114
8776 114
8777 114
8778 114
8779 114
8780 505
8781 505
8782 505
8783 505
8784 505
8785 505
8786 505
8787 505
8788 505
8789 505
8790 259
8791 259
8792 259
8793 259
8794 259
8795 259
8796 259
8797 259
8798 259
8799 259
8800 259
8801 259
8802 259
8803 259
8804 259
8805 259
8806 259
8807 259
8808 259
8809 259
8810 260
8811 260
8812 260
8813 260
8814 260
8815 260
8816 260
8817 260
8818 260
8819 260
8820 260
8821 260
8822 260
8823 260
8824 260
8825 260
8826 260
8827 260
8828 260
8829 260
8830 261
8831 261
8832 261
8833 261
8834 261
8835 261
8836 261
8837 261
8838 261
8839 261
8840 261
8841 261
8842 261
8843 261
8844 261
8845 261
8846 261
8847 261
8848 261
8849 261
8850 506
8851 506
8852 506
8853 506
8854 506
8855 506
8856 506
8857 506
8858 506
8859 506
8860 115
8861 115
8862 115
8863 115
8864 115
8865 115
8866 115
8867 115
8868 115
8869 115
8870 115
8871 115
8872 115
8873 115
8874 115
8875 115
8876 115
8877 115
8878 115
8879 115
8880 115
8881 115
8882 115
8883 115
8884 115
8885 115
8886 115
8887 115
8888 115
8889 115
8890 262
8891 262
8892 262
8893 262
8894 262
8895 262
8896 262
8897 262
8898 262
8899 262
8900 262
8901 262
8902 262
8903 262
8904 262
8905 262
8906 262
8907 262
8908 262
8909 262
8910 507
8911 507
8912 507
8913 507
8914 507
8915 507
8916 507
8917 507
8918 507
8919 507
8920 263
8921 263
8922 263
8923 263
8924 263
8925 263
8926 263
8927 263
8928 263
8929 263
8930 263
8931 263
8932 263
8933 263
8934 263
8935 263
8936 263
8937 263
8938 263
8939 263
8940 508
8941 508
8942 508
8943 508
8944 508
8945 508
8946 508
8947 508
8948 508
8949 508
8950 116
8951 116
8952 116
8953 116
8954 116
8955 116
8956 116
8957 116
8958 116
8959 116
8960 116
8961 116
8962 116
8963 116
8964 116
8965 116
8966 116
8967 116
8968 116
8969 116
8970 116
8971 116
8972 116
8973 116
8974 116
8975 116
8976 116
8977 116
8978 116
8979 116
8980 57
8981 57
8982 57
8983 57
8984 57
8985 57
8986 57
8987 57
8988 57
8989 57
8990 57
8991 57
8992 57
8993 57
8994 57
8995 57
8996 57
8997 57
8998 57
8999 57
9000 57
9001 57
9002 57
9003 57
9004 57
9005 57
9006 57
9007 57
9008 57
9009 57
9010 264
9011 264
9012 264
9013 264
9014 264
9015 264
9016 264
9017 264
9018 264
9019 264
9020 264
9021 264
9022 264
9023 264
9024 264
9025 264
9026 264
9027 264
9028 264
9029 264
9030 509
9031 509
9032 509
9033 509
9034 509
9035 509
9036 509
9037 509
9038 509
9039 509
9040 510
9041 510
9042 510
9043 510
9044 510
9045 510
9046 510
9047 510
9048 510
9049 510
9050 511
9051 511
9052 511
9053 511
9054 511
9055 511
9056 511
9057 511
9058 511
9059 511
9060 512
9061 512
9062 512
9063 512
9064 512
9065 512
9066 512
9067 512
9068 512
9069 512
9070 513
9071 513
9072 513
9073 513
9074 513
9075 513
9076 513
9077 513
9078 513
9079 513
9080 10
9081 10
9082 10
9083 10
9084 10
9085 10
9086 10
9087 10
9088 10
9089 10
9090 10
9091 10
9092 10
9093 10
9094 10
9095 10
9096 10
9097 10
9098 10
9099 10
9100 10
9101 10
9102 10
9103 10
9104 10
9105 10
9106 10
9107 10
9108 10
9109 10
9110 10
9111 10
9112 10
9113 10
9114 10
9115 10
9116 10
9117 10
9118 10
9119 10
9120 10
9121 10
9122 10
9123 10
9124 10
9125 10
9126 10
9127 10
9128 10
9129 10
9130 117
9131 117
9132 117
9133 117
9134 117
9135 117
9136 117
9137 117
9138 117
9139 117
9140 117
9141 117
9142 117
9143 117
9144 117
9145 117
9146 117
9147 117
9148 117
9149 117
9150 117
9151 117
9152 117
9153 117
9154 117
9155 117
9156 117
9157 117
9158 117
9159 117
9160 514
9161 514
9162 514
9163 514
9164 514
9165 514
9166 514
9167 514
9168 514
9169 514
9170 515
9171 515
9172 515
9173 515
9174 515
9175 515
9176 515
9177 515
9178 515
9179 515
9180 516
9181 516
9182 516
9183 516
9184 516
9185 516
9186 516
9187 516
9188 516
9189 516
9190 23
9191 23
9192 23
9193 23
9194 23
9195 23
9196 23
9197 23
9198 23
9199 23
9200 23
9201 23
9202 23
9203 23
9204 23
9205 23
9206 23
9207 23
9208 23
9209 23
9210 23
9211 23
9212 23
9213 23
9214 23
9215 23
9216 23
9217 23
9218 23
9219 23
9220 23
9221 23
9222 23
9223 23
9224 23
9225 23
9226 23
9227 23
9228 23
9229 23
9230 11
9231 11
9232 11
9233 11
9234 11
9235 11
9236 11
9237 11
9238 11
9239 11
9240 11
9241 11
9242 11
9243 11
9244 11
9245 11
9246 11
9247 11
9248 11
9249 11
9250 11
9251 11
9252 11
9253 11
9254 11
9255 11
9256 11
9257 11
9258 11
9259 11
9260 11
9261 11
9262 11
9263 11
9264 11
9265 11
9266 11
9267 11
9268 11
9269 11
9270 11
9271 11
9272 11
9273 11
9274 11
9275 11
9276 11
9277 11
9278 11
9279 11
9280 517
9281 517
9282 517
9283 517
9284 517
9285 517
9286 517
9287 517
9288 517
9289 517
9290 518
9291 518
9292 518
9293 518
9294 518
9295 518
9296 518
9297 518
9298 518
9299 518
9300 519
9301 519
9302 519
9303 519
9304 519
9305 519
9306 519
9307 519
9308 519
9309 519
9310 520
9311 520
9312 520
9313 520
9314 520
9315 520
9316 520
9317 520
9318 520
9319 520
9320 521
9321 521
9322 521
9323 521
9324 521
9325 521
9326 521
9327 521
9328 521
9329 521
9330 2
9331 2
9332 2
9333 2
9334 2
9335 2
9336 2
9337 2
9338 2
9339 2
9340 2
9341 2
9342 2
9343 2
9344 2
9345 2
9346 2
9347 2
9348 2
9349 2
9350 2
9351 2
9352 2
9353 2
9354 2
9355 2
9356 2
9357 2
9358 2
9359 2
9360 2
9361 2
9362 2
9363 2
9364 2
9365 2
9366 2
9367 2
9368 2
9369 2
9370 2
9371 2
9372 2
9373 2
9374 2
9375 2
9376 2
9377 2
9378 2
9379 2
9380 2
9381 2
9382 2
9383 2
9384 2
9385 2
9386 2
9387 2
9388 2
9389 2
9390 522
9391 522
9392 522
9393 522
9394 522
9395 522
9396 522
9397 522
9398 522
9399 522
9400 5
9401 5
9402 5
9403 5
9404 5
9405 5
9406 5
9407 5
9408 5
9409 5
9410 5
9411 5
9412 5
9413 5
9414 5
9415 5
9416 5
9417 5
9418 5
9419 5
9420 5
9421 5
9422 5
9423 5
9424 5
9425 5
9426 5
9427 5
9428 5
9429 5
9430 5
9431 5
9432 5
9433 5
9434 5
9435 5
9436 5
9437 5
9438 5
9439 5
9440 5
9441 5
9442 5
9443 5
9444 5
9445 5
9446 5
9447 5
9448 5
9449 5
9450 265
9451 265
9452 265
9453 265
9454 265
9455 265
9456 265
9457 265
9458 265
9459 265
9460 265
9461 265
9462 265
9463 265
9464 265
9465 265
9466 265
9467 265
9468 265
9469 265
9470 523
9471 523
9472 523
9473 523
9474 523
9475 523
9476 523
9477 523
9478 523
9479 523
9480 118
9481 118
9482 118
9483 118
9484 118
9485 118
9486 118
9487 118
9488 118
9489 118
9490 118
9491 118
9492 118
9493 118
9494 118
9495 118
9496 118
9497 118
9498 118
9499 118
9500 118
9501 118
9502 118
9503 118
9504 118
9505 118
9506 118
9507 118
9508 118
9509 118
9510 119
9511 119
9512 119
9513 119
9514 119
9515 119
9516 119
9517 119
9518 119
9519 119
9520 119
9521 119
9522 119
9523 119
9524 119
9525 119
9526 119
9527 119
9528 119
9529 119
9530 119
9531 119
9532 119
9533 119
9534 119
9535 119
9536 119
9537 119
9538 119
9539 119
9540 524
9541 524
9542 524
9543 524
9544 524
9545 524
9546 524
9547 524
9548 524
9549 524
9550 120
9551 120
9552 120
9553 120
9554 120
9555 120
9556 120
9557 120
9558 120
9559 120
9560 120
9561 120
9562 120
9563 120
9564 120
9565 120
9566 120
9567 120
9568 120
9569 120
9570 120
9571 120
9572 120
9573 120
9574 120
9575 120
9576 120
9577 120
9578 120
9579 120
9580 525
9581 525
9582 525
9583 525
9584 525
9585 525
9586 525
9587 525
9588 525
9589 525
9590 526
9591 526
9592 526
9593 526
9594 526
9595 526
9596 526
9597 526
9598 526
9599 526
9600 266
9601 266
9602 266
9603 266
9604 266
9605 266
9606 266
9607 266
9608 266
9609 266
9610 266
9611 266
9612 266
9613 266
9614 266
9615 266
9616 266
9617 266
9618 266
9619 266
9620 527
9621 527
9622 527
9623 527
9624 527
9625 527
9626 527
9627 527
9628 527
9629 527
9630 47
9631 47
9632 47
9633 47
9634 47
9635 47
9636 47
9637 47
9638 47
9639 47
9640 47
9641 47
9642 47
9643 47
9644 47
9645 47
9646 47
9647 47
9648 47
9649 47
9650 47
9651 47
9652 47
9653 47
9654 47
9655 47
9656 47
9657 47
9658 47
9659 47
9660 47
9661 47
9662 47
9663 47
9664 47
9665 47
9666 47
9667 47
9668 47
9669 47
9670 528
9671 528
9672 528
9673 528
9674 528
9675 528
9676 528
9677 528
9678 528
9679 528
9680 529
9681 529
9682 529
9683 529
9684 529
9685 529
9686 529
9687 529
9688 529
9689 529
9690 267
9691 267
9692 267
9693 267
9694 267
9695 267
9696 267
9697 267
9698 267
9699 267
9700 267
9701 267
9702 267
9703 267
9704 267
9705 267
9706 267
9707 267
9708 267
9709 267
9710 268
9711 268
9712 268
9713 268
9714 268
9715 268
9716 268
9717 268
9718 268
9719 268
9720 268
9721 268
9722 268
9723 268
9724 268
9725 268
9726 268
9727 268
9728 268
9729 268
9730 530
9731 530
9732 530
9733 530
9734 530
9735 530
9736 530
9737 530
9738 530
9739 530
9740 269
9741 269
9742 269
9743 269
9744 269
9745 269
9746 269
9747 269
9748 269
9749 269
9750 269
9751 269
9752 269
9753 269
9754 269
9755 269
9756 269
9757 269
9758 269
9759 269
9760 270
9761 270
9762 270
9763 270
9764 270
9765 270
9766 270
9767 270
9768 270
9769 270
9770 270
9771 270
9772 270
9773 270
9774 270
9775 270
9776 270
9777 270
9778 270
9779 270
9780 58
9781 58
9782 58
9783 58
9784 58
9785 58
9786 58
9787 58
9788 58
9789 58
9790 58
9791 58
9792 58
9793 58
9794 58
9795 58
9796 58
9797 58
9798 58
9799 58
9800 58
9801 58
9802 58
9803 58
9804 58
9805 58
9806 58
9807 58
9808 58
9809 58
9810 531
9811 531
9812 531
9813 531
9814 531
9815 531
9816 531
9817 531
9818 531
9819 531
9820 532
9821 532
9822 532
9823 532
9824 532
9825 532
9826 532
9827 532
9828 532
9829 532
9830 271
9831 271
9832 271
9833 271
9834 271
9835 271
9836 271
9837 271
9838 271
9839 271
9840 271
9841 271
9842 271
9843 271
9844 271
9845 271
9846 271
9847 271
9848 271
9849 271
9850 533
9851 533
9852 533
9853 533
9854 533
9855 533
9856 533
9857 533
9858 533
9859 533
9860 121
9861 121
9862 121
9863 121
9864 121
9865 121
9866 121
9867 121
9868 121
9869 121
9870 121
9871 121
9872 121
9873 121
9874 121
9875 121
9876 121
9877 121
9878 121
9879 121
9880 121
9881 121
9882 121
9883 121
9884 121
9885 121
9886 121
9887 121
9888 121
9889 121
9890 534
9891 534
9892 534
9893 534
9894 534
9895 534
9896 534
9897 534
9898 534
9899 534
9900 272
9901 272
9902 272
9903 272
9904 272
9905 272
9906 272
9907 272
9908 272
9909 272
9910 272
9911 272
9912 272
9913 272
9914 272
9915 272
9916 272
9917 272
9918 272
9919 272
9920 535
9921 535
9922 535
9923 535
9924 535
9925 535
9926 535
9927 535
9928 535
9929 535
9930 122
9931 122
9932 122
9933 122
9934 122
9935 122
9936 122
9937 122
9938 122
9939 122
9940 122
9941 122
9942 122
9943 122
9944 122
9945 122
9946 122
9947 122
9948 122
9949 122
9950 122
9951 122
9952 122
9953 122
9954 122
9955 122
9956 122
9957 122
9958 122
9959 122
9960 536
9961 536
9962 536
9963 536
9964 536
9965 536
9966 536
9967 536
9968 536
9969 536
9970 12
9971 12
9972 12
9973 12
9974 12
9975 12
9976 12
9977 12
9978 12
9979 12
9980 12
9981 12
9982 12
9983 12
9984 12
9985 12
9986 12
9987 12
9988 12
9989 12
9990 12
9991 12
9992 12
9993 12
9994 12
9995 12
9996 12
9997 12
9998 12
9999 12
