0 57
1 34
2 66
3 128
4 117
5 17
6 33
7 146
8 168
9 189
10 190
11 191
12 51
13 41
14 35
15 16
16 35
17 85
18 192
19 171
20 17
21 45
22 14
23 63
24 193
25 96
26 97
27 194
28 18
29 195
30 15
31 42
32 67
33 23
34 96
35 196
36 197
37 17
38 183
39 198
40 64
41 199
42 58
43 72
44 21
45 73
46 200
47 21
48 38
49 22
50 34
51 201
52 107
53 202
54 110
55 129
56 67
57 43
58 98
59 39
60 130
61 37
62 37
63 44
64 18
65 15
66 36
67 46
68 15
69 37
70 203
71 48
72 126
73 21
74 15
75 46
76 27
77 20
78 38
79 43
80 131
81 19
82 204
83 136
84 205
85 206
86 132
87 20
88 59
89 18
90 43
91 207
92 208
93 39
94 133
95 16
96 64
97 161
98 134
99 14
100 19
101 99
102 100
103 80
104 75
105 20
106 175
107 67
108 209
109 73
110 47
111 17
112 34
113 17
114 210
115 52
116 19
117 20
118 211
119 165
120 48
121 101
122 174
123 15
124 212
125 65
126 213
127 135
128 214
129 48
130 19
131 184
132 74
133 31
134 102
135 19
136 35
137 31
138 41
139 215
140 24
141 19
142 216
143 74
144 49
145 54
146 17
147 162
148 217
149 15
150 36
151 136
152 91
153 32
154 41
155 137
156 15
157 105
158 133
159 19
160 36
161 75
162 24
163 16
164 95
165 145
166 76
167 138
168 18
169 38
170 173
171 37
172 61
173 77
174 218
175 30
176 219
177 58
178 22
179 139
180 220
181 77
182 26
183 47
184 221
185 14
186 81
187 134
188 23
189 222
190 96
191 223
192 224
193 62
194 95
195 225
196 226
197 71
198 140
199 78
200 67
201 53
202 22
203 101
204 40
205 64
206 103
207 227
208 15
209 93
210 228
211 229
212 15
213 106
214 141
215 230
216 63
217 26
218 113
219 124
220 20
221 231
222 232
223 90
224 80
225 115
226 16
227 16
228 16
229 21
230 115
231 14
232 79
233 233
234 53
235 22
236 142
237 14
238 103
239 42
240 23
241 17
242 43
243 15
244 22
245 234
246 101
247 46
248 235
249 143
250 144
251 20
252 49
253 124
254 17
255 14
256 236
257 16
258 237
259 238
260 14
261 17
262 104
263 41
264 21
265 54
266 27
267 66
268 44
269 104
270 23
271 88
272 42
273 75
274 32
275 55
276 68
277 105
278 239
279 74
280 240
281 61
282 241
283 242
284 35
285 14
286 243
287 15
288 16
289 35
290 95
291 26
292 244
293 245
294 122
295 170
296 179
297 21
298 97
299 44
300 145
301 73
302 39
303 81
304 76
305 19
306 14
307 246
308 146
309 29
310 33
311 69
312 69
313 100
314 39
315 106
316 38
317 25
318 71
319 76
320 15
321 25
322 247
323 147
324 159
325 20
326 23
327 127
328 91
329 19
330 248
331 17
332 80
333 59
334 64
335 26
336 131
337 18
338 249
339 22
340 250
341 28
342 138
343 251
344 163
345 63
346 104
347 252
348 81
349 253
350 107
351 16
352 254
353 15
354 17
355 34
356 187
357 30
358 255
359 73
360 21
361 25
362 23
363 256
364 50
365 87
366 20
367 31
368 49
369 257
370 258
371 88
372 18
373 28
374 259
375 14
376 56
377 177
378 40
379 16
380 148
381 154
382 27
383 149
384 108
385 260
386 261
387 20
388 20
389 63
390 68
391 79
392 40
393 262
394 150
395 153
396 54
397 23
398 109
399 32
400 263
401 37
402 264
403 31
404 151
405 86
406 14
407 141
408 56
409 33
410 14
411 40
412 28
413 15
414 265
415 152
416 75
417 49
418 18
419 266
420 24
421 24
422 153
423 63
424 267
425 82
426 26
427 15
428 268
429 269
430 172
431 270
432 110
433 46
434 271
435 31
436 16
437 272
438 154
439 89
440 273
441 109
442 274
443 19
444 275
445 110
446 22
447 40
448 70
449 26
450 85
451 26
452 14
453 34
454 93
455 276
456 15
457 23
458 47
459 149
460 16
461 82
462 79
463 57
464 27
465 15
466 35
467 33
468 277
469 25
470 24
471 25
472 30
473 23
474 17
475 111
476 83
477 47
478 155
479 58
480 278
481 279
482 280
483 281
484 108
485 16
486 24
487 98
488 19
489 282
490 65
491 283
492 99
493 30
494 284
495 285
496 286
497 29
498 51
499 46
500 15
501 18
502 156
503 18
504 55
505 287
506 19
507 288
508 15
509 289
510 290
511 123
512 94
513 33
514 157
515 23
516 291
517 33
518 83
519 150
520 16
521 112
522 158
523 20
524 16
525 42
526 113
527 33
528 65
529 84
530 114
531 84
532 292
533 14
534 65
535 56
536 129
537 293
538 18
539 186
540 294
541 295
542 28
543 66
544 296
545 130
546 59
547 62
548 69
549 20
550 27
551 297
552 31
553 122
554 298
555 299
556 16
557 128
558 159
559 160
560 71
561 74
562 58
563 28
564 59
565 300
566 161
567 29
568 20
569 102
570 21
571 158
572 55
573 301
574 60
575 143
576 92
577 302
578 155
579 162
580 120
581 303
582 304
583 169
584 86
585 305
586 60
587 306
588 185
589 24
590 307
591 308
592 93
593 309
594 65
595 310
596 311
597 28
598 83
599 113
600 53
601 99
602 60
603 31
604 28
605 312
606 114
607 40
608 32
609 24
610 85
611 313
612 125
613 115
614 116
615 18
616 160
617 26
618 163
619 38
620 78
621 29
622 164
623 26
624 314
625 165
626 126
627 166
628 17
629 92
630 25
631 167
632 27
633 72
634 29
635 17
636 117
637 60
638 157
639 315
640 25
641 92
642 70
643 109
644 167
645 316
646 28
647 45
648 118
649 89
650 317
651 43
652 166
653 52
654 168
655 137
656 68
657 169
658 29
659 318
660 319
661 142
662 103
663 86
664 86
665 320
666 87
667 321
668 176
669 90
670 78
671 322
672 19
673 170
674 36
675 88
676 45
677 132
678 39
679 29
680 90
681 45
682 323
683 119
684 91
685 324
686 140
687 64
688 325
689 326
690 120
691 24
692 327
693 121
694 77
695 50
696 112
697 33
698 47
699 171
700 16
701 25
702 328
703 122
704 120
705 102
706 56
707 172
708 329
709 330
710 331
711 332
712 333
713 14
714 41
715 22
716 334
717 24
718 335
719 19
720 15
721 336
722 38
723 94
724 61
725 105
726 22
727 21
728 337
729 20
730 38
731 67
732 119
733 338
734 118
735 173
736 116
737 88
738 70
739 16
740 174
741 339
742 57
743 35
744 340
745 341
746 342
747 25
748 24
749 14
750 56
751 107
752 343
753 94
754 30
755 48
756 37
757 344
758 68
759 89
760 46
761 119
762 85
763 114
764 123
765 50
766 32
767 100
768 29
769 26
770 90
771 91
772 345
773 84
774 18
775 14
776 41
777 22
778 21
779 32
780 92
781 118
782 24
783 43
784 125
785 71
786 111
787 135
788 16
789 29
790 69
791 346
792 347
793 87
794 89
795 20
796 348
797 349
798 82
799 22
800 21
801 44
802 175
803 350
804 21
805 176
806 351
807 69
808 352
809 17
810 15
811 353
812 68
813 151
814 14
815 49
816 45
817 40
818 83
819 34
820 354
821 177
822 18
823 81
824 36
825 16
826 355
827 356
828 181
829 357
830 178
831 179
832 93
833 14
834 15
835 30
836 45
837 106
838 70
839 98
840 112
841 14
842 30
843 358
844 121
845 39
846 359
847 61
848 82
849 97
850 152
851 44
852 182
853 48
854 25
855 26
856 27
857 360
858 71
859 50
860 124
861 125
862 180
863 18
864 50
865 55
866 16
867 156
868 62
869 121
870 27
871 42
872 147
873 148
874 62
875 361
876 52
877 181
878 362
879 76
880 363
881 18
882 182
883 364
884 183
885 111
886 51
887 123
888 34
889 43
890 31
891 184
892 47
893 365
894 366
895 14
896 30
897 59
898 185
899 367
900 66
901 186
902 368
903 39
904 14
905 369
906 117
907 15
908 23
909 188
910 14
911 94
912 144
913 370
914 36
915 187
916 371
917 55
918 70
919 372
920 373
921 188
922 78
923 54
924 127
925 60
926 180
927 58
928 16
929 32
930 21
931 53
932 374
933 61
934 52
935 42
936 375
937 42
938 376
939 17
940 49
941 51
942 139
943 126
944 27
945 377
946 35
947 30
948 44
949 18
950 15
951 50
952 53
953 378
954 28
955 36
956 62
957 116
958 379
959 14
960 95
961 19
962 37
963 127
964 25
965 16
966 22
967 23
968 72
969 48
970 54
971 178
972 41
973 36
974 84
975 17
976 72
977 51
978 87
979 14
980 52
981 380
982 381
983 382
984 19
985 57
986 383
987 66
988 108
989 16
990 21
991 164
992 384
993 79
994 32
995 80
996 77
997 385
998 34
999 57
1000 10
1001 5
1002 11
1003 5
1004 11
1005 9
1006 7
1007 8
1008 12
1009 9
1010 4
1011 6
1012 12
1013 10
1014 6
1015 8
1016 3
1017 1
1018 10
1019 5
1020 3
1021 2
1022 11
1023 4
1024 12
1025 5
1026 11
1027 13
1028 3
1029 4
1030 1
1031 0
1032 3
1033 12
1034 9
1035 11
1036 7
1037 3
1038 5
1039 4
1040 8
1041 0
1042 1
1043 0
1044 5
1045 4
1046 3
1047 2
1048 3
1049 0
1050 4
1051 1
1052 13
1053 13
1054 2
1055 1
1056 5
1057 4
1058 2
1059 11
1060 9
1061 2
1062 3
1063 0
1064 0
1065 3
1066 11
1067 0
1068 8
1069 7
1070 9
1071 13
1072 1
1073 12
1074 2
1075 7
1076 11
1077 13
1078 10
1079 7
1080 12
1081 2
1082 10
1083 1
1084 7
1085 7
1086 4
1087 13
1088 12
1089 7
1090 7
1091 10
1092 2
1093 4
1094 10
1095 1
1096 7
1097 9
1098 9
1099 2
1100 2
1101 3
1102 12
1103 9
1104 8
1105 9
1106 1
1107 1
1108 3
1109 10
1110 9
1111 5
1112 2
1113 13
1114 12
1115 2
1116 10
1117 0
1118 12
1119 9
1120 11
1121 7
1122 0
1123 9
1124 1
1125 1
1126 10
1127 10
1128 3
1129 0
1130 11
1131 2
1132 8
1133 11
1134 3
1135 12
1136 7
1137 4
1138 2
1139 11
1140 4
1141 0
1142 2
1143 3
1144 11
1145 5
1146 3
1147 1
1148 0
1149 5
1150 12
1151 13
1152 0
1153 11
1154 1
1155 8
1156 1
1157 11
1158 4
1159 4
1160 11
1161 4
1162 11
1163 6
1164 7
1165 7
1166 10
1167 7
1168 9
1169 0
1170 5
1171 6
1172 10
1173 9
1174 8
1175 5
1176 11
1177 1
1178 12
1179 10
1180 11
1181 11
1182 4
1183 11
1184 7
1185 1
1186 2
1187 11
1188 4
1189 3
1190 1
1191 7
1192 9
1193 0
1194 5
1195 8
1196 4
1197 3
1198 2
1199 6
1200 9
1201 7
1202 8
1203 13
1204 10
1205 11
1206 6
1207 4
1208 13
1209 5
1210 9
1211 8
1212 11
1213 13
1214 5
1215 2
1216 9
1217 11
1218 5
1219 7
1220 3
1221 8
1222 11
1223 1
1224 6
1225 5
1226 7
1227 13
1228 13
1229 3
1230 6
1231 3
1232 0
1233 3
1234 9
1235 12
1236 13
1237 4
1238 5
1239 6
1240 6
1241 10
1242 12
1243 1
1244 2
1245 0
1246 1
1247 6
1248 7
1249 6
1250 10
1251 9
1252 2
1253 13
1254 1
1255 7
1256 2
1257 5
1258 5
1259 0
1260 2
1261 0
1262 6
1263 4
1264 13
1265 2
1266 4
1267 0
1268 2
1269 0
1270 6
1271 13
1272 5
1273 1
1274 7
1275 13
1276 0
1277 3
1278 6
1279 6
1280 7
1281 12
1282 0
1283 6
1284 0
1285 0
1286 4
1287 6
1288 1
1289 5
1290 6
1291 3
1292 3
1293 6
1294 5
1295 4
1296 6
1297 1
1298 2
1299 11
1300 11
1301 2
1302 8
1303 2
1304 6
1305 6
1306 7
1307 0
1308 10
1309 0
1310 1
1311 5
1312 6
1313 3
1314 4
1315 0
1316 0
1317 0
1318 0
1319 5
1320 6
1321 1
1322 0
1323 0
1324 13
1325 3
1326 6
1327 2
1328 8
1329 12
1330 7
1331 2
1332 8
1333 7
1334 4
1335 7
1336 8
1337 4
1338 1
1339 7
1340 8
1341 4
1342 5
1343 1
1344 12
1345 9
1346 9
1347 4
1348 3
1349 13
1350 13
1351 0
1352 6
1353 13
1354 8
1355 8
1356 8
1357 7
1358 7
1359 7
1360 9
1361 10
1362 1
1363 2
1364 8
1365 5
1366 5
1367 12
1368 8
1369 1
1370 6
1371 11
1372 2
1373 2
1374 2
1375 5
1376 9
1377 13
1378 7
1379 3
1380 9
1381 7
1382 12
1383 4
1384 4
1385 1
1386 4
1387 11
1388 4
1389 4
1390 2
1391 6
1392 4
1393 4
1394 1
1395 6
1396 1
1397 4
1398 0
1399 12
1400 6
1401 6
1402 3
1403 4
1404 1
1405 6
1406 1
1407 5
1408 3
1409 2
1410 0
1411 2
1412 8
1413 9
1414 9
1415 5
1416 9
1417 3
1418 1
1419 7
1420 9
1421 9
1422 4
1423 1
1424 1
1425 8
1426 8
1427 5
1428 2
1429 5
1430 5
1431 4
1432 10
1433 2
1434 3
1435 8
1436 9
1437 10
1438 7
1439 6
1440 11
1441 0
1442 1
1443 1
1444 6
1445 10
1446 12
1447 11
1448 3
1449 6
1450 2
1451 13
1452 5
1453 7
1454 8
1455 6
1456 0
1457 0
1458 2
1459 0
1460 2
1461 2
1462 5
1463 12
1464 3
1465 5
1466 1
1467 2
1468 12
1469 2
1470 12
1471 5
1472 4
1473 1
1474 11
1475 6
1476 9
1477 5
1478 11
1479 1
1480 6
1481 5
1482 0
1483 9
1484 1
1485 8
1486 11
1487 11
1488 9
1489 2
1490 13
1491 11
1492 8
1493 11
1494 8
1495 1
1496 4
1497 9
1498 13
1499 10
1500 3
1501 8
1502 1
1503 7
1504 8
1505 8
1506 10
1507 13
1508 5
1509 5
1510 8
1511 0
1512 8
1513 7
1514 3
1515 12
1516 6
1517 6
1518 10
1519 6
1520 2
1521 2
1522 6
1523 12
1524 3
1525 1
1526 2
1527 4
1528 8
1529 2
1530 2
1531 6
1532 2
1533 6
1534 3
1535 9
1536 11
1537 4
1538 3
1539 3
1540 3
1541 2
1542 4
1543 6
1544 2
1545 3
1546 0
1547 8
1548 1
1549 8
1550 11
1551 3
1552 7
1553 7
1554 3
1555 0
1556 8
1557 11
1558 3
1559 4
1560 2
1561 0
1562 7
1563 3
1564 7
1565 1
1566 1
1567 10
1568 3
1569 0
1570 0
1571 9
1572 10
1573 11
1574 0
1575 1
1576 3
1577 0
1578 2
1579 8
1580 13
1581 9
1582 12
1583 8
1584 1
1585 0
1586 9
1587 8
1588 12
1589 0
1590 7
1591 8
1592 0
1593 12
1594 13
1595 7
1596 0
1597 0
1598 0
1599 3
1600 10
1601 4
1602 7
1603 13
1604 10
1605 4
1606 6
1607 3
1608 13
1609 10
1610 12
1611 12
1612 2
1613 3
1614 0
1615 3
1616 1
1617 10
1618 2
1619 2
1620 10
1621 10
1622 1
1623 8
1624 10
1625 3
1626 9
1627 10
1628 3
1629 0
1630 9
1631 3
1632 4
1633 4
1634 4
1635 10
1636 8
1637 13
1638 2
1639 7
1640 0
1641 2
1642 2
1643 4
1644 1
1645 0
1646 7
1647 7
1648 12
1649 4
1650 0
1651 7
1652 3
1653 7
1654 4
1655 1
1656 0
1657 5
1658 5
1659 3
1660 12
1661 4
1662 5
1663 4
1664 0
1665 7
1666 2
1667 6
1668 3
1669 4
1670 1
1671 5
1672 7
1673 1
1674 1
1675 8
1676 7
1677 3
1678 1
1679 0
1680 0
1681 9
1682 9
1683 8
1684 10
1685 6
1686 6
1687 3
1688 2
1689 5
1690 10
1691 6
1692 0
1693 1
1694 6
1695 11
1696 4
1697 6
1698 0
1699 9
1700 0
1701 2
1702 6
1703 1
1704 8
1705 12
1706 9
1707 0
1708 7
1709 1
1710 4
1711 13
1712 1
1713 4
1714 0
1715 13
1716 13
1717 3
1718 6
1719 12
1720 3
1721 8
1722 8
1723 11
1724 12
1725 6
1726 11
1727 13
1728 5
1729 12
1730 1
1731 1
1732 9
1733 4
1734 6
1735 12
1736 8
1737 11
1738 1
1739 5
1740 3
1741 1
1742 5
1743 11
1744 2
1745 2
1746 10
1747 9
1748 3
1749 3
1750 13
1751 11
1752 4
1753 10
1754 0
1755 2
1756 5
1757 10
1758 2
1759 1
1760 7
1761 4
1762 7
1763 2
1764 11
1765 9
1766 10
1767 10
1768 0
1769 3
1770 5
1771 0
1772 3
1773 13
1774 2
1775 0
1776 2
1777 2
1778 13
1779 6
1780 0
1781 6
1782 0
1783 3
1784 4
1785 3
1786 4
1787 5
1788 0
1789 2
1790 4
1791 2
1792 2
1793 5
1794 1
1795 5
1796 2
1797 4
1798 6
1799 0
1800 0
1801 8
1802 0
1803 11
1804 4
1805 8
1806 0
1807 4
1808 7
1809 1
1810 6
1811 3
1812 5
1813 2
1814 6
1815 1
1816 7
1817 3
1818 8
1819 8
1820 4
1821 1
1822 5
1823 8
1824 8
1825 7
1826 0
1827 6
1828 9
1829 0
1830 1
1831 9
1832 10
1833 4
1834 3
1835 1
1836 0
1837 1
1838 4
1839 10
1840 12
1841 5
1842 6
1843 12
1844 0
1845 0
1846 12
1847 4
1848 4
1849 10
1850 10
1851 10
1852 4
1853 7
1854 1
1855 1
1856 5
1857 3
1858 9
1859 10
1860 9
1861 8
1862 10
1863 0
1864 0
1865 4
1866 0
1867 0
1868 6
1869 10
1870 5
1871 0
1872 13
1873 5
1874 7
1875 7
1876 5
1877 6
1878 6
1879 3
1880 9
1881 4
1882 13
1883 1
1884 3
1885 9
1886 1
1887 10
1888 12
1889 3
1890 5
1891 13
1892 5
1893 12
1894 3
1895 7
1896 1
1897 4
1898 0
1899 0
1900 4
1901 11
1902 2
1903 3
1904 5
1905 2
1906 5
1907 3
1908 1
1909 0
1910 3
1911 2
1912 0
1913 5
1914 1
1915 4
1916 11
1917 7
1918 7
1919 3
1920 1
1921 7
1922 4
1923 2
1924 6
1925 9
1926 7
1927 4
1928 8
1929 3
1930 5
1931 2
1932 10
1933 8
1934 2
1935 2
1936 8
1937 2
1938 3
1939 4
1940 10
1941 7
1942 1
1943 5
1944 5
1945 4
1946 7
1947 9
1948 6
1949 1
1950 12
1951 10
1952 11
1953 2
1954 2
1955 6
1956 10
1957 2
1958 3
1959 2
1960 2
1961 1
1962 4
1963 11
1964 11
1965 12
1966 3
1967 0
1968 3
1969 10
1970 4
1971 9
1972 4
1973 5
1974 3
1975 3
1976 4
1977 9
1978 1
1979 5
1980 8
1981 9
1982 1
1983 12
1984 2
1985 13
1986 9
1987 13
1988 1
1989 10
1990 5
1991 0
1992 11
1993 7
1994 10
1995 9
1996 6
1997 5
1998 11
1999 6
