0 10
1 34
2 31
3 14
4 5
5 25
6 1
7 14
8 6
9 0
10 12
11 26
12 28
13 34
14 6
15 24
16 9
17 6
18 28
19 19
20 5
21 38
22 1
23 18
24 9
25 30
26 21
27 23
28 15
29 7
30 40
31 37
32 17
33 32
34 3
35 15
36 26
37 1
38 19
39 37
40 38
41 11
42 7
43 14
44 25
45 21
46 36
47 34
48 15
49 40
50 11
51 18
52 7
53 18
54 13
55 19
56 30
57 31
58 8
59 0
60 8
61 18
62 33
63 9
64 33
65 14
66 39
67 17
68 4
69 3
70 1
71 6
72 1
73 21
74 29
75 3
76 29
77 9
78 6
79 0
80 14
81 3
82 24
83 21
84 1
85 15
86 26
87 15
88 33
89 5
90 3
91 3
92 31
93 31
94 19
95 17
96 0
97 17
98 18
99 9
100 3
101 0
102 18
103 22
104 32
105 31
106 9
107 5
108 1
109 36
110 3
111 36
112 29
113 17
114 21
115 3
116 27
117 32
118 19
119 10
120 9
121 2
122 19
123 1
124 32
125 8
126 30
127 18
128 7
129 34
130 22
131 22
132 33
133 3
134 31
135 21
136 32
137 13
138 31
139 30
140 33
141 9
142 12
143 19
144 3
145 23
146 28
147 17
148 29
149 35
150 5
151 18
152 26
153 16
154 16
155 24
156 37
157 1
158 34
159 13
160 21
161 24
162 16
163 25
164 1
165 0
166 0
167 4
168 19
169 11
170 4
171 13
172 28
173 33
174 6
175 0
176 21
177 18
178 5
179 23
180 14
181 2
182 29
183 1
184 20
185 18
186 23
187 33
188 6
189 26
190 23
191 5
192 16
193 32
194 25
195 18
196 11
197 4
198 8
199 7
200 11
201 29
202 38
203 14
204 11
205 11
206 25
207 39
208 32
209 1
210 5
211 0
212 13
213 0
214 12
215 0
216 34
217 24
218 3
219 0
220 5
221 34
222 4
223 7
224 31
225 16
226 2
227 29
228 26
229 18
230 7
231 9
232 18
233 8
234 37
235 2
236 17
237 40
238 3
239 32
240 11
241 7
242 20
243 36
244 15
245 3
246 17
247 26
248 6
249 19
250 39
251 33
252 0
253 0
254 5
255 18
256 39
257 35
258 3
259 39
260 26
261 27
262 33
263 34
264 1
265 41
266 35
267 26
268 5
269 29
270 39
271 19
272 35
273 10
274 5
275 8
276 36
277 1
278 20
279 2
280 24
281 1
282 23
283 9
284 26
285 2
286 12
287 11
288 1
289 25
290 19
291 36
292 21
293 22
294 34
295 0
296 26
297 14
298 10
299 11
300 35
301 25
302 30
303 38
304 12
305 23
306 18
307 31
308 9
309 16
310 1
311 18
312 30
313 3
314 17
315 12
316 15
317 22
318 27
319 31
320 27
321 17
322 34
323 2
324 12
325 0
326 3
327 22
328 26
329 12
330 7
331 14
332 15
333 8
334 12
335 16
336 2
337 9
338 13
339 8
340 11
341 29
342 1
343 16
344 25
345 0
346 9
347 27
348 7
349 5
350 37
351 11
352 34
353 23
354 37
355 17
356 29
357 12
358 27
359 15
360 10
361 33
362 10
363 22
364 0
365 34
366 35
367 39
368 36
369 28
370 38
371 35
372 31
373 36
374 11
375 10
376 3
377 5
378 35
379 24
380 22
381 12
382 27
383 13
384 39
385 33
386 31
387 4
388 4
389 9
390 23
391 27
392 27
393 28
394 29
395 21
396 12
397 37
398 0
399 25
400 12
401 10
402 6
403 12
404 13
405 36
406 8
407 23
408 1
409 16
410 15
411 17
412 6
413 1
414 14
415 6
416 5
417 2
418 1
419 18
420 16
421 24
422 11
423 1
424 7
425 3
426 26
427 35
428 15
429 21
430 39
431 28
432 15
433 5
434 29
435 2
436 2
437 25
438 13
439 31
440 1
441 10
442 3
443 4
444 26
445 22
446 33
447 11
448 2
449 13
450 21
451 32
452 29
453 6
454 13
455 25
456 0
457 15
458 32
459 1
460 22
461 22
462 14
463 24
464 35
465 5
466 7
467 16
468 17
469 34
470 0
471 14
472 7
473 13
474 32
475 37
476 10
477 22
478 8
479 23
480 40
481 0
482 25
483 23
484 24
485 9
486 4
487 34
488 13
489 23
490 40
491 2
492 8
493 19
494 30
495 28
496 5
497 26
498 22
499 21
500 12
501 1
502 0
503 20
504 20
505 3
506 2
507 13
508 33
509 2
510 37
511 4
512 26
513 16
514 18
515 11
516 26
517 18
518 2
519 20
520 12
521 1
522 6
523 22
524 21
525 35
526 2
527 33
528 13
529 9
530 5
531 19
532 14
533 0
534 3
535 4
536 31
537 20
538 35
539 30
540 38
541 11
542 31
543 33
544 28
545 29
546 10
547 5
548 27
549 15
550 10
551 21
552 6
553 4
554 29
555 13
556 21
557 16
558 0
559 25
560 21
561 1
562 26
563 33
564 40
565 3
566 38
567 22
568 8
569 30
570 35
571 39
572 28
573 12
574 30
575 16
576 8
577 6
578 3
579 5
580 30
581 9
582 23
583 2
584 23
585 0
586 15
587 30
588 15
589 23
590 27
591 8
592 3
593 27
594 20
595 2
596 4
597 1
598 4
599 30
600 4
601 10
602 25
603 1
604 35
605 15
606 13
607 33
608 2
609 7
610 36
611 5
612 19
613 1
614 0
615 27
616 12
617 20
618 22
619 1
620 36
621 1
622 4
623 1
624 14
625 22
626 26
627 1
628 22
629 1
630 31
631 2
632 2
633 32
634 11
635 7
636 18
637 30
638 26
639 4
640 5
641 22
642 29
643 12
644 32
645 10
646 8
647 0
648 22
649 0
650 3
651 36
652 3
653 28
654 6
655 35
656 9
657 8
658 4
659 10
660 7
661 23
662 11
663 3
664 6
665 40
666 15
667 37
668 22
669 4
670 4
671 34
672 2
673 7
674 0
675 0
676 12
677 9
678 17
679 13
680 3
681 37
682 2
683 11
684 3
685 31
686 7
687 21
688 33
689 21
690 32
691 34
692 6
693 26
694 19
695 24
696 26
697 3
698 15
699 5
700 14
701 3
702 22
703 4
704 15
705 14
706 3
707 8
708 1
709 2
710 10
711 32
712 24
713 18
714 21
715 35
716 23
717 4
718 16
719 20
720 23
721 2
722 7
723 5
724 32
725 3
726 36
727 8
728 8
729 30
730 35
731 24
732 8
733 6
734 10
735 4
736 0
737 10
738 6
739 23
740 39
741 6
742 38
743 11
744 21
745 7
746 36
747 23
748 4
749 9
750 9
751 2
752 1
753 38
754 10
755 9
756 38
757 11
758 39
759 16
760 17
761 32
762 28
763 4
764 24
765 33
766 22
767 18
768 3
769 37
770 9
771 7
772 30
773 12
774 10
775 40
776 29
777 32
778 15
779 13
780 11
781 12
782 16
783 3
784 26
785 10
786 23
787 2
788 19
789 10
790 1
791 0
792 40
793 8
794 26
795 2
796 11
797 29
798 2
799 17
800 24
801 27
802 38
803 1
804 36
805 37
806 25
807 8
808 23
809 23
810 23
811 18
812 9
813 10
814 11
815 3
816 26
817 2
818 26
819 19
820 11
821 7
822 16
823 22
824 0
825 1
826 24
827 31
828 34
829 34
830 39
831 22
832 28
833 1
834 35
835 29
836 16
837 1
838 7
839 27
840 26
841 3
842 24
843 1
844 25
845 7
846 34
847 11
848 11
849 3
850 10
851 3
852 7
853 23
854 21
855 23
856 38
857 31
858 6
859 28
860 3
861 27
862 22
863 13
864 29
865 7
866 2
867 34
868 9
869 17
870 31
871 21
872 27
873 28
874 5
875 38
876 17
877 39
878 24
879 25
880 23
881 7
882 9
883 37
884 7
885 9
886 8
887 21
888 1
889 28
890 6
891 8
892 36
893 8
894 25
895 22
896 12
897 14
898 20
899 39
900 29
901 23
902 4
903 34
904 8
905 29
906 0
907 34
908 10
909 38
910 5
911 6
912 5
913 2
914 21
915 3
916 9
917 37
918 33
919 27
920 2
921 23
922 38
923 19
924 14
925 3
926 19
927 20
928 20
929 3
930 32
931 17
932 17
933 11
934 24
935 31
936 4
937 17
938 28
939 1
940 18
941 5
942 3
943 18
944 0
945 21
946 14
947 15
948 19
949 7
950 33
951 26
952 6
953 27
954 0
955 21
956 37
957 29
958 1
959 14
960 5
961 6
962 10
963 37
964 11
965 19
966 34
967 30
968 34
969 37
970 11
971 39
972 1
973 26
974 7
975 8
976 24
977 28
978 5
979 0
980 18
981 6
982 27
983 3
984 19
985 23
986 0
987 18
988 9
989 27
990 20
991 7
992 39
993 14
994 5
995 28
996 5
997 15
998 19
999 3
1000 38
1001 15
1002 37
1003 3
1004 11
1005 19
1006 4
1007 28
1008 4
1009 4
1010 30
1011 23
1012 14
1013 1
1014 15
1015 7
1016 4
1017 11
1018 18
1019 19
1020 28
1021 1
1022 10
1023 2
1024 14
1025 10
1026 20
1027 27
1028 5
1029 21
1030 14
1031 2
1032 31
1033 13
1034 8
1035 19
1036 32
1037 19
1038 17
1039 24
1040 7
1041 7
1042 22
1043 37
1044 5
1045 2
1046 8
1047 8
1048 14
1049 2
1050 11
1051 29
1052 28
1053 19
1054 36
1055 28
1056 32
1057 4
1058 16
1059 8
1060 27
1061 10
1062 13
1063 10
1064 17
1065 21
1066 12
1067 8
1068 11
1069 3
1070 6
1071 7
1072 17
1073 34
1074 0
1075 40
1076 9
1077 33
1078 30
1079 24
1080 4
1081 16
1082 8
1083 34
1084 14
1085 10
1086 16
1087 26
1088 10
1089 16
1090 37
1091 15
1092 31
1093 28
1094 35
1095 12
1096 1
1097 0
1098 29
1099 26
1100 2
1101 27
1102 22
1103 14
1104 0
1105 4
1106 13
1107 18
1108 6
1109 2
1110 8
1111 8
1112 22
1113 6
1114 5
1115 25
1116 29
1117 11
1118 42
1119 13
1120 32
1121 3
1122 11
1123 33
1124 18
1125 10
1126 10
1127 3
1128 24
1129 34
1130 14
1131 0
1132 10
1133 1
1134 27
1135 3
1136 2
1137 10
1138 10
1139 33
1140 11
1141 24
1142 32
1143 3
1144 7
1145 12
1146 39
1147 19
1148 24
1149 29
1150 17
1151 10
1152 16
1153 40
1154 20
1155 14
1156 7
1157 29
1158 10
1159 10
1160 7
1161 7
1162 20
1163 9
1164 14
1165 8
1166 28
1167 27
1168 1
1169 0
1170 15
1171 17
1172 15
1173 15
1174 19
1175 8
1176 39
1177 11
1178 29
1179 24
1180 24
1181 0
1182 18
1183 32
1184 3
1185 0
1186 4
1187 35
1188 37
1189 15
1190 34
1191 18
1192 0
1193 36
1194 32
1195 8
1196 25
1197 34
1198 29
1199 29
1200 27
1201 14
1202 4
1203 33
1204 2
1205 30
1206 11
1207 30
1208 25
1209 21
1210 33
1211 0
1212 19
1213 12
1214 13
1215 0
1216 25
1217 16
1218 0
1219 34
1220 33
1221 9
1222 1
1223 14
1224 0
1225 23
1226 5
1227 22
1228 8
1229 30
1230 21
1231 33
1232 5
1233 24
1234 20
1235 1
1236 10
1237 11
1238 0
1239 38
1240 18
1241 0
1242 8
1243 1
1244 17
1245 6
1246 1
1247 22
1248 5
1249 6
1250 25
1251 32
1252 12
1253 8
1254 29
1255 6
1256 10
1257 1
1258 6
1259 32
1260 6
1261 32
1262 27
1263 23
1264 14
1265 1
1266 22
1267 9
1268 1
1269 9
1270 1
1271 21
1272 7
1273 3
1274 35
1275 15
1276 40
1277 37
1278 29
1279 23
1280 6
1281 36
1282 5
1283 11
1284 14
1285 34
1286 0
1287 10
1288 36
1289 25
1290 4
1291 35
1292 13
1293 18
1294 2
1295 2
1296 21
1297 3
1298 9
1299 3
1300 7
1301 26
1302 12
1303 26
1304 26
1305 2
1306 0
1307 34
1308 17
1309 30
1310 18
1311 0
1312 37
1313 3
1314 1
1315 1
1316 20
1317 24
1318 12
1319 3
1320 9
1321 9
1322 31
1323 0
1324 27
1325 12
1326 13
1327 0
1328 14
1329 36
1330 4
1331 10
1332 12
1333 6
1334 6
1335 0
1336 36
1337 5
1338 40
1339 23
1340 2
1341 12
1342 15
1343 22
1344 0
1345 0
1346 0
1347 4
1348 19
1349 1
1350 5
1351 17
1352 22
1353 26
1354 16
1355 6
1356 14
1357 15
1358 27
1359 25
1360 20
1361 16
1362 17
1363 32
1364 30
1365 6
1366 4
1367 11
1368 1
1369 21
1370 23
1371 33
1372 29
1373 25
1374 28
1375 36
1376 0
1377 28
1378 30
1379 2
1380 1
1381 39
1382 28
1383 2
1384 17
1385 9
1386 25
1387 1
1388 0
1389 7
1390 6
1391 19
1392 37
1393 9
1394 21
1395 34
1396 23
1397 29
1398 2
1399 28
1400 31
1401 9
1402 5
1403 2
1404 29
1405 24
1406 4
1407 35
1408 5
1409 1
1410 34
1411 25
1412 19
1413 29
1414 43
1415 4
1416 20
1417 11
1418 26
1419 26
1420 4
1421 14
1422 28
1423 7
1424 13
1425 33
1426 40
1427 12
1428 1
1429 14
1430 3
1431 2
1432 1
1433 18
1434 5
1435 13
1436 16
1437 14
1438 32
1439 39
1440 6
1441 14
1442 19
1443 3
1444 20
1445 24
1446 15
1447 27
1448 1
1449 1
1450 2
1451 8
1452 7
1453 13
1454 3
1455 1
1456 3
1457 15
1458 37
1459 1
1460 20
1461 2
1462 31
1463 33
1464 29
1465 25
1466 26
1467 3
1468 26
1469 18
1470 33
1471 23
1472 10
1473 33
1474 14
1475 14
1476 16
1477 12
1478 30
1479 0
1480 34
1481 3
1482 29
1483 3
1484 28
1485 36
1486 19
1487 9
1488 7
1489 29
1490 34
1491 20
1492 0
1493 21
1494 26
1495 4
1496 5
1497 29
1498 21
1499 15
1500 4
1501 34
1502 17
1503 18
1504 1
1505 18
1506 3
1507 13
1508 2
1509 1
1510 29
1511 0
1512 19
1513 26
1514 33
1515 29
1516 0
1517 22
1518 11
1519 0
1520 0
1521 7
1522 40
1523 6
1524 3
1525 27
1526 5
1527 18
1528 6
1529 12
1530 13
1531 19
1532 12
1533 17
1534 3
1535 5
1536 4
1537 12
1538 24
1539 16
1540 32
1541 16
1542 1
1543 7
1544 0
1545 20
1546 10
1547 16
1548 8
1549 8
1550 21
1551 21
1552 37
1553 9
1554 3
1555 16
1556 12
1557 18
1558 7
1559 35
1560 32
1561 26
1562 19
1563 18
1564 15
1565 14
1566 12
1567 1
1568 6
1569 30
1570 33
1571 28
1572 33
1573 12
1574 3
1575 2
1576 40
1577 5
1578 8
1579 34
1580 15
1581 24
1582 1
1583 39
1584 15
1585 16
1586 1
1587 16
1588 35
1589 38
1590 4
1591 11
1592 15
1593 19
1594 28
1595 21
1596 15
1597 7
1598 31
1599 6
1600 7
1601 34
1602 3
1603 0
1604 18
1605 3
1606 18
1607 34
1608 2
1609 29
1610 9
1611 7
1612 8
1613 5
1614 16
1615 1
1616 11
1617 10
1618 2
1619 32
1620 16
1621 24
1622 8
1623 3
1624 1
1625 5
1626 12
1627 4
1628 22
1629 22
1630 37
1631 23
1632 31
1633 34
1634 20
1635 21
1636 36
1637 13
1638 15
1639 4
1640 34
1641 24
1642 14
1643 9
1644 15
1645 39
1646 8
1647 8
1648 11
1649 31
1650 39
1651 37
1652 24
1653 18
1654 36
1655 7
1656 25
1657 36
1658 34
1659 9
1660 2
1661 6
1662 38
1663 22
1664 40
1665 22
1666 22
1667 9
1668 8
1669 37
1670 11
1671 16
1672 11
1673 29
1674 4
1675 18
1676 39
1677 5
1678 3
1679 33
1680 39
1681 35
1682 5
1683 8
1684 26
1685 1
1686 37
1687 39
1688 22
1689 1
1690 36
1691 10
1692 20
1693 32
1694 2
1695 14
1696 17
1697 11
1698 9
1699 11
1700 37
1701 12
1702 3
1703 28
1704 0
1705 23
1706 14
1707 1
1708 29
1709 17
1710 1
1711 16
1712 33
1713 8
1714 21
1715 33
1716 18
1717 36
1718 36
1719 4
1720 32
1721 0
1722 6
1723 10
1724 29
1725 37
1726 1
1727 27
1728 19
1729 40
1730 27
1731 1
1732 17
1733 8
1734 21
1735 23
1736 7
1737 22
1738 32
1739 8
1740 22
1741 25
1742 20
1743 25
1744 12
1745 38
1746 31
1747 10
1748 19
1749 25
1750 25
1751 11
1752 37
1753 0
1754 1
1755 15
1756 26
1757 16
1758 24
1759 26
1760 12
1761 23
1762 37
1763 34
1764 10
1765 7
1766 32
1767 25
1768 40
1769 5
1770 0
1771 2
1772 0
1773 24
1774 24
1775 27
1776 31
1777 19
1778 9
1779 0
1780 6
1781 28
1782 31
1783 31
1784 37
1785 17
1786 18
1787 21
1788 36
1789 23
1790 20
1791 4
1792 5
1793 24
1794 35
1795 26
1796 27
1797 36
1798 21
1799 7
1800 26
1801 32
1802 22
1803 27
1804 21
1805 0
1806 8
1807 0
1808 16
1809 2
1810 17
1811 19
1812 11
1813 4
1814 39
1815 4
1816 4
1817 8
1818 5
1819 17
1820 7
1821 32
1822 9
1823 7
1824 26
1825 12
1826 19
1827 22
1828 7
1829 27
1830 1
1831 3
1832 4
1833 15
1834 11
1835 11
1836 5
1837 37
1838 34
1839 14
1840 1
1841 19
1842 30
1843 30
1844 3
1845 2
1846 37
1847 3
1848 20
1849 6
1850 1
1851 5
1852 17
1853 36
1854 0
1855 2
1856 9
1857 34
1858 29
1859 28
1860 25
1861 4
1862 15
1863 7
1864 26
1865 8
1866 7
1867 9
1868 19
1869 0
1870 11
1871 34
1872 3
1873 19
1874 16
1875 2
1876 10
1877 9
1878 19
1879 39
1880 19
1881 36
1882 23
1883 7
1884 0
1885 9
1886 11
1887 12
1888 28
1889 9
1890 9
1891 35
1892 3
1893 29
1894 0
1895 18
1896 11
1897 0
1898 1
1899 0
1900 17
1901 2
1902 11
1903 33
1904 10
1905 4
1906 25
1907 22
1908 5
1909 32
1910 4
1911 11
1912 39
1913 39
1914 11
1915 16
1916 21
1917 13
1918 23
1919 6
1920 36
1921 4
1922 0
1923 32
1924 28
1925 14
1926 17
1927 22
1928 22
1929 28
1930 18
1931 4
1932 33
1933 1
1934 3
1935 6
1936 0
1937 30
1938 2
1939 11
1940 12
1941 5
1942 2
1943 12
1944 31
1945 32
1946 18
1947 13
1948 30
1949 8
1950 24
1951 12
1952 13
1953 38
1954 5
1955 14
1956 25
1957 5
1958 27
1959 31
1960 6
1961 14
1962 40
1963 2
1964 24
1965 18
1966 2
1967 15
1968 14
1969 24
1970 1
1971 2
1972 6
1973 26
1974 3
1975 1
1976 7
1977 4
1978 22
1979 6
1980 5
1981 20
1982 21
1983 17
1984 19
1985 2
1986 8
1987 20
1988 15
1989 4
1990 21
1991 4
1992 16
1993 34
1994 39
1995 30
1996 16
1997 30
1998 3
1999 25
2000 2
2001 5
2002 17
2003 17
2004 2
2005 14
2006 20
2007 14
2008 21
2009 36
2010 13
2011 13
2012 24
2013 30
2014 26
2015 31
2016 17
2017 13
2018 32
2019 1
2020 21
2021 3
2022 33
2023 38
2024 9
2025 30
2026 10
2027 27
2028 5
2029 6
2030 19
2031 37
2032 30
2033 2
2034 16
2035 11
2036 22
2037 36
2038 3
2039 3
2040 0
2041 10
2042 25
2043 30
2044 21
2045 2
2046 25
2047 3
2048 24
2049 23
2050 3
2051 3
2052 38
2053 22
2054 9
2055 23
2056 9
2057 2
2058 39
2059 12
2060 33
2061 8
2062 14
2063 34
2064 5
2065 28
2066 7
2067 25
2068 5
2069 32
2070 25
2071 12
2072 13
2073 12
2074 20
2075 15
2076 27
2077 15
2078 2
2079 0
2080 40
2081 10
2082 18
2083 25
2084 36
2085 14
2086 40
2087 30
2088 38
2089 8
2090 16
2091 30
2092 2
2093 12
2094 6
2095 22
2096 10
2097 6
2098 38
2099 35
2100 19
2101 7
2102 6
2103 9
2104 39
2105 0
2106 12
2107 4
2108 14
2109 34
2110 29
2111 3
2112 34
2113 6
2114 8
2115 36
2116 20
2117 1
2118 1
2119 33
2120 14
2121 21
2122 39
2123 10
2124 14
2125 29
2126 33
2127 22
2128 5
2129 11
2130 4
2131 9
2132 31
2133 38
2134 5
2135 0
2136 0
2137 34
2138 30
2139 13
2140 24
2141 4
2142 8
2143 16
2144 25
2145 40
2146 1
2147 2
2148 0
2149 34
2150 33
2151 31
2152 24
2153 1
2154 34
2155 11
2156 4
2157 2
2158 1
2159 16
2160 12
2161 24
2162 22
2163 7
2164 32
2165 1
2166 35
2167 1
2168 32
2169 13
2170 34
2171 30
2172 1
2173 4
2174 7
2175 0
2176 30
2177 2
2178 1
2179 25
2180 3
2181 38
2182 20
2183 19
2184 26
2185 32
2186 3
2187 9
2188 2
2189 29
2190 20
2191 36
2192 7
2193 28
2194 32
2195 31
2196 1
2197 32
2198 22
2199 33
2200 33
2201 2
2202 11
2203 12
2204 25
2205 10
2206 4
2207 3
2208 32
2209 6
2210 16
2211 7
2212 35
2213 14
2214 35
2215 30
2216 7
2217 6
2218 15
2219 40
2220 12
2221 4
2222 38
2223 27
2224 21
2225 7
2226 35
2227 1
2228 12
2229 1
2230 33
2231 0
2232 27
2233 10
2234 7
2235 0
2236 3
2237 13
2238 5
2239 6
2240 31
2241 7
2242 6
2243 37
2244 40
2245 18
2246 5
2247 30
2248 30
2249 6
2250 2
2251 23
2252 20
2253 24
2254 1
2255 17
2256 44
2257 7
2258 20
2259 13
2260 14
2261 14
2262 14
2263 5
2264 23
2265 33
2266 26
2267 21
2268 40
2269 9
2270 30
2271 34
2272 0
2273 4
2274 5
2275 2
2276 27
2277 5
2278 37
2279 23
2280 25
2281 12
2282 16
2283 27
2284 10
2285 10
2286 25
2287 36
2288 34
2289 0
2290 8
2291 45
2292 18
2293 13
2294 5
2295 38
2296 26
2297 18
2298 13
2299 9
2300 28
2301 3
2302 4
2303 33
2304 38
2305 24
2306 30
2307 1
2308 26
2309 21
2310 24
2311 9
2312 16
2313 22
2314 28
2315 24
2316 29
2317 32
2318 30
2319 7
2320 15
2321 12
2322 12
2323 33
2324 5
2325 3
2326 40
2327 22
2328 14
2329 35
2330 2
2331 13
2332 33
2333 1
2334 18
2335 28
2336 10
2337 4
2338 12
2339 18
2340 2
2341 13
2342 16
2343 4
2344 20
2345 2
2346 35
2347 2
2348 10
2349 1
2350 22
2351 19
2352 5
2353 36
2354 12
2355 11
2356 1
2357 26
2358 22
2359 19
2360 34
2361 21
2362 24
2363 25
2364 37
2365 10
2366 11
2367 2
2368 22
2369 0
2370 4
2371 7
2372 12
2373 10
2374 25
2375 4
2376 1
2377 32
2378 25
2379 13
2380 5
2381 11
2382 3
2383 15
2384 26
2385 28
2386 10
2387 28
2388 24
2389 35
2390 16
2391 40
2392 11
2393 17
2394 14
2395 38
2396 18
2397 7
2398 39
2399 8
2400 24
2401 0
2402 34
2403 20
2404 37
2405 33
2406 1
2407 6
2408 6
2409 7
2410 16
2411 28
2412 20
2413 1
2414 25
2415 28
2416 28
2417 19
2418 28
2419 27
2420 7
2421 6
2422 0
2423 14
2424 1
2425 4
2426 21
2427 13
2428 11
2429 16
2430 2
2431 26
2432 12
2433 0
2434 23
2435 10
2436 23
2437 8
2438 3
2439 9
2440 28
2441 14
2442 12
2443 14
2444 32
2445 22
2446 3
2447 0
2448 27
2449 32
2450 16
2451 4
2452 6
2453 15
2454 15
2455 10
2456 28
2457 35
2458 16
2459 27
2460 4
2461 7
2462 1
2463 9
2464 1
2465 19
2466 11
2467 10
2468 35
2469 14
2470 4
2471 3
2472 13
2473 32
2474 38
2475 0
2476 24
2477 1
2478 11
2479 8
2480 4
2481 18
2482 33
2483 6
2484 9
2485 3
2486 22
2487 14
2488 22
2489 28
2490 29
2491 0
2492 12
2493 8
2494 17
2495 3
2496 22
2497 24
2498 20
2499 4
2500 39
2501 14
2502 1
2503 2
2504 3
2505 12
2506 15
2507 7
2508 2
2509 6
2510 40
2511 1
2512 15
2513 11
2514 13
2515 15
2516 30
2517 19
2518 14
2519 5
2520 0
2521 0
2522 4
2523 29
2524 5
2525 20
2526 5
2527 2
2528 17
2529 7
2530 36
2531 2
2532 18
2533 4
2534 7
2535 6
2536 2
2537 5
2538 4
2539 1
2540 8
2541 4
2542 31
2543 0
2544 8
2545 9
2546 39
2547 3
2548 8
2549 28
2550 4
2551 22
2552 22
2553 0
2554 15
2555 36
2556 21
2557 30
2558 0
2559 3
2560 4
2561 7
2562 21
2563 31
2564 0
2565 18
2566 29
2567 21
2568 25
2569 19
2570 13
2571 25
2572 28
2573 3
2574 18
2575 40
2576 11
2577 25
2578 19
2579 22
2580 32
2581 22
2582 9
2583 21
2584 34
2585 35
2586 1
2587 1
2588 29
2589 9
2590 18
2591 36
2592 27
2593 7
2594 18
2595 7
2596 19
2597 17
2598 20
2599 20
2600 2
2601 0
2602 1
2603 38
2604 35
2605 37
2606 29
2607 18
2608 38
2609 1
2610 30
2611 31
2612 0
2613 27
2614 8
2615 16
2616 13
2617 28
2618 16
2619 8
2620 15
2621 25
2622 30
2623 24
2624 11
2625 16
2626 4
2627 11
2628 3
2629 27
2630 21
2631 34
2632 2
2633 0
2634 4
2635 6
2636 15
2637 3
2638 4
2639 19
2640 17
2641 28
2642 37
2643 38
2644 0
2645 21
2646 21
2647 28
2648 20
2649 10
2650 7
2651 14
2652 4
2653 38
2654 6
2655 15
2656 37
2657 11
2658 30
2659 34
2660 11
2661 9
2662 4
2663 25
2664 17
2665 26
2666 3
2667 1
2668 37
2669 10
2670 2
2671 20
2672 15
2673 35
2674 35
2675 39
2676 11
2677 23
2678 31
2679 26
2680 9
2681 2
2682 13
2683 15
2684 37
2685 17
2686 28
2687 0
2688 14
2689 12
2690 4
2691 33
2692 5
2693 9
2694 27
2695 11
2696 29
2697 0
2698 24
2699 11
2700 9
2701 0
2702 31
2703 1
2704 36
2705 11
2706 27
2707 29
2708 13
2709 12
2710 6
2711 17
2712 20
2713 23
2714 27
2715 21
2716 6
2717 19
2718 20
2719 20
2720 33
2721 14
2722 38
2723 12
2724 9
2725 2
2726 11
2727 36
2728 7
2729 19
2730 14
2731 24
2732 20
2733 37
2734 19
2735 25
2736 20
2737 2
2738 36
2739 27
2740 33
2741 20
2742 8
2743 1
2744 2
2745 23
2746 20
2747 17
2748 8
2749 0
2750 17
2751 14
2752 1
2753 4
2754 27
2755 20
2756 24
2757 39
2758 2
2759 5
2760 20
2761 9
2762 25
2763 12
2764 23
2765 7
2766 4
2767 28
2768 28
2769 5
2770 3
2771 18
2772 6
2773 8
2774 0
2775 12
2776 5
2777 1
2778 39
2779 8
2780 21
2781 1
2782 20
2783 4
2784 1
2785 7
2786 10
2787 23
2788 2
2789 37
2790 8
2791 39
2792 2
2793 8
2794 30
2795 15
2796 29
2797 15
2798 26
2799 31
2800 1
2801 8
2802 24
2803 28
2804 18
2805 2
2806 40
2807 26
2808 4
2809 23
2810 13
2811 31
2812 14
2813 8
2814 8
2815 40
2816 20
2817 0
2818 4
2819 5
2820 40
2821 35
2822 6
2823 0
2824 3
2825 24
2826 46
2827 19
2828 22
2829 10
2830 19
2831 10
2832 6
2833 33
2834 35
2835 6
2836 24
2837 39
2838 20
2839 6
2840 13
2841 18
2842 28
2843 0
2844 13
2845 18
2846 39
2847 35
2848 35
2849 1
2850 14
2851 32
2852 7
2853 38
2854 30
2855 3
2856 32
2857 7
2858 18
2859 14
2860 1
2861 36
2862 23
2863 29
2864 2
2865 30
2866 29
2867 19
2868 22
2869 18
2870 11
2871 33
2872 11
2873 10
2874 31
2875 28
2876 12
2877 6
2878 14
2879 15
2880 6
2881 23
2882 37
2883 2
2884 26
2885 3
2886 33
2887 32
2888 4
2889 9
2890 14
2891 36
2892 25
2893 9
2894 25
2895 22
2896 17
2897 4
2898 25
2899 11
2900 18
2901 12
2902 28
2903 16
2904 37
2905 33
2906 14
2907 18
2908 5
2909 16
2910 2
2911 1
2912 23
2913 32
2914 32
2915 7
2916 28
2917 10
2918 33
2919 1
2920 10
2921 30
2922 32
2923 6
2924 23
2925 8
2926 5
2927 18
2928 10
2929 8
2930 0
2931 26
2932 14
2933 1
2934 28
2935 8
2936 1
2937 10
2938 7
2939 18
2940 3
2941 12
2942 16
2943 8
2944 9
2945 10
2946 23
2947 36
2948 40
2949 38
2950 12
2951 13
2952 3
2953 3
2954 23
2955 40
2956 31
2957 25
2958 26
2959 9
2960 1
2961 21
2962 1
2963 27
2964 32
2965 2
2966 3
2967 32
2968 10
2969 26
2970 5
2971 0
2972 5
2973 17
2974 13
2975 18
2976 3
2977 33
2978 14
2979 35
2980 31
2981 6
2982 0
2983 2
2984 27
2985 26
2986 15
2987 23
2988 20
2989 13
2990 40
2991 0
2992 11
2993 4
2994 32
2995 11
2996 28
2997 27
2998 6
2999 22
3000 8
3001 1
3002 2
3003 17
3004 13
3005 32
3006 7
3007 6
3008 0
3009 21
3010 3
3011 3
3012 15
3013 15
3014 6
3015 38
3016 1
3017 10
3018 19
3019 12
3020 6
3021 12
3022 5
3023 26
3024 8
3025 13
3026 38
3027 3
3028 10
3029 2
3030 2
3031 18
3032 16
3033 39
3034 13
3035 39
3036 31
3037 9
3038 18
3039 26
3040 14
3041 2
3042 35
3043 20
3044 24
3045 10
3046 25
3047 31
3048 0
3049 35
3050 2
3051 0
3052 28
3053 23
3054 37
3055 2
3056 14
3057 21
3058 14
3059 19
3060 1
3061 26
3062 14
3063 16
3064 5
3065 32
3066 17
3067 15
3068 23
3069 36
3070 21
3071 23
3072 36
3073 11
3074 27
3075 24
3076 24
3077 10
3078 1
3079 34
3080 30
3081 19
3082 5
3083 17
3084 15
3085 11
3086 32
3087 12
3088 0
3089 3
3090 34
3091 7
3092 40
3093 33
3094 32
3095 8
3096 35
3097 31
3098 38
3099 1
3100 19
3101 24
3102 19
3103 0
3104 22
3105 24
3106 14
3107 0
3108 22
3109 30
3110 2
3111 34
3112 7
3113 20
3114 4
3115 9
3116 0
3117 8
3118 47
3119 0
3120 5
3121 37
3122 35
3123 26
3124 40
3125 27
3126 12
3127 24
3128 22
3129 15
3130 33
3131 38
3132 38
3133 8
3134 25
3135 27
3136 31
3137 12
3138 25
3139 32
3140 27
3141 1
3142 18
3143 7
3144 3
3145 28
3146 15
3147 20
3148 2
3149 4
3150 1
3151 9
3152 13
3153 25
3154 36
3155 16
3156 0
3157 13
3158 20
3159 13
3160 22
3161 35
3162 16
3163 33
3164 34
3165 4
3166 4
3167 15
3168 0
3169 7
3170 17
3171 15
3172 1
3173 12
3174 19
3175 30
3176 13
3177 31
3178 7
3179 29
3180 25
3181 12
3182 35
3183 22
3184 5
3185 25
3186 28
3187 1
3188 15
3189 1
3190 19
3191 9
3192 19
3193 2
3194 16
3195 14
3196 40
3197 3
3198 13
3199 19
3200 16
3201 17
3202 1
3203 25
3204 18
3205 0
3206 22
3207 0
3208 13
3209 28
3210 31
3211 4
3212 27
3213 5
3214 17
3215 36
3216 30
3217 15
3218 34
3219 32
3220 15
3221 5
3222 0
3223 31
3224 3
3225 3
3226 29
3227 26
3228 32
3229 15
3230 13
3231 30
3232 3
3233 35
3234 21
3235 3
3236 25
3237 23
3238 17
3239 0
3240 2
3241 25
3242 5
3243 14
3244 28
3245 2
3246 34
3247 5
3248 17
3249 4
3250 39
3251 27
3252 15
3253 2
3254 23
3255 1
3256 12
3257 28
3258 17
3259 5
3260 35
3261 36
3262 14
3263 37
3264 4
3265 24
3266 22
3267 9
3268 13
3269 21
3270 25
3271 22
3272 12
3273 0
3274 27
3275 23
3276 0
3277 33
3278 32
3279 39
3280 0
3281 11
3282 23
3283 16
3284 22
3285 10
3286 5
3287 21
3288 38
3289 16
3290 28
3291 27
3292 34
3293 6
3294 4
3295 14
3296 15
3297 9
3298 10
3299 21
3300 9
3301 18
3302 36
3303 36
3304 20
3305 2
3306 2
3307 25
3308 35
3309 8
3310 23
3311 20
3312 29
3313 14
3314 8
3315 27
3316 36
3317 36
3318 35
3319 33
3320 37
3321 1
3322 15
3323 2
3324 2
3325 37
3326 11
3327 15
3328 23
3329 26
3330 20
3331 23
3332 21
3333 0
3334 1
3335 22
3336 38
3337 32
3338 34
3339 13
3340 16
3341 29
3342 33
3343 31
3344 24
3345 16
3346 31
3347 2
3348 40
3349 0
3350 3
3351 12
3352 22
3353 5
3354 1
3355 3
3356 32
3357 18
3358 6
3359 40
3360 31
3361 18
3362 16
3363 4
3364 39
3365 0
3366 24
3367 1
3368 10
3369 25
3370 14
3371 35
3372 18
3373 14
3374 27
3375 34
3376 27
3377 20
3378 11
3379 12
3380 36
3381 15
3382 13
3383 1
3384 18
3385 19
3386 0
3387 38
3388 12
3389 29
3390 10
3391 6
3392 0
3393 26
3394 24
3395 4
3396 2
3397 1
3398 16
3399 5
3400 48
3401 4
3402 2
3403 16
3404 17
3405 21
3406 1
3407 6
3408 39
3409 39
3410 25
3411 37
3412 17
3413 1
3414 37
3415 21
3416 7
3417 33
3418 3
3419 38
3420 8
3421 27
3422 11
3423 9
3424 37
3425 17
3426 6
3427 4
3428 33
3429 3
3430 33
3431 18
3432 26
3433 2
3434 23
3435 2
3436 10
3437 33
3438 0
3439 1
3440 22
3441 27
3442 30
3443 32
3444 36
3445 14
3446 7
3447 26
3448 6
3449 5
3450 4
3451 0
3452 0
3453 21
3454 16
3455 25
3456 8
3457 18
3458 5
3459 15
3460 5
3461 2
3462 23
3463 35
3464 36
3465 3
3466 18
3467 4
3468 2
3469 1
3470 2
3471 2
3472 37
3473 25
3474 20
3475 29
3476 33
3477 10
3478 9
3479 23
3480 27
3481 39
3482 3
3483 29
3484 7
3485 21
3486 7
3487 25
3488 16
3489 29
3490 1
3491 13
3492 27
3493 3
3494 16
3495 36
3496 3
3497 33
3498 29
3499 31
3500 8
3501 31
3502 14
3503 6
3504 8
3505 39
3506 6
3507 35
3508 29
3509 31
3510 8
3511 13
3512 33
3513 18
3514 38
3515 26
3516 28
3517 19
3518 35
3519 6
3520 36
3521 29
3522 16
3523 3
3524 7
3525 9
3526 4
3527 13
3528 29
3529 39
3530 38
3531 8
3532 3
3533 1
3534 9
3535 10
3536 13
3537 40
3538 2
3539 21
3540 3
3541 18
3542 1
3543 1
3544 22
3545 15
3546 4
3547 16
3548 37
3549 14
3550 13
3551 12
3552 20
3553 5
3554 22
3555 21
3556 8
3557 4
3558 9
3559 1
3560 38
3561 29
3562 15
3563 24
3564 39
3565 40
3566 21
3567 4
3568 27
3569 21
3570 36
3571 7
3572 30
3573 15
3574 24
3575 22
3576 28
3577 16
3578 14
3579 5
3580 7
3581 22
3582 2
3583 23
3584 35
3585 11
3586 0
3587 33
3588 33
3589 13
3590 37
3591 25
3592 7
3593 13
3594 35
3595 21
3596 27
3597 11
3598 8
3599 19
3600 22
3601 6
3602 19
3603 29
3604 11
3605 18
3606 2
3607 4
3608 18
3609 39
3610 26
3611 35
3612 1
3613 34
3614 11
3615 5
3616 27
3617 26
3618 38
3619 31
3620 6
3621 8
3622 14
3623 7
3624 37
3625 38
3626 23
3627 2
3628 12
3629 18
3630 2
3631 28
3632 2
3633 28
3634 17
3635 3
3636 22
3637 30
3638 9
3639 8
3640 9
3641 34
3642 12
3643 3
3644 14
3645 21
3646 1
3647 4
3648 35
3649 23
3650 12
3651 24
3652 39
3653 22
3654 13
3655 29
3656 31
3657 29
3658 28
3659 20
3660 29
3661 29
3662 24
3663 20
3664 17
3665 19
3666 27
3667 28
3668 28
3669 22
3670 25
3671 35
3672 19
3673 17
3674 0
3675 22
3676 40
3677 14
3678 22
3679 2
3680 2
3681 36
3682 9
3683 17
3684 17
3685 4
3686 14
3687 38
3688 8
3689 33
3690 5
3691 34
3692 20
3693 29
3694 1
3695 21
3696 7
3697 16
3698 17
3699 31
3700 3
3701 29
3702 3
3703 23
3704 17
3705 9
3706 40
3707 25
3708 25
3709 28
3710 30
3711 4
3712 18
3713 27
3714 35
3715 7
3716 2
3717 6
3718 38
3719 11
3720 7
3721 12
3722 25
3723 26
3724 28
3725 10
3726 0
3727 11
3728 4
3729 13
3730 7
3731 34
3732 33
3733 1
3734 20
3735 35
3736 29
3737 21
3738 3
3739 20
3740 13
3741 10
3742 18
3743 11
3744 7
3745 5
3746 31
3747 16
3748 14
3749 11
3750 6
3751 1
3752 14
3753 32
3754 2
3755 15
3756 14
3757 2
3758 24
3759 12
3760 11
3761 15
3762 3
3763 23
3764 20
3765 22
3766 6
3767 30
3768 26
3769 3
3770 17
3771 37
3772 1
3773 39
3774 14
3775 13
3776 0
3777 3
3778 10
3779 1
3780 19
3781 16
3782 9
3783 29
3784 0
3785 13
3786 12
3787 10
3788 15
3789 14
3790 23
3791 1
3792 13
3793 21
3794 7
3795 32
3796 19
3797 38
3798 25
3799 36
3800 16
3801 28
3802 6
3803 9
3804 21
3805 39
3806 7
3807 13
3808 20
3809 3
3810 13
3811 18
3812 29
3813 28
3814 3
3815 29
3816 39
3817 0
3818 3
3819 29
3820 2
3821 23
3822 4
3823 11
3824 27
3825 12
3826 39
3827 32
3828 40
3829 14
3830 1
3831 1
3832 35
3833 32
3834 16
3835 32
3836 23
3837 3
3838 28
3839 27
3840 34
3841 13
3842 1
3843 3
3844 30
3845 9
3846 5
3847 40
3848 22
3849 3
3850 19
3851 22
3852 31
3853 3
3854 13
3855 0
3856 7
3857 13
3858 20
3859 6
3860 7
3861 17
3862 49
3863 31
3864 12
3865 3
3866 9
3867 1
3868 21
3869 37
3870 0
3871 27
3872 2
3873 18
3874 18
3875 12
3876 7
3877 26
3878 1
3879 31
3880 36
3881 21
3882 23
3883 27
3884 13
3885 30
3886 40
3887 8
3888 21
3889 37
3890 5
3891 8
3892 21
3893 17
3894 4
3895 38
3896 13
3897 22
3898 1
3899 20
3900 19
3901 8
3902 8
3903 16
3904 22
3905 39
3906 21
3907 38
3908 20
3909 19
3910 23
3911 3
3912 12
3913 39
3914 24
3915 10
3916 23
3917 23
3918 10
3919 9
3920 28
3921 2
3922 13
3923 29
3924 26
3925 1
3926 37
3927 30
3928 22
3929 12
3930 26
3931 33
3932 21
3933 3
3934 28
3935 11
3936 34
3937 27
3938 12
3939 38
3940 29
3941 14
3942 32
3943 16
3944 24
3945 9
3946 5
3947 27
3948 40
3949 31
3950 20
3951 28
3952 13
3953 0
3954 9
3955 21
3956 5
3957 25
3958 1
3959 7
3960 1
3961 40
3962 0
3963 30
3964 0
3965 23
3966 11
3967 22
3968 34
3969 33
3970 4
3971 7
3972 11
3973 6
3974 4
3975 31
3976 2
3977 0
3978 1
3979 5
3980 5
3981 13
3982 35
3983 5
3984 27
3985 23
3986 17
3987 1
3988 0
3989 1
3990 14
3991 10
3992 37
3993 37
3994 12
3995 29
3996 29
3997 30
3998 9
3999 13
4000 21
4001 39
4002 21
4003 15
4004 32
4005 0
4006 4
4007 18
4008 32
4009 1
4010 16
4011 26
4012 13
4013 5
4014 12
4015 7
4016 39
4017 3
4018 2
4019 32
4020 1
4021 24
4022 30
4023 25
4024 14
4025 29
4026 9
4027 13
4028 8
4029 1
4030 12
4031 4
4032 1
4033 39
4034 13
4035 38
4036 25
4037 8
4038 10
4039 14
4040 7
4041 29
4042 39
4043 22
4044 13
4045 35
4046 27
4047 11
4048 24
4049 6
4050 22
4051 15
4052 0
4053 1
4054 0
4055 31
4056 20
4057 8
4058 8
4059 28
4060 5
4061 30
4062 40
4063 27
4064 4
4065 22
4066 0
4067 26
4068 3
4069 29
4070 9
4071 37
4072 0
4073 28
4074 8
4075 8
4076 2
4077 14
4078 39
4079 19
4080 17
4081 35
4082 0
4083 35
4084 4
4085 29
4086 3
4087 27
4088 16
4089 20
4090 26
4091 24
4092 15
4093 1
4094 14
4095 5
4096 13
4097 16
4098 1
4099 11
4100 3
4101 12
4102 20
4103 0
4104 23
4105 0
4106 0
4107 7
4108 19
4109 18
4110 16
4111 11
4112 14
4113 12
4114 9
4115 40
4116 8
4117 21
4118 26
4119 8
4120 24
4121 7
4122 13
4123 16
4124 4
4125 29
4126 15
4127 36
4128 34
4129 3
4130 35
4131 8
4132 28
4133 14
4134 17
4135 30
4136 2
4137 33
4138 12
4139 29
4140 24
4141 22
4142 5
4143 18
4144 50
4145 17
4146 4
4147 3
4148 11
4149 11
4150 25
4151 33
4152 6
4153 1
4154 13
4155 21
4156 12
4157 11
4158 1
4159 10
4160 6
4161 19
4162 14
4163 5
4164 2
4165 7
4166 19
4167 11
4168 15
4169 10
4170 15
4171 23
4172 18
4173 39
4174 35
4175 3
4176 24
4177 0
4178 22
4179 0
4180 6
4181 26
4182 1
4183 16
4184 6
4185 7
4186 1
4187 27
4188 17
4189 5
4190 32
4191 8
4192 0
4193 11
4194 7
4195 7
4196 34
4197 0
4198 9
4199 29
4200 32
4201 35
4202 2
4203 18
4204 19
4205 40
4206 7
4207 24
4208 32
4209 20
4210 18
4211 28
4212 2
4213 11
4214 0
4215 10
4216 14
4217 18
4218 9
4219 12
4220 8
4221 4
4222 1
4223 36
4224 12
4225 14
4226 14
4227 3
4228 2
4229 33
4230 0
4231 38
4232 2
4233 10
4234 17
4235 11
4236 5
4237 2
4238 25
4239 36
4240 9
4241 27
4242 2
4243 1
4244 38
4245 1
4246 6
4247 15
4248 34
4249 4
4250 9
4251 34
4252 12
4253 12
4254 35
4255 13
4256 2
4257 12
4258 3
4259 25
4260 26
4261 0
4262 2
4263 40
4264 2
4265 13
4266 24
4267 5
4268 29
4269 8
4270 38
4271 16
4272 17
4273 21
4274 17
4275 30
4276 36
4277 15
4278 40
4279 3
4280 0
4281 7
4282 19
4283 9
4284 34
4285 25
4286 8
4287 29
4288 5
4289 25
4290 11
4291 10
4292 14
4293 16
4294 12
4295 14
4296 21
4297 31
4298 32
4299 2
4300 15
4301 23
4302 29
4303 38
4304 0
4305 5
4306 35
4307 3
4308 34
4309 31
4310 4
4311 25
4312 17
4313 29
4314 39
4315 21
4316 5
4317 13
4318 2
4319 2
4320 37
4321 9
4322 36
4323 2
4324 40
4325 21
4326 26
4327 6
4328 9
4329 26
4330 6
4331 27
4332 17
4333 27
4334 28
4335 39
4336 10
4337 0
4338 22
4339 12
4340 2
4341 2
4342 11
4343 30
4344 27
4345 24
4346 15
4347 0
4348 4
4349 7
4350 22
4351 2
4352 27
4353 24
4354 33
4355 14
4356 9
4357 28
4358 6
4359 15
4360 3
4361 19
4362 0
4363 6
4364 10
4365 2
4366 19
4367 1
4368 15
4369 6
4370 4
4371 14
4372 3
4373 2
4374 1
4375 7
4376 3
4377 28
4378 15
4379 0
4380 25
4381 7
4382 35
4383 23
4384 22
4385 34
4386 36
4387 33
4388 27
4389 6
4390 34
4391 40
4392 1
4393 11
4394 18
4395 29
4396 0
4397 40
4398 17
4399 1
4400 1
4401 16
4402 21
4403 3
4404 20
4405 3
4406 4
4407 3
4408 26
4409 6
4410 29
4411 15
4412 10
4413 5
4414 36
4415 22
4416 27
4417 38
4418 5
4419 13
4420 5
4421 7
4422 9
4423 16
4424 6
4425 20
4426 1
4427 1
4428 29
4429 40
4430 39
4431 32
4432 6
4433 4
4434 10
4435 5
4436 27
4437 6
4438 35
4439 33
4440 18
4441 12
4442 21
4443 9
4444 26
4445 16
4446 27
4447 23
4448 37
4449 21
4450 4
4451 0
4452 21
4453 19
4454 11
4455 32
4456 19
4457 1
4458 19
4459 7
4460 31
4461 11
4462 31
4463 6
4464 6
4465 27
4466 16
4467 28
4468 10
4469 0
4470 32
4471 29
4472 2
4473 37
4474 20
4475 31
4476 22
4477 32
4478 30
4479 11
4480 12
4481 37
4482 36
4483 21
4484 7
4485 12
4486 12
4487 36
4488 7
4489 24
4490 13
4491 27
4492 22
4493 8
4494 34
4495 8
4496 36
4497 32
4498 26
4499 15
4500 0
4501 28
4502 19
4503 8
4504 10
4505 31
4506 34
4507 10
4508 20
4509 38
4510 12
4511 32
4512 14
4513 35
4514 0
4515 35
4516 22
4517 35
4518 2
4519 0
4520 33
4521 1
4522 6
4523 37
4524 5
4525 40
4526 32
4527 27
4528 31
4529 11
4530 24
4531 24
4532 2
4533 31
4534 1
4535 10
4536 36
4537 31
4538 0
4539 7
4540 4
4541 19
4542 19
4543 16
4544 33
4545 15
4546 30
4547 32
4548 22
4549 15
4550 33
4551 28
4552 19
4553 37
4554 11
4555 28
4556 3
4557 35
4558 24
4559 14
4560 37
4561 5
4562 15
4563 19
4564 14
4565 32
4566 39
4567 5
4568 35
4569 27
4570 5
4571 34
4572 11
4573 22
4574 6
4575 33
4576 23
4577 18
4578 33
4579 8
4580 24
4581 14
4582 31
4583 2
4584 15
4585 2
4586 19
4587 24
4588 3
4589 38
4590 21
4591 26
4592 19
4593 36
4594 10
4595 37
4596 4
4597 9
4598 31
4599 26
4600 18
4601 15
4602 3
4603 16
4604 16
4605 13
4606 0
4607 34
4608 5
4609 28
4610 5
4611 30
4612 3
4613 16
4614 14
4615 16
4616 34
4617 5
4618 8
4619 3
4620 3
4621 18
4622 9
4623 29
4624 30
4625 26
4626 31
4627 30
4628 0
4629 29
4630 10
4631 10
4632 19
4633 18
4634 17
4635 30
4636 7
4637 34
4638 20
4639 29
4640 13
4641 28
4642 15
4643 10
4644 28
4645 21
4646 35
4647 32
4648 31
4649 26
4650 36
4651 26
4652 36
4653 33
4654 39
4655 36
4656 6
4657 10
4658 5
4659 15
4660 9
4661 16
4662 2
4663 12
4664 0
4665 20
4666 11
4667 18
4668 7
4669 36
4670 30
4671 32
4672 8
4673 16
4674 8
4675 16
4676 11
4677 25
4678 1
4679 10
4680 23
4681 3
4682 6
4683 33
4684 27
4685 19
4686 10
4687 6
4688 15
4689 20
4690 26
4691 23
4692 3
4693 3
4694 33
4695 6
4696 23
4697 26
4698 33
4699 38
4700 39
4701 3
4702 28
4703 35
4704 22
4705 21
4706 17
4707 0
4708 34
4709 20
4710 2
4711 12
4712 13
4713 1
4714 12
4715 7
4716 21
4717 18
4718 25
4719 22
4720 15
4721 15
4722 4
4723 17
4724 12
4725 39
4726 20
4727 9
4728 33
4729 14
4730 6
4731 0
4732 13
4733 30
4734 0
4735 21
4736 0
4737 40
4738 30
4739 24
4740 1
4741 13
4742 5
4743 6
4744 1
4745 8
4746 4
4747 29
4748 33
4749 11
4750 31
4751 37
4752 39
4753 27
4754 21
4755 2
4756 31
4757 4
4758 31
4759 31
4760 17
4761 0
4762 6
4763 9
4764 17
4765 32
4766 3
4767 7
4768 1
4769 32
4770 37
4771 10
4772 6
4773 40
4774 29
4775 16
4776 37
4777 23
4778 24
4779 2
4780 16
4781 25
4782 6
4783 6
4784 1
4785 3
4786 4
4787 2
4788 13
4789 24
4790 37
4791 0
4792 24
4793 33
4794 5
4795 34
4796 5
4797 3
4798 36
4799 21
4800 19
4801 9
4802 6
4803 12
4804 39
4805 36
4806 37
4807 39
4808 31
4809 22
4810 10
4811 10
4812 11
4813 4
4814 3
4815 21
4816 31
4817 19
4818 19
4819 24
4820 0
4821 24
4822 26
4823 37
4824 4
4825 37
4826 32
4827 37
4828 1
4829 23
4830 7
4831 25
4832 4
4833 27
4834 0
4835 33
4836 3
4837 35
4838 1
4839 1
4840 39
4841 0
4842 9
4843 9
4844 28
4845 13
4846 4
4847 4
4848 15
4849 24
4850 23
4851 19
4852 4
4853 40
4854 25
4855 36
4856 24
4857 12
4858 20
4859 20
4860 18
4861 23
4862 40
4863 27
4864 7
4865 10
4866 4
4867 38
4868 12
4869 10
4870 16
4871 18
4872 29
4873 30
4874 19
4875 1
4876 4
4877 6
4878 13
4879 0
4880 26
4881 13
4882 40
4883 0
4884 13
4885 17
4886 15
4887 13
4888 7
4889 32
4890 8
4891 38
4892 15
4893 2
4894 5
4895 51
4896 29
4897 21
4898 39
4899 21
4900 32
4901 2
4902 1
4903 24
4904 3
4905 2
4906 16
4907 29
4908 13
4909 2
4910 6
4911 2
4912 13
4913 24
4914 36
4915 16
4916 2
4917 23
4918 1
4919 28
4920 4
4921 18
4922 3
4923 28
4924 16
4925 1
4926 18
4927 18
4928 7
4929 0
4930 14
4931 24
4932 13
4933 23
4934 3
4935 6
4936 22
4937 11
4938 38
4939 35
4940 28
4941 7
4942 17
4943 5
4944 29
4945 14
4946 13
4947 27
4948 36
4949 24
4950 38
4951 20
4952 19
4953 6
4954 3
4955 1
4956 0
4957 22
4958 8
4959 4
4960 4
4961 40
4962 3
4963 40
4964 20
4965 9
4966 16
4967 27
4968 13
4969 33
4970 17
4971 19
4972 16
4973 23
4974 17
4975 1
4976 1
4977 2
4978 23
4979 11
4980 3
4981 20
4982 40
4983 6
4984 21
4985 5
4986 27
4987 28
4988 26
4989 3
4990 0
4991 30
4992 1
4993 30
4994 0
4995 12
4996 40
4997 36
4998 37
4999 17
5000 26
5001 33
5002 1
5003 2
5004 1
5005 1
5006 35
5007 10
5008 8
5009 27
5010 20
5011 1
5012 31
5013 16
5014 29
5015 7
5016 16
5017 35
5018 14
5019 30
5020 1
5021 0
5022 9
5023 0
5024 24
5025 37
5026 8
5027 24
5028 13
5029 13
5030 0
5031 2
5032 20
5033 4
5034 30
5035 11
5036 3
5037 26
5038 2
5039 5
5040 29
5041 29
5042 18
5043 20
5044 30
5045 30
5046 0
5047 24
5048 1
5049 17
5050 31
5051 36
5052 38
5053 31
5054 16
5055 1
5056 5
5057 20
5058 31
5059 0
5060 2
5061 13
5062 11
5063 2
5064 9
5065 31
5066 37
5067 22
5068 29
5069 33
5070 26
5071 26
5072 5
5073 23
5074 34
5075 27
5076 21
5077 14
5078 13
5079 16
5080 40
5081 7
5082 0
5083 19
5084 15
5085 40
5086 25
5087 28
5088 21
5089 8
5090 11
5091 14
5092 16
5093 21
5094 40
5095 11
5096 23
5097 9
5098 38
5099 19
5100 5
5101 1
5102 10
5103 31
5104 23
5105 32
5106 30
5107 19
5108 15
5109 6
5110 2
5111 36
5112 14
5113 18
5114 11
5115 31
5116 19
5117 20
5118 19
5119 11
5120 39
5121 22
5122 17
5123 12
5124 13
5125 1
5126 39
5127 19
5128 16
5129 25
5130 33
5131 12
5132 34
5133 37
5134 19
5135 34
5136 16
5137 30
5138 6
5139 4
5140 31
5141 28
5142 0
5143 18
5144 6
5145 37
5146 10
5147 12
5148 19
5149 10
5150 3
5151 12
5152 1
5153 9
5154 0
5155 30
5156 27
5157 18
5158 13
5159 31
5160 25
5161 16
5162 21
5163 26
5164 0
5165 15
5166 25
5167 25
5168 38
5169 3
5170 20
5171 18
5172 26
5173 17
5174 39
5175 0
5176 2
5177 38
5178 26
5179 31
5180 37
5181 38
5182 15
5183 35
5184 37
5185 15
5186 0
5187 4
5188 39
5189 26
5190 28
5191 17
5192 17
5193 3
5194 5
5195 20
5196 18
5197 2
5198 27
5199 2
5200 28
5201 1
5202 3
5203 20
5204 18
5205 9
5206 5
5207 22
5208 26
5209 19
5210 5
5211 10
5212 37
5213 0
5214 11
5215 1
5216 2
5217 21
5218 33
5219 35
5220 39
5221 24
5222 38
5223 33
5224 24
5225 9
5226 7
5227 18
5228 21
5229 9
5230 35
5231 15
5232 18
5233 5
5234 16
5235 27
5236 2
5237 16
5238 3
5239 40
5240 22
5241 29
5242 19
5243 30
5244 9
5245 16
5246 39
5247 17
5248 13
5249 7
5250 10
5251 29
5252 11
5253 28
5254 3
5255 1
5256 9
5257 20
5258 36
5259 0
5260 2
5261 5
5262 8
5263 0
5264 38
5265 25
5266 40
5267 14
5268 35
5269 27
5270 7
5271 1
5272 2
5273 16
5274 3
5275 22
5276 0
5277 2
5278 20
5279 26
5280 25
5281 22
5282 36
5283 15
5284 8
5285 37
5286 10
5287 29
5288 6
5289 24
5290 4
5291 21
5292 25
5293 5
5294 1
5295 10
5296 1
5297 40
5298 5
5299 3
5300 21
5301 33
5302 18
5303 5
5304 33
5305 4
5306 10
5307 12
5308 1
5309 13
5310 6
5311 15
5312 33
5313 39
5314 24
5315 20
5316 17
5317 17
5318 4
5319 25
5320 20
5321 15
5322 11
5323 29
5324 36
5325 2
5326 4
5327 6
5328 39
5329 6
5330 0
5331 29
5332 4
5333 24
5334 10
5335 19
5336 16
5337 31
5338 38
5339 37
5340 14
5341 20
5342 1
5343 0
5344 14
5345 7
5346 32
5347 14
5348 37
5349 28
5350 28
5351 36
5352 14
5353 1
5354 37
5355 28
5356 2
5357 9
5358 4
5359 40
5360 10
5361 0
5362 33
5363 12
5364 0
5365 3
5366 26
5367 23
5368 27
5369 4
5370 18
5371 37
5372 1
5373 16
5374 9
5375 1
5376 4
5377 9
5378 17
5379 21
5380 31
5381 16
5382 2
5383 36
5384 0
5385 22
5386 38
5387 2
5388 35
5389 27
5390 25
5391 26
5392 14
5393 6
5394 31
5395 18
5396 5
5397 3
5398 3
5399 16
5400 19
5401 24
5402 1
5403 2
5404 19
5405 35
5406 26
5407 13
5408 2
5409 9
5410 23
5411 16
5412 2
5413 38
5414 23
5415 12
5416 18
5417 34
5418 9
5419 11
5420 1
5421 18
5422 11
5423 3
5424 37
5425 32
5426 14
5427 21
5428 26
5429 7
5430 0
5431 38
5432 16
5433 1
5434 12
5435 0
5436 31
5437 6
5438 33
5439 17
5440 4
5441 2
5442 29
5443 20
5444 4
5445 23
5446 34
5447 17
5448 38
5449 13
5450 32
5451 36
5452 11
5453 28
5454 17
5455 22
5456 6
5457 19
5458 11
5459 33
5460 30
5461 3
5462 19
5463 30
5464 5
5465 4
5466 32
5467 1
5468 3
5469 3
5470 7
5471 3
5472 7
5473 11
5474 28
5475 21
5476 10
5477 4
5478 13
5479 30
5480 19
5481 23
5482 20
5483 30
5484 24
5485 22
5486 12
5487 3
5488 23
5489 0
5490 36
5491 2
5492 3
5493 6
5494 31
5495 26
5496 2
5497 17
5498 40
5499 4
5500 38
5501 40
5502 8
5503 30
5504 27
5505 0
5506 35
5507 24
5508 14
5509 12
5510 38
5511 28
5512 26
5513 11
5514 23
5515 34
5516 3
5517 21
5518 27
5519 30
5520 19
5521 15
5522 18
5523 27
5524 11
5525 39
5526 1
5527 0
5528 32
5529 17
5530 1
5531 22
5532 2
5533 1
5534 5
5535 26
5536 14
5537 3
5538 4
5539 18
5540 0
5541 27
5542 5
5543 33
5544 25
5545 33
5546 1
5547 17
5548 21
5549 33
5550 16
5551 19
5552 8
5553 8
5554 15
5555 5
5556 32
5557 38
5558 6
5559 24
5560 5
5561 4
5562 30
5563 22
5564 32
5565 0
5566 2
5567 2
5568 28
5569 21
5570 40
5571 9
5572 39
5573 2
5574 37
5575 14
5576 8
5577 18
5578 15
5579 11
5580 23
5581 15
5582 28
5583 0
5584 13
5585 12
5586 5
5587 6
5588 4
5589 24
5590 13
5591 32
5592 2
5593 23
5594 7
5595 5
5596 30
5597 3
5598 1
5599 34
5600 3
5601 36
5602 10
5603 33
5604 5
5605 18
5606 7
5607 33
5608 9
5609 4
5610 18
5611 22
5612 0
5613 6
5614 35
5615 20
5616 11
5617 33
5618 23
5619 32
5620 37
5621 24
5622 40
5623 8
5624 14
5625 27
5626 35
5627 20
5628 40
5629 15
5630 39
5631 28
5632 15
5633 4
5634 27
5635 4
5636 5
5637 5
5638 0
5639 11
5640 9
5641 20
5642 27
5643 7
5644 14
5645 34
5646 10
5647 6
5648 31
5649 25
5650 31
5651 17
5652 4
5653 15
5654 30
5655 23
5656 36
5657 11
5658 30
5659 1
5660 25
5661 36
5662 8
5663 34
5664 4
5665 18
5666 7
5667 7
5668 14
5669 20
5670 9
5671 18
5672 21
5673 29
5674 25
5675 24
5676 17
5677 28
5678 39
5679 35
5680 26
5681 19
5682 33
5683 8
5684 1
5685 27
5686 3
5687 8
5688 31
5689 11
5690 31
5691 8
5692 36
5693 27
5694 26
5695 28
5696 30
5697 18
5698 23
5699 30
5700 37
5701 4
5702 34
5703 3
5704 33
5705 3
5706 22
5707 31
5708 10
5709 0
5710 21
5711 0
5712 18
5713 20
5714 4
5715 7
5716 1
5717 22
5718 24
5719 25
5720 34
5721 20
5722 24
5723 4
5724 28
5725 9
5726 26
5727 31
5728 38
5729 35
5730 1
5731 0
5732 2
5733 13
5734 8
5735 16
5736 10
5737 9
5738 18
5739 19
5740 40
5741 14
5742 24
5743 31
5744 22
5745 2
5746 26
5747 20
5748 12
5749 33
5750 10
5751 29
5752 34
5753 4
5754 12
5755 2
5756 23
5757 16
5758 22
5759 30
5760 8
5761 25
5762 19
5763 2
5764 34
5765 25
5766 29
5767 3
5768 37
5769 27
5770 14
5771 9
5772 36
5773 10
5774 8
5775 1
5776 2
5777 15
5778 35
5779 2
5780 29
5781 30
5782 12
5783 32
5784 5
5785 29
5786 5
5787 4
5788 9
5789 30
5790 26
5791 29
5792 28
5793 14
5794 33
5795 39
5796 24
5797 35
5798 6
5799 4
5800 11
5801 30
5802 0
5803 14
5804 15
5805 5
5806 10
5807 31
5808 11
5809 25
5810 6
5811 3
5812 31
5813 24
5814 8
5815 0
5816 17
5817 17
5818 12
5819 13
5820 15
5821 23
5822 1
5823 33
5824 19
5825 30
5826 23
5827 1
5828 1
5829 30
5830 0
5831 10
5832 24
5833 26
5834 1
5835 30
5836 25
5837 6
5838 5
5839 3
5840 12
5841 21
5842 40
5843 3
5844 33
5845 18
5846 15
5847 5
5848 23
5849 25
5850 23
5851 26
5852 1
5853 30
5854 40
5855 16
5856 1
5857 13
5858 1
5859 20
5860 24
5861 0
5862 6
5863 34
5864 18
5865 13
5866 2
5867 5
5868 2
5869 38
5870 21
5871 32
5872 17
5873 2
5874 18
5875 34
5876 29
5877 0
5878 28
5879 27
5880 0
5881 35
5882 5
5883 22
5884 18
5885 34
5886 4
5887 25
5888 31
5889 2
5890 0
5891 34
5892 35
5893 22
5894 20
5895 0
5896 6
5897 34
5898 5
5899 4
5900 24
5901 35
5902 35
5903 4
5904 20
5905 24
5906 12
5907 5
5908 22
5909 23
5910 18
5911 7
5912 26
5913 21
5914 5
5915 13
5916 30
5917 23
5918 8
5919 5
5920 31
5921 12
5922 22
5923 2
5924 13
5925 3
5926 30
5927 24
5928 19
5929 6
5930 5
5931 31
5932 2
5933 30
5934 7
5935 32
5936 32
5937 11
5938 4
5939 17
5940 20
5941 17
5942 6
5943 26
5944 3
5945 16
5946 36
5947 19
5948 29
5949 6
5950 22
5951 0
5952 26
5953 36
5954 0
5955 9
5956 6
5957 40
5958 0
5959 27
5960 7
5961 10
5962 23
5963 19
5964 6
5965 15
5966 16
5967 29
5968 37
5969 25
5970 3
5971 13
5972 5
5973 9
5974 21
5975 34
5976 5
5977 35
5978 25
5979 19
5980 18
5981 6
5982 13
5983 10
5984 31
5985 2
5986 16
5987 23
5988 11
5989 29
5990 23
5991 18
5992 32
5993 14
5994 22
5995 23
5996 13
5997 6
5998 11
5999 32
6000 22
6001 6
6002 37
6003 6
6004 11
6005 27
6006 21
6007 31
6008 31
6009 10
6010 11
6011 11
6012 13
6013 8
6014 3
6015 36
6016 3
6017 4
6018 10
6019 23
6020 9
6021 19
6022 2
6023 17
6024 18
6025 31
6026 30
6027 0
6028 27
6029 11
6030 28
6031 31
6032 14
6033 0
6034 15
6035 27
6036 10
6037 8
6038 23
6039 13
6040 19
6041 23
6042 32
6043 31
6044 25
6045 20
6046 2
6047 5
6048 6
6049 13
6050 5
6051 11
6052 35
6053 26
6054 5
6055 4
6056 22
6057 38
6058 1
6059 29
6060 38
6061 20
6062 23
6063 7
6064 0
6065 4
6066 12
6067 11
6068 13
6069 10
6070 16
6071 1
6072 25
6073 7
6074 22
6075 22
6076 13
6077 2
6078 20
6079 30
6080 2
6081 10
6082 19
6083 2
6084 32
6085 2
6086 10
6087 7
6088 0
6089 15
6090 10
6091 40
6092 29
6093 26
6094 40
6095 26
6096 24
6097 28
6098 1
6099 33
6100 19
6101 14
6102 0
6103 30
6104 1
6105 25
6106 35
6107 15
6108 1
6109 29
6110 40
6111 19
6112 7
6113 19
6114 39
6115 5
6116 21
6117 4
6118 22
6119 19
6120 4
6121 23
6122 4
6123 9
6124 0
6125 16
6126 40
6127 40
6128 28
6129 26
6130 35
6131 37
6132 36
6133 36
6134 11
6135 16
6136 1
6137 37
6138 29
6139 32
6140 2
6141 27
6142 14
6143 28
6144 18
6145 8
6146 4
6147 8
6148 16
6149 15
6150 16
6151 32
6152 35
6153 3
6154 0
6155 22
6156 10
6157 11
6158 15
6159 10
6160 9
6161 2
6162 7
6163 28
6164 0
6165 5
6166 28
6167 20
6168 11
6169 2
6170 12
6171 16
6172 1
6173 24
6174 39
6175 33
6176 12
6177 3
6178 0
6179 7
6180 15
6181 19
6182 23
6183 12
6184 24
6185 23
6186 30
6187 2
6188 30
6189 7
6190 20
6191 37
6192 0
6193 14
6194 18
6195 29
6196 40
6197 3
6198 37
6199 32
6200 7
6201 12
6202 4
6203 12
6204 13
6205 34
6206 39
6207 14
6208 12
6209 3
6210 17
6211 2
6212 9
6213 9
6214 15
6215 23
6216 23
6217 35
6218 25
6219 35
6220 0
6221 18
6222 19
6223 10
6224 1
6225 2
6226 16
6227 4
6228 1
6229 36
6230 10
6231 7
6232 2
6233 35
6234 1
6235 4
6236 4
6237 19
6238 35
6239 22
6240 37
6241 18
6242 16
6243 30
6244 5
6245 25
6246 4
6247 2
6248 26
6249 4
6250 27
6251 27
6252 31
6253 3
6254 1
6255 5
6256 15
6257 38
6258 24
6259 7
6260 24
6261 34
6262 3
6263 24
6264 24
6265 5
6266 2
6267 39
6268 14
6269 22
6270 5
6271 0
6272 40
6273 16
6274 30
6275 7
6276 4
6277 18
6278 37
6279 9
6280 5
6281 2
6282 13
6283 17
6284 5
6285 10
6286 26
6287 14
6288 40
6289 20
6290 34
6291 9
6292 30
6293 15
6294 6
6295 0
6296 37
6297 5
6298 4
6299 33
6300 35
6301 12
6302 12
6303 28
6304 28
6305 37
6306 16
6307 18
6308 32
6309 37
6310 21
6311 10
6312 5
6313 2
6314 2
6315 18
6316 13
6317 25
6318 1
6319 21
6320 8
6321 6
6322 23
6323 34
6324 6
6325 2
6326 39
6327 36
6328 1
6329 1
6330 33
6331 9
6332 6
6333 17
6334 24
6335 20
6336 17
6337 17
6338 7
6339 8
6340 36
6341 0
6342 38
6343 7
6344 20
6345 2
6346 35
6347 3
6348 3
6349 27
6350 10
6351 1
6352 15
6353 36
6354 32
6355 22
6356 1
6357 13
6358 10
6359 4
6360 14
6361 7
6362 25
6363 17
6364 23
6365 18
6366 30
6367 9
6368 25
6369 7
6370 7
6371 23
6372 25
6373 6
6374 28
6375 4
6376 15
6377 28
6378 37
6379 16
6380 27
6381 20
6382 19
6383 29
6384 0
6385 1
6386 8
6387 4
6388 38
6389 9
6390 0
6391 13
6392 22
6393 7
6394 14
6395 36
6396 24
6397 36
6398 20
6399 0
6400 29
6401 18
6402 0
6403 19
6404 30
6405 21
6406 20
6407 19
6408 0
6409 14
6410 24
6411 34
6412 2
6413 12
6414 21
6415 0
6416 3
6417 9
6418 38
6419 25
6420 7
6421 19
6422 26
6423 13
6424 23
6425 6
6426 3
6427 7
6428 4
6429 34
6430 0
6431 10
6432 35
6433 3
6434 5
6435 33
6436 7
6437 2
6438 29
6439 8
6440 21
6441 30
6442 38
6443 0
6444 18
6445 29
6446 11
6447 9
6448 7
6449 7
6450 18
6451 37
6452 24
6453 17
6454 1
6455 9
6456 10
6457 33
6458 39
6459 20
6460 24
6461 36
6462 4
6463 29
6464 25
6465 37
6466 34
6467 1
6468 21
6469 31
6470 28
6471 23
6472 15
6473 19
6474 33
6475 25
6476 21
6477 8
6478 4
6479 2
6480 1
6481 2
6482 22
6483 1
6484 20
6485 2
6486 8
6487 2
6488 0
6489 9
6490 36
6491 31
6492 3
6493 34
6494 34
6495 32
6496 24
6497 31
6498 9
6499 34
6500 21
6501 31
6502 4
6503 16
6504 17
6505 20
6506 40
6507 3
6508 5
6509 6
6510 6
6511 35
6512 13
6513 35
6514 17
6515 9
6516 24
6517 15
6518 26
6519 25
6520 52
6521 19
6522 7
6523 36
6524 9
6525 9
6526 15
6527 6
6528 13
6529 27
6530 2
6531 12
6532 12
6533 0
6534 22
6535 2
6536 0
6537 1
6538 10
6539 26
6540 40
6541 5
6542 27
6543 21
6544 5
6545 1
6546 2
6547 6
6548 15
6549 39
6550 5
6551 1
6552 17
6553 29
6554 36
6555 21
6556 3
6557 7
6558 33
6559 10
6560 14
6561 12
6562 11
6563 23
6564 2
6565 33
6566 5
6567 1
6568 2
6569 5
6570 25
6571 31
6572 32
6573 0
6574 35
6575 23
6576 35
6577 22
6578 4
6579 37
6580 39
6581 10
6582 29
6583 0
6584 39
6585 0
6586 25
6587 25
6588 31
6589 19
6590 25
6591 26
6592 19
6593 0
6594 1
6595 11
6596 27
6597 28
6598 37
6599 4
6600 3
6601 31
6602 32
6603 33
6604 29
6605 1
6606 28
6607 23
6608 13
6609 6
6610 0
6611 8
6612 0
6613 24
6614 17
6615 35
6616 14
6617 5
6618 19
6619 0
6620 13
6621 10
6622 0
6623 12
6624 22
6625 40
6626 28
6627 40
6628 21
6629 37
6630 11
6631 5
6632 1
6633 3
6634 30
6635 1
6636 34
6637 36
6638 2
6639 17
6640 17
6641 21
6642 20
6643 6
6644 35
6645 39
6646 18
6647 7
6648 22
6649 9
6650 0
6651 1
6652 20
6653 8
6654 3
6655 37
6656 11
6657 23
6658 2
6659 4
6660 34
6661 0
6662 13
6663 7
6664 30
6665 11
6666 3
6667 9
6668 37
6669 18
6670 15
6671 30
6672 10
6673 10
6674 18
6675 8
6676 8
6677 2
6678 18
6679 34
6680 18
6681 0
6682 27
6683 35
6684 40
6685 35
6686 28
6687 2
6688 24
6689 8
6690 40
6691 10
6692 6
6693 13
6694 22
6695 30
6696 27
6697 25
6698 10
6699 4
6700 15
6701 18
6702 11
6703 39
6704 18
6705 19
6706 4
6707 2
6708 32
6709 39
6710 11
6711 34
6712 25
6713 21
6714 34
6715 3
6716 34
6717 35
6718 25
6719 1
6720 32
6721 21
6722 6
6723 26
6724 34
6725 19
6726 16
6727 10
6728 16
6729 11
6730 14
6731 2
6732 17
6733 4
6734 17
6735 40
6736 30
6737 4
6738 32
6739 9
6740 16
6741 35
6742 18
6743 0
6744 35
6745 10
6746 40
6747 23
6748 1
6749 16
6750 5
6751 0
6752 26
6753 21
6754 9
6755 10
6756 26
6757 33
6758 5
6759 34
6760 18
6761 16
6762 5
6763 7
6764 32
6765 39
6766 30
6767 38
6768 28
6769 35
6770 15
6771 3
6772 2
6773 21
6774 36
6775 14
6776 21
6777 23
6778 9
6779 33
6780 22
6781 3
6782 31
6783 16
6784 33
6785 23
6786 37
6787 22
6788 38
6789 8
6790 23
6791 33
6792 12
6793 14
6794 9
6795 14
6796 23
6797 30
6798 0
6799 38
6800 13
6801 40
6802 11
6803 21
6804 2
6805 2
6806 28
6807 3
6808 36
6809 4
6810 15
6811 0
6812 30
6813 36
6814 32
6815 29
6816 12
6817 15
6818 7
6819 26
6820 6
6821 17
6822 4
6823 14
6824 6
6825 0
6826 21
6827 1
6828 13
6829 8
6830 3
6831 25
6832 25
6833 34
6834 18
6835 12
6836 13
6837 14
6838 17
6839 8
6840 14
6841 6
6842 38
6843 2
6844 3
6845 1
6846 2
6847 20
6848 21
6849 31
6850 24
6851 33
6852 28
6853 15
6854 14
6855 27
6856 21
6857 10
6858 8
6859 19
6860 10
6861 26
6862 11
6863 4
6864 1
6865 30
6866 39
6867 17
6868 32
6869 8
6870 3
6871 9
6872 1
6873 24
6874 3
6875 8
6876 29
6877 20
6878 15
6879 16
6880 29
6881 40
6882 23
6883 25
6884 3
6885 16
6886 32
6887 18
6888 36
6889 37
6890 38
6891 2
6892 26
6893 2
6894 2
6895 29
6896 1
6897 19
6898 11
6899 7
6900 13
6901 29
6902 4
6903 26
6904 5
6905 40
6906 3
6907 13
6908 36
6909 37
6910 40
6911 32
6912 39
6913 23
6914 20
6915 23
6916 12
6917 29
6918 11
6919 27
6920 1
6921 20
6922 19
6923 21
6924 18
6925 33
6926 5
6927 6
6928 14
6929 6
6930 16
6931 10
6932 19
6933 10
6934 25
6935 2
6936 7
6937 16
6938 31
6939 17
6940 2
6941 17
6942 38
6943 21
6944 0
6945 10
6946 4
6947 20
6948 16
6949 0
6950 11
6951 37
6952 3
6953 4
6954 4
6955 0
6956 1
6957 35
6958 7
6959 10
6960 22
6961 1
6962 10
6963 6
6964 30
6965 8
6966 4
6967 8
6968 5
6969 29
6970 36
6971 32
6972 21
6973 6
6974 16
6975 21
6976 11
6977 0
6978 21
6979 36
6980 33
6981 24
6982 16
6983 18
6984 9
6985 7
6986 13
6987 15
6988 10
6989 26
6990 17
6991 24
6992 1
6993 0
6994 5
6995 6
6996 26
6997 7
6998 18
6999 14
7000 32
7001 27
7002 0
7003 35
7004 7
7005 27
7006 17
7007 17
7008 2
7009 18
7010 8
7011 1
7012 39
7013 21
7014 22
7015 28
7016 18
7017 32
7018 26
7019 1
7020 14
7021 18
7022 27
7023 10
7024 2
7025 3
7026 4
7027 4
7028 0
7029 30
7030 28
7031 11
7032 0
7033 6
7034 34
7035 32
7036 30
7037 18
7038 17
7039 9
7040 12
7041 3
7042 31
7043 10
7044 35
7045 39
7046 17
7047 15
7048 0
7049 16
7050 27
7051 4
7052 8
7053 4
7054 17
7055 25
7056 13
7057 30
7058 10
7059 23
7060 17
7061 3
7062 6
7063 27
7064 31
7065 3
7066 0
7067 6
7068 27
7069 8
7070 15
7071 27
7072 1
7073 37
7074 6
7075 19
7076 0
7077 18
7078 3
7079 20
7080 2
7081 9
7082 27
7083 31
7084 30
7085 27
7086 24
7087 34
7088 5
7089 8
7090 5
7091 18
7092 10
7093 28
7094 30
7095 20
7096 17
7097 2
7098 26
7099 32
7100 36
7101 22
7102 18
7103 7
7104 26
7105 12
7106 17
7107 5
7108 26
7109 30
7110 16
7111 33
7112 28
7113 27
7114 0
7115 23
7116 19
7117 5
7118 21
7119 38
7120 38
7121 11
7122 2
7123 8
7124 19
7125 32
7126 39
7127 1
7128 18
7129 40
7130 1
7131 40
7132 8
7133 35
7134 13
7135 17
7136 12
7137 11
7138 0
7139 31
7140 9
7141 36
7142 1
7143 23
7144 24
7145 11
7146 5
7147 2
7148 22
7149 13
7150 5
7151 17
7152 8
7153 2
7154 29
7155 15
7156 11
7157 6
7158 33
7159 5
7160 28
7161 12
7162 4
7163 21
7164 36
7165 22
7166 18
7167 16
7168 15
7169 34
7170 5
7171 27
7172 21
7173 23
7174 8
7175 33
7176 9
7177 30
7178 29
7179 32
7180 24
7181 26
7182 29
7183 14
7184 22
7185 1
7186 18
7187 39
7188 16
7189 4
7190 38
7191 30
7192 20
7193 1
7194 36
7195 3
7196 26
7197 14
7198 21
7199 18
7200 26
7201 24
7202 12
7203 15
7204 40
7205 9
7206 17
7207 7
7208 14
7209 14
7210 15
7211 16
7212 53
7213 29
7214 16
7215 0
7216 7
7217 3
7218 34
7219 28
7220 6
7221 12
7222 12
7223 17
7224 14
7225 11
7226 19
7227 7
7228 34
7229 30
7230 26
7231 35
7232 25
7233 0
7234 19
7235 34
7236 21
7237 8
7238 22
7239 8
7240 17
7241 1
7242 12
7243 25
7244 6
7245 8
7246 5
7247 10
7248 24
7249 22
7250 17
7251 32
7252 1
7253 19
7254 17
7255 15
7256 1
7257 24
7258 7
7259 1
7260 11
7261 4
7262 12
7263 16
7264 2
7265 2
7266 19
7267 1
7268 5
7269 1
7270 5
7271 38
7272 11
7273 14
7274 15
7275 26
7276 10
7277 2
7278 6
7279 2
7280 3
7281 10
7282 6
7283 9
7284 7
7285 13
7286 1
7287 14
7288 28
7289 6
7290 11
7291 25
7292 24
7293 34
7294 12
7295 9
7296 3
7297 31
7298 27
7299 14
7300 5
7301 29
7302 30
7303 13
7304 30
7305 5
7306 30
7307 13
7308 24
7309 20
7310 15
7311 10
7312 36
7313 14
7314 9
7315 30
7316 36
7317 0
7318 36
7319 37
7320 2
7321 28
7322 18
7323 5
7324 13
7325 28
7326 16
7327 0
7328 1
7329 25
7330 3
7331 38
7332 5
7333 4
7334 30
7335 16
7336 14
7337 10
7338 0
7339 21
7340 0
7341 6
7342 34
7343 23
7344 17
7345 20
7346 22
7347 28
7348 32
7349 15
7350 11
7351 2
7352 1
7353 28
7354 35
7355 19
7356 14
7357 13
7358 36
7359 6
7360 1
7361 28
7362 17
7363 4
7364 0
7365 9
7366 19
7367 5
7368 4
7369 35
7370 3
7371 16
7372 29
7373 6
7374 11
7375 0
7376 16
7377 5
7378 34
7379 2
7380 29
7381 7
7382 35
7383 12
7384 33
7385 26
7386 6
7387 27
7388 8
7389 34
7390 18
7391 18
7392 15
7393 39
7394 33
7395 2
7396 20
7397 15
7398 10
7399 13
7400 1
7401 37
7402 6
7403 16
7404 19
7405 3
7406 4
7407 8
7408 19
7409 17
7410 23
7411 28
7412 16
7413 5
7414 31
7415 32
7416 12
7417 30
7418 26
7419 13
7420 7
7421 33
7422 24
7423 36
7424 54
7425 1
7426 36
7427 6
7428 11
7429 21
7430 30
7431 15
7432 14
7433 35
7434 16
7435 8
7436 29
7437 26
7438 23
7439 20
7440 22
7441 2
7442 22
7443 1
7444 4
7445 16
7446 40
7447 3
7448 19
7449 30
7450 0
7451 37
7452 35
7453 25
7454 28
7455 2
7456 5
7457 40
7458 17
7459 40
7460 22
7461 13
7462 20
7463 34
7464 23
7465 0
7466 13
7467 2
7468 3
7469 16
7470 27
7471 32
7472 28
7473 17
7474 26
7475 24
7476 9
7477 3
7478 14
7479 24
7480 6
7481 14
7482 3
7483 3
7484 4
7485 32
7486 33
7487 12
7488 24
7489 0
7490 3
7491 40
7492 6
7493 40
7494 23
7495 30
7496 11
7497 20
7498 5
7499 36
7500 28
7501 30
7502 35
7503 39
7504 28
7505 13
7506 32
7507 2
7508 38
7509 13
7510 26
7511 17
7512 17
7513 1
7514 2
7515 5
7516 17
7517 3
7518 11
7519 20
7520 22
7521 8
7522 36
7523 15
7524 22
7525 9
7526 35
7527 1
7528 27
7529 21
7530 14
7531 37
7532 3
7533 12
7534 0
7535 17
7536 16
7537 10
7538 22
7539 7
7540 29
7541 16
7542 31
7543 5
7544 15
7545 36
7546 31
7547 6
7548 23
7549 8
7550 20
7551 14
7552 29
7553 37
7554 27
7555 22
7556 31
7557 34
7558 34
7559 34
7560 34
7561 4
7562 19
7563 2
7564 6
7565 3
7566 25
7567 0
7568 27
7569 31
7570 22
7571 5
7572 32
7573 15
7574 2
7575 31
7576 0
7577 6
7578 20
7579 23
7580 25
7581 36
7582 25
7583 12
7584 7
7585 9
7586 28
7587 7
7588 17
7589 21
7590 26
7591 31
7592 28
7593 1
7594 2
7595 11
7596 28
7597 23
7598 7
7599 0
7600 25
7601 30
7602 2
7603 37
7604 24
7605 24
7606 8
7607 10
7608 6
7609 19
7610 9
7611 24
7612 8
7613 9
7614 8
7615 27
7616 20
7617 0
7618 11
7619 3
7620 2
7621 21
7622 24
7623 7
7624 33
7625 37
7626 16
7627 34
7628 6
7629 5
7630 31
7631 18
7632 33
7633 11
7634 0
7635 1
7636 33
7637 2
7638 6
7639 8
7640 27
7641 2
7642 38
7643 30
7644 16
7645 1
7646 1
7647 24
7648 40
7649 9
7650 38
7651 0
7652 40
7653 13
7654 31
7655 1
7656 20
7657 33
7658 7
7659 15
7660 37
7661 0
7662 8
7663 37
7664 29
7665 20
7666 10
7667 3
7668 19
7669 40
7670 3
7671 27
7672 32
7673 2
7674 26
7675 28
7676 31
7677 4
7678 35
7679 12
7680 29
7681 6
7682 3
7683 8
7684 12
7685 32
7686 27
7687 15
7688 5
7689 5
7690 26
7691 15
7692 23
7693 3
7694 31
7695 20
7696 8
7697 13
7698 18
7699 31
7700 28
7701 18
7702 11
7703 16
7704 33
7705 4
7706 3
7707 9
7708 6
7709 36
7710 8
7711 23
7712 37
7713 7
7714 39
7715 13
7716 25
7717 1
7718 26
7719 40
7720 18
7721 15
7722 27
7723 11
7724 32
7725 26
7726 1
7727 12
7728 6
7729 19
7730 21
7731 4
7732 14
7733 34
7734 4
7735 31
7736 17
7737 3
7738 12
7739 34
7740 35
7741 17
7742 34
7743 19
7744 33
7745 5
7746 4
7747 4
7748 17
7749 5
7750 2
7751 17
7752 2
7753 28
7754 31
7755 30
7756 8
7757 30
7758 33
7759 2
7760 38
7761 3
7762 21
7763 12
7764 4
7765 22
7766 17
7767 24
7768 13
7769 32
7770 27
7771 12
7772 10
7773 39
7774 17
7775 31
7776 32
7777 28
7778 2
7779 2
7780 5
7781 38
7782 37
7783 5
7784 33
7785 25
7786 8
7787 0
7788 25
7789 20
7790 24
7791 19
7792 24
7793 28
7794 55
7795 33
7796 1
7797 34
7798 7
7799 2
7800 2
7801 2
7802 24
7803 38
7804 13
7805 0
7806 40
7807 3
7808 17
7809 19
7810 1
7811 1
7812 26
7813 24
7814 27
7815 1
7816 29
7817 10
7818 3
7819 7
7820 0
7821 35
7822 5
7823 19
7824 23
7825 5
7826 27
7827 3
7828 34
7829 2
7830 22
7831 6
7832 0
7833 13
7834 25
7835 4
7836 39
7837 17
7838 3
7839 35
7840 6
7841 27
7842 24
7843 3
7844 1
7845 0
7846 30
7847 0
7848 23
7849 14
7850 19
7851 9
7852 17
7853 3
7854 7
7855 7
7856 29
7857 1
7858 27
7859 5
7860 5
7861 25
7862 4
7863 1
7864 24
7865 6
7866 1
7867 29
7868 9
7869 37
7870 2
7871 35
7872 1
7873 9
7874 30
7875 12
7876 9
7877 18
7878 19
7879 5
7880 5
7881 23
7882 37
7883 6
7884 26
7885 12
7886 0
7887 21
7888 5
7889 7
7890 9
7891 39
7892 11
7893 26
7894 24
7895 2
7896 36
7897 5
7898 4
7899 21
7900 10
7901 22
7902 33
7903 34
7904 24
7905 37
7906 35
7907 24
7908 2
7909 13
7910 31
7911 27
7912 0
7913 4
7914 27
7915 4
7916 19
7917 36
7918 39
7919 20
7920 33
7921 7
7922 26
7923 30
7924 37
7925 0
7926 13
7927 0
7928 16
7929 36
7930 9
7931 30
7932 32
7933 1
7934 2
7935 32
7936 7
7937 0
7938 19
7939 15
7940 29
7941 0
7942 34
7943 7
7944 3
7945 7
7946 1
7947 3
7948 21
7949 14
7950 0
7951 37
7952 16
7953 10
7954 13
7955 13
7956 23
7957 19
7958 3
7959 37
7960 9
7961 16
7962 23
7963 10
7964 35
7965 5
7966 27
7967 6
7968 6
7969 6
7970 25
7971 17
7972 35
7973 21
7974 18
7975 4
7976 12
7977 7
7978 8
7979 26
7980 20
7981 4
7982 2
7983 2
7984 4
7985 35
7986 38
7987 9
7988 18
7989 22
7990 27
7991 30
7992 4
7993 20
7994 15
7995 0
7996 5
7997 20
7998 21
7999 31
8000 22
8001 5
8002 29
8003 15
8004 23
8005 23
8006 4
8007 25
8008 40
8009 10
8010 12
8011 8
8012 36
8013 25
8014 9
8015 23
8016 14
8017 27
8018 1
8019 0
8020 17
8021 21
8022 24
8023 12
8024 15
8025 10
8026 5
8027 6
8028 0
8029 29
8030 13
8031 4
8032 21
8033 17
8034 16
8035 10
8036 32
8037 0
8038 3
8039 40
8040 31
8041 7
8042 0
8043 18
8044 5
8045 12
8046 29
8047 22
8048 31
8049 13
8050 9
8051 8
8052 2
8053 15
8054 34
8055 16
8056 9
8057 11
8058 4
8059 17
8060 25
8061 14
8062 5
8063 1
8064 24
8065 3
8066 30
8067 2
8068 29
8069 30
8070 2
8071 38
8072 23
8073 26
8074 8
8075 0
8076 20
8077 8
8078 20
8079 16
8080 6
8081 8
8082 17
8083 39
8084 18
8085 11
8086 25
8087 1
8088 22
8089 17
8090 2
8091 2
8092 9
8093 17
8094 17
8095 22
8096 0
8097 15
8098 4
8099 39
8100 36
8101 35
8102 39
8103 6
8104 31
8105 0
8106 19
8107 14
8108 9
8109 13
8110 3
8111 27
8112 5
8113 15
8114 0
8115 16
8116 31
8117 1
8118 2
8119 0
8120 35
8121 18
8122 0
8123 6
8124 34
8125 19
8126 17
8127 11
8128 8
8129 27
8130 13
8131 1
8132 21
8133 40
8134 7
8135 22
8136 37
8137 11
8138 3
8139 1
8140 34
8141 2
8142 9
8143 37
8144 20
8145 7
8146 10
8147 32
8148 38
8149 17
8150 17
8151 10
8152 5
8153 4
8154 31
8155 36
8156 0
8157 27
8158 15
8159 4
8160 18
8161 12
8162 32
8163 4
8164 3
8165 11
8166 3
8167 32
8168 9
8169 31
8170 14
8171 0
8172 2
8173 22
8174 11
8175 38
8176 11
8177 0
8178 23
8179 36
8180 34
8181 18
8182 10
8183 3
8184 13
8185 23
8186 6
8187 8
8188 12
8189 28
8190 30
8191 1
8192 21
8193 8
8194 21
8195 32
8196 2
8197 4
8198 19
8199 9
8200 2
8201 17
8202 26
8203 28
8204 36
8205 32
8206 8
8207 1
8208 5
8209 10
8210 34
8211 34
8212 4
8213 35
8214 30
8215 8
8216 11
8217 2
8218 7
8219 25
8220 5
8221 25
8222 0
8223 13
8224 8
8225 6
8226 28
8227 31
8228 19
8229 18
8230 5
8231 7
8232 2
8233 38
8234 0
8235 11
8236 1
8237 0
8238 28
8239 27
8240 36
8241 22
8242 7
8243 33
8244 22
8245 6
8246 6
8247 39
8248 16
8249 15
8250 7
8251 3
8252 6
8253 35
8254 28
8255 34
8256 24
8257 24
8258 25
8259 2
8260 17
8261 0
8262 4
8263 37
8264 25
8265 7
8266 26
8267 15
8268 7
8269 7
8270 11
8271 1
8272 5
8273 9
8274 8
8275 34
8276 22
8277 24
8278 40
8279 4
8280 22
8281 30
8282 19
8283 4
8284 4
8285 2
8286 29
8287 3
8288 32
8289 4
8290 3
8291 37
8292 32
8293 9
8294 14
8295 35
8296 37
8297 8
8298 14
8299 19
8300 20
8301 24
8302 0
8303 10
8304 18
8305 0
8306 6
8307 30
8308 35
8309 11
8310 26
8311 4
8312 3
8313 1
8314 24
8315 30
8316 14
8317 14
8318 7
8319 19
8320 12
8321 32
8322 32
8323 26
8324 17
8325 39
8326 2
8327 27
8328 3
8329 9
8330 20
8331 25
8332 4
8333 38
8334 23
8335 27
8336 40
8337 27
8338 8
8339 22
8340 8
8341 16
8342 20
8343 27
8344 8
8345 5
8346 12
8347 1
8348 18
8349 8
8350 3
8351 16
8352 9
8353 24
8354 4
8355 33
8356 4
8357 15
8358 19
8359 22
8360 0
8361 17
8362 23
8363 0
8364 24
8365 11
8366 12
8367 34
8368 23
8369 18
8370 6
8371 16
8372 34
8373 15
8374 12
8375 7
8376 26
8377 3
8378 39
8379 3
8380 3
8381 20
8382 12
8383 33
8384 2
8385 20
8386 7
8387 1
8388 20
8389 2
8390 20
8391 33
8392 34
8393 30
8394 35
8395 26
8396 22
8397 20
8398 11
8399 4
8400 2
8401 22
8402 31
8403 9
8404 35
8405 21
8406 1
8407 20
8408 36
8409 3
8410 2
8411 25
8412 36
8413 8
8414 16
8415 8
8416 33
8417 15
8418 3
8419 0
8420 14
8421 34
8422 2
8423 2
8424 15
8425 3
8426 25
8427 0
8428 21
8429 8
8430 6
8431 1
8432 22
8433 28
8434 7
8435 37
8436 9
8437 18
8438 0
8439 7
8440 20
8441 15
8442 1
8443 8
8444 6
8445 36
8446 26
8447 33
8448 37
8449 18
8450 14
8451 11
8452 7
8453 4
8454 2
8455 5
8456 6
8457 35
8458 5
8459 7
8460 32
8461 4
8462 3
8463 1
8464 5
8465 37
8466 38
8467 18
8468 0
8469 3
8470 16
8471 10
8472 30
8473 17
8474 34
8475 39
8476 13
8477 7
8478 4
8479 30
8480 23
8481 30
8482 10
8483 32
8484 39
8485 9
8486 29
8487 18
8488 0
8489 7
8490 3
8491 25
8492 4
8493 8
8494 35
8495 39
8496 2
8497 1
8498 26
8499 15
8500 22
8501 2
8502 13
8503 5
8504 21
8505 9
8506 13
8507 8
8508 26
8509 38
8510 3
8511 26
8512 0
8513 2
8514 12
8515 17
8516 4
8517 12
8518 15
8519 1
8520 1
8521 15
8522 37
8523 5
8524 0
8525 39
8526 27
8527 31
8528 31
8529 30
8530 31
8531 6
8532 17
8533 35
8534 12
8535 31
8536 36
8537 7
8538 21
8539 20
8540 13
8541 38
8542 13
8543 17
8544 25
8545 8
8546 3
8547 35
8548 2
8549 14
8550 6
8551 29
8552 30
8553 5
8554 4
8555 11
8556 9
8557 34
8558 1
8559 35
8560 25
8561 36
8562 32
8563 24
8564 34
8565 6
8566 16
8567 36
8568 32
8569 6
8570 14
8571 1
8572 0
8573 7
8574 16
8575 24
8576 24
8577 8
8578 13
8579 16
8580 14
8581 3
8582 23
8583 13
8584 12
8585 29
8586 25
8587 6
8588 9
8589 28
8590 33
8591 31
8592 34
8593 29
8594 28
8595 3
8596 7
8597 21
8598 0
8599 29
8600 8
8601 34
8602 1
8603 1
8604 8
8605 12
8606 31
8607 9
8608 23
8609 10
8610 31
8611 2
8612 24
8613 4
8614 18
8615 9
8616 10
8617 0
8618 0
8619 36
8620 9
8621 30
8622 37
8623 3
8624 19
8625 17
8626 35
8627 14
8628 30
8629 37
8630 7
8631 14
8632 0
8633 1
8634 35
8635 4
8636 3
8637 26
8638 8
8639 17
8640 19
8641 30
8642 14
8643 19
8644 23
8645 12
8646 31
8647 10
8648 29
8649 15
8650 24
8651 1
8652 10
8653 23
8654 0
8655 2
8656 16
8657 38
8658 34
8659 2
8660 3
8661 20
8662 25
8663 20
8664 2
8665 3
8666 12
8667 10
8668 1
8669 4
8670 0
8671 26
8672 16
8673 8
8674 15
8675 10
8676 17
8677 29
8678 29
8679 0
8680 1
8681 18
8682 6
8683 32
8684 22
8685 12
8686 4
8687 32
8688 34
8689 12
8690 20
8691 15
8692 0
8693 19
8694 40
8695 39
8696 33
8697 19
8698 1
8699 34
8700 19
8701 8
8702 4
8703 38
8704 32
8705 26
8706 31
8707 4
8708 6
8709 29
8710 34
8711 18
8712 14
8713 5
8714 6
8715 28
8716 1
8717 0
8718 5
8719 2
8720 24
8721 31
8722 16
8723 2
8724 6
8725 0
8726 38
8727 12
8728 1
8729 37
8730 33
8731 22
8732 20
8733 0
8734 37
8735 14
8736 37
8737 7
8738 2
8739 8
8740 35
8741 5
8742 11
8743 31
8744 29
8745 7
8746 38
8747 0
8748 25
8749 31
8750 26
8751 38
8752 19
8753 1
8754 19
8755 2
8756 31
8757 0
8758 19
8759 2
8760 4
8761 20
8762 27
8763 20
8764 39
8765 2
8766 40
8767 11
8768 24
8769 22
8770 13
8771 6
8772 26
8773 33
8774 15
8775 2
8776 30
8777 0
8778 32
8779 20
8780 21
8781 36
8782 22
8783 26
8784 1
8785 13
8786 34
8787 3
8788 29
8789 10
8790 12
8791 17
8792 10
8793 29
8794 6
8795 13
8796 20
8797 24
8798 8
8799 9
8800 38
8801 1
8802 5
8803 1
8804 38
8805 0
8806 13
8807 12
8808 16
8809 25
8810 36
8811 15
8812 38
8813 32
8814 32
8815 35
8816 5
8817 1
8818 37
8819 2
8820 38
8821 27
8822 1
8823 22
8824 33
8825 3
8826 5
8827 8
8828 17
8829 17
8830 3
8831 28
8832 31
8833 17
8834 22
8835 30
8836 38
8837 7
8838 21
8839 4
8840 6
8841 16
8842 2
8843 25
8844 28
8845 34
8846 5
8847 27
8848 1
8849 22
8850 5
8851 2
8852 3
8853 8
8854 11
8855 27
8856 7
8857 1
8858 1
8859 32
8860 3
8861 1
8862 0
8863 2
8864 30
8865 20
8866 33
8867 0
8868 22
8869 12
8870 12
8871 0
8872 23
8873 33
8874 34
8875 11
8876 30
8877 13
8878 2
8879 2
8880 36
8881 1
8882 40
8883 34
8884 26
8885 33
8886 4
8887 19
8888 23
8889 37
8890 26
8891 13
8892 38
8893 27
8894 21
8895 0
8896 3
8897 1
8898 27
8899 29
8900 11
8901 10
8902 7
8903 10
8904 13
8905 30
8906 7
8907 32
8908 23
8909 5
8910 2
8911 1
8912 38
8913 24
8914 1
8915 18
8916 36
8917 20
8918 8
8919 21
8920 31
8921 8
8922 22
8923 2
8924 39
8925 0
8926 3
8927 7
8928 28
8929 12
8930 29
8931 31
8932 36
8933 40
8934 27
8935 3
8936 23
8937 18
8938 1
8939 13
8940 3
8941 27
8942 35
8943 24
8944 7
8945 33
8946 37
8947 0
8948 36
8949 28
8950 33
8951 2
8952 27
8953 37
8954 9
8955 38
8956 20
8957 11
8958 18
8959 33
8960 20
8961 1
8962 25
8963 15
8964 5
8965 0
8966 3
8967 12
8968 29
8969 6
8970 5
8971 21
8972 22
8973 12
8974 9
8975 4
8976 0
8977 2
8978 18
8979 3
8980 16
8981 30
8982 12
8983 33
8984 35
8985 38
8986 1
8987 37
8988 6
8989 1
8990 30
8991 25
8992 22
8993 30
8994 33
8995 19
8996 9
8997 29
8998 17
8999 9
9000 0
9001 37
9002 12
9003 0
9004 24
9005 30
9006 3
9007 37
9008 6
9009 0
9010 9
9011 31
9012 18
9013 24
9014 13
9015 11
9016 21
9017 56
9018 5
9019 28
9020 1
9021 28
9022 28
9023 20
9024 0
9025 27
9026 22
9027 21
9028 5
9029 39
9030 36
9031 29
9032 0
9033 4
9034 38
9035 0
9036 35
9037 5
9038 20
9039 1
9040 36
9041 16
9042 24
9043 7
9044 25
9045 33
9046 0
9047 25
9048 28
9049 34
9050 28
9051 1
9052 20
9053 23
9054 24
9055 25
9056 31
9057 4
9058 35
9059 2
9060 16
9061 7
9062 19
9063 25
9064 36
9065 2
9066 14
9067 12
9068 14
9069 27
9070 2
9071 32
9072 0
9073 21
9074 4
9075 36
9076 2
9077 2
9078 1
9079 29
9080 26
9081 4
9082 6
9083 1
9084 26
9085 20
9086 20
9087 1
9088 18
9089 14
9090 17
9091 20
9092 3
9093 11
9094 20
9095 39
9096 31
9097 1
9098 25
9099 16
9100 27
9101 32
9102 28
9103 3
9104 5
9105 8
9106 25
9107 30
9108 12
9109 6
9110 28
9111 24
9112 34
9113 6
9114 0
9115 14
9116 39
9117 2
9118 33
9119 3
9120 23
9121 0
9122 0
9123 13
9124 31
9125 5
9126 29
9127 1
9128 39
9129 7
9130 3
9131 19
9132 7
9133 3
9134 14
9135 3
9136 28
9137 16
9138 23
9139 1
9140 9
9141 38
9142 3
9143 0
9144 26
9145 4
9146 6
9147 25
9148 4
9149 36
9150 30
9151 31
9152 39
9153 37
9154 8
9155 29
9156 6
9157 17
9158 1
9159 6
9160 32
9161 3
9162 33
9163 12
9164 37
9165 5
9166 22
9167 6
9168 1
9169 40
9170 14
9171 5
9172 34
9173 21
9174 17
9175 15
9176 28
9177 18
9178 14
9179 0
9180 26
9181 6
9182 6
9183 1
9184 17
9185 20
9186 5
9187 11
9188 15
9189 14
9190 1
9191 7
9192 1
9193 11
9194 0
9195 5
9196 21
9197 24
9198 1
9199 36
9200 35
9201 24
9202 19
9203 23
9204 17
9205 28
9206 11
9207 28
9208 2
9209 2
9210 26
9211 6
9212 37
9213 15
9214 3
9215 5
9216 1
9217 12
9218 0
9219 11
9220 33
9221 12
9222 5
9223 7
9224 3
9225 15
9226 11
9227 2
9228 0
9229 0
9230 16
9231 1
9232 22
9233 4
9234 34
9235 25
9236 24
9237 15
9238 5
9239 25
9240 15
9241 2
9242 24
9243 19
9244 21
9245 8
9246 20
9247 9
9248 34
9249 15
9250 29
9251 10
9252 33
9253 9
9254 5
9255 25
9256 5
9257 0
9258 0
9259 9
9260 28
9261 3
9262 17
9263 35
9264 1
9265 27
9266 14
9267 8
9268 3
9269 39
9270 1
9271 33
9272 1
9273 12
9274 35
9275 18
9276 0
9277 9
9278 3
9279 4
9280 9
9281 31
9282 15
9283 18
9284 37
9285 5
9286 8
9287 16
9288 7
9289 10
9290 28
9291 15
9292 17
9293 31
9294 35
9295 16
9296 4
9297 8
9298 21
9299 29
9300 38
9301 16
9302 26
9303 8
9304 13
9305 20
9306 10
9307 34
9308 14
9309 16
9310 9
9311 25
9312 31
9313 0
9314 3
9315 30
9316 15
9317 13
9318 17
9319 19
9320 3
9321 24
9322 10
9323 27
9324 21
9325 20
9326 33
9327 40
9328 9
9329 19
9330 30
9331 31
9332 19
9333 16
9334 4
9335 8
9336 16
9337 4
9338 0
9339 5
9340 1
9341 38
9342 10
9343 25
9344 15
9345 15
9346 15
9347 14
9348 13
9349 27
9350 34
9351 39
9352 19
9353 33
9354 22
9355 33
9356 11
9357 28
9358 13
9359 7
9360 16
9361 25
9362 23
9363 35
9364 0
9365 1
9366 17
9367 40
9368 31
9369 17
9370 21
9371 12
9372 4
9373 24
9374 15
9375 1
9376 24
9377 21
9378 6
9379 21
9380 1
9381 20
9382 2
9383 32
9384 2
9385 13
9386 21
9387 12
9388 31
9389 34
9390 20
9391 36
9392 23
9393 25
9394 4
9395 20
9396 34
9397 0
9398 35
9399 23
9400 9
9401 26
9402 37
9403 27
9404 15
9405 7
9406 5
9407 4
9408 1
9409 29
9410 0
9411 4
9412 13
9413 4
9414 27
9415 23
9416 1
9417 24
9418 33
9419 15
9420 26
9421 32
9422 5
9423 21
9424 21
9425 33
9426 15
9427 35
9428 8
9429 27
9430 13
9431 23
9432 39
9433 22
9434 5
9435 31
9436 27
9437 7
9438 0
9439 1
9440 37
9441 31
9442 28
9443 27
9444 27
9445 34
9446 24
9447 32
9448 35
9449 30
9450 36
9451 4
9452 32
9453 1
9454 4
9455 11
9456 3
9457 32
9458 27
9459 28
9460 6
9461 32
9462 0
9463 1
9464 38
9465 15
9466 5
9467 9
9468 7
9469 28
9470 7
9471 9
9472 29
9473 1
9474 0
9475 12
9476 28
9477 24
9478 17
9479 4
9480 6
9481 10
9482 13
9483 13
9484 2
9485 25
9486 17
9487 4
9488 1
9489 1
9490 26
9491 14
9492 40
9493 0
9494 20
9495 5
9496 5
9497 6
9498 35
9499 9
9500 0
9501 22
9502 6
9503 31
9504 32
9505 0
9506 37
9507 8
9508 30
9509 1
9510 20
9511 28
9512 30
9513 35
9514 26
9515 16
9516 36
9517 36
9518 1
9519 7
9520 31
9521 20
9522 18
9523 3
9524 1
9525 25
9526 30
9527 0
9528 6
9529 7
9530 2
9531 31
9532 0
9533 16
9534 23
9535 23
9536 20
9537 40
9538 4
9539 7
9540 19
9541 30
9542 6
9543 23
9544 4
9545 6
9546 22
9547 0
9548 5
9549 26
9550 2
9551 8
9552 0
9553 8
9554 26
9555 29
9556 25
9557 38
9558 5
9559 30
9560 3
9561 24
9562 9
9563 8
9564 0
9565 28
9566 35
9567 14
9568 17
9569 13
9570 8
9571 2
9572 7
9573 8
9574 0
9575 12
9576 18
9577 18
9578 10
9579 1
9580 2
9581 23
9582 38
9583 11
9584 23
9585 24
9586 10
9587 25
9588 1
9589 4
9590 38
9591 25
9592 3
9593 22
9594 34
9595 1
9596 4
9597 19
9598 9
9599 40
9600 33
9601 11
9602 4
9603 3
9604 12
9605 31
9606 17
9607 22
9608 23
9609 6
9610 11
9611 1
9612 20
9613 9
9614 12
9615 9
9616 9
9617 29
9618 29
9619 12
9620 34
9621 35
9622 21
9623 7
9624 26
9625 4
9626 38
9627 40
9628 16
9629 7
9630 18
9631 11
9632 2
9633 0
9634 13
9635 15
9636 25
9637 30
9638 29
9639 11
9640 38
9641 10
9642 17
9643 1
9644 31
9645 37
9646 30
9647 6
9648 5
9649 8
9650 32
9651 19
9652 0
9653 10
9654 26
9655 0
9656 8
9657 35
9658 34
9659 39
9660 39
9661 5
9662 16
9663 5
9664 32
9665 13
9666 1
9667 0
9668 40
9669 27
9670 1
9671 16
9672 37
9673 3
9674 1
9675 25
9676 2
9677 23
9678 23
9679 20
9680 0
9681 31
9682 40
9683 37
9684 7
9685 18
9686 32
9687 0
9688 1
9689 4
9690 19
9691 32
9692 3
9693 2
9694 13
9695 3
9696 1
9697 2
9698 25
9699 11
9700 38
9701 31
9702 22
9703 22
9704 27
9705 10
9706 10
9707 2
9708 23
9709 23
9710 26
9711 37
9712 5
9713 26
9714 3
9715 18
9716 5
9717 10
9718 23
9719 34
9720 32
9721 19
9722 2
9723 23
9724 14
9725 8
9726 34
9727 33
9728 34
9729 7
9730 30
9731 2
9732 5
9733 30
9734 1
9735 0
9736 20
9737 10
9738 25
9739 31
9740 11
9741 11
9742 10
9743 25
9744 1
9745 9
9746 0
9747 16
9748 5
9749 7
9750 7
9751 35
9752 35
9753 9
9754 10
9755 10
9756 19
9757 31
9758 31
9759 6
9760 15
9761 3
9762 11
9763 36
9764 2
9765 0
9766 17
9767 34
9768 4
9769 0
9770 2
9771 1
9772 24
9773 21
9774 10
9775 40
9776 20
9777 38
9778 25
9779 21
9780 18
9781 35
9782 29
9783 24
9784 25
9785 1
9786 15
9787 38
9788 40
9789 40
9790 21
9791 0
9792 15
9793 13
9794 19
9795 4
9796 0
9797 6
9798 18
9799 0
9800 17
9801 0
9802 6
9803 12
9804 6
9805 19
9806 22
9807 0
9808 37
9809 13
9810 7
9811 33
9812 31
9813 0
9814 32
9815 28
9816 29
9817 32
9818 10
9819 13
9820 33
9821 3
9822 33
9823 2
9824 10
9825 17
9826 9
9827 16
9828 24
9829 19
9830 17
9831 20
9832 32
9833 9
9834 3
9835 16
9836 38
9837 33
9838 32
9839 29
9840 21
9841 13
9842 5
9843 15
9844 33
9845 40
9846 30
9847 19
9848 2
9849 31
9850 25
9851 4
9852 5
9853 12
9854 27
9855 30
9856 0
9857 27
9858 38
9859 36
9860 33
9861 36
9862 10
9863 33
9864 7
9865 34
9866 25
9867 21
9868 20
9869 4
9870 12
9871 25
9872 38
9873 0
9874 13
9875 31
9876 30
9877 39
9878 10
9879 3
9880 29
9881 20
9882 6
9883 39
9884 35
9885 35
9886 12
9887 32
9888 27
9889 5
9890 38
9891 17
9892 3
9893 7
9894 29
9895 17
9896 4
9897 20
9898 12
9899 32
9900 25
9901 14
9902 34
9903 8
9904 32
9905 40
9906 29
9907 0
9908 0
9909 8
9910 5
9911 3
9912 14
9913 15
9914 16
9915 28
9916 35
9917 37
9918 39
9919 9
9920 1
9921 40
9922 9
9923 14
9924 35
9925 17
9926 28
9927 35
9928 15
9929 26
9930 36
9931 11
9932 5
9933 17
9934 2
9935 28
9936 0
9937 18
9938 2
9939 5
9940 21
9941 57
9942 3
9943 6
9944 9
9945 33
9946 35
9947 32
9948 13
9949 6
9950 15
9951 11
9952 28
9953 39
9954 20
9955 30
9956 32
9957 12
9958 11
9959 2
9960 10
9961 21
9962 20
9963 11
9964 22
9965 5
9966 28
9967 5
9968 20
9969 0
9970 20
9971 26
9972 28
9973 2
9974 36
9975 4
9976 36
9977 5
9978 2
9979 32
9980 10
9981 29
9982 17
9983 7
9984 35
9985 3
9986 23
9987 10
9988 14
9989 11
9990 19
9991 4
9992 2
9993 4
9994 16
9995 36
9996 7
9997 10
9998 38
9999 26
