0 0
1 0
2 0
3 0
4 0
5 0
6 0
7 0
8 0
9 0
10 2
11 2
12 2
13 2
14 2
15 2
16 2
17 2
18 2
19 2
20 2
21 2
22 2
23 2
24 2
25 2
26 2
27 2
28 2
29 2
30 2
31 2
32 2
33 2
34 2
35 2
36 2
37 2
38 2
39 2
40 3
41 3
42 3
43 3
44 3
45 3
46 3
47 3
48 3
49 3
50 3
51 3
52 3
53 3
54 3
55 3
56 3
57 3
58 3
59 3
60 3
61 3
62 3
63 3
64 3
65 3
66 3
67 3
68 3
69 3
70 3
71 3
72 3
73 3
74 3
75 3
76 3
77 3
78 3
79 3
80 5
81 5
82 5
83 5
84 5
85 5
86 5
87 5
88 5
89 5
90 6
91 6
92 6
93 6
94 6
95 6
96 6
97 6
98 6
99 6
100 6
101 6
102 6
103 6
104 6
105 6
106 6
107 6
108 6
109 6
110 7
111 7
112 7
113 7
114 7
115 7
116 7
117 7
118 7
119 7
120 7
121 7
122 7
123 7
124 7
125 7
126 7
127 7
128 7
129 7
130 8
131 8
132 8
133 8
134 8
135 8
136 8
137 8
138 8
139 8
140 8
141 8
142 8
143 8
144 8
145 8
146 8
147 8
148 8
149 8
150 9
151 9
152 9
153 9
154 9
155 9
156 9
157 9
158 9
159 9
160 9
161 9
162 9
163 9
164 9
165 9
166 9
167 9
168 9
169 9
170 10
171 10
172 10
173 10
174 10
175 10
176 10
177 10
178 10
179 10
180 10
181 10
182 10
183 10
184 10
185 10
186 10
187 10
188 10
189 10
190 11
191 11
192 11
193 11
194 11
195 11
196 11
197 11
198 11
199 11
200 11
201 11
202 11
203 11
204 11
205 11
206 11
207 11
208 11
209 11
210 11
211 11
212 11
213 11
214 11
215 11
216 11
217 11
218 11
219 11
220 13
221 13
222 13
223 13
224 13
225 13
226 13
227 13
228 13
229 13
230 13
231 13
232 13
233 13
234 13
235 13
236 13
237 13
238 13
239 13
240 13
241 13
242 13
243 13
244 13
245 13
246 13
247 13
248 13
249 13
250 13
251 13
252 13
253 13
254 13
255 13
256 13
257 13
258 13
259 13
260 14
261 14
262 14
263 14
264 14
265 14
266 14
267 14
268 14
269 14
270 15
271 15
272 15
273 15
274 15
275 15
276 15
277 15
278 15
279 15
280 15
281 15
282 15
283 15
284 15
285 15
286 15
287 15
288 15
289 15
290 15
291 15
292 15
293 15
294 15
295 15
296 15
297 15
298 15
299 15
300 16
301 16
302 16
303 16
304 16
305 16
306 16
307 16
308 16
309 16
310 18
311 18
312 18
313 18
314 18
315 18
316 18
317 18
318 18
319 18
320 18
321 18
322 18
323 18
324 18
325 18
326 18
327 18
328 18
329 18
330 18
331 18
332 18
333 18
334 18
335 18
336 18
337 18
338 18
339 18
340 18
341 18
342 18
343 18
344 18
345 18
346 18
347 18
348 18
349 18
350 18
351 18
352 18
353 18
354 18
355 18
356 18
357 18
358 18
359 18
360 19
361 19
362 19
363 19
364 19
365 19
366 19
367 19
368 19
369 19
370 19
371 19
372 19
373 19
374 19
375 19
376 19
377 19
378 19
379 19
380 19
381 19
382 19
383 19
384 19
385 19
386 19
387 19
388 19
389 19
390 19
391 19
392 19
393 19
394 19
395 19
396 19
397 19
398 19
399 19
400 20
401 20
402 20
403 20
404 20
405 20
406 20
407 20
408 20
409 20
410 21
411 21
412 21
413 21
414 21
415 21
416 21
417 21
418 21
419 21
420 21
421 21
422 21
423 21
424 21
425 21
426 21
427 21
428 21
429 21
430 22
431 22
432 22
433 22
434 22
435 22
436 22
437 22
438 22
439 22
440 22
441 22
442 22
443 22
444 22
445 22
446 22
447 22
448 22
449 22
450 23
451 23
452 23
453 23
454 23
455 23
456 23
457 23
458 23
459 23
460 23
461 23
462 23
463 23
464 23
465 23
466 23
467 23
468 23
469 23
470 24
471 24
472 24
473 24
474 24
475 24
476 24
477 24
478 24
479 24
480 25
481 25
482 25
483 25
484 25
485 25
486 25
487 25
488 25
489 25
490 25
491 25
492 25
493 25
494 25
495 25
496 25
497 25
498 25
499 25
500 25
501 25
502 25
503 25
504 25
505 25
506 25
507 25
508 25
509 25
510 26
511 26
512 26
513 26
514 26
515 26
516 26
517 26
518 26
519 26
520 27
521 27
522 27
523 27
524 27
525 27
526 27
527 27
528 27
529 27
530 27
531 27
532 27
533 27
534 27
535 27
536 27
537 27
538 27
539 27
540 28
541 28
542 28
543 28
544 28
545 28
546 28
547 28
548 28
549 28
550 29
551 29
552 29
553 29
554 29
555 29
556 29
557 29
558 29
559 29
560 29
561 29
562 29
563 29
564 29
565 29
566 29
567 29
568 29
569 29
570 30
571 30
572 30
573 30
574 30
575 30
576 30
577 30
578 30
579 30
580 31
581 31
582 31
583 31
584 31
585 31
586 31
587 31
588 31
589 31
590 31
591 31
592 31
593 31
594 31
595 31
596 31
597 31
598 31
599 31
600 31
601 31
602 31
603 31
604 31
605 31
606 31
607 31
608 31
609 31
610 32
611 32
612 32
613 32
614 32
615 32
616 32
617 32
618 32
619 32
620 32
621 32
622 32
623 32
624 32
625 32
626 32
627 32
628 32
629 32
630 32
631 32
632 32
633 32
634 32
635 32
636 32
637 32
638 32
639 32
640 33
641 33
642 33
643 33
644 33
645 33
646 33
647 33
648 33
649 33
650 33
651 33
652 33
653 33
654 33
655 33
656 33
657 33
658 33
659 33
660 33
661 33
662 33
663 33
664 33
665 33
666 33
667 33
668 33
669 33
670 34
671 34
672 34
673 34
674 34
675 34
676 34
677 34
678 34
679 34
680 35
681 35
682 35
683 35
684 35
685 35
686 35
687 35
688 35
689 35
690 35
691 35
692 35
693 35
694 35
695 35
696 35
697 35
698 35
699 35
700 35
701 35
702 35
703 35
704 35
705 35
706 35
707 35
708 35
709 35
710 36
711 36
712 36
713 36
714 36
715 36
716 36
717 36
718 36
719 36
720 36
721 36
722 36
723 36
724 36
725 36
726 36
727 36
728 36
729 36
730 37
731 37
732 37
733 37
734 37
735 37
736 37
737 37
738 37
739 37
740 37
741 37
742 37
743 37
744 37
745 37
746 37
747 37
748 37
749 37
750 37
751 37
752 37
753 37
754 37
755 37
756 37
757 37
758 37
759 37
760 38
761 38
762 38
763 38
764 38
765 38
766 38
767 38
768 38
769 38
770 40
771 40
772 40
773 40
774 40
775 40
776 40
777 40
778 40
779 40
780 40
781 40
782 40
783 40
784 40
785 40
786 40
787 40
788 40
789 40
790 40
791 40
792 40
793 40
794 40
795 40
796 40
797 40
798 40
799 40
800 40
801 40
802 40
803 40
804 40
805 40
806 40
807 40
808 40
809 40
810 41
811 41
812 41
813 41
814 41
815 41
816 41
817 41
818 41
819 41
820 42
821 42
822 42
823 42
824 42
825 42
826 42
827 42
828 42
829 42
830 42
831 42
832 42
833 42
834 42
835 42
836 42
837 42
838 42
839 42
840 42
841 42
842 42
843 42
844 42
845 42
846 42
847 42
848 42
849 42
850 42
851 42
852 42
853 42
854 42
855 42
856 42
857 42
858 42
859 42
860 43
861 43
862 43
863 43
864 43
865 43
866 43
867 43
868 43
869 43
870 44
871 44
872 44
873 44
874 44
875 44
876 44
877 44
878 44
879 44
880 44
881 44
882 44
883 44
884 44
885 44
886 44
887 44
888 44
889 44
890 44
891 44
892 44
893 44
894 44
895 44
896 44
897 44
898 44
899 44
900 45
901 45
902 45
903 45
904 45
905 45
906 45
907 45
908 45
909 45
910 46
911 46
912 46
913 46
914 46
915 46
916 46
917 46
918 46
919 46
920 46
921 46
922 46
923 46
924 46
925 46
926 46
927 46
928 46
929 46
930 46
931 46
932 46
933 46
934 46
935 46
936 46
937 46
938 46
939 46
940 47
941 47
942 47
943 47
944 47
945 47
946 47
947 47
948 47
949 47
950 48
951 48
952 48
953 48
954 48
955 48
956 48
957 48
958 48
959 48
960 48
961 48
962 48
963 48
964 48
965 48
966 48
967 48
968 48
969 48
970 48
971 48
972 48
973 48
974 48
975 48
976 48
977 48
978 48
979 48
980 49
981 49
982 49
983 49
984 49
985 49
986 49
987 49
988 49
989 49
990 49
991 49
992 49
993 49
994 49
995 49
996 49
997 49
998 49
999 49
1000 51
1001 51
1002 51
1003 51
1004 51
1005 51
1006 51
1007 51
1008 51
1009 51
1010 51
1011 51
1012 51
1013 51
1014 51
1015 51
1016 51
1017 51
1018 51
1019 51
1020 51
1021 51
1022 51
1023 51
1024 51
1025 51
1026 51
1027 51
1028 51
1029 51
1030 51
1031 51
1032 51
1033 51
1034 51
1035 51
1036 51
1037 51
1038 51
1039 51
1040 52
1041 52
1042 52
1043 52
1044 52
1045 52
1046 52
1047 52
1048 52
1049 52
1050 53
1051 53
1052 53
1053 53
1054 53
1055 53
1056 53
1057 53
1058 53
1059 53
1060 54
1061 54
1062 54
1063 54
1064 54
1065 54
1066 54
1067 54
1068 54
1069 54
1070 54
1071 54
1072 54
1073 54
1074 54
1075 54
1076 54
1077 54
1078 54
1079 54
1080 54
1081 54
1082 54
1083 54
1084 54
1085 54
1086 54
1087 54
1088 54
1089 54
1090 54
1091 54
1092 54
1093 54
1094 54
1095 54
1096 54
1097 54
1098 54
1099 54
1100 55
1101 55
1102 55
1103 55
1104 55
1105 55
1106 55
1107 55
1108 55
1109 55
1110 56
1111 56
1112 56
1113 56
1114 56
1115 56
1116 56
1117 56
1118 56
1119 56
1120 56
1121 56
1122 56
1123 56
1124 56
1125 56
1126 56
1127 56
1128 56
1129 56
1130 56
1131 56
1132 56
1133 56
1134 56
1135 56
1136 56
1137 56
1138 56
1139 56
1140 56
1141 56
1142 56
1143 56
1144 56
1145 56
1146 56
1147 56
1148 56
1149 56
1150 57
1151 57
1152 57
1153 57
1154 57
1155 57
1156 57
1157 57
1158 57
1159 57
1160 57
1161 57
1162 57
1163 57
1164 57
1165 57
1166 57
1167 57
1168 57
1169 57
1170 58
1171 58
1172 58
1173 58
1174 58
1175 58
1176 58
1177 58
1178 58
1179 58
1180 58
1181 58
1182 58
1183 58
1184 58
1185 58
1186 58
1187 58
1188 58
1189 58
1190 59
1191 59
1192 59
1193 59
1194 59
1195 59
1196 59
1197 59
1198 59
1199 59
1200 60
1201 60
1202 60
1203 60
1204 60
1205 60
1206 60
1207 60
1208 60
1209 60
1210 60
1211 60
1212 60
1213 60
1214 60
1215 60
1216 60
1217 60
1218 60
1219 60
1220 61
1221 61
1222 61
1223 61
1224 61
1225 61
1226 61
1227 61
1228 61
1229 61
1230 61
1231 61
1232 61
1233 61
1234 61
1235 61
1236 61
1237 61
1238 61
1239 61
1240 62
1241 62
1242 62
1243 62
1244 62
1245 62
1246 62
1247 62
1248 62
1249 62
1250 63
1251 63
1252 63
1253 63
1254 63
1255 63
1256 63
1257 63
1258 63
1259 63
1260 63
1261 63
1262 63
1263 63
1264 63
1265 63
1266 63
1267 63
1268 63
1269 63
1270 63
1271 63
1272 63
1273 63
1274 63
1275 63
1276 63
1277 63
1278 63
1279 63
1280 65
1281 65
1282 65
1283 65
1284 65
1285 65
1286 65
1287 65
1288 65
1289 65
1290 65
1291 65
1292 65
1293 65
1294 65
1295 65
1296 65
1297 65
1298 65
1299 65
1300 65
1301 65
1302 65
1303 65
1304 65
1305 65
1306 65
1307 65
1308 65
1309 65
1310 65
1311 65
1312 65
1313 65
1314 65
1315 65
1316 65
1317 65
1318 65
1319 65
1320 66
1321 66
1322 66
1323 66
1324 66
1325 66
1326 66
1327 66
1328 66
1329 66
1330 68
1331 68
1332 68
1333 68
1334 68
1335 68
1336 68
1337 68
1338 68
1339 68
1340 68
1341 68
1342 68
1343 68
1344 68
1345 68
1346 68
1347 68
1348 68
1349 68
1350 68
1351 68
1352 68
1353 68
1354 68
1355 68
1356 68
1357 68
1358 68
1359 68
1360 68
1361 68
1362 68
1363 68
1364 68
1365 68
1366 68
1367 68
1368 68
1369 68
1370 69
1371 69
1372 69
1373 69
1374 69
1375 69
1376 69
1377 69
1378 69
1379 69
1380 70
1381 70
1382 70
1383 70
1384 70
1385 70
1386 70
1387 70
1388 70
1389 70
1390 70
1391 70
1392 70
1393 70
1394 70
1395 70
1396 70
1397 70
1398 70
1399 70
1400 70
1401 70
1402 70
1403 70
1404 70
1405 70
1406 70
1407 70
1408 70
1409 70
1410 70
1411 70
1412 70
1413 70
1414 70
1415 70
1416 70
1417 70
1418 70
1419 70
1420 71
1421 71
1422 71
1423 71
1424 71
1425 71
1426 71
1427 71
1428 71
1429 71
1430 72
1431 72
1432 72
1433 72
1434 72
1435 72
1436 72
1437 72
1438 72
1439 72
1440 72
1441 72
1442 72
1443 72
1444 72
1445 72
1446 72
1447 72
1448 72
1449 72
1450 72
1451 72
1452 72
1453 72
1454 72
1455 72
1456 72
1457 72
1458 72
1459 72
1460 73
1461 73
1462 73
1463 73
1464 73
1465 73
1466 73
1467 73
1468 73
1469 73
1470 73
1471 73
1472 73
1473 73
1474 73
1475 73
1476 73
1477 73
1478 73
1479 73
1480 74
1481 74
1482 74
1483 74
1484 74
1485 74
1486 74
1487 74
1488 74
1489 74
1490 74
1491 74
1492 74
1493 74
1494 74
1495 74
1496 74
1497 74
1498 74
1499 74
1500 74
1501 74
1502 74
1503 74
1504 74
1505 74
1506 74
1507 74
1508 74
1509 74
1510 75
1511 75
1512 75
1513 75
1514 75
1515 75
1516 75
1517 75
1518 75
1519 75
1520 76
1521 76
1522 76
1523 76
1524 76
1525 76
1526 76
1527 76
1528 76
1529 76
1530 77
1531 77
1532 77
1533 77
1534 77
1535 77
1536 77
1537 77
1538 77
1539 77
1540 77
1541 77
1542 77
1543 77
1544 77
1545 77
1546 77
1547 77
1548 77
1549 77
1550 77
1551 77
1552 77
1553 77
1554 77
1555 77
1556 77
1557 77
1558 77
1559 77
1560 79
1561 79
1562 79
1563 79
1564 79
1565 79
1566 79
1567 79
1568 79
1569 79
1570 79
1571 79
1572 79
1573 79
1574 79
1575 79
1576 79
1577 79
1578 79
1579 79
1580 79
1581 79
1582 79
1583 79
1584 79
1585 79
1586 79
1587 79
1588 79
1589 79
1590 79
1591 79
1592 79
1593 79
1594 79
1595 79
1596 79
1597 79
1598 79
1599 79
1600 80
1601 80
1602 80
1603 80
1604 80
1605 80
1606 80
1607 80
1608 80
1609 80
1610 81
1611 81
1612 81
1613 81
1614 81
1615 81
1616 81
1617 81
1618 81
1619 81
1620 81
1621 81
1622 81
1623 81
1624 81
1625 81
1626 81
1627 81
1628 81
1629 81
1630 81
1631 81
1632 81
1633 81
1634 81
1635 81
1636 81
1637 81
1638 81
1639 81
1640 81
1641 81
1642 81
1643 81
1644 81
1645 81
1646 81
1647 81
1648 81
1649 81
1650 81
1651 81
1652 81
1653 81
1654 81
1655 81
1656 81
1657 81
1658 81
1659 81
1660 83
1661 83
1662 83
1663 83
1664 83
1665 83
1666 83
1667 83
1668 83
1669 83
1670 83
1671 83
1672 83
1673 83
1674 83
1675 83
1676 83
1677 83
1678 83
1679 83
1680 84
1681 84
1682 84
1683 84
1684 84
1685 84
1686 84
1687 84
1688 84
1689 84
1690 84
1691 84
1692 84
1693 84
1694 84
1695 84
1696 84
1697 84
1698 84
1699 84
1700 84
1701 84
1702 84
1703 84
1704 84
1705 84
1706 84
1707 84
1708 84
1709 84
1710 84
1711 84
1712 84
1713 84
1714 84
1715 84
1716 84
1717 84
1718 84
1719 84
1720 85
1721 85
1722 85
1723 85
1724 85
1725 85
1726 85
1727 85
1728 85
1729 85
1730 86
1731 86
1732 86
1733 86
1734 86
1735 86
1736 86
1737 86
1738 86
1739 86
1740 86
1741 86
1742 86
1743 86
1744 86
1745 86
1746 86
1747 86
1748 86
1749 86
1750 86
1751 86
1752 86
1753 86
1754 86
1755 86
1756 86
1757 86
1758 86
1759 86
1760 86
1761 86
1762 86
1763 86
1764 86
1765 86
1766 86
1767 86
1768 86
1769 86
1770 88
1771 88
1772 88
1773 88
1774 88
1775 88
1776 88
1777 88
1778 88
1779 88
1780 89
1781 89
1782 89
1783 89
1784 89
1785 89
1786 89
1787 89
1788 89
1789 89
1790 89
1791 89
1792 89
1793 89
1794 89
1795 89
1796 89
1797 89
1798 89
1799 89
1800 89
1801 89
1802 89
1803 89
1804 89
1805 89
1806 89
1807 89
1808 89
1809 89
1810 89
1811 89
1812 89
1813 89
1814 89
1815 89
1816 89
1817 89
1818 89
1819 89
1820 90
1821 90
1822 90
1823 90
1824 90
1825 90
1826 90
1827 90
1828 90
1829 90
1830 91
1831 91
1832 91
1833 91
1834 91
1835 91
1836 91
1837 91
1838 91
1839 91
1840 91
1841 91
1842 91
1843 91
1844 91
1845 91
1846 91
1847 91
1848 91
1849 91
1850 91
1851 91
1852 91
1853 91
1854 91
1855 91
1856 91
1857 91
1858 91
1859 91
1860 92
1861 92
1862 92
1863 92
1864 92
1865 92
1866 92
1867 92
1868 92
1869 92
1870 93
1871 93
1872 93
1873 93
1874 93
1875 93
1876 93
1877 93
1878 93
1879 93
1880 93
1881 93
1882 93
1883 93
1884 93
1885 93
1886 93
1887 93
1888 93
1889 93
1890 94
1891 94
1892 94
1893 94
1894 94
1895 94
1896 94
1897 94
1898 94
1899 94
1900 94
1901 94
1902 94
1903 94
1904 94
1905 94
1906 94
1907 94
1908 94
1909 94
1910 94
1911 94
1912 94
1913 94
1914 94
1915 94
1916 94
1917 94
1918 94
1919 94
1920 94
1921 94
1922 94
1923 94
1924 94
1925 94
1926 94
1927 94
1928 94
1929 94
1930 95
1931 95
1932 95
1933 95
1934 95
1935 95
1936 95
1937 95
1938 95
1939 95
1940 95
1941 95
1942 95
1943 95
1944 95
1945 95
1946 95
1947 95
1948 95
1949 95
1950 95
1951 95
1952 95
1953 95
1954 95
1955 95
1956 95
1957 95
1958 95
1959 95
1960 96
1961 96
1962 96
1963 96
1964 96
1965 96
1966 96
1967 96
1968 96
1969 96
1970 97
1971 97
1972 97
1973 97
1974 97
1975 97
1976 97
1977 97
1978 97
1979 97
1980 98
1981 98
1982 98
1983 98
1984 98
1985 98
1986 98
1987 98
1988 98
1989 98
1990 98
1991 98
1992 98
1993 98
1994 98
1995 98
1996 98
1997 98
1998 98
1999 98
2000 98
2001 98
2002 98
2003 98
2004 98
2005 98
2006 98
2007 98
2008 98
2009 98
2010 99
2011 99
2012 99
2013 99
2014 99
2015 99
2016 99
2017 99
2018 99
2019 99
2020 99
2021 99
2022 99
2023 99
2024 99
2025 99
2026 99
2027 99
2028 99
2029 99
2030 100
2031 100
2032 100
2033 100
2034 100
2035 100
2036 100
2037 100
2038 100
2039 100
2040 100
2041 100
2042 100
2043 100
2044 100
2045 100
2046 100
2047 100
2048 100
2049 100
2050 101
2051 101
2052 101
2053 101
2054 101
2055 101
2056 101
2057 101
2058 101
2059 101
2060 101
2061 101
2062 101
2063 101
2064 101
2065 101
2066 101
2067 101
2068 101
2069 101
2070 102
2071 102
2072 102
2073 102
2074 102
2075 102
2076 102
2077 102
2078 102
2079 102
2080 102
2081 102
2082 102
2083 102
2084 102
2085 102
2086 102
2087 102
2088 102
2089 102
2090 102
2091 102
2092 102
2093 102
2094 102
2095 102
2096 102
2097 102
2098 102
2099 102
2100 102
2101 102
2102 102
2103 102
2104 102
2105 102
2106 102
2107 102
2108 102
2109 102
2110 104
2111 104
2112 104
2113 104
2114 104
2115 104
2116 104
2117 104
2118 104
2119 104
2120 105
2121 105
2122 105
2123 105
2124 105
2125 105
2126 105
2127 105
2128 105
2129 105
2130 105
2131 105
2132 105
2133 105
2134 105
2135 105
2136 105
2137 105
2138 105
2139 105
2140 107
2141 107
2142 107
2143 107
2144 107
2145 107
2146 107
2147 107
2148 107
2149 107
2150 107
2151 107
2152 107
2153 107
2154 107
2155 107
2156 107
2157 107
2158 107
2159 107
2160 107
2161 107
2162 107
2163 107
2164 107
2165 107
2166 107
2167 107
2168 107
2169 107
2170 107
2171 107
2172 107
2173 107
2174 107
2175 107
2176 107
2177 107
2178 107
2179 107
2180 108
2181 108
2182 108
2183 108
2184 108
2185 108
2186 108
2187 108
2188 108
2189 108
2190 108
2191 108
2192 108
2193 108
2194 108
2195 108
2196 108
2197 108
2198 108
2199 108
2200 108
2201 108
2202 108
2203 108
2204 108
2205 108
2206 108
2207 108
2208 108
2209 108
2210 108
2211 108
2212 108
2213 108
2214 108
2215 108
2216 108
2217 108
2218 108
2219 108
2220 109
2221 109
2222 109
2223 109
2224 109
2225 109
2226 109
2227 109
2228 109
2229 109
2230 110
2231 110
2232 110
2233 110
2234 110
2235 110
2236 110
2237 110
2238 110
2239 110
2240 110
2241 110
2242 110
2243 110
2244 110
2245 110
2246 110
2247 110
2248 110
2249 110
2250 110
2251 110
2252 110
2253 110
2254 110
2255 110
2256 110
2257 110
2258 110
2259 110
2260 111
2261 111
2262 111
2263 111
2264 111
2265 111
2266 111
2267 111
2268 111
2269 111
2270 111
2271 111
2272 111
2273 111
2274 111
2275 111
2276 111
2277 111
2278 111
2279 111
2280 111
2281 111
2282 111
2283 111
2284 111
2285 111
2286 111
2287 111
2288 111
2289 111
2290 112
2291 112
2292 112
2293 112
2294 112
2295 112
2296 112
2297 112
2298 112
2299 112
2300 112
2301 112
2302 112
2303 112
2304 112
2305 112
2306 112
2307 112
2308 112
2309 112
2310 112
2311 112
2312 112
2313 112
2314 112
2315 112
2316 112
2317 112
2318 112
2319 112
2320 113
2321 113
2322 113
2323 113
2324 113
2325 113
2326 113
2327 113
2328 113
2329 113
2330 114
2331 114
2332 114
2333 114
2334 114
2335 114
2336 114
2337 114
2338 114
2339 114
2340 114
2341 114
2342 114
2343 114
2344 114
2345 114
2346 114
2347 114
2348 114
2349 114
2350 114
2351 114
2352 114
2353 114
2354 114
2355 114
2356 114
2357 114
2358 114
2359 114
2360 115
2361 115
2362 115
2363 115
2364 115
2365 115
2366 115
2367 115
2368 115
2369 115
2370 116
2371 116
2372 116
2373 116
2374 116
2375 116
2376 116
2377 116
2378 116
2379 116
2380 116
2381 116
2382 116
2383 116
2384 116
2385 116
2386 116
2387 116
2388 116
2389 116
2390 116
2391 116
2392 116
2393 116
2394 116
2395 116
2396 116
2397 116
2398 116
2399 116
2400 116
2401 116
2402 116
2403 116
2404 116
2405 116
2406 116
2407 116
2408 116
2409 116
2410 116
2411 116
2412 116
2413 116
2414 116
2415 116
2416 116
2417 116
2418 116
2419 116
2420 117
2421 117
2422 117
2423 117
2424 117
2425 117
2426 117
2427 117
2428 117
2429 117
2430 117
2431 117
2432 117
2433 117
2434 117
2435 117
2436 117
2437 117
2438 117
2439 117
2440 117
2441 117
2442 117
2443 117
2444 117
2445 117
2446 117
2447 117
2448 117
2449 117
2450 118
2451 118
2452 118
2453 118
2454 118
2455 118
2456 118
2457 118
2458 118
2459 118
2460 118
2461 118
2462 118
2463 118
2464 118
2465 118
2466 118
2467 118
2468 118
2469 118
2470 119
2471 119
2472 119
2473 119
2474 119
2475 119
2476 119
2477 119
2478 119
2479 119
2480 119
2481 119
2482 119
2483 119
2484 119
2485 119
2486 119
2487 119
2488 119
2489 119
2490 119
2491 119
2492 119
2493 119
2494 119
2495 119
2496 119
2497 119
2498 119
2499 119
2500 119
2501 119
2502 119
2503 119
2504 119
2505 119
2506 119
2507 119
2508 119
2509 119
2510 122
2511 122
2512 122
2513 122
2514 122
2515 122
2516 122
2517 122
2518 122
2519 122
2520 122
2521 122
2522 122
2523 122
2524 122
2525 122
2526 122
2527 122
2528 122
2529 122
2530 122
2531 122
2532 122
2533 122
2534 122
2535 122
2536 122
2537 122
2538 122
2539 122
2540 122
2541 122
2542 122
2543 122
2544 122
2545 122
2546 122
2547 122
2548 122
2549 122
2550 122
2551 122
2552 122
2553 122
2554 122
2555 122
2556 122
2557 122
2558 122
2559 122
2560 123
2561 123
2562 123
2563 123
2564 123
2565 123
2566 123
2567 123
2568 123
2569 123
2570 123
2571 123
2572 123
2573 123
2574 123
2575 123
2576 123
2577 123
2578 123
2579 123
2580 123
2581 123
2582 123
2583 123
2584 123
2585 123
2586 123
2587 123
2588 123
2589 123
2590 124
2591 124
2592 124
2593 124
2594 124
2595 124
2596 124
2597 124
2598 124
2599 124
2600 125
2601 125
2602 125
2603 125
2604 125
2605 125
2606 125
2607 125
2608 125
2609 125
2610 125
2611 125
2612 125
2613 125
2614 125
2615 125
2616 125
2617 125
2618 125
2619 125
2620 125
2621 125
2622 125
2623 125
2624 125
2625 125
2626 125
2627 125
2628 125
2629 125
2630 125
2631 125
2632 125
2633 125
2634 125
2635 125
2636 125
2637 125
2638 125
2639 125
2640 125
2641 125
2642 125
2643 125
2644 125
2645 125
2646 125
2647 125
2648 125
2649 125
2650 127
2651 127
2652 127
2653 127
2654 127
2655 127
2656 127
2657 127
2658 127
2659 127
2660 128
2661 128
2662 128
2663 128
2664 128
2665 128
2666 128
2667 128
2668 128
2669 128
2670 128
2671 128
2672 128
2673 128
2674 128
2675 128
2676 128
2677 128
2678 128
2679 128
2680 128
2681 128
2682 128
2683 128
2684 128
2685 128
2686 128
2687 128
2688 128
2689 128
2690 128
2691 128
2692 128
2693 128
2694 128
2695 128
2696 128
2697 128
2698 128
2699 128
2700 130
2701 130
2702 130
2703 130
2704 130
2705 130
2706 130
2707 130
2708 130
2709 130
2710 130
2711 130
2712 130
2713 130
2714 130
2715 130
2716 130
2717 130
2718 130
2719 130
2720 131
2721 131
2722 131
2723 131
2724 131
2725 131
2726 131
2727 131
2728 131
2729 131
2730 131
2731 131
2732 131
2733 131
2734 131
2735 131
2736 131
2737 131
2738 131
2739 131
2740 131
2741 131
2742 131
2743 131
2744 131
2745 131
2746 131
2747 131
2748 131
2749 131
2750 131
2751 131
2752 131
2753 131
2754 131
2755 131
2756 131
2757 131
2758 131
2759 131
2760 133
2761 133
2762 133
2763 133
2764 133
2765 133
2766 133
2767 133
2768 133
2769 133
2770 134
2771 134
2772 134
2773 134
2774 134
2775 134
2776 134
2777 134
2778 134
2779 134
2780 134
2781 134
2782 134
2783 134
2784 134
2785 134
2786 134
2787 134
2788 134
2789 134
2790 134
2791 134
2792 134
2793 134
2794 134
2795 134
2796 134
2797 134
2798 134
2799 134
2800 135
2801 135
2802 135
2803 135
2804 135
2805 135
2806 135
2807 135
2808 135
2809 135
2810 136
2811 136
2812 136
2813 136
2814 136
2815 136
2816 136
2817 136
2818 136
2819 136
2820 136
2821 136
2822 136
2823 136
2824 136
2825 136
2826 136
2827 136
2828 136
2829 136
2830 136
2831 136
2832 136
2833 136
2834 136
2835 136
2836 136
2837 136
2838 136
2839 136
2840 138
2841 138
2842 138
2843 138
2844 138
2845 138
2846 138
2847 138
2848 138
2849 138
2850 138
2851 138
2852 138
2853 138
2854 138
2855 138
2856 138
2857 138
2858 138
2859 138
2860 138
2861 138
2862 138
2863 138
2864 138
2865 138
2866 138
2867 138
2868 138
2869 138
2870 138
2871 138
2872 138
2873 138
2874 138
2875 138
2876 138
2877 138
2878 138
2879 138
2880 139
2881 139
2882 139
2883 139
2884 139
2885 139
2886 139
2887 139
2888 139
2889 139
2890 139
2891 139
2892 139
2893 139
2894 139
2895 139
2896 139
2897 139
2898 139
2899 139
2900 139
2901 139
2902 139
2903 139
2904 139
2905 139
2906 139
2907 139
2908 139
2909 139
2910 139
2911 139
2912 139
2913 139
2914 139
2915 139
2916 139
2917 139
2918 139
2919 139
2920 140
2921 140
2922 140
2923 140
2924 140
2925 140
2926 140
2927 140
2928 140
2929 140
2930 140
2931 140
2932 140
2933 140
2934 140
2935 140
2936 140
2937 140
2938 140
2939 140
2940 141
2941 141
2942 141
2943 141
2944 141
2945 141
2946 141
2947 141
2948 141
2949 141
2950 141
2951 141
2952 141
2953 141
2954 141
2955 141
2956 141
2957 141
2958 141
2959 141
2960 141
2961 141
2962 141
2963 141
2964 141
2965 141
2966 141
2967 141
2968 141
2969 141
2970 142
2971 142
2972 142
2973 142
2974 142
2975 142
2976 142
2977 142
2978 142
2979 142
2980 143
2981 143
2982 143
2983 143
2984 143
2985 143
2986 143
2987 143
2988 143
2989 143
2990 143
2991 143
2992 143
2993 143
2994 143
2995 143
2996 143
2997 143
2998 143
2999 143
3000 143
3001 143
3002 143
3003 143
3004 143
3005 143
3006 143
3007 143
3008 143
3009 143
3010 144
3011 144
3012 144
3013 144
3014 144
3015 144
3016 144
3017 144
3018 144
3019 144
3020 144
3021 144
3022 144
3023 144
3024 144
3025 144
3026 144
3027 144
3028 144
3029 144
3030 145
3031 145
3032 145
3033 145
3034 145
3035 145
3036 145
3037 145
3038 145
3039 145
3040 145
3041 145
3042 145
3043 145
3044 145
3045 145
3046 145
3047 145
3048 145
3049 145
3050 145
3051 145
3052 145
3053 145
3054 145
3055 145
3056 145
3057 145
3058 145
3059 145
3060 145
3061 145
3062 145
3063 145
3064 145
3065 145
3066 145
3067 145
3068 145
3069 145
3070 146
3071 146
3072 146
3073 146
3074 146
3075 146
3076 146
3077 146
3078 146
3079 146
3080 146
3081 146
3082 146
3083 146
3084 146
3085 146
3086 146
3087 146
3088 146
3089 146
3090 146
3091 146
3092 146
3093 146
3094 146
3095 146
3096 146
3097 146
3098 146
3099 146
3100 147
3101 147
3102 147
3103 147
3104 147
3105 147
3106 147
3107 147
3108 147
3109 147
3110 147
3111 147
3112 147
3113 147
3114 147
3115 147
3116 147
3117 147
3118 147
3119 147
3120 147
3121 147
3122 147
3123 147
3124 147
3125 147
3126 147
3127 147
3128 147
3129 147
3130 148
3131 148
3132 148
3133 148
3134 148
3135 148
3136 148
3137 148
3138 148
3139 148
3140 149
3141 149
3142 149
3143 149
3144 149
3145 149
3146 149
3147 149
3148 149
3149 149
3150 149
3151 149
3152 149
3153 149
3154 149
3155 149
3156 149
3157 149
3158 149
3159 149
3160 150
3161 150
3162 150
3163 150
3164 150
3165 150
3166 150
3167 150
3168 150
3169 150
3170 152
3171 152
3172 152
3173 152
3174 152
3175 152
3176 152
3177 152
3178 152
3179 152
3180 152
3181 152
3182 152
3183 152
3184 152
3185 152
3186 152
3187 152
3188 152
3189 152
3190 152
3191 152
3192 152
3193 152
3194 152
3195 152
3196 152
3197 152
3198 152
3199 152
3200 152
3201 152
3202 152
3203 152
3204 152
3205 152
3206 152
3207 152
3208 152
3209 152
3210 153
3211 153
3212 153
3213 153
3214 153
3215 153
3216 153
3217 153
3218 153
3219 153
3220 154
3221 154
3222 154
3223 154
3224 154
3225 154
3226 154
3227 154
3228 154
3229 154
3230 154
3231 154
3232 154
3233 154
3234 154
3235 154
3236 154
3237 154
3238 154
3239 154
3240 154
3241 154
3242 154
3243 154
3244 154
3245 154
3246 154
3247 154
3248 154
3249 154
3250 156
3251 156
3252 156
3253 156
3254 156
3255 156
3256 156
3257 156
3258 156
3259 156
3260 156
3261 156
3262 156
3263 156
3264 156
3265 156
3266 156
3267 156
3268 156
3269 156
3270 156
3271 156
3272 156
3273 156
3274 156
3275 156
3276 156
3277 156
3278 156
3279 156
3280 156
3281 156
3282 156
3283 156
3284 156
3285 156
3286 156
3287 156
3288 156
3289 156
3290 157
3291 157
3292 157
3293 157
3294 157
3295 157
3296 157
3297 157
3298 157
3299 157
3300 157
3301 157
3302 157
3303 157
3304 157
3305 157
3306 157
3307 157
3308 157
3309 157
3310 157
3311 157
3312 157
3313 157
3314 157
3315 157
3316 157
3317 157
3318 157
3319 157
3320 158
3321 158
3322 158
3323 158
3324 158
3325 158
3326 158
3327 158
3328 158
3329 158
3330 159
3331 159
3332 159
3333 159
3334 159
3335 159
3336 159
3337 159
3338 159
3339 159
3340 159
3341 159
3342 159
3343 159
3344 159
3345 159
3346 159
3347 159
3348 159
3349 159
3350 160
3351 160
3352 160
3353 160
3354 160
3355 160
3356 160
3357 160
3358 160
3359 160
3360 160
3361 160
3362 160
3363 160
3364 160
3365 160
3366 160
3367 160
3368 160
3369 160
3370 160
3371 160
3372 160
3373 160
3374 160
3375 160
3376 160
3377 160
3378 160
3379 160
3380 161
3381 161
3382 161
3383 161
3384 161
3385 161
3386 161
3387 161
3388 161
3389 161
3390 162
3391 162
3392 162
3393 162
3394 162
3395 162
3396 162
3397 162
3398 162
3399 162
3400 162
3401 162
3402 162
3403 162
3404 162
3405 162
3406 162
3407 162
3408 162
3409 162
3410 162
3411 162
3412 162
3413 162
3414 162
3415 162
3416 162
3417 162
3418 162
3419 162
3420 162
3421 162
3422 162
3423 162
3424 162
3425 162
3426 162
3427 162
3428 162
3429 162
3430 163
3431 163
3432 163
3433 163
3434 163
3435 163
3436 163
3437 163
3438 163
3439 163
3440 164
3441 164
3442 164
3443 164
3444 164
3445 164
3446 164
3447 164
3448 164
3449 164
3450 164
3451 164
3452 164
3453 164
3454 164
3455 164
3456 164
3457 164
3458 164
3459 164
3460 164
3461 164
3462 164
3463 164
3464 164
3465 164
3466 164
3467 164
3468 164
3469 164
3470 164
3471 164
3472 164
3473 164
3474 164
3475 164
3476 164
3477 164
3478 164
3479 164
3480 166
3481 166
3482 166
3483 166
3484 166
3485 166
3486 166
3487 166
3488 166
3489 166
3490 166
3491 166
3492 166
3493 166
3494 166
3495 166
3496 166
3497 166
3498 166
3499 166
3500 166
3501 166
3502 166
3503 166
3504 166
3505 166
3506 166
3507 166
3508 166
3509 166
3510 166
3511 166
3512 166
3513 166
3514 166
3515 166
3516 166
3517 166
3518 166
3519 166
3520 168
3521 168
3522 168
3523 168
3524 168
3525 168
3526 168
3527 168
3528 168
3529 168
3530 168
3531 168
3532 168
3533 168
3534 168
3535 168
3536 168
3537 168
3538 168
3539 168
3540 168
3541 168
3542 168
3543 168
3544 168
3545 168
3546 168
3547 168
3548 168
3549 168
3550 168
3551 168
3552 168
3553 168
3554 168
3555 168
3556 168
3557 168
3558 168
3559 168
3560 168
3561 168
3562 168
3563 168
3564 168
3565 168
3566 168
3567 168
3568 168
3569 168
3570 169
3571 169
3572 169
3573 169
3574 169
3575 169
3576 169
3577 169
3578 169
3579 169
3580 169
3581 169
3582 169
3583 169
3584 169
3585 169
3586 169
3587 169
3588 169
3589 169
3590 170
3591 170
3592 170
3593 170
3594 170
3595 170
3596 170
3597 170
3598 170
3599 170
3600 170
3601 170
3602 170
3603 170
3604 170
3605 170
3606 170
3607 170
3608 170
3609 170
3610 171
3611 171
3612 171
3613 171
3614 171
3615 171
3616 171
3617 171
3618 171
3619 171
3620 171
3621 171
3622 171
3623 171
3624 171
3625 171
3626 171
3627 171
3628 171
3629 171
3630 173
3631 173
3632 173
3633 173
3634 173
3635 173
3636 173
3637 173
3638 173
3639 173
3640 173
3641 173
3642 173
3643 173
3644 173
3645 173
3646 173
3647 173
3648 173
3649 173
3650 173
3651 173
3652 173
3653 173
3654 173
3655 173
3656 173
3657 173
3658 173
3659 173
3660 173
3661 173
3662 173
3663 173
3664 173
3665 173
3666 173
3667 173
3668 173
3669 173
3670 174
3671 174
3672 174
3673 174
3674 174
3675 174
3676 174
3677 174
3678 174
3679 174
3680 174
3681 174
3682 174
3683 174
3684 174
3685 174
3686 174
3687 174
3688 174
3689 174
3690 175
3691 175
3692 175
3693 175
3694 175
3695 175
3696 175
3697 175
3698 175
3699 175
3700 175
3701 175
3702 175
3703 175
3704 175
3705 175
3706 175
3707 175
3708 175
3709 175
3710 176
3711 176
3712 176
3713 176
3714 176
3715 176
3716 176
3717 176
3718 176
3719 176
3720 176
3721 176
3722 176
3723 176
3724 176
3725 176
3726 176
3727 176
3728 176
3729 176
3730 176
3731 176
3732 176
3733 176
3734 176
3735 176
3736 176
3737 176
3738 176
3739 176
3740 177
3741 177
3742 177
3743 177
3744 177
3745 177
3746 177
3747 177
3748 177
3749 177
3750 177
3751 177
3752 177
3753 177
3754 177
3755 177
3756 177
3757 177
3758 177
3759 177
3760 178
3761 178
3762 178
3763 178
3764 178
3765 178
3766 178
3767 178
3768 178
3769 178
3770 178
3771 178
3772 178
3773 178
3774 178
3775 178
3776 178
3777 178
3778 178
3779 178
3780 179
3781 179
3782 179
3783 179
3784 179
3785 179
3786 179
3787 179
3788 179
3789 179
3790 180
3791 180
3792 180
3793 180
3794 180
3795 180
3796 180
3797 180
3798 180
3799 180
3800 181
3801 181
3802 181
3803 181
3804 181
3805 181
3806 181
3807 181
3808 181
3809 181
3810 181
3811 181
3812 181
3813 181
3814 181
3815 181
3816 181
3817 181
3818 181
3819 181
3820 181
3821 181
3822 181
3823 181
3824 181
3825 181
3826 181
3827 181
3828 181
3829 181
3830 181
3831 181
3832 181
3833 181
3834 181
3835 181
3836 181
3837 181
3838 181
3839 181
3840 182
3841 182
3842 182
3843 182
3844 182
3845 182
3846 182
3847 182
3848 182
3849 182
3850 183
3851 183
3852 183
3853 183
3854 183
3855 183
3856 183
3857 183
3858 183
3859 183
3860 183
3861 183
3862 183
3863 183
3864 183
3865 183
3866 183
3867 183
3868 183
3869 183
3870 183
3871 183
3872 183
3873 183
3874 183
3875 183
3876 183
3877 183
3878 183
3879 183
3880 185
3881 185
3882 185
3883 185
3884 185
3885 185
3886 185
3887 185
3888 185
3889 185
3890 185
3891 185
3892 185
3893 185
3894 185
3895 185
3896 185
3897 185
3898 185
3899 185
3900 185
3901 185
3902 185
3903 185
3904 185
3905 185
3906 185
3907 185
3908 185
3909 185
3910 185
3911 185
3912 185
3913 185
3914 185
3915 185
3916 185
3917 185
3918 185
3919 185
3920 186
3921 186
3922 186
3923 186
3924 186
3925 186
3926 186
3927 186
3928 186
3929 186
3930 188
3931 188
3932 188
3933 188
3934 188
3935 188
3936 188
3937 188
3938 188
3939 188
3940 188
3941 188
3942 188
3943 188
3944 188
3945 188
3946 188
3947 188
3948 188
3949 188
3950 188
3951 188
3952 188
3953 188
3954 188
3955 188
3956 188
3957 188
3958 188
3959 188
3960 188
3961 188
3962 188
3963 188
3964 188
3965 188
3966 188
3967 188
3968 188
3969 188
3970 188
3971 188
3972 188
3973 188
3974 188
3975 188
3976 188
3977 188
3978 188
3979 188
3980 189
3981 189
3982 189
3983 189
3984 189
3985 189
3986 189
3987 189
3988 189
3989 189
3990 189
3991 189
3992 189
3993 189
3994 189
3995 189
3996 189
3997 189
3998 189
3999 189
4000 189
4001 189
4002 189
4003 189
4004 189
4005 189
4006 189
4007 189
4008 189
4009 189
4010 190
4011 190
4012 190
4013 190
4014 190
4015 190
4016 190
4017 190
4018 190
4019 190
4020 190
4021 190
4022 190
4023 190
4024 190
4025 190
4026 190
4027 190
4028 190
4029 190
4030 190
4031 190
4032 190
4033 190
4034 190
4035 190
4036 190
4037 190
4038 190
4039 190
4040 190
4041 190
4042 190
4043 190
4044 190
4045 190
4046 190
4047 190
4048 190
4049 190
4050 191
4051 191
4052 191
4053 191
4054 191
4055 191
4056 191
4057 191
4058 191
4059 191
4060 191
4061 191
4062 191
4063 191
4064 191
4065 191
4066 191
4067 191
4068 191
4069 191
4070 191
4071 191
4072 191
4073 191
4074 191
4075 191
4076 191
4077 191
4078 191
4079 191
4080 191
4081 191
4082 191
4083 191
4084 191
4085 191
4086 191
4087 191
4088 191
4089 191
4090 192
4091 192
4092 192
4093 192
4094 192
4095 192
4096 192
4097 192
4098 192
4099 192
4100 192
4101 192
4102 192
4103 192
4104 192
4105 192
4106 192
4107 192
4108 192
4109 192
4110 192
4111 192
4112 192
4113 192
4114 192
4115 192
4116 192
4117 192
4118 192
4119 192
4120 193
4121 193
4122 193
4123 193
4124 193
4125 193
4126 193
4127 193
4128 193
4129 193
4130 195
4131 195
4132 195
4133 195
4134 195
4135 195
4136 195
4137 195
4138 195
4139 195
4140 195
4141 195
4142 195
4143 195
4144 195
4145 195
4146 195
4147 195
4148 195
4149 195
4150 195
4151 195
4152 195
4153 195
4154 195
4155 195
4156 195
4157 195
4158 195
4159 195
4160 195
4161 195
4162 195
4163 195
4164 195
4165 195
4166 195
4167 195
4168 195
4169 195
4170 195
4171 195
4172 195
4173 195
4174 195
4175 195
4176 195
4177 195
4178 195
4179 195
4180 196
4181 196
4182 196
4183 196
4184 196
4185 196
4186 196
4187 196
4188 196
4189 196
4190 196
4191 196
4192 196
4193 196
4194 196
4195 196
4196 196
4197 196
4198 196
4199 196
4200 197
4201 197
4202 197
4203 197
4204 197
4205 197
4206 197
4207 197
4208 197
4209 197
4210 197
4211 197
4212 197
4213 197
4214 197
4215 197
4216 197
4217 197
4218 197
4219 197
4220 197
4221 197
4222 197
4223 197
4224 197
4225 197
4226 197
4227 197
4228 197
4229 197
4230 198
4231 198
4232 198
4233 198
4234 198
4235 198
4236 198
4237 198
4238 198
4239 198
4240 198
4241 198
4242 198
4243 198
4244 198
4245 198
4246 198
4247 198
4248 198
4249 198
4250 199
4251 199
4252 199
4253 199
4254 199
4255 199
4256 199
4257 199
4258 199
4259 199
4260 199
4261 199
4262 199
4263 199
4264 199
4265 199
4266 199
4267 199
4268 199
4269 199
4270 200
4271 200
4272 200
4273 200
4274 200
4275 200
4276 200
4277 200
4278 200
4279 200
4280 200
4281 200
4282 200
4283 200
4284 200
4285 200
4286 200
4287 200
4288 200
4289 200
4290 200
4291 200
4292 200
4293 200
4294 200
4295 200
4296 200
4297 200
4298 200
4299 200
4300 201
4301 201
4302 201
4303 201
4304 201
4305 201
4306 201
4307 201
4308 201
4309 201
4310 201
4311 201
4312 201
4313 201
4314 201
4315 201
4316 201
4317 201
4318 201
4319 201
4320 202
4321 202
4322 202
4323 202
4324 202
4325 202
4326 202
4327 202
4328 202
4329 202
4330 202
4331 202
4332 202
4333 202
4334 202
4335 202
4336 202
4337 202
4338 202
4339 202
4340 202
4341 202
4342 202
4343 202
4344 202
4345 202
4346 202
4347 202
4348 202
4349 202
4350 202
4351 202
4352 202
4353 202
4354 202
4355 202
4356 202
4357 202
4358 202
4359 202
4360 204
4361 204
4362 204
4363 204
4364 204
4365 204
4366 204
4367 204
4368 204
4369 204
4370 204
4371 204
4372 204
4373 204
4374 204
4375 204
4376 204
4377 204
4378 204
4379 204
4380 204
4381 204
4382 204
4383 204
4384 204
4385 204
4386 204
4387 204
4388 204
4389 204
4390 204
4391 204
4392 204
4393 204
4394 204
4395 204
4396 204
4397 204
4398 204
4399 204
4400 205
4401 205
4402 205
4403 205
4404 205
4405 205
4406 205
4407 205
4408 205
4409 205
4410 206
4411 206
4412 206
4413 206
4414 206
4415 206
4416 206
4417 206
4418 206
4419 206
4420 207
4421 207
4422 207
4423 207
4424 207
4425 207
4426 207
4427 207
4428 207
4429 207
4430 207
4431 207
4432 207
4433 207
4434 207
4435 207
4436 207
4437 207
4438 207
4439 207
4440 207
4441 207
4442 207
4443 207
4444 207
4445 207
4446 207
4447 207
4448 207
4449 207
4450 208
4451 208
4452 208
4453 208
4454 208
4455 208
4456 208
4457 208
4458 208
4459 208
4460 208
4461 208
4462 208
4463 208
4464 208
4465 208
4466 208
4467 208
4468 208
4469 208
4470 209
4471 209
4472 209
4473 209
4474 209
4475 209
4476 209
4477 209
4478 209
4479 209
4480 209
4481 209
4482 209
4483 209
4484 209
4485 209
4486 209
4487 209
4488 209
4489 209
4490 209
4491 209
4492 209
4493 209
4494 209
4495 209
4496 209
4497 209
4498 209
4499 209
4500 209
4501 209
4502 209
4503 209
4504 209
4505 209
4506 209
4507 209
4508 209
4509 209
4510 211
4511 211
4512 211
4513 211
4514 211
4515 211
4516 211
4517 211
4518 211
4519 211
4520 212
4521 212
4522 212
4523 212
4524 212
4525 212
4526 212
4527 212
4528 212
4529 212
4530 212
4531 212
4532 212
4533 212
4534 212
4535 212
4536 212
4537 212
4538 212
4539 212
4540 212
4541 212
4542 212
4543 212
4544 212
4545 212
4546 212
4547 212
4548 212
4549 212
4550 212
4551 212
4552 212
4553 212
4554 212
4555 212
4556 212
4557 212
4558 212
4559 212
4560 214
4561 214
4562 214
4563 214
4564 214
4565 214
4566 214
4567 214
4568 214
4569 214
4570 214
4571 214
4572 214
4573 214
4574 214
4575 214
4576 214
4577 214
4578 214
4579 214
4580 215
4581 215
4582 215
4583 215
4584 215
4585 215
4586 215
4587 215
4588 215
4589 215
4590 216
4591 216
4592 216
4593 216
4594 216
4595 216
4596 216
4597 216
4598 216
4599 216
4600 216
4601 216
4602 216
4603 216
4604 216
4605 216
4606 216
4607 216
4608 216
4609 216
4610 217
4611 217
4612 217
4613 217
4614 217
4615 217
4616 217
4617 217
4618 217
4619 217
4620 217
4621 217
4622 217
4623 217
4624 217
4625 217
4626 217
4627 217
4628 217
4629 217
4630 217
4631 217
4632 217
4633 217
4634 217
4635 217
4636 217
4637 217
4638 217
4639 217
4640 218
4641 218
4642 218
4643 218
4644 218
4645 218
4646 218
4647 218
4648 218
4649 218
4650 218
4651 218
4652 218
4653 218
4654 218
4655 218
4656 218
4657 218
4658 218
4659 218
4660 218
4661 218
4662 218
4663 218
4664 218
4665 218
4666 218
4667 218
4668 218
4669 218
4670 218
4671 218
4672 218
4673 218
4674 218
4675 218
4676 218
4677 218
4678 218
4679 218
4680 218
4681 218
4682 218
4683 218
4684 218
4685 218
4686 218
4687 218
4688 218
4689 218
4690 220
4691 220
4692 220
4693 220
4694 220
4695 220
4696 220
4697 220
4698 220
4699 220
4700 220
4701 220
4702 220
4703 220
4704 220
4705 220
4706 220
4707 220
4708 220
4709 220
4710 220
4711 220
4712 220
4713 220
4714 220
4715 220
4716 220
4717 220
4718 220
4719 220
4720 220
4721 220
4722 220
4723 220
4724 220
4725 220
4726 220
4727 220
4728 220
4729 220
4730 222
4731 222
4732 222
4733 222
4734 222
4735 222
4736 222
4737 222
4738 222
4739 222
4740 222
4741 222
4742 222
4743 222
4744 222
4745 222
4746 222
4747 222
4748 222
4749 222
4750 222
4751 222
4752 222
4753 222
4754 222
4755 222
4756 222
4757 222
4758 222
4759 222
4760 223
4761 223
4762 223
4763 223
4764 223
4765 223
4766 223
4767 223
4768 223
4769 223
4770 223
4771 223
4772 223
4773 223
4774 223
4775 223
4776 223
4777 223
4778 223
4779 223
4780 224
4781 224
4782 224
4783 224
4784 224
4785 224
4786 224
4787 224
4788 224
4789 224
4790 224
4791 224
4792 224
4793 224
4794 224
4795 224
4796 224
4797 224
4798 224
4799 224
4800 224
4801 224
4802 224
4803 224
4804 224
4805 224
4806 224
4807 224
4808 224
4809 224
4810 224
4811 224
4812 224
4813 224
4814 224
4815 224
4816 224
4817 224
4818 224
4819 224
4820 224
4821 224
4822 224
4823 224
4824 224
4825 224
4826 224
4827 224
4828 224
4829 224
4830 226
4831 226
4832 226
4833 226
4834 226
4835 226
4836 226
4837 226
4838 226
4839 226
4840 226
4841 226
4842 226
4843 226
4844 226
4845 226
4846 226
4847 226
4848 226
4849 226
4850 226
4851 226
4852 226
4853 226
4854 226
4855 226
4856 226
4857 226
4858 226
4859 226
4860 226
4861 226
4862 226
4863 226
4864 226
4865 226
4866 226
4867 226
4868 226
4869 226
4870 229
4871 229
4872 229
4873 229
4874 229
4875 229
4876 229
4877 229
4878 229
4879 229
4880 229
4881 229
4882 229
4883 229
4884 229
4885 229
4886 229
4887 229
4888 229
4889 229
4890 229
4891 229
4892 229
4893 229
4894 229
4895 229
4896 229
4897 229
4898 229
4899 229
4900 229
4901 229
4902 229
4903 229
4904 229
4905 229
4906 229
4907 229
4908 229
4909 229
4910 230
4911 230
4912 230
4913 230
4914 230
4915 230
4916 230
4917 230
4918 230
4919 230
4920 230
4921 230
4922 230
4923 230
4924 230
4925 230
4926 230
4927 230
4928 230
4929 230
4930 230
4931 230
4932 230
4933 230
4934 230
4935 230
4936 230
4937 230
4938 230
4939 230
4940 230
4941 230
4942 230
4943 230
4944 230
4945 230
4946 230
4947 230
4948 230
4949 230
4950 231
4951 231
4952 231
4953 231
4954 231
4955 231
4956 231
4957 231
4958 231
4959 231
4960 231
4961 231
4962 231
4963 231
4964 231
4965 231
4966 231
4967 231
4968 231
4969 231
4970 231
4971 231
4972 231
4973 231
4974 231
4975 231
4976 231
4977 231
4978 231
4979 231
4980 233
4981 233
4982 233
4983 233
4984 233
4985 233
4986 233
4987 233
4988 233
4989 233
4990 233
4991 233
4992 233
4993 233
4994 233
4995 233
4996 233
4997 233
4998 233
4999 233
5000 233
5001 233
5002 233
5003 233
5004 233
5005 233
5006 233
5007 233
5008 233
5009 233
5010 233
5011 233
5012 233
5013 233
5014 233
5015 233
5016 233
5017 233
5018 233
5019 233
5020 234
5021 234
5022 234
5023 234
5024 234
5025 234
5026 234
5027 234
5028 234
5029 234
5030 235
5031 235
5032 235
5033 235
5034 235
5035 235
5036 235
5037 235
5038 235
5039 235
5040 235
5041 235
5042 235
5043 235
5044 235
5045 235
5046 235
5047 235
5048 235
5049 235
5050 235
5051 235
5052 235
5053 235
5054 235
5055 235
5056 235
5057 235
5058 235
5059 235
5060 235
5061 235
5062 235
5063 235
5064 235
5065 235
5066 235
5067 235
5068 235
5069 235
5070 237
5071 237
5072 237
5073 237
5074 237
5075 237
5076 237
5077 237
5078 237
5079 237
5080 237
5081 237
5082 237
5083 237
5084 237
5085 237
5086 237
5087 237
5088 237
5089 237
5090 238
5091 238
5092 238
5093 238
5094 238
5095 238
5096 238
5097 238
5098 238
5099 238
5100 238
5101 238
5102 238
5103 238
5104 238
5105 238
5106 238
5107 238
5108 238
5109 238
5110 239
5111 239
5112 239
5113 239
5114 239
5115 239
5116 239
5117 239
5118 239
5119 239
5120 239
5121 239
5122 239
5123 239
5124 239
5125 239
5126 239
5127 239
5128 239
5129 239
5130 240
5131 240
5132 240
5133 240
5134 240
5135 240
5136 240
5137 240
5138 240
5139 240
5140 240
5141 240
5142 240
5143 240
5144 240
5145 240
5146 240
5147 240
5148 240
5149 240
5150 240
5151 240
5152 240
5153 240
5154 240
5155 240
5156 240
5157 240
5158 240
5159 240
5160 241
5161 241
5162 241
5163 241
5164 241
5165 241
5166 241
5167 241
5168 241
5169 241
5170 241
5171 241
5172 241
5173 241
5174 241
5175 241
5176 241
5177 241
5178 241
5179 241
5180 241
5181 241
5182 241
5183 241
5184 241
5185 241
5186 241
5187 241
5188 241
5189 241
5190 242
5191 242
5192 242
5193 242
5194 242
5195 242
5196 242
5197 242
5198 242
5199 242
5200 243
5201 243
5202 243
5203 243
5204 243
5205 243
5206 243
5207 243
5208 243
5209 243
5210 243
5211 243
5212 243
5213 243
5214 243
5215 243
5216 243
5217 243
5218 243
5219 243
5220 243
5221 243
5222 243
5223 243
5224 243
5225 243
5226 243
5227 243
5228 243
5229 243
5230 243
5231 243
5232 243
5233 243
5234 243
5235 243
5236 243
5237 243
5238 243
5239 243
5240 244
5241 244
5242 244
5243 244
5244 244
5245 244
5246 244
5247 244
5248 244
5249 244
5250 245
5251 245
5252 245
5253 245
5254 245
5255 245
5256 245
5257 245
5258 245
5259 245
5260 245
5261 245
5262 245
5263 245
5264 245
5265 245
5266 245
5267 245
5268 245
5269 245
5270 245
5271 245
5272 245
5273 245
5274 245
5275 245
5276 245
5277 245
5278 245
5279 245
5280 245
5281 245
5282 245
5283 245
5284 245
5285 245
5286 245
5287 245
5288 245
5289 245
5290 245
5291 245
5292 245
5293 245
5294 245
5295 245
5296 245
5297 245
5298 245
5299 245
5300 247
5301 247
5302 247
5303 247
5304 247
5305 247
5306 247
5307 247
5308 247
5309 247
5310 247
5311 247
5312 247
5313 247
5314 247
5315 247
5316 247
5317 247
5318 247
5319 247
5320 247
5321 247
5322 247
5323 247
5324 247
5325 247
5326 247
5327 247
5328 247
5329 247
5330 248
5331 248
5332 248
5333 248
5334 248
5335 248
5336 248
5337 248
5338 248
5339 248
5340 249
5341 249
5342 249
5343 249
5344 249
5345 249
5346 249
5347 249
5348 249
5349 249
5350 250
5351 250
5352 250
5353 250
5354 250
5355 250
5356 250
5357 250
5358 250
5359 250
5360 250
5361 250
5362 250
5363 250
5364 250
5365 250
5366 250
5367 250
5368 250
5369 250
5370 250
5371 250
5372 250
5373 250
5374 250
5375 250
5376 250
5377 250
5378 250
5379 250
5380 250
5381 250
5382 250
5383 250
5384 250
5385 250
5386 250
5387 250
5388 250
5389 250
5390 252
5391 252
5392 252
5393 252
5394 252
5395 252
5396 252
5397 252
5398 252
5399 252
5400 252
5401 252
5402 252
5403 252
5404 252
5405 252
5406 252
5407 252
5408 252
5409 252
5410 252
5411 252
5412 252
5413 252
5414 252
5415 252
5416 252
5417 252
5418 252
5419 252
5420 253
5421 253
5422 253
5423 253
5424 253
5425 253
5426 253
5427 253
5428 253
5429 253
5430 254
5431 254
5432 254
5433 254
5434 254
5435 254
5436 254
5437 254
5438 254
5439 254
5440 254
5441 254
5442 254
5443 254
5444 254
5445 254
5446 254
5447 254
5448 254
5449 254
5450 254
5451 254
5452 254
5453 254
5454 254
5455 254
5456 254
5457 254
5458 254
5459 254
5460 255
5461 255
5462 255
5463 255
5464 255
5465 255
5466 255
5467 255
5468 255
5469 255
5470 256
5471 256
5472 256
5473 256
5474 256
5475 256
5476 256
5477 256
5478 256
5479 256
5480 256
5481 256
5482 256
5483 256
5484 256
5485 256
5486 256
5487 256
5488 256
5489 256
5490 257
5491 257
5492 257
5493 257
5494 257
5495 257
5496 257
5497 257
5498 257
5499 257
5500 257
5501 257
5502 257
5503 257
5504 257
5505 257
5506 257
5507 257
5508 257
5509 257
5510 258
5511 258
5512 258
5513 258
5514 258
5515 258
5516 258
5517 258
5518 258
5519 258
5520 258
5521 258
5522 258
5523 258
5524 258
5525 258
5526 258
5527 258
5528 258
5529 258
5530 258
5531 258
5532 258
5533 258
5534 258
5535 258
5536 258
5537 258
5538 258
5539 258
5540 259
5541 259
5542 259
5543 259
5544 259
5545 259
5546 259
5547 259
5548 259
5549 259
5550 259
5551 259
5552 259
5553 259
5554 259
5555 259
5556 259
5557 259
5558 259
5559 259
5560 259
5561 259
5562 259
5563 259
5564 259
5565 259
5566 259
5567 259
5568 259
5569 259
5570 260
5571 260
5572 260
5573 260
5574 260
5575 260
5576 260
5577 260
5578 260
5579 260
5580 260
5581 260
5582 260
5583 260
5584 260
5585 260
5586 260
5587 260
5588 260
5589 260
5590 261
5591 261
5592 261
5593 261
5594 261
5595 261
5596 261
5597 261
5598 261
5599 261
5600 261
5601 261
5602 261
5603 261
5604 261
5605 261
5606 261
5607 261
5608 261
5609 261
5610 261
5611 261
5612 261
5613 261
5614 261
5615 261
5616 261
5617 261
5618 261
5619 261
5620 262
5621 262
5622 262
5623 262
5624 262
5625 262
5626 262
5627 262
5628 262
5629 262
5630 262
5631 262
5632 262
5633 262
5634 262
5635 262
5636 262
5637 262
5638 262
5639 262
5640 262
5641 262
5642 262
5643 262
5644 262
5645 262
5646 262
5647 262
5648 262
5649 262
5650 263
5651 263
5652 263
5653 263
5654 263
5655 263
5656 263
5657 263
5658 263
5659 263
5660 263
5661 263
5662 263
5663 263
5664 263
5665 263
5666 263
5667 263
5668 263
5669 263
5670 263
5671 263
5672 263
5673 263
5674 263
5675 263
5676 263
5677 263
5678 263
5679 263
5680 264
5681 264
5682 264
5683 264
5684 264
5685 264
5686 264
5687 264
5688 264
5689 264
5690 264
5691 264
5692 264
5693 264
5694 264
5695 264
5696 264
5697 264
5698 264
5699 264
5700 265
5701 265
5702 265
5703 265
5704 265
5705 265
5706 265
5707 265
5708 265
5709 265
5710 265
5711 265
5712 265
5713 265
5714 265
5715 265
5716 265
5717 265
5718 265
5719 265
5720 265
5721 265
5722 265
5723 265
5724 265
5725 265
5726 265
5727 265
5728 265
5729 265
5730 266
5731 266
5732 266
5733 266
5734 266
5735 266
5736 266
5737 266
5738 266
5739 266
5740 266
5741 266
5742 266
5743 266
5744 266
5745 266
5746 266
5747 266
5748 266
5749 266
5750 267
5751 267
5752 267
5753 267
5754 267
5755 267
5756 267
5757 267
5758 267
5759 267
5760 268
5761 268
5762 268
5763 268
5764 268
5765 268
5766 268
5767 268
5768 268
5769 268
5770 268
5771 268
5772 268
5773 268
5774 268
5775 268
5776 268
5777 268
5778 268
5779 268
5780 268
5781 268
5782 268
5783 268
5784 268
5785 268
5786 268
5787 268
5788 268
5789 268
5790 268
5791 268
5792 268
5793 268
5794 268
5795 268
5796 268
5797 268
5798 268
5799 268
5800 271
5801 271
5802 271
5803 271
5804 271
5805 271
5806 271
5807 271
5808 271
5809 271
5810 271
5811 271
5812 271
5813 271
5814 271
5815 271
5816 271
5817 271
5818 271
5819 271
5820 271
5821 271
5822 271
5823 271
5824 271
5825 271
5826 271
5827 271
5828 271
5829 271
5830 271
5831 271
5832 271
5833 271
5834 271
5835 271
5836 271
5837 271
5838 271
5839 271
5840 272
5841 272
5842 272
5843 272
5844 272
5845 272
5846 272
5847 272
5848 272
5849 272
5850 273
5851 273
5852 273
5853 273
5854 273
5855 273
5856 273
5857 273
5858 273
5859 273
5860 273
5861 273
5862 273
5863 273
5864 273
5865 273
5866 273
5867 273
5868 273
5869 273
5870 274
5871 274
5872 274
5873 274
5874 274
5875 274
5876 274
5877 274
5878 274
5879 274
5880 274
5881 274
5882 274
5883 274
5884 274
5885 274
5886 274
5887 274
5888 274
5889 274
5890 275
5891 275
5892 275
5893 275
5894 275
5895 275
5896 275
5897 275
5898 275
5899 275
5900 275
5901 275
5902 275
5903 275
5904 275
5905 275
5906 275
5907 275
5908 275
5909 275
5910 277
5911 277
5912 277
5913 277
5914 277
5915 277
5916 277
5917 277
5918 277
5919 277
5920 277
5921 277
5922 277
5923 277
5924 277
5925 277
5926 277
5927 277
5928 277
5929 277
5930 277
5931 277
5932 277
5933 277
5934 277
5935 277
5936 277
5937 277
5938 277
5939 277
5940 277
5941 277
5942 277
5943 277
5944 277
5945 277
5946 277
5947 277
5948 277
5949 277
5950 277
5951 277
5952 277
5953 277
5954 277
5955 277
5956 277
5957 277
5958 277
5959 277
5960 280
5961 280
5962 280
5963 280
5964 280
5965 280
5966 280
5967 280
5968 280
5969 280
5970 280
5971 280
5972 280
5973 280
5974 280
5975 280
5976 280
5977 280
5978 280
5979 280
5980 280
5981 280
5982 280
5983 280
5984 280
5985 280
5986 280
5987 280
5988 280
5989 280
5990 280
5991 280
5992 280
5993 280
5994 280
5995 280
5996 280
5997 280
5998 280
5999 280
6000 280
6001 280
6002 280
6003 280
6004 280
6005 280
6006 280
6007 280
6008 280
6009 280
6010 280
6011 280
6012 280
6013 280
6014 280
6015 280
6016 280
6017 280
6018 280
6019 280
6020 281
6021 281
6022 281
6023 281
6024 281
6025 281
6026 281
6027 281
6028 281
6029 281
6030 282
6031 282
6032 282
6033 282
6034 282
6035 282
6036 282
6037 282
6038 282
6039 282
6040 282
6041 282
6042 282
6043 282
6044 282
6045 282
6046 282
6047 282
6048 282
6049 282
6050 282
6051 282
6052 282
6053 282
6054 282
6055 282
6056 282
6057 282
6058 282
6059 282
6060 283
6061 283
6062 283
6063 283
6064 283
6065 283
6066 283
6067 283
6068 283
6069 283
6070 283
6071 283
6072 283
6073 283
6074 283
6075 283
6076 283
6077 283
6078 283
6079 283
6080 283
6081 283
6082 283
6083 283
6084 283
6085 283
6086 283
6087 283
6088 283
6089 283
6090 284
6091 284
6092 284
6093 284
6094 284
6095 284
6096 284
6097 284
6098 284
6099 284
6100 284
6101 284
6102 284
6103 284
6104 284
6105 284
6106 284
6107 284
6108 284
6109 284
6110 285
6111 285
6112 285
6113 285
6114 285
6115 285
6116 285
6117 285
6118 285
6119 285
6120 285
6121 285
6122 285
6123 285
6124 285
6125 285
6126 285
6127 285
6128 285
6129 285
6130 286
6131 286
6132 286
6133 286
6134 286
6135 286
6136 286
6137 286
6138 286
6139 286
6140 286
6141 286
6142 286
6143 286
6144 286
6145 286
6146 286
6147 286
6148 286
6149 286
6150 287
6151 287
6152 287
6153 287
6154 287
6155 287
6156 287
6157 287
6158 287
6159 287
6160 288
6161 288
6162 288
6163 288
6164 288
6165 288
6166 288
6167 288
6168 288
6169 288
6170 289
6171 289
6172 289
6173 289
6174 289
6175 289
6176 289
6177 289
6178 289
6179 289
6180 289
6181 289
6182 289
6183 289
6184 289
6185 289
6186 289
6187 289
6188 289
6189 289
6190 289
6191 289
6192 289
6193 289
6194 289
6195 289
6196 289
6197 289
6198 289
6199 289
6200 289
6201 289
6202 289
6203 289
6204 289
6205 289
6206 289
6207 289
6208 289
6209 289
6210 289
6211 289
6212 289
6213 289
6214 289
6215 289
6216 289
6217 289
6218 289
6219 289
6220 291
6221 291
6222 291
6223 291
6224 291
6225 291
6226 291
6227 291
6228 291
6229 291
6230 291
6231 291
6232 291
6233 291
6234 291
6235 291
6236 291
6237 291
6238 291
6239 291
6240 292
6241 292
6242 292
6243 292
6244 292
6245 292
6246 292
6247 292
6248 292
6249 292
6250 292
6251 292
6252 292
6253 292
6254 292
6255 292
6256 292
6257 292
6258 292
6259 292
6260 292
6261 292
6262 292
6263 292
6264 292
6265 292
6266 292
6267 292
6268 292
6269 292
6270 292
6271 292
6272 292
6273 292
6274 292
6275 292
6276 292
6277 292
6278 292
6279 292
6280 293
6281 293
6282 293
6283 293
6284 293
6285 293
6286 293
6287 293
6288 293
6289 293
6290 293
6291 293
6292 293
6293 293
6294 293
6295 293
6296 293
6297 293
6298 293
6299 293
6300 293
6301 293
6302 293
6303 293
6304 293
6305 293
6306 293
6307 293
6308 293
6309 293
6310 294
6311 294
6312 294
6313 294
6314 294
6315 294
6316 294
6317 294
6318 294
6319 294
6320 294
6321 294
6322 294
6323 294
6324 294
6325 294
6326 294
6327 294
6328 294
6329 294
6330 295
6331 295
6332 295
6333 295
6334 295
6335 295
6336 295
6337 295
6338 295
6339 295
6340 295
6341 295
6342 295
6343 295
6344 295
6345 295
6346 295
6347 295
6348 295
6349 295
6350 296
6351 296
6352 296
6353 296
6354 296
6355 296
6356 296
6357 296
6358 296
6359 296
6360 296
6361 296
6362 296
6363 296
6364 296
6365 296
6366 296
6367 296
6368 296
6369 296
6370 296
6371 296
6372 296
6373 296
6374 296
6375 296
6376 296
6377 296
6378 296
6379 296
6380 297
6381 297
6382 297
6383 297
6384 297
6385 297
6386 297
6387 297
6388 297
6389 297
6390 297
6391 297
6392 297
6393 297
6394 297
6395 297
6396 297
6397 297
6398 297
6399 297
6400 297
6401 297
6402 297
6403 297
6404 297
6405 297
6406 297
6407 297
6408 297
6409 297
6410 298
6411 298
6412 298
6413 298
6414 298
6415 298
6416 298
6417 298
6418 298
6419 298
6420 299
6421 299
6422 299
6423 299
6424 299
6425 299
6426 299
6427 299
6428 299
6429 299
6430 299
6431 299
6432 299
6433 299
6434 299
6435 299
6436 299
6437 299
6438 299
6439 299
6440 299
6441 299
6442 299
6443 299
6444 299
6445 299
6446 299
6447 299
6448 299
6449 299
6450 300
6451 300
6452 300
6453 300
6454 300
6455 300
6456 300
6457 300
6458 300
6459 300
6460 301
6461 301
6462 301
6463 301
6464 301
6465 301
6466 301
6467 301
6468 301
6469 301
6470 302
6471 302
6472 302
6473 302
6474 302
6475 302
6476 302
6477 302
6478 302
6479 302
6480 302
6481 302
6482 302
6483 302
6484 302
6485 302
6486 302
6487 302
6488 302
6489 302
6490 302
6491 302
6492 302
6493 302
6494 302
6495 302
6496 302
6497 302
6498 302
6499 302
6500 303
6501 303
6502 303
6503 303
6504 303
6505 303
6506 303
6507 303
6508 303
6509 303
6510 304
6511 304
6512 304
6513 304
6514 304
6515 304
6516 304
6517 304
6518 304
6519 304
6520 304
6521 304
6522 304
6523 304
6524 304
6525 304
6526 304
6527 304
6528 304
6529 304
6530 304
6531 304
6532 304
6533 304
6534 304
6535 304
6536 304
6537 304
6538 304
6539 304
6540 304
6541 304
6542 304
6543 304
6544 304
6545 304
6546 304
6547 304
6548 304
6549 304
6550 305
6551 305
6552 305
6553 305
6554 305
6555 305
6556 305
6557 305
6558 305
6559 305
6560 305
6561 305
6562 305
6563 305
6564 305
6565 305
6566 305
6567 305
6568 305
6569 305
6570 306
6571 306
6572 306
6573 306
6574 306
6575 306
6576 306
6577 306
6578 306
6579 306
6580 306
6581 306
6582 306
6583 306
6584 306
6585 306
6586 306
6587 306
6588 306
6589 306
6590 307
6591 307
6592 307
6593 307
6594 307
6595 307
6596 307
6597 307
6598 307
6599 307
6600 308
6601 308
6602 308
6603 308
6604 308
6605 308
6606 308
6607 308
6608 308
6609 308
6610 308
6611 308
6612 308
6613 308
6614 308
6615 308
6616 308
6617 308
6618 308
6619 308
6620 309
6621 309
6622 309
6623 309
6624 309
6625 309
6626 309
6627 309
6628 309
6629 309
6630 310
6631 310
6632 310
6633 310
6634 310
6635 310
6636 310
6637 310
6638 310
6639 310
6640 310
6641 310
6642 310
6643 310
6644 310
6645 310
6646 310
6647 310
6648 310
6649 310
6650 310
6651 310
6652 310
6653 310
6654 310
6655 310
6656 310
6657 310
6658 310
6659 310
6660 310
6661 310
6662 310
6663 310
6664 310
6665 310
6666 310
6667 310
6668 310
6669 310
6670 310
6671 310
6672 310
6673 310
6674 310
6675 310
6676 310
6677 310
6678 310
6679 310
6680 312
6681 312
6682 312
6683 312
6684 312
6685 312
6686 312
6687 312
6688 312
6689 312
6690 312
6691 312
6692 312
6693 312
6694 312
6695 312
6696 312
6697 312
6698 312
6699 312
6700 313
6701 313
6702 313
6703 313
6704 313
6705 313
6706 313
6707 313
6708 313
6709 313
6710 313
6711 313
6712 313
6713 313
6714 313
6715 313
6716 313
6717 313
6718 313
6719 313
6720 313
6721 313
6722 313
6723 313
6724 313
6725 313
6726 313
6727 313
6728 313
6729 313
6730 313
6731 313
6732 313
6733 313
6734 313
6735 313
6736 313
6737 313
6738 313
6739 313
6740 315
6741 315
6742 315
6743 315
6744 315
6745 315
6746 315
6747 315
6748 315
6749 315
6750 315
6751 315
6752 315
6753 315
6754 315
6755 315
6756 315
6757 315
6758 315
6759 315
6760 316
6761 316
6762 316
6763 316
6764 316
6765 316
6766 316
6767 316
6768 316
6769 316
6770 316
6771 316
6772 316
6773 316
6774 316
6775 316
6776 316
6777 316
6778 316
6779 316
6780 317
6781 317
6782 317
6783 317
6784 317
6785 317
6786 317
6787 317
6788 317
6789 317
6790 317
6791 317
6792 317
6793 317
6794 317
6795 317
6796 317
6797 317
6798 317
6799 317
6800 318
6801 318
6802 318
6803 318
6804 318
6805 318
6806 318
6807 318
6808 318
6809 318
6810 319
6811 319
6812 319
6813 319
6814 319
6815 319
6816 319
6817 319
6818 319
6819 319
6820 319
6821 319
6822 319
6823 319
6824 319
6825 319
6826 319
6827 319
6828 319
6829 319
6830 320
6831 320
6832 320
6833 320
6834 320
6835 320
6836 320
6837 320
6838 320
6839 320
6840 321
6841 321
6842 321
6843 321
6844 321
6845 321
6846 321
6847 321
6848 321
6849 321
6850 321
6851 321
6852 321
6853 321
6854 321
6855 321
6856 321
6857 321
6858 321
6859 321
6860 321
6861 321
6862 321
6863 321
6864 321
6865 321
6866 321
6867 321
6868 321
6869 321
6870 321
6871 321
6872 321
6873 321
6874 321
6875 321
6876 321
6877 321
6878 321
6879 321
6880 322
6881 322
6882 322
6883 322
6884 322
6885 322
6886 322
6887 322
6888 322
6889 322
6890 323
6891 323
6892 323
6893 323
6894 323
6895 323
6896 323
6897 323
6898 323
6899 323
6900 324
6901 324
6902 324
6903 324
6904 324
6905 324
6906 324
6907 324
6908 324
6909 324
6910 324
6911 324
6912 324
6913 324
6914 324
6915 324
6916 324
6917 324
6918 324
6919 324
6920 324
6921 324
6922 324
6923 324
6924 324
6925 324
6926 324
6927 324
6928 324
6929 324
6930 325
6931 325
6932 325
6933 325
6934 325
6935 325
6936 325
6937 325
6938 325
6939 325
6940 326
6941 326
6942 326
6943 326
6944 326
6945 326
6946 326
6947 326
6948 326
6949 326
6950 326
6951 326
6952 326
6953 326
6954 326
6955 326
6956 326
6957 326
6958 326
6959 326
6960 326
6961 326
6962 326
6963 326
6964 326
6965 326
6966 326
6967 326
6968 326
6969 326
6970 326
6971 326
6972 326
6973 326
6974 326
6975 326
6976 326
6977 326
6978 326
6979 326
6980 327
6981 327
6982 327
6983 327
6984 327
6985 327
6986 327
6987 327
6988 327
6989 327
6990 327
6991 327
6992 327
6993 327
6994 327
6995 327
6996 327
6997 327
6998 327
6999 327
7000 327
7001 327
7002 327
7003 327
7004 327
7005 327
7006 327
7007 327
7008 327
7009 327
7010 328
7011 328
7012 328
7013 328
7014 328
7015 328
7016 328
7017 328
7018 328
7019 328
7020 329
7021 329
7022 329
7023 329
7024 329
7025 329
7026 329
7027 329
7028 329
7029 329
7030 329
7031 329
7032 329
7033 329
7034 329
7035 329
7036 329
7037 329
7038 329
7039 329
7040 329
7041 329
7042 329
7043 329
7044 329
7045 329
7046 329
7047 329
7048 329
7049 329
7050 329
7051 329
7052 329
7053 329
7054 329
7055 329
7056 329
7057 329
7058 329
7059 329
7060 329
7061 329
7062 329
7063 329
7064 329
7065 329
7066 329
7067 329
7068 329
7069 329
7070 331
7071 331
7072 331
7073 331
7074 331
7075 331
7076 331
7077 331
7078 331
7079 331
7080 331
7081 331
7082 331
7083 331
7084 331
7085 331
7086 331
7087 331
7088 331
7089 331
7090 333
7091 333
7092 333
7093 333
7094 333
7095 333
7096 333
7097 333
7098 333
7099 333
7100 333
7101 333
7102 333
7103 333
7104 333
7105 333
7106 333
7107 333
7108 333
7109 333
7110 333
7111 333
7112 333
7113 333
7114 333
7115 333
7116 333
7117 333
7118 333
7119 333
7120 333
7121 333
7122 333
7123 333
7124 333
7125 333
7126 333
7127 333
7128 333
7129 333
7130 334
7131 334
7132 334
7133 334
7134 334
7135 334
7136 334
7137 334
7138 334
7139 334
7140 335
7141 335
7142 335
7143 335
7144 335
7145 335
7146 335
7147 335
7148 335
7149 335
7150 336
7151 336
7152 336
7153 336
7154 336
7155 336
7156 336
7157 336
7158 336
7159 336
7160 336
7161 336
7162 336
7163 336
7164 336
7165 336
7166 336
7167 336
7168 336
7169 336
7170 336
7171 336
7172 336
7173 336
7174 336
7175 336
7176 336
7177 336
7178 336
7179 336
7180 337
7181 337
7182 337
7183 337
7184 337
7185 337
7186 337
7187 337
7188 337
7189 337
7190 337
7191 337
7192 337
7193 337
7194 337
7195 337
7196 337
7197 337
7198 337
7199 337
7200 337
7201 337
7202 337
7203 337
7204 337
7205 337
7206 337
7207 337
7208 337
7209 337
7210 337
7211 337
7212 337
7213 337
7214 337
7215 337
7216 337
7217 337
7218 337
7219 337
7220 337
7221 337
7222 337
7223 337
7224 337
7225 337
7226 337
7227 337
7228 337
7229 337
7230 339
7231 339
7232 339
7233 339
7234 339
7235 339
7236 339
7237 339
7238 339
7239 339
7240 339
7241 339
7242 339
7243 339
7244 339
7245 339
7246 339
7247 339
7248 339
7249 339
7250 339
7251 339
7252 339
7253 339
7254 339
7255 339
7256 339
7257 339
7258 339
7259 339
7260 340
7261 340
7262 340
7263 340
7264 340
7265 340
7266 340
7267 340
7268 340
7269 340
7270 340
7271 340
7272 340
7273 340
7274 340
7275 340
7276 340
7277 340
7278 340
7279 340
7280 341
7281 341
7282 341
7283 341
7284 341
7285 341
7286 341
7287 341
7288 341
7289 341
7290 342
7291 342
7292 342
7293 342
7294 342
7295 342
7296 342
7297 342
7298 342
7299 342
7300 342
7301 342
7302 342
7303 342
7304 342
7305 342
7306 342
7307 342
7308 342
7309 342
7310 343
7311 343
7312 343
7313 343
7314 343
7315 343
7316 343
7317 343
7318 343
7319 343
7320 343
7321 343
7322 343
7323 343
7324 343
7325 343
7326 343
7327 343
7328 343
7329 343
7330 344
7331 344
7332 344
7333 344
7334 344
7335 344
7336 344
7337 344
7338 344
7339 344
7340 344
7341 344
7342 344
7343 344
7344 344
7345 344
7346 344
7347 344
7348 344
7349 344
7350 345
7351 345
7352 345
7353 345
7354 345
7355 345
7356 345
7357 345
7358 345
7359 345
7360 346
7361 346
7362 346
7363 346
7364 346
7365 346
7366 346
7367 346
7368 346
7369 346
7370 346
7371 346
7372 346
7373 346
7374 346
7375 346
7376 346
7377 346
7378 346
7379 346
7380 346
7381 346
7382 346
7383 346
7384 346
7385 346
7386 346
7387 346
7388 346
7389 346
7390 346
7391 346
7392 346
7393 346
7394 346
7395 346
7396 346
7397 346
7398 346
7399 346
7400 346
7401 346
7402 346
7403 346
7404 346
7405 346
7406 346
7407 346
7408 346
7409 346
7410 348
7411 348
7412 348
7413 348
7414 348
7415 348
7416 348
7417 348
7418 348
7419 348
7420 350
7421 350
7422 350
7423 350
7424 350
7425 350
7426 350
7427 350
7428 350
7429 350
7430 350
7431 350
7432 350
7433 350
7434 350
7435 350
7436 350
7437 350
7438 350
7439 350
7440 350
7441 350
7442 350
7443 350
7444 350
7445 350
7446 350
7447 350
7448 350
7449 350
7450 350
7451 350
7452 350
7453 350
7454 350
7455 350
7456 350
7457 350
7458 350
7459 350
7460 351
7461 351
7462 351
7463 351
7464 351
7465 351
7466 351
7467 351
7468 351
7469 351
7470 351
7471 351
7472 351
7473 351
7474 351
7475 351
7476 351
7477 351
7478 351
7479 351
7480 352
7481 352
7482 352
7483 352
7484 352
7485 352
7486 352
7487 352
7488 352
7489 352
7490 352
7491 352
7492 352
7493 352
7494 352
7495 352
7496 352
7497 352
7498 352
7499 352
7500 353
7501 353
7502 353
7503 353
7504 353
7505 353
7506 353
7507 353
7508 353
7509 353
7510 353
7511 353
7512 353
7513 353
7514 353
7515 353
7516 353
7517 353
7518 353
7519 353
7520 354
7521 354
7522 354
7523 354
7524 354
7525 354
7526 354
7527 354
7528 354
7529 354
7530 354
7531 354
7532 354
7533 354
7534 354
7535 354
7536 354
7537 354
7538 354
7539 354
7540 354
7541 354
7542 354
7543 354
7544 354
7545 354
7546 354
7547 354
7548 354
7549 354
7550 354
7551 354
7552 354
7553 354
7554 354
7555 354
7556 354
7557 354
7558 354
7559 354
7560 355
7561 355
7562 355
7563 355
7564 355
7565 355
7566 355
7567 355
7568 355
7569 355
7570 356
7571 356
7572 356
7573 356
7574 356
7575 356
7576 356
7577 356
7578 356
7579 356
7580 356
7581 356
7582 356
7583 356
7584 356
7585 356
7586 356
7587 356
7588 356
7589 356
7590 356
7591 356
7592 356
7593 356
7594 356
7595 356
7596 356
7597 356
7598 356
7599 356
7600 356
7601 356
7602 356
7603 356
7604 356
7605 356
7606 356
7607 356
7608 356
7609 356
7610 357
7611 357
7612 357
7613 357
7614 357
7615 357
7616 357
7617 357
7618 357
7619 357
7620 357
7621 357
7622 357
7623 357
7624 357
7625 357
7626 357
7627 357
7628 357
7629 357
7630 358
7631 358
7632 358
7633 358
7634 358
7635 358
7636 358
7637 358
7638 358
7639 358
7640 358
7641 358
7642 358
7643 358
7644 358
7645 358
7646 358
7647 358
7648 358
7649 358
7650 359
7651 359
7652 359
7653 359
7654 359
7655 359
7656 359
7657 359
7658 359
7659 359
7660 359
7661 359
7662 359
7663 359
7664 359
7665 359
7666 359
7667 359
7668 359
7669 359
7670 359
7671 359
7672 359
7673 359
7674 359
7675 359
7676 359
7677 359
7678 359
7679 359
7680 359
7681 359
7682 359
7683 359
7684 359
7685 359
7686 359
7687 359
7688 359
7689 359
7690 360
7691 360
7692 360
7693 360
7694 360
7695 360
7696 360
7697 360
7698 360
7699 360
7700 361
7701 361
7702 361
7703 361
7704 361
7705 361
7706 361
7707 361
7708 361
7709 361
7710 361
7711 361
7712 361
7713 361
7714 361
7715 361
7716 361
7717 361
7718 361
7719 361
7720 361
7721 361
7722 361
7723 361
7724 361
7725 361
7726 361
7727 361
7728 361
7729 361
7730 361
7731 361
7732 361
7733 361
7734 361
7735 361
7736 361
7737 361
7738 361
7739 361
7740 362
7741 362
7742 362
7743 362
7744 362
7745 362
7746 362
7747 362
7748 362
7749 362
7750 363
7751 363
7752 363
7753 363
7754 363
7755 363
7756 363
7757 363
7758 363
7759 363
7760 363
7761 363
7762 363
7763 363
7764 363
7765 363
7766 363
7767 363
7768 363
7769 363
7770 363
7771 363
7772 363
7773 363
7774 363
7775 363
7776 363
7777 363
7778 363
7779 363
7780 363
7781 363
7782 363
7783 363
7784 363
7785 363
7786 363
7787 363
7788 363
7789 363
7790 363
7791 363
7792 363
7793 363
7794 363
7795 363
7796 363
7797 363
7798 363
7799 363
7800 365
7801 365
7802 365
7803 365
7804 365
7805 365
7806 365
7807 365
7808 365
7809 365
7810 366
7811 366
7812 366
7813 366
7814 366
7815 366
7816 366
7817 366
7818 366
7819 366
7820 366
7821 366
7822 366
7823 366
7824 366
7825 366
7826 366
7827 366
7828 366
7829 366
7830 366
7831 366
7832 366
7833 366
7834 366
7835 366
7836 366
7837 366
7838 366
7839 366
7840 366
7841 366
7842 366
7843 366
7844 366
7845 366
7846 366
7847 366
7848 366
7849 366
7850 367
7851 367
7852 367
7853 367
7854 367
7855 367
7856 367
7857 367
7858 367
7859 367
7860 368
7861 368
7862 368
7863 368
7864 368
7865 368
7866 368
7867 368
7868 368
7869 368
7870 368
7871 368
7872 368
7873 368
7874 368
7875 368
7876 368
7877 368
7878 368
7879 368
7880 368
7881 368
7882 368
7883 368
7884 368
7885 368
7886 368
7887 368
7888 368
7889 368
7890 370
7891 370
7892 370
7893 370
7894 370
7895 370
7896 370
7897 370
7898 370
7899 370
7900 370
7901 370
7902 370
7903 370
7904 370
7905 370
7906 370
7907 370
7908 370
7909 370
7910 370
7911 370
7912 370
7913 370
7914 370
7915 370
7916 370
7917 370
7918 370
7919 370
7920 370
7921 370
7922 370
7923 370
7924 370
7925 370
7926 370
7927 370
7928 370
7929 370
7930 370
7931 370
7932 370
7933 370
7934 370
7935 370
7936 370
7937 370
7938 370
7939 370
7940 371
7941 371
7942 371
7943 371
7944 371
7945 371
7946 371
7947 371
7948 371
7949 371
7950 372
7951 372
7952 372
7953 372
7954 372
7955 372
7956 372
7957 372
7958 372
7959 372
7960 372
7961 372
7962 372
7963 372
7964 372
7965 372
7966 372
7967 372
7968 372
7969 372
7970 374
7971 374
7972 374
7973 374
7974 374
7975 374
7976 374
7977 374
7978 374
7979 374
7980 374
7981 374
7982 374
7983 374
7984 374
7985 374
7986 374
7987 374
7988 374
7989 374
7990 374
7991 374
7992 374
7993 374
7994 374
7995 374
7996 374
7997 374
7998 374
7999 374
8000 374
8001 374
8002 374
8003 374
8004 374
8005 374
8006 374
8007 374
8008 374
8009 374
8010 375
8011 375
8012 375
8013 375
8014 375
8015 375
8016 375
8017 375
8018 375
8019 375
8020 375
8021 375
8022 375
8023 375
8024 375
8025 375
8026 375
8027 375
8028 375
8029 375
8030 375
8031 375
8032 375
8033 375
8034 375
8035 375
8036 375
8037 375
8038 375
8039 375
8040 376
8041 376
8042 376
8043 376
8044 376
8045 376
8046 376
8047 376
8048 376
8049 376
8050 376
8051 376
8052 376
8053 376
8054 376
8055 376
8056 376
8057 376
8058 376
8059 376
8060 376
8061 376
8062 376
8063 376
8064 376
8065 376
8066 376
8067 376
8068 376
8069 376
8070 376
8071 376
8072 376
8073 376
8074 376
8075 376
8076 376
8077 376
8078 376
8079 376
8080 377
8081 377
8082 377
8083 377
8084 377
8085 377
8086 377
8087 377
8088 377
8089 377
8090 378
8091 378
8092 378
8093 378
8094 378
8095 378
8096 378
8097 378
8098 378
8099 378
8100 378
8101 378
8102 378
8103 378
8104 378
8105 378
8106 378
8107 378
8108 378
8109 378
8110 378
8111 378
8112 378
8113 378
8114 378
8115 378
8116 378
8117 378
8118 378
8119 378
8120 379
8121 379
8122 379
8123 379
8124 379
8125 379
8126 379
8127 379
8128 379
8129 379
8130 379
8131 379
8132 379
8133 379
8134 379
8135 379
8136 379
8137 379
8138 379
8139 379
8140 379
8141 379
8142 379
8143 379
8144 379
8145 379
8146 379
8147 379
8148 379
8149 379
8150 379
8151 379
8152 379
8153 379
8154 379
8155 379
8156 379
8157 379
8158 379
8159 379
8160 380
8161 380
8162 380
8163 380
8164 380
8165 380
8166 380
8167 380
8168 380
8169 380
8170 380
8171 380
8172 380
8173 380
8174 380
8175 380
8176 380
8177 380
8178 380
8179 380
8180 381
8181 381
8182 381
8183 381
8184 381
8185 381
8186 381
8187 381
8188 381
8189 381
8190 382
8191 382
8192 382
8193 382
8194 382
8195 382
8196 382
8197 382
8198 382
8199 382
8200 382
8201 382
8202 382
8203 382
8204 382
8205 382
8206 382
8207 382
8208 382
8209 382
8210 382
8211 382
8212 382
8213 382
8214 382
8215 382
8216 382
8217 382
8218 382
8219 382
8220 383
8221 383
8222 383
8223 383
8224 383
8225 383
8226 383
8227 383
8228 383
8229 383
8230 384
8231 384
8232 384
8233 384
8234 384
8235 384
8236 384
8237 384
8238 384
8239 384
8240 384
8241 384
8242 384
8243 384
8244 384
8245 384
8246 384
8247 384
8248 384
8249 384
8250 384
8251 384
8252 384
8253 384
8254 384
8255 384
8256 384
8257 384
8258 384
8259 384
8260 385
8261 385
8262 385
8263 385
8264 385
8265 385
8266 385
8267 385
8268 385
8269 385
8270 386
8271 386
8272 386
8273 386
8274 386
8275 386
8276 386
8277 386
8278 386
8279 386
8280 388
8281 388
8282 388
8283 388
8284 388
8285 388
8286 388
8287 388
8288 388
8289 388
8290 388
8291 388
8292 388
8293 388
8294 388
8295 388
8296 388
8297 388
8298 388
8299 388
8300 388
8301 388
8302 388
8303 388
8304 388
8305 388
8306 388
8307 388
8308 388
8309 388
8310 388
8311 388
8312 388
8313 388
8314 388
8315 388
8316 388
8317 388
8318 388
8319 388
8320 388
8321 388
8322 388
8323 388
8324 388
8325 388
8326 388
8327 388
8328 388
8329 388
8330 389
8331 389
8332 389
8333 389
8334 389
8335 389
8336 389
8337 389
8338 389
8339 389
8340 389
8341 389
8342 389
8343 389
8344 389
8345 389
8346 389
8347 389
8348 389
8349 389
8350 389
8351 389
8352 389
8353 389
8354 389
8355 389
8356 389
8357 389
8358 389
8359 389
8360 389
8361 389
8362 389
8363 389
8364 389
8365 389
8366 389
8367 389
8368 389
8369 389
8370 390
8371 390
8372 390
8373 390
8374 390
8375 390
8376 390
8377 390
8378 390
8379 390
8380 391
8381 391
8382 391
8383 391
8384 391
8385 391
8386 391
8387 391
8388 391
8389 391
8390 391
8391 391
8392 391
8393 391
8394 391
8395 391
8396 391
8397 391
8398 391
8399 391
8400 391
8401 391
8402 391
8403 391
8404 391
8405 391
8406 391
8407 391
8408 391
8409 391
8410 392
8411 392
8412 392
8413 392
8414 392
8415 392
8416 392
8417 392
8418 392
8419 392
8420 392
8421 392
8422 392
8423 392
8424 392
8425 392
8426 392
8427 392
8428 392
8429 392
8430 392
8431 392
8432 392
8433 392
8434 392
8435 392
8436 392
8437 392
8438 392
8439 392
8440 392
8441 392
8442 392
8443 392
8444 392
8445 392
8446 392
8447 392
8448 392
8449 392
8450 394
8451 394
8452 394
8453 394
8454 394
8455 394
8456 394
8457 394
8458 394
8459 394
8460 394
8461 394
8462 394
8463 394
8464 394
8465 394
8466 394
8467 394
8468 394
8469 394
8470 394
8471 394
8472 394
8473 394
8474 394
8475 394
8476 394
8477 394
8478 394
8479 394
8480 394
8481 394
8482 394
8483 394
8484 394
8485 394
8486 394
8487 394
8488 394
8489 394
8490 394
8491 394
8492 394
8493 394
8494 394
8495 394
8496 394
8497 394
8498 394
8499 394
8500 395
8501 395
8502 395
8503 395
8504 395
8505 395
8506 395
8507 395
8508 395
8509 395
8510 396
8511 396
8512 396
8513 396
8514 396
8515 396
8516 396
8517 396
8518 396
8519 396
8520 396
8521 396
8522 396
8523 396
8524 396
8525 396
8526 396
8527 396
8528 396
8529 396
8530 396
8531 396
8532 396
8533 396
8534 396
8535 396
8536 396
8537 396
8538 396
8539 396
8540 396
8541 396
8542 396
8543 396
8544 396
8545 396
8546 396
8547 396
8548 396
8549 396
8550 397
8551 397
8552 397
8553 397
8554 397
8555 397
8556 397
8557 397
8558 397
8559 397
8560 398
8561 398
8562 398
8563 398
8564 398
8565 398
8566 398
8567 398
8568 398
8569 398
8570 398
8571 398
8572 398
8573 398
8574 398
8575 398
8576 398
8577 398
8578 398
8579 398
8580 398
8581 398
8582 398
8583 398
8584 398
8585 398
8586 398
8587 398
8588 398
8589 398
8590 129
8591 129
8592 129
8593 129
8594 129
8595 129
8596 129
8597 129
8598 129
8599 129
8600 387
8601 387
8602 387
8603 387
8604 387
8605 387
8606 387
8607 387
8608 387
8609 387
8610 387
8611 387
8612 387
8613 387
8614 387
8615 387
8616 387
8617 387
8618 387
8619 387
8620 4
8621 4
8622 4
8623 4
8624 4
8625 4
8626 4
8627 4
8628 4
8629 4
8630 132
8631 132
8632 132
8633 132
8634 132
8635 132
8636 132
8637 132
8638 132
8639 132
8640 132
8641 132
8642 132
8643 132
8644 132
8645 132
8646 132
8647 132
8648 132
8649 132
8650 132
8651 132
8652 132
8653 132
8654 132
8655 132
8656 132
8657 132
8658 132
8659 132
8660 132
8661 132
8662 132
8663 132
8664 132
8665 132
8666 132
8667 132
8668 132
8669 132
8670 132
8671 132
8672 132
8673 132
8674 132
8675 132
8676 132
8677 132
8678 132
8679 132
8680 137
8681 137
8682 137
8683 137
8684 137
8685 137
8686 137
8687 137
8688 137
8689 137
8690 137
8691 137
8692 137
8693 137
8694 137
8695 137
8696 137
8697 137
8698 137
8699 137
8700 137
8701 137
8702 137
8703 137
8704 137
8705 137
8706 137
8707 137
8708 137
8709 137
8710 393
8711 393
8712 393
8713 393
8714 393
8715 393
8716 393
8717 393
8718 393
8719 393
8720 12
8721 12
8722 12
8723 12
8724 12
8725 12
8726 12
8727 12
8728 12
8729 12
8730 269
8731 269
8732 269
8733 269
8734 269
8735 269
8736 269
8737 269
8738 269
8739 269
8740 269
8741 269
8742 269
8743 269
8744 269
8745 269
8746 269
8747 269
8748 269
8749 269
8750 270
8751 270
8752 270
8753 270
8754 270
8755 270
8756 270
8757 270
8758 270
8759 270
8760 270
8761 270
8762 270
8763 270
8764 270
8765 270
8766 270
8767 270
8768 270
8769 270
8770 17
8771 17
8772 17
8773 17
8774 17
8775 17
8776 17
8777 17
8778 17
8779 17
8780 17
8781 17
8782 17
8783 17
8784 17
8785 17
8786 17
8787 17
8788 17
8789 17
8790 276
8791 276
8792 276
8793 276
8794 276
8795 276
8796 276
8797 276
8798 276
8799 276
8800 278
8801 278
8802 278
8803 278
8804 278
8805 278
8806 278
8807 278
8808 278
8809 278
8810 278
8811 278
8812 278
8813 278
8814 278
8815 278
8816 278
8817 278
8818 278
8819 278
8820 278
8821 278
8822 278
8823 278
8824 278
8825 278
8826 278
8827 278
8828 278
8829 278
8830 151
8831 151
8832 151
8833 151
8834 151
8835 151
8836 151
8837 151
8838 151
8839 151
8840 279
8841 279
8842 279
8843 279
8844 279
8845 279
8846 279
8847 279
8848 279
8849 279
8850 279
8851 279
8852 279
8853 279
8854 279
8855 279
8856 279
8857 279
8858 279
8859 279
8860 279
8861 279
8862 279
8863 279
8864 279
8865 279
8866 279
8867 279
8868 279
8869 279
8870 279
8871 279
8872 279
8873 279
8874 279
8875 279
8876 279
8877 279
8878 279
8879 279
8880 155
8881 155
8882 155
8883 155
8884 155
8885 155
8886 155
8887 155
8888 155
8889 155
8890 155
8891 155
8892 155
8893 155
8894 155
8895 155
8896 155
8897 155
8898 155
8899 155
8900 155
8901 155
8902 155
8903 155
8904 155
8905 155
8906 155
8907 155
8908 155
8909 155
8910 155
8911 155
8912 155
8913 155
8914 155
8915 155
8916 155
8917 155
8918 155
8919 155
8920 155
8921 155
8922 155
8923 155
8924 155
8925 155
8926 155
8927 155
8928 155
8929 155
8930 290
8931 290
8932 290
8933 290
8934 290
8935 290
8936 290
8937 290
8938 290
8939 290
8940 290
8941 290
8942 290
8943 290
8944 290
8945 290
8946 290
8947 290
8948 290
8949 290
8950 290
8951 290
8952 290
8953 290
8954 290
8955 290
8956 290
8957 290
8958 290
8959 290
8960 165
8961 165
8962 165
8963 165
8964 165
8965 165
8966 165
8967 165
8968 165
8969 165
8970 39
8971 39
8972 39
8973 39
8974 39
8975 39
8976 39
8977 39
8978 39
8979 39
8980 39
8981 39
8982 39
8983 39
8984 39
8985 39
8986 39
8987 39
8988 39
8989 39
8990 39
8991 39
8992 39
8993 39
8994 39
8995 39
8996 39
8997 39
8998 39
8999 39
9000 39
9001 39
9002 39
9003 39
9004 39
9005 39
9006 39
9007 39
9008 39
9009 39
9010 167
9011 167
9012 167
9013 167
9014 167
9015 167
9016 167
9017 167
9018 167
9019 167
9020 167
9021 167
9022 167
9023 167
9024 167
9025 167
9026 167
9027 167
9028 167
9029 167
9030 167
9031 167
9032 167
9033 167
9034 167
9035 167
9036 167
9037 167
9038 167
9039 167
9040 172
9041 172
9042 172
9043 172
9044 172
9045 172
9046 172
9047 172
9048 172
9049 172
9050 172
9051 172
9052 172
9053 172
9054 172
9055 172
9056 172
9057 172
9058 172
9059 172
9060 172
9061 172
9062 172
9063 172
9064 172
9065 172
9066 172
9067 172
9068 172
9069 172
9070 172
9071 172
9072 172
9073 172
9074 172
9075 172
9076 172
9077 172
9078 172
9079 172
9080 50
9081 50
9082 50
9083 50
9084 50
9085 50
9086 50
9087 50
9088 50
9089 50
9090 50
9091 50
9092 50
9093 50
9094 50
9095 50
9096 50
9097 50
9098 50
9099 50
9100 50
9101 50
9102 50
9103 50
9104 50
9105 50
9106 50
9107 50
9108 50
9109 50
9110 311
9111 311
9112 311
9113 311
9114 311
9115 311
9116 311
9117 311
9118 311
9119 311
9120 184
9121 184
9122 184
9123 184
9124 184
9125 184
9126 184
9127 184
9128 184
9129 184
9130 184
9131 184
9132 184
9133 184
9134 184
9135 184
9136 184
9137 184
9138 184
9139 184
9140 184
9141 184
9142 184
9143 184
9144 184
9145 184
9146 184
9147 184
9148 184
9149 184
9150 314
9151 314
9152 314
9153 314
9154 314
9155 314
9156 314
9157 314
9158 314
9159 314
9160 187
9161 187
9162 187
9163 187
9164 187
9165 187
9166 187
9167 187
9168 187
9169 187
9170 187
9171 187
9172 187
9173 187
9174 187
9175 187
9176 187
9177 187
9178 187
9179 187
9180 187
9181 187
9182 187
9183 187
9184 187
9185 187
9186 187
9187 187
9188 187
9189 187
9190 64
9191 64
9192 64
9193 64
9194 64
9195 64
9196 64
9197 64
9198 64
9199 64
9200 194
9201 194
9202 194
9203 194
9204 194
9205 194
9206 194
9207 194
9208 194
9209 194
9210 194
9211 194
9212 194
9213 194
9214 194
9215 194
9216 194
9217 194
9218 194
9219 194
9220 67
9221 67
9222 67
9223 67
9224 67
9225 67
9226 67
9227 67
9228 67
9229 67
9230 67
9231 67
9232 67
9233 67
9234 67
9235 67
9236 67
9237 67
9238 67
9239 67
9240 330
9241 330
9242 330
9243 330
9244 330
9245 330
9246 330
9247 330
9248 330
9249 330
9250 330
9251 330
9252 330
9253 330
9254 330
9255 330
9256 330
9257 330
9258 330
9259 330
9260 203
9261 203
9262 203
9263 203
9264 203
9265 203
9266 203
9267 203
9268 203
9269 203
9270 203
9271 203
9272 203
9273 203
9274 203
9275 203
9276 203
9277 203
9278 203
9279 203
9280 203
9281 203
9282 203
9283 203
9284 203
9285 203
9286 203
9287 203
9288 203
9289 203
9290 332
9291 332
9292 332
9293 332
9294 332
9295 332
9296 332
9297 332
9298 332
9299 332
9300 332
9301 332
9302 332
9303 332
9304 332
9305 332
9306 332
9307 332
9308 332
9309 332
9310 332
9311 332
9312 332
9313 332
9314 332
9315 332
9316 332
9317 332
9318 332
9319 332
9320 332
9321 332
9322 332
9323 332
9324 332
9325 332
9326 332
9327 332
9328 332
9329 332
9330 332
9331 332
9332 332
9333 332
9334 332
9335 332
9336 332
9337 332
9338 332
9339 332
9340 332
9341 332
9342 332
9343 332
9344 332
9345 332
9346 332
9347 332
9348 332
9349 332
9350 78
9351 78
9352 78
9353 78
9354 78
9355 78
9356 78
9357 78
9358 78
9359 78
9360 82
9361 82
9362 82
9363 82
9364 82
9365 82
9366 82
9367 82
9368 82
9369 82
9370 82
9371 82
9372 82
9373 82
9374 82
9375 82
9376 82
9377 82
9378 82
9379 82
9380 82
9381 82
9382 82
9383 82
9384 82
9385 82
9386 82
9387 82
9388 82
9389 82
9390 210
9391 210
9392 210
9393 210
9394 210
9395 210
9396 210
9397 210
9398 210
9399 210
9400 338
9401 338
9402 338
9403 338
9404 338
9405 338
9406 338
9407 338
9408 338
9409 338
9410 213
9411 213
9412 213
9413 213
9414 213
9415 213
9416 213
9417 213
9418 213
9419 213
9420 213
9421 213
9422 213
9423 213
9424 213
9425 213
9426 213
9427 213
9428 213
9429 213
9430 213
9431 213
9432 213
9433 213
9434 213
9435 213
9436 213
9437 213
9438 213
9439 213
9440 213
9441 213
9442 213
9443 213
9444 213
9445 213
9446 213
9447 213
9448 213
9449 213
9450 87
9451 87
9452 87
9453 87
9454 87
9455 87
9456 87
9457 87
9458 87
9459 87
9460 87
9461 87
9462 87
9463 87
9464 87
9465 87
9466 87
9467 87
9468 87
9469 87
9470 87
9471 87
9472 87
9473 87
9474 87
9475 87
9476 87
9477 87
9478 87
9479 87
9480 219
9481 219
9482 219
9483 219
9484 219
9485 219
9486 219
9487 219
9488 219
9489 219
9490 347
9491 347
9492 347
9493 347
9494 347
9495 347
9496 347
9497 347
9498 347
9499 347
9500 347
9501 347
9502 347
9503 347
9504 347
9505 347
9506 347
9507 347
9508 347
9509 347
9510 347
9511 347
9512 347
9513 347
9514 347
9515 347
9516 347
9517 347
9518 347
9519 347
9520 347
9521 347
9522 347
9523 347
9524 347
9525 347
9526 347
9527 347
9528 347
9529 347
9530 347
9531 347
9532 347
9533 347
9534 347
9535 347
9536 347
9537 347
9538 347
9539 347
9540 221
9541 221
9542 221
9543 221
9544 221
9545 221
9546 221
9547 221
9548 221
9549 221
9550 221
9551 221
9552 221
9553 221
9554 221
9555 221
9556 221
9557 221
9558 221
9559 221
9560 221
9561 221
9562 221
9563 221
9564 221
9565 221
9566 221
9567 221
9568 221
9569 221
9570 221
9571 221
9572 221
9573 221
9574 221
9575 221
9576 221
9577 221
9578 221
9579 221
9580 349
9581 349
9582 349
9583 349
9584 349
9585 349
9586 349
9587 349
9588 349
9589 349
9590 225
9591 225
9592 225
9593 225
9594 225
9595 225
9596 225
9597 225
9598 225
9599 225
9600 227
9601 227
9602 227
9603 227
9604 227
9605 227
9606 227
9607 227
9608 227
9609 227
9610 227
9611 227
9612 227
9613 227
9614 227
9615 227
9616 227
9617 227
9618 227
9619 227
9620 227
9621 227
9622 227
9623 227
9624 227
9625 227
9626 227
9627 227
9628 227
9629 227
9630 228
9631 228
9632 228
9633 228
9634 228
9635 228
9636 228
9637 228
9638 228
9639 228
9640 103
9641 103
9642 103
9643 103
9644 103
9645 103
9646 103
9647 103
9648 103
9649 103
9650 103
9651 103
9652 103
9653 103
9654 103
9655 103
9656 103
9657 103
9658 103
9659 103
9660 103
9661 103
9662 103
9663 103
9664 103
9665 103
9666 103
9667 103
9668 103
9669 103
9670 232
9671 232
9672 232
9673 232
9674 232
9675 232
9676 232
9677 232
9678 232
9679 232
9680 232
9681 232
9682 232
9683 232
9684 232
9685 232
9686 232
9687 232
9688 232
9689 232
9690 232
9691 232
9692 232
9693 232
9694 232
9695 232
9696 232
9697 232
9698 232
9699 232
9700 232
9701 232
9702 232
9703 232
9704 232
9705 232
9706 232
9707 232
9708 232
9709 232
9710 232
9711 232
9712 232
9713 232
9714 232
9715 232
9716 232
9717 232
9718 232
9719 232
9720 106
9721 106
9722 106
9723 106
9724 106
9725 106
9726 106
9727 106
9728 106
9729 106
9730 106
9731 106
9732 106
9733 106
9734 106
9735 106
9736 106
9737 106
9738 106
9739 106
9740 106
9741 106
9742 106
9743 106
9744 106
9745 106
9746 106
9747 106
9748 106
9749 106
9750 106
9751 106
9752 106
9753 106
9754 106
9755 106
9756 106
9757 106
9758 106
9759 106
9760 236
9761 236
9762 236
9763 236
9764 236
9765 236
9766 236
9767 236
9768 236
9769 236
9770 236
9771 236
9772 236
9773 236
9774 236
9775 236
9776 236
9777 236
9778 236
9779 236
9780 236
9781 236
9782 236
9783 236
9784 236
9785 236
9786 236
9787 236
9788 236
9789 236
9790 236
9791 236
9792 236
9793 236
9794 236
9795 236
9796 236
9797 236
9798 236
9799 236
9800 364
9801 364
9802 364
9803 364
9804 364
9805 364
9806 364
9807 364
9808 364
9809 364
9810 369
9811 369
9812 369
9813 369
9814 369
9815 369
9816 369
9817 369
9818 369
9819 369
9820 373
9821 373
9822 373
9823 373
9824 373
9825 373
9826 373
9827 373
9828 373
9829 373
9830 373
9831 373
9832 373
9833 373
9834 373
9835 373
9836 373
9837 373
9838 373
9839 373
9840 246
9841 246
9842 246
9843 246
9844 246
9845 246
9846 246
9847 246
9848 246
9849 246
9850 246
9851 246
9852 246
9853 246
9854 246
9855 246
9856 246
9857 246
9858 246
9859 246
9860 120
9861 120
9862 120
9863 120
9864 120
9865 120
9866 120
9867 120
9868 120
9869 120
9870 121
9871 121
9872 121
9873 121
9874 121
9875 121
9876 121
9877 121
9878 121
9879 121
9880 251
9881 251
9882 251
9883 251
9884 251
9885 251
9886 251
9887 251
9888 251
9889 251
9890 251
9891 251
9892 251
9893 251
9894 251
9895 251
9896 251
9897 251
9898 251
9899 251
9900 251
9901 251
9902 251
9903 251
9904 251
9905 251
9906 251
9907 251
9908 251
9909 251
9910 251
9911 251
9912 251
9913 251
9914 251
9915 251
9916 251
9917 251
9918 251
9919 251
9920 251
9921 251
9922 251
9923 251
9924 251
9925 251
9926 251
9927 251
9928 251
9929 251
9930 126
9931 126
9932 126
9933 126
9934 126
9935 126
9936 126
9937 126
9938 126
9939 126
9940 126
9941 126
9942 126
9943 126
9944 126
9945 126
9946 126
9947 126
9948 126
9949 126
9950 126
9951 126
9952 126
9953 126
9954 126
9955 126
9956 126
9957 126
9958 126
9959 126
9960 126
9961 126
9962 126
9963 126
9964 126
9965 126
9966 126
9967 126
9968 126
9969 126
9970 1
9971 1
9972 1
9973 1
9974 1
9975 1
9976 1
9977 1
9978 1
9979 1
9980 1
9981 1
9982 1
9983 1
9984 1
9985 1
9986 1
9987 1
9988 1
9989 1
9990 1
9991 1
9992 1
9993 1
9994 1
9995 1
9996 1
9997 1
9998 1
9999 1
