0 0
1 1
2 2
3 3
4 4
5 5
6 6
7 7
8 8
9 9
10 1
11 10
12 11
13 12
14 13
15 14
16 15
17 16
18 16
19 17
20 14
21 18
22 19
23 4
24 19
25 20
26 14
27 14
28 21
29 22
30 23
31 13
32 24
33 25
34 26
35 23
36 19
37 27
38 3
39 7
40 28
41 29
42 30
43 31
44 32
45 33
46 12
47 4
48 15
49 23
50 3
51 11
52 4
53 34
54 25
55 1
56 35
57 36
58 37
59 38
60 39
61 22
62 40
63 41
64 22
65 1
66 38
67 42
68 28
69 14
70 43
71 11
72 3
73 44
74 43
75 45
76 9
77 30
78 41
79 3
80 46
81 47
82 48
83 49
84 18
85 39
86 14
87 38
88 10
89 9
90 21
91 50
92 14
93 11
94 51
95 52
96 53
97 43
98 54
99 55
100 56
101 57
102 3
103 15
104 20
105 55
106 46
107 58
108 28
109 59
110 34
111 60
112 61
113 19
114 23
115 62
116 4
117 43
118 46
119 3
120 36
121 46
122 38
123 20
124 63
125 53
126 22
127 64
128 30
129 65
130 45
131 18
132 50
133 66
134 67
135 68
136 4
137 29
138 29
139 30
140 3
141 36
142 69
143 30
144 70
145 43
146 71
147 72
148 73
149 15
150 53
151 13
152 74
153 3
154 34
155 23
156 48
157 49
158 10
159 28
160 23
161 75
162 76
163 77
164 78
165 79
166 80
167 15
168 28
169 50
170 81
171 2
172 22
173 48
174 17
175 82
176 45
177 16
178 73
179 83
180 84
181 1
182 28
183 85
184 76
185 86
186 13
187 49
188 87
189 30
190 88
191 89
192 90
193 9
194 91
195 92
196 93
197 4
198 94
199 38
200 47
201 38
202 14
203 5
204 74
205 17
206 3
207 28
208 95
209 96
210 97
211 88
212 1
213 36
214 98
215 21
216 2
217 30
218 17
219 36
220 47
221 35
222 20
223 99
224 100
225 4
226 101
227 18
228 102
229 38
230 30
231 30
232 0
233 3
234 103
235 43
236 29
237 15
238 13
239 49
240 61
241 16
242 25
243 65
244 55
245 29
246 104
247 105
248 36
249 65
250 41
251 106
252 17
253 14
254 47
255 41
256 107
257 108
258 53
259 16
260 12
261 28
262 11
263 109
264 87
265 0
266 19
267 110
268 19
269 4
270 111
271 1
272 1
273 15
274 23
275 14
276 112
277 86
278 43
279 41
280 35
281 2
282 13
283 16
284 113
285 80
286 9
287 114
288 55
289 102
290 115
291 36
292 0
293 81
294 23
295 116
296 3
297 14
298 1
299 117
300 70
301 76
302 118
303 11
304 14
305 102
306 65
307 15
308 5
309 0
310 116
311 76
312 63
313 35
314 88
315 80
316 38
317 10
318 119
319 43
320 43
321 120
322 55
323 121
324 104
325 15
326 6
327 70
328 50
329 19
330 122
331 49
332 36
333 123
334 3
335 80
336 124
337 125
338 82
339 126
340 126
341 16
342 55
343 127
344 13
345 46
346 55
347 20
348 43
349 1
350 13
351 23
352 81
353 16
354 80
355 43
356 1
357 128
358 2
359 47
360 129
361 36
362 3
363 4
364 130
365 47
366 131
367 29
368 43
369 51
370 9
371 30
372 87
373 1
374 59
375 46
376 12
377 0
378 132
379 0
380 133
381 134
382 9
383 135
384 73
385 4
386 74
387 12
388 15
389 2
390 136
391 137
392 138
393 7
394 43
395 65
396 139
397 47
398 140
399 9
400 30
401 141
402 142
403 19
404 76
405 2
406 55
407 1
408 143
409 36
410 10
411 46
412 9
413 144
414 145
415 20
416 2
417 38
418 38
419 59
420 3
421 19
422 87
423 4
424 74
425 47
426 38
427 65
428 38
429 61
430 4
431 11
432 47
433 43
434 53
435 3
436 0
437 2
438 5
439 4
440 16
441 55
442 102
443 29
444 39
445 146
446 55
447 5
448 28
449 86
450 11
451 35
452 147
453 16
454 86
455 148
456 146
457 39
458 63
459 41
460 38
461 96
462 34
463 149
464 19
465 30
466 21
467 80
468 19
469 36
470 28
471 9
472 80
473 14
474 1
475 3
476 29
477 1
478 3
479 29
480 76
481 47
482 4
483 55
484 35
485 50
486 36
487 29
488 105
489 73
490 150
491 19
492 29
493 102
494 65
495 151
496 30
497 19
498 10
499 9
500 22
501 4
502 20
503 130
504 88
505 0
506 65
507 87
508 9
509 30
510 29
511 16
512 36
513 152
514 15
515 23
516 19
517 9
518 73
519 82
520 153
521 34
522 13
523 154
524 41
525 155
526 4
527 61
528 11
529 9
530 47
531 41
532 86
533 23
534 102
535 50
536 109
537 48
538 48
539 102
540 34
541 116
542 156
543 12
544 46
545 14
546 125
547 23
548 157
549 13
550 158
551 9
552 0
553 21
554 23
555 30
556 36
557 159
558 160
559 13
560 161
561 162
562 28
563 36
564 163
565 38
566 86
567 164
568 9
569 0
570 3
571 165
572 39
573 65
574 22
575 166
576 13
577 10
578 1
579 7
580 1
581 41
582 167
583 19
584 168
585 19
586 39
587 34
588 19
589 169
590 28
591 17
592 1
593 2
594 110
595 155
596 59
597 21
598 0
599 9
600 19
601 45
602 30
603 53
604 28
605 13
606 20
607 73
608 48
609 36
610 16
611 170
612 30
613 55
614 13
615 50
616 171
617 9
618 82
619 30
620 0
621 87
622 18
623 13
624 172
625 173
626 4
627 15
628 22
629 7
630 16
631 1
632 2
633 11
634 0
635 88
636 48
637 4
638 4
639 146
640 55
641 5
642 23
643 4
644 174
645 119
646 175
647 16
648 126
649 4
650 82
651 35
652 29
653 86
654 0
655 46
656 49
657 23
658 12
659 63
660 176
661 28
662 28
663 116
664 47
665 36
666 30
667 56
668 53
669 58
670 10
671 177
672 55
673 0
674 178
675 28
676 19
677 1
678 179
679 38
680 180
681 28
682 65
683 13
684 65
685 181
686 5
687 9
688 102
689 94
690 11
691 41
692 96
693 14
694 56
695 100
696 61
697 182
698 18
699 19
700 14
701 28
702 15
703 65
704 9
705 38
706 46
707 116
708 82
709 102
710 160
711 86
712 16
713 81
714 1
715 47
716 15
717 50
718 20
719 183
720 30
721 82
722 20
723 184
724 14
725 38
726 88
727 13
728 185
729 102
730 81
731 186
732 56
733 65
734 80
735 20
736 103
737 46
738 187
739 47
740 30
741 9
742 65
743 188
744 23
745 46
746 23
747 49
748 102
749 1
750 76
751 46
752 38
753 49
754 189
755 110
756 47
757 1
758 80
759 43
760 46
761 126
762 30
763 36
764 190
765 191
766 14
767 29
768 116
769 81
770 15
771 16
772 116
773 3
774 29
775 29
776 82
777 128
778 38
779 82
780 64
781 1
782 70
783 48
784 46
785 47
786 9
787 41
788 163
789 30
790 47
791 5
792 15
793 1
794 192
795 50
796 13
797 61
798 193
799 11
800 4
801 9
802 9
803 194
804 146
805 195
806 16
807 14
808 43
809 11
810 116
811 46
812 38
813 38
814 196
815 30
816 80
817 73
818 197
819 12
820 149
821 14
822 19
823 4
824 23
825 11
826 63
827 46
828 14
829 13
830 29
831 22
832 36
833 43
834 30
835 198
836 199
837 13
838 82
839 48
840 88
841 59
842 4
843 20
844 29
845 80
846 22
847 38
848 43
849 200
850 1
851 9
852 50
853 87
854 201
855 28
856 202
857 43
858 116
859 4
860 43
861 16
862 36
863 46
864 203
865 204
866 45
867 1
868 45
869 23
870 50
871 12
872 205
873 43
874 116
875 17
876 13
877 9
878 1
879 82
880 64
881 206
882 44
883 207
884 30
885 14
886 126
887 15
888 88
889 200
890 102
891 4
892 208
893 19
894 9
895 55
896 48
897 209
898 210
899 116
900 43
901 30
902 38
903 5
904 211
905 4
906 150
907 65
908 70
909 212
910 46
911 51
912 5
913 29
914 0
915 59
916 82
917 29
918 9
919 213
920 34
921 15
922 214
923 46
924 46
925 14
926 47
927 215
928 146
929 65
930 5
931 47
932 14
933 55
934 216
935 29
936 47
937 4
938 36
939 50
940 50
941 29
942 20
943 7
944 11
945 20
946 28
947 217
948 126
949 53
950 33
951 31
952 86
953 35
954 58
955 23
956 146
957 218
958 39
959 9
960 43
961 11
962 110
963 61
964 219
965 220
966 7
967 10
968 55
969 119
970 46
971 221
972 19
973 38
974 15
975 222
976 36
977 47
978 223
979 116
980 47
981 126
982 34
983 179
984 28
985 15
986 80
987 43
988 41
989 38
990 20
991 13
992 4
993 17
994 136
995 7
996 34
997 120
998 43
999 57
