0 0
1 0
2 0
3 0
4 0
5 0
6 0
7 0
8 0
9 0
10 0
11 0
12 0
13 0
14 0
15 0
16 0
17 0
18 0
19 0
20 0
21 0
22 0
23 0
24 0
25 0
26 0
27 0
28 0
29 0
30 0
31 0
32 0
33 0
34 0
35 0
36 0
37 0
38 0
39 0
40 4
41 4
42 4
43 4
44 4
45 4
46 4
47 4
48 4
49 4
50 4
51 4
52 4
53 4
54 4
55 4
56 4
57 4
58 4
59 4
60 4
61 4
62 4
63 4
64 4
65 4
66 4
67 4
68 4
69 4
70 32
71 32
72 32
73 32
74 32
75 32
76 32
77 32
78 32
79 32
80 5
81 5
82 5
83 5
84 5
85 5
86 5
87 5
88 5
89 5
90 5
91 5
92 5
93 5
94 5
95 5
96 5
97 5
98 5
99 5
100 5
101 5
102 5
103 5
104 5
105 5
106 5
107 5
108 5
109 5
110 33
111 33
112 33
113 33
114 33
115 33
116 33
117 33
118 33
119 33
120 6
121 6
122 6
123 6
124 6
125 6
126 6
127 6
128 6
129 6
130 6
131 6
132 6
133 6
134 6
135 6
136 6
137 6
138 6
139 6
140 6
141 6
142 6
143 6
144 6
145 6
146 6
147 6
148 6
149 6
150 20
151 20
152 20
153 20
154 20
155 20
156 20
157 20
158 20
159 20
160 20
161 20
162 20
163 20
164 20
165 20
166 20
167 20
168 20
169 20
170 1
171 1
172 1
173 1
174 1
175 1
176 1
177 1
178 1
179 1
180 1
181 1
182 1
183 1
184 1
185 1
186 1
187 1
188 1
189 1
190 1
191 1
192 1
193 1
194 1
195 1
196 1
197 1
198 1
199 1
200 1
201 1
202 1
203 1
204 1
205 1
206 1
207 1
208 1
209 1
210 2
211 2
212 2
213 2
214 2
215 2
216 2
217 2
218 2
219 2
220 2
221 2
222 2
223 2
224 2
225 2
226 2
227 2
228 2
229 2
230 2
231 2
232 2
233 2
234 2
235 2
236 2
237 2
238 2
239 2
240 2
241 2
242 2
243 2
244 2
245 2
246 2
247 2
248 2
249 2
250 34
251 34
252 34
253 34
254 34
255 34
256 34
257 34
258 34
259 34
260 7
261 7
262 7
263 7
264 7
265 7
266 7
267 7
268 7
269 7
270 7
271 7
272 7
273 7
274 7
275 7
276 7
277 7
278 7
279 7
280 7
281 7
282 7
283 7
284 7
285 7
286 7
287 7
288 7
289 7
290 35
291 35
292 35
293 35
294 35
295 35
296 35
297 35
298 35
299 35
300 3
301 3
302 3
303 3
304 3
305 3
306 3
307 3
308 3
309 3
310 3
311 3
312 3
313 3
314 3
315 3
316 3
317 3
318 3
319 3
320 3
321 3
322 3
323 3
324 3
325 3
326 3
327 3
328 3
329 3
330 3
331 3
332 3
333 3
334 3
335 3
336 3
337 3
338 3
339 3
340 21
341 21
342 21
343 21
344 21
345 21
346 21
347 21
348 21
349 21
350 21
351 21
352 21
353 21
354 21
355 21
356 21
357 21
358 21
359 21
360 8
361 8
362 8
363 8
364 8
365 8
366 8
367 8
368 8
369 8
370 8
371 8
372 8
373 8
374 8
375 8
376 8
377 8
378 8
379 8
380 8
381 8
382 8
383 8
384 8
385 8
386 8
387 8
388 8
389 8
390 9
391 9
392 9
393 9
394 9
395 9
396 9
397 9
398 9
399 9
400 9
401 9
402 9
403 9
404 9
405 9
406 9
407 9
408 9
409 9
410 9
411 9
412 9
413 9
414 9
415 9
416 9
417 9
418 9
419 9
420 22
421 22
422 22
423 22
424 22
425 22
426 22
427 22
428 22
429 22
430 22
431 22
432 22
433 22
434 22
435 22
436 22
437 22
438 22
439 22
440 23
441 23
442 23
443 23
444 23
445 23
446 23
447 23
448 23
449 23
450 23
451 23
452 23
453 23
454 23
455 23
456 23
457 23
458 23
459 23
460 10
461 10
462 10
463 10
464 10
465 10
466 10
467 10
468 10
469 10
470 10
471 10
472 10
473 10
474 10
475 10
476 10
477 10
478 10
479 10
480 10
481 10
482 10
483 10
484 10
485 10
486 10
487 10
488 10
489 10
490 36
491 36
492 36
493 36
494 36
495 36
496 36
497 36
498 36
499 36
500 11
501 11
502 11
503 11
504 11
505 11
506 11
507 11
508 11
509 11
510 11
511 11
512 11
513 11
514 11
515 11
516 11
517 11
518 11
519 11
520 11
521 11
522 11
523 11
524 11
525 11
526 11
527 11
528 11
529 11
530 37
531 37
532 37
533 37
534 37
535 37
536 37
537 37
538 37
539 37
540 12
541 12
542 12
543 12
544 12
545 12
546 12
547 12
548 12
549 12
550 12
551 12
552 12
553 12
554 12
555 12
556 12
557 12
558 12
559 12
560 12
561 12
562 12
563 12
564 12
565 12
566 12
567 12
568 12
569 12
570 38
571 38
572 38
573 38
574 38
575 38
576 38
577 38
578 38
579 38
580 13
581 13
582 13
583 13
584 13
585 13
586 13
587 13
588 13
589 13
590 13
591 13
592 13
593 13
594 13
595 13
596 13
597 13
598 13
599 13
600 13
601 13
602 13
603 13
604 13
605 13
606 13
607 13
608 13
609 13
610 24
611 24
612 24
613 24
614 24
615 24
616 24
617 24
618 24
619 24
620 24
621 24
622 24
623 24
624 24
625 24
626 24
627 24
628 24
629 24
630 25
631 25
632 25
633 25
634 25
635 25
636 25
637 25
638 25
639 25
640 25
641 25
642 25
643 25
644 25
645 25
646 25
647 25
648 25
649 25
650 39
651 39
652 39
653 39
654 39
655 39
656 39
657 39
658 39
659 39
660 26
661 26
662 26
663 26
664 26
665 26
666 26
667 26
668 26
669 26
670 26
671 26
672 26
673 26
674 26
675 26
676 26
677 26
678 26
679 26
680 27
681 27
682 27
683 27
684 27
685 27
686 27
687 27
688 27
689 27
690 27
691 27
692 27
693 27
694 27
695 27
696 27
697 27
698 27
699 27
700 28
701 28
702 28
703 28
704 28
705 28
706 28
707 28
708 28
709 28
710 28
711 28
712 28
713 28
714 28
715 28
716 28
717 28
718 28
719 28
720 14
721 14
722 14
723 14
724 14
725 14
726 14
727 14
728 14
729 14
730 14
731 14
732 14
733 14
734 14
735 14
736 14
737 14
738 14
739 14
740 14
741 14
742 14
743 14
744 14
745 14
746 14
747 14
748 14
749 14
750 15
751 15
752 15
753 15
754 15
755 15
756 15
757 15
758 15
759 15
760 15
761 15
762 15
763 15
764 15
765 15
766 15
767 15
768 15
769 15
770 15
771 15
772 15
773 15
774 15
775 15
776 15
777 15
778 15
779 15
780 40
781 40
782 40
783 40
784 40
785 40
786 40
787 40
788 40
789 40
790 16
791 16
792 16
793 16
794 16
795 16
796 16
797 16
798 16
799 16
800 16
801 16
802 16
803 16
804 16
805 16
806 16
807 16
808 16
809 16
810 16
811 16
812 16
813 16
814 16
815 16
816 16
817 16
818 16
819 16
820 41
821 41
822 41
823 41
824 41
825 41
826 41
827 41
828 41
829 41
830 17
831 17
832 17
833 17
834 17
835 17
836 17
837 17
838 17
839 17
840 17
841 17
842 17
843 17
844 17
845 17
846 17
847 17
848 17
849 17
850 17
851 17
852 17
853 17
854 17
855 17
856 17
857 17
858 17
859 17
860 29
861 29
862 29
863 29
864 29
865 29
866 29
867 29
868 29
869 29
870 29
871 29
872 29
873 29
874 29
875 29
876 29
877 29
878 29
879 29
880 30
881 30
882 30
883 30
884 30
885 30
886 30
887 30
888 30
889 30
890 30
891 30
892 30
893 30
894 30
895 30
896 30
897 30
898 30
899 30
900 18
901 18
902 18
903 18
904 18
905 18
906 18
907 18
908 18
909 18
910 18
911 18
912 18
913 18
914 18
915 18
916 18
917 18
918 18
919 18
920 18
921 18
922 18
923 18
924 18
925 18
926 18
927 18
928 18
929 18
930 31
931 31
932 31
933 31
934 31
935 31
936 31
937 31
938 31
939 31
940 31
941 31
942 31
943 31
944 31
945 31
946 31
947 31
948 31
949 31
950 19
951 19
952 19
953 19
954 19
955 19
956 19
957 19
958 19
959 19
960 19
961 19
962 19
963 19
964 19
965 19
966 19
967 19
968 19
969 19
970 19
971 19
972 19
973 19
974 19
975 19
976 19
977 19
978 19
979 19
980 42
981 42
982 42
983 42
984 42
985 42
986 42
987 42
988 42
989 42
990 0
991 0
992 0
993 0
994 0
995 0
996 0
997 0
998 0
999 0
