0 6
1 6
2 6
3 6
4 6
5 6
6 6
7 6
8 6
9 6
10 7
11 7
12 7
13 7
14 7
15 7
16 7
17 7
18 7
19 7
20 8
21 8
22 8
23 8
24 8
25 8
26 8
27 8
28 8
29 8
30 9
31 9
32 9
33 9
34 9
35 9
36 9
37 9
38 9
39 9
40 10
41 10
42 10
43 10
44 10
45 10
46 10
47 10
48 10
49 10
50 1
51 1
52 1
53 1
54 1
55 1
56 1
57 1
58 1
59 1
60 1
61 1
62 1
63 1
64 1
65 1
66 1
67 1
68 1
69 1
70 11
71 11
72 11
73 11
74 11
75 11
76 11
77 11
78 11
79 11
80 12
81 12
82 12
83 12
84 12
85 12
86 12
87 12
88 12
89 12
90 13
91 13
92 13
93 13
94 13
95 13
96 13
97 13
98 13
99 13
100 14
101 14
102 14
103 14
104 14
105 14
106 14
107 14
108 14
109 14
110 15
111 15
112 15
113 15
114 15
115 15
116 15
117 15
118 15
119 15
120 16
121 16
122 16
123 16
124 16
125 16
126 16
127 16
128 16
129 16
130 17
131 17
132 17
133 17
134 17
135 17
136 17
137 17
138 17
139 17
140 18
141 18
142 18
143 18
144 18
145 18
146 18
147 18
148 18
149 18
150 19
151 19
152 19
153 19
154 19
155 19
156 19
157 19
158 19
159 19
160 20
161 20
162 20
163 20
164 20
165 20
166 20
167 20
168 20
169 20
170 21
171 21
172 21
173 21
174 21
175 21
176 21
177 21
178 21
179 21
180 22
181 22
182 22
183 22
184 22
185 22
186 22
187 22
188 22
189 22
190 23
191 23
192 23
193 23
194 23
195 23
196 23
197 23
198 23
199 23
200 24
201 24
202 24
203 24
204 24
205 24
206 24
207 24
208 24
209 24
210 25
211 25
212 25
213 25
214 25
215 25
216 25
217 25
218 25
219 25
220 26
221 26
222 26
223 26
224 26
225 26
226 26
227 26
228 26
229 26
230 27
231 27
232 27
233 27
234 27
235 27
236 27
237 27
238 27
239 27
240 28
241 28
242 28
243 28
244 28
245 28
246 28
247 28
248 28
249 28
250 29
251 29
252 29
253 29
254 29
255 29
256 29
257 29
258 29
259 29
260 30
261 30
262 30
263 30
264 30
265 30
266 30
267 30
268 30
269 30
270 31
271 31
272 31
273 31
274 31
275 31
276 31
277 31
278 31
279 31
280 32
281 32
282 32
283 32
284 32
285 32
286 32
287 32
288 32
289 32
290 33
291 33
292 33
293 33
294 33
295 33
296 33
297 33
298 33
299 33
300 34
301 34
302 34
303 34
304 34
305 34
306 34
307 34
308 34
309 34
310 35
311 35
312 35
313 35
314 35
315 35
316 35
317 35
318 35
319 35
320 36
321 36
322 36
323 36
324 36
325 36
326 36
327 36
328 36
329 36
330 37
331 37
332 37
333 37
334 37
335 37
336 37
337 37
338 37
339 37
340 38
341 38
342 38
343 38
344 38
345 38
346 38
347 38
348 38
349 38
350 39
351 39
352 39
353 39
354 39
355 39
356 39
357 39
358 39
359 39
360 2
361 2
362 2
363 2
364 2
365 2
366 2
367 2
368 2
369 2
370 2
371 2
372 2
373 2
374 2
375 2
376 2
377 2
378 2
379 2
380 40
381 40
382 40
383 40
384 40
385 40
386 40
387 40
388 40
389 40
390 41
391 41
392 41
393 41
394 41
395 41
396 41
397 41
398 41
399 41
400 42
401 42
402 42
403 42
404 42
405 42
406 42
407 42
408 42
409 42
410 43
411 43
412 43
413 43
414 43
415 43
416 43
417 43
418 43
419 43
420 44
421 44
422 44
423 44
424 44
425 44
426 44
427 44
428 44
429 44
430 45
431 45
432 45
433 45
434 45
435 45
436 45
437 45
438 45
439 45
440 46
441 46
442 46
443 46
444 46
445 46
446 46
447 46
448 46
449 46
450 47
451 47
452 47
453 47
454 47
455 47
456 47
457 47
458 47
459 47
460 48
461 48
462 48
463 48
464 48
465 48
466 48
467 48
468 48
469 48
470 49
471 49
472 49
473 49
474 49
475 49
476 49
477 49
478 49
479 49
480 50
481 50
482 50
483 50
484 50
485 50
486 50
487 50
488 50
489 50
490 51
491 51
492 51
493 51
494 51
495 51
496 51
497 51
498 51
499 51
500 3
501 3
502 3
503 3
504 3
505 3
506 3
507 3
508 3
509 3
510 3
511 3
512 3
513 3
514 3
515 3
516 3
517 3
518 3
519 3
520 52
521 52
522 52
523 52
524 52
525 52
526 52
527 52
528 52
529 52
530 53
531 53
532 53
533 53
534 53
535 53
536 53
537 53
538 53
539 53
540 4
541 4
542 4
543 4
544 4
545 4
546 4
547 4
548 4
549 4
550 4
551 4
552 4
553 4
554 4
555 4
556 4
557 4
558 4
559 4
560 54
561 54
562 54
563 54
564 54
565 54
566 54
567 54
568 54
569 54
570 55
571 55
572 55
573 55
574 55
575 55
576 55
577 55
578 55
579 55
580 0
581 0
582 0
583 0
584 0
585 0
586 0
587 0
588 0
589 0
590 0
591 0
592 0
593 0
594 0
595 0
596 0
597 0
598 0
599 0
600 0
601 0
602 0
603 0
604 0
605 0
606 0
607 0
608 0
609 0
610 56
611 56
612 56
613 56
614 56
615 56
616 56
617 56
618 56
619 56
620 57
621 57
622 57
623 57
624 57
625 57
626 57
627 57
628 57
629 57
630 5
631 5
632 5
633 5
634 5
635 5
636 5
637 5
638 5
639 5
640 5
641 5
642 5
643 5
644 5
645 5
646 5
647 5
648 5
649 5
650 58
651 58
652 58
653 58
654 58
655 58
656 58
657 58
658 58
659 58
660 59
661 59
662 59
663 59
664 59
665 59
666 59
667 59
668 59
669 59
670 60
671 60
672 60
673 60
674 60
675 60
676 60
677 60
678 60
679 60
680 61
681 61
682 61
683 61
684 61
685 61
686 61
687 61
688 61
689 61
690 62
691 62
692 62
693 62
694 62
695 62
696 62
697 62
698 62
699 62
700 63
701 63
702 63
703 63
704 63
705 63
706 63
707 63
708 63
709 63
710 64
711 64
712 64
713 64
714 64
715 64
716 64
717 64
718 64
719 64
720 65
721 65
722 65
723 65
724 65
725 65
726 65
727 65
728 65
729 65
730 66
731 66
732 66
733 66
734 66
735 66
736 66
737 66
738 66
739 66
740 67
741 67
742 67
743 67
744 67
745 67
746 67
747 67
748 67
749 67
750 68
751 68
752 68
753 68
754 68
755 68
756 68
757 68
758 68
759 68
760 69
761 69
762 69
763 69
764 69
765 69
766 69
767 69
768 69
769 69
770 70
771 70
772 70
773 70
774 70
775 70
776 70
777 70
778 70
779 70
780 71
781 71
782 71
783 71
784 71
785 71
786 71
787 71
788 71
789 71
790 72
791 72
792 72
793 72
794 72
795 72
796 72
797 72
798 72
799 72
800 73
801 73
802 73
803 73
804 73
805 73
806 73
807 73
808 73
809 73
810 74
811 74
812 74
813 74
814 74
815 74
816 74
817 74
818 74
819 74
820 75
821 75
822 75
823 75
824 75
825 75
826 75
827 75
828 75
829 75
830 76
831 76
832 76
833 76
834 76
835 76
836 76
837 76
838 76
839 76
840 77
841 77
842 77
843 77
844 77
845 77
846 77
847 77
848 77
849 77
850 78
851 78
852 78
853 78
854 78
855 78
856 78
857 78
858 78
859 78
860 79
861 79
862 79
863 79
864 79
865 79
866 79
867 79
868 79
869 79
870 80
871 80
872 80
873 80
874 80
875 80
876 80
877 80
878 80
879 80
880 81
881 81
882 81
883 81
884 81
885 81
886 81
887 81
888 81
889 81
890 82
891 82
892 82
893 82
894 82
895 82
896 82
897 82
898 82
899 82
900 83
901 83
902 83
903 83
904 83
905 83
906 83
907 83
908 83
909 83
910 84
911 84
912 84
913 84
914 84
915 84
916 84
917 84
918 84
919 84
920 85
921 85
922 85
923 85
924 85
925 85
926 85
927 85
928 85
929 85
930 86
931 86
932 86
933 86
934 86
935 86
936 86
937 86
938 86
939 86
940 87
941 87
942 87
943 87
944 87
945 87
946 87
947 87
948 87
949 87
950 88
951 88
952 88
953 88
954 88
955 88
956 88
957 88
958 88
959 88
960 89
961 89
962 89
963 89
964 89
965 89
966 89
967 89
968 89
969 89
970 90
971 90
972 90
973 90
974 90
975 90
976 90
977 90
978 90
979 90
980 91
981 91
982 91
983 91
984 91
985 91
986 91
987 91
988 91
989 91
990 92
991 92
992 92
993 92
994 92
995 92
996 92
997 92
998 92
999 92
