0 33
1 40
2 2
3 36
4 36
5 7
6 59
7 22
8 55
9 36
10 47
11 69
12 68
13 33
14 68
15 51
16 40
17 46
18 28
19 8
20 30
21 69
22 70
23 80
24 5
25 36
26 66
27 21
28 17
29 21
30 58
31 38
32 20
33 17
34 46
35 16
36 29
37 51
38 3
39 73
40 59
41 33
42 46
43 6
44 7
45 1
46 58
47 81
48 0
49 20
50 43
51 31
52 0
53 59
54 33
55 30
56 50
57 26
58 78
59 49
60 35
61 12
62 43
63 55
64 35
65 19
66 7
67 44
68 46
69 4
70 73
71 10
72 31
73 29
74 26
75 16
76 53
77 41
78 45
79 29
80 26
81 6
82 45
83 49
84 38
85 73
86 53
87 41
88 33
89 70
90 72
91 44
92 14
93 22
94 8
95 8
96 17
97 34
98 19
99 16
100 74
101 22
102 58
103 31
104 3
105 2
106 43
107 27
108 19
109 19
110 45
111 19
112 25
113 68
114 61
115 35
116 5
117 33
118 57
119 44
120 62
121 65
122 66
123 35
124 22
125 4
126 33
127 59
128 41
129 42
130 22
131 21
132 43
133 18
134 29
135 57
136 24
137 65
138 28
139 13
140 72
141 24
142 59
143 48
144 58
145 22
146 11
147 51
148 24
149 0
150 15
151 66
152 11
153 51
154 68
155 25
156 60
157 67
158 41
159 18
160 11
161 52
162 66
163 52
164 45
165 80
166 23
167 46
168 19
169 56
170 68
171 52
172 18
173 12
174 45
175 0
176 41
177 74
178 31
179 33
180 48
181 16
182 8
183 78
184 58
185 71
186 82
187 54
188 32
189 15
190 28
191 17
192 54
193 57
194 46
195 22
196 18
197 52
198 5
199 61
200 18
201 22
202 21
203 47
204 17
205 32
206 18
207 37
208 1
209 62
210 78
211 52
212 54
213 53
214 9
215 45
216 55
217 69
218 24
219 44
220 37
221 24
222 20
223 84
224 20
225 51
226 48
227 24
228 65
229 38
230 45
231 10
232 27
233 40
234 48
235 32
236 51
237 27
238 19
239 61
240 74
241 50
242 34
243 56
244 1
245 22
246 79
247 35
248 20
249 45
250 63
251 53
252 46
253 45
254 17
255 47
256 22
257 12
258 32
259 22
260 9
261 51
262 19
263 54
264 47
265 18
266 38
267 43
268 63
269 47
270 6
271 49
272 35
273 21
274 34
275 74
276 76
277 49
278 35
279 39
280 49
281 30
282 24
283 13
284 41
285 61
286 55
287 62
288 17
289 32
290 67
291 52
292 32
293 56
294 49
295 62
296 17
297 34
298 42
299 79
300 71
301 37
302 62
303 19
304 62
305 28
306 28
307 16
308 55
309 29
310 39
311 17
312 11
313 73
314 10
315 17
316 56
317 26
318 49
319 82
320 5
321 8
322 35
323 36
324 60
325 25
326 38
327 80
328 68
329 5
330 10
331 49
332 1
333 55
334 24
335 45
336 27
337 22
338 58
339 1
340 53
341 21
342 14
343 26
344 61
345 49
346 24
347 48
348 63
349 39
350 55
351 1
352 53
353 31
354 18
355 66
356 65
357 40
358 26
359 24
360 25
361 30
362 54
363 58
364 34
365 1
366 53
367 71
368 31
369 71
370 10
371 3
372 67
373 27
374 75
375 59
376 1
377 70
378 16
379 26
380 19
381 32
382 72
383 24
384 0
385 13
386 28
387 36
388 66
389 28
390 35
391 52
392 41
393 16
394 57
395 41
396 30
397 11
398 19
399 42
400 66
401 51
402 24
403 21
404 40
405 12
406 28
407 53
408 9
409 32
410 35
411 35
412 8
413 10
414 30
415 9
416 57
417 8
418 8
419 13
420 3
421 31
422 22
423 40
424 85
425 5
426 32
427 44
428 52
429 27
430 5
431 62
432 12
433 64
434 24
435 12
436 22
437 15
438 33
439 4
440 1
441 43
442 14
443 39
444 17
445 17
446 27
447 36
448 40
449 3
450 49
451 27
452 10
453 33
454 46
455 57
456 23
457 5
458 17
459 3
460 24
461 3
462 33
463 43
464 9
465 10
466 54
467 29
468 74
469 24
470 64
471 60
472 15
473 42
474 4
475 15
476 13
477 30
478 61
479 47
480 25
481 44
482 72
483 18
484 10
485 68
486 27
487 27
488 62
489 46
490 53
491 48
492 12
493 10
494 8
495 30
496 5
497 14
498 14
499 22
500 28
501 85
502 60
503 9
504 18
505 57
506 32
507 17
508 42
509 11
510 81
511 1
512 38
513 9
514 55
515 9
516 55
517 15
518 15
519 12
520 9
521 33
522 69
523 51
524 0
525 15
526 58
527 15
528 11
529 35
530 23
531 20
532 43
533 33
534 18
535 50
536 1
537 23
538 2
539 79
540 58
541 46
542 2
543 31
544 67
545 22
546 26
547 53
548 2
549 36
550 12
551 51
552 77
553 2
554 44
555 80
556 16
557 6
558 2
559 15
560 2
561 43
562 33
563 20
564 33
565 33
566 59
567 44
568 68
569 16
570 67
571 58
572 1
573 47
574 11
575 50
576 65
577 14
578 4
579 5
580 59
581 40
582 11
583 27
584 52
585 6
586 66
587 62
588 40
589 36
590 59
591 4
592 25
593 21
594 33
595 3
596 10
597 6
598 4
599 52
600 29
601 45
602 17
603 31
604 1
605 4
606 44
607 64
608 22
609 43
610 59
611 20
612 12
613 41
614 1
615 51
616 26
617 6
618 50
619 54
620 62
621 4
622 24
623 16
624 5
625 31
626 54
627 41
628 72
629 54
630 10
631 31
632 45
633 42
634 36
635 57
636 5
637 31
638 5
639 60
640 33
641 64
642 82
643 26
644 26
645 4
646 0
647 24
648 29
649 34
650 34
651 41
652 3
653 48
654 42
655 5
656 26
657 24
658 77
659 28
660 54
661 15
662 54
663 34
664 9
665 10
666 9
667 5
668 50
669 36
670 16
671 83
672 27
673 18
674 47
675 56
676 0
677 42
678 57
679 12
680 22
681 54
682 6
683 29
684 61
685 21
686 10
687 30
688 16
689 57
690 0
691 37
692 58
693 12
694 17
695 23
696 0
697 34
698 24
699 0
700 25
701 53
702 13
703 21
704 44
705 56
706 64
707 17
708 5
709 9
710 2
711 66
712 36
713 6
714 30
715 5
716 40
717 22
718 1
719 6
720 2
721 7
722 19
723 24
724 63
725 41
726 72
727 23
728 20
729 10
730 14
731 63
732 64
733 22
734 6
735 69
736 19
737 18
738 54
739 42
740 37
741 27
742 32
743 19
744 7
745 50
746 47
747 60
748 3
749 74
750 77
751 38
752 75
753 51
754 10
755 23
756 49
757 11
758 79
759 23
760 29
761 7
762 6
763 39
764 0
765 23
766 22
767 21
768 61
769 5
770 6
771 13
772 55
773 50
774 7
775 16
776 11
777 61
778 28
779 23
780 14
781 22
782 38
783 38
784 11
785 2
786 55
787 39
788 65
789 43
790 0
791 13
792 17
793 3
794 8
795 22
796 47
797 5
798 31
799 71
800 5
801 62
802 5
803 62
804 64
805 58
806 29
807 13
808 21
809 2
810 7
811 10
812 15
813 49
814 35
815 4
816 24
817 7
818 18
819 18
820 62
821 25
822 24
823 42
824 32
825 81
826 69
827 28
828 1
829 9
830 4
831 1
832 4
833 4
834 39
835 51
836 8
837 3
838 14
839 12
840 17
841 41
842 15
843 12
844 58
845 5
846 1
847 20
848 8
849 23
850 22
851 8
852 55
853 13
854 28
855 28
856 62
857 39
858 45
859 65
860 27
861 12
862 24
863 23
864 25
865 54
866 8
867 28
868 63
869 7
870 20
871 1
872 14
873 34
874 5
875 56
876 11
877 21
878 3
879 6
880 57
881 26
882 27
883 10
884 19
885 7
886 13
887 57
888 68
889 11
890 66
891 18
892 2
893 11
894 72
895 0
896 37
897 16
898 51
899 28
900 23
901 19
902 30
903 67
904 37
905 18
906 7
907 11
908 54
909 37
910 18
911 12
912 10
913 20
914 28
915 7
916 18
917 57
918 23
919 20
920 1
921 20
922 10
923 8
924 28
925 30
926 10
927 42
928 3
929 4
930 21
931 38
932 39
933 77
934 15
935 42
936 40
937 70
938 13
939 61
940 4
941 10
942 7
943 23
944 35
945 28
946 20
947 14
948 65
949 63
950 42
951 33
952 4
953 10
954 60
955 33
956 3
957 8
958 18
959 17
960 13
961 5
962 32
963 0
964 5
965 12
966 14
967 45
968 63
969 56
970 72
971 84
972 34
973 6
974 19
975 10
976 29
977 19
978 66
979 6
980 53
981 34
982 15
983 47
984 3
985 26
986 3
987 14
988 33
989 35
990 3
991 53
992 0
993 69
994 12
995 23
996 53
997 0
998 46
999 20
1000 27
1001 27
1002 50
1003 10
1004 33
1005 10
1006 13
1007 39
1008 8
1009 61
1010 29
1011 7
1012 42
1013 7
1014 21
1015 20
1016 18
1017 7
1018 19
1019 5
1020 38
1021 43
1022 53
1023 16
1024 35
1025 60
1026 14
1027 74
1028 15
1029 33
1030 19
1031 0
1032 41
1033 12
1034 20
1035 31
1036 21
1037 0
1038 62
1039 57
1040 46
1041 10
1042 3
1043 1
1044 9
1045 35
1046 12
1047 21
1048 70
1049 7
1050 8
1051 17
1052 2
1053 39
1054 27
1055 12
1056 22
1057 18
1058 38
1059 0
1060 44
1061 29
1062 7
1063 10
1064 31
1065 46
1066 4
1067 26
1068 30
1069 71
1070 0
1071 30
1072 14
1073 23
1074 31
1075 44
1076 35
1077 26
1078 3
1079 61
1080 46
1081 19
1082 30
1083 43
1084 31
1085 15
1086 3
1087 39
1088 45
1089 15
1090 7
1091 18
1092 73
1093 18
1094 5
1095 6
1096 21
1097 17
1098 17
1099 10
1100 28
1101 19
1102 23
1103 18
1104 39
1105 21
1106 24
1107 3
1108 55
1109 71
1110 16
1111 21
1112 5
1113 36
1114 11
1115 3
1116 53
1117 21
1118 2
1119 6
1120 24
1121 5
1122 11
1123 78
1124 39
1125 52
1126 65
1127 18
1128 3
1129 6
1130 14
1131 10
1132 4
1133 10
1134 39
1135 7
1136 36
1137 22
1138 23
1139 5
1140 19
1141 35
1142 31
1143 3
1144 52
1145 41
1146 2
1147 23
1148 63
1149 46
1150 3
1151 73
1152 24
1153 27
1154 0
1155 70
1156 33
1157 4
1158 44
1159 1
1160 13
1161 68
1162 2
1163 50
1164 54
1165 7
1166 34
1167 5
1168 42
1169 1
1170 2
1171 13
1172 52
1173 5
1174 15
1175 7
1176 46
1177 6
1178 25
1179 45
1180 43
1181 22
1182 64
1183 1
1184 2
1185 56
1186 1
1187 2
1188 29
1189 25
1190 40
1191 56
1192 48
1193 51
1194 56
1195 61
1196 85
1197 21
1198 0
1199 4
1200 60
1201 5
1202 50
1203 37
1204 56
1205 34
1206 31
1207 32
1208 41
1209 47
1210 1
1211 64
1212 33
1213 86
1214 32
1215 6
1216 24
1217 57
1218 61
1219 25
1220 22
1221 6
1222 66
1223 61
1224 47
1225 62
1226 79
1227 25
1228 4
1229 0
1230 26
1231 0
1232 30
1233 24
1234 8
1235 38
1236 28
1237 58
1238 47
1239 6
1240 53
1241 5
1242 81
1243 8
1244 28
1245 20
1246 23
1247 17
1248 52
1249 32
1250 22
1251 20
1252 2
1253 72
1254 61
1255 16
1256 77
1257 14
1258 0
1259 47
1260 32
1261 22
1262 38
1263 3
1264 7
1265 32
1266 33
1267 49
1268 5
1269 24
1270 23
1271 39
1272 36
1273 27
1274 31
1275 69
1276 1
1277 4
1278 53
1279 74
1280 52
1281 42
1282 12
1283 21
1284 8
1285 21
1286 24
1287 70
1288 79
1289 37
1290 2
1291 29
1292 2
1293 30
1294 64
1295 8
1296 32
1297 77
1298 55
1299 50
1300 35
1301 24
1302 15
1303 24
1304 0
1305 39
1306 8
1307 18
1308 10
1309 6
1310 4
1311 27
1312 39
1313 32
1314 37
1315 37
1316 21
1317 50
1318 28
1319 2
1320 30
1321 62
1322 57
1323 11
1324 47
1325 8
1326 4
1327 8
1328 22
1329 19
1330 11
1331 40
1332 2
1333 22
1334 37
1335 38
1336 76
1337 20
1338 7
1339 11
1340 26
1341 32
1342 59
1343 39
1344 76
1345 6
1346 38
1347 56
1348 5
1349 8
1350 8
1351 34
1352 2
1353 17
1354 25
1355 76
1356 77
1357 22
1358 0
1359 49
1360 1
1361 23
1362 30
1363 17
1364 23
1365 30
1366 42
1367 1
1368 26
1369 25
1370 27
1371 76
1372 4
1373 39
1374 5
1375 8
1376 22
1377 11
1378 15
1379 10
1380 14
1381 30
1382 55
1383 70
1384 8
1385 41
1386 2
1387 32
1388 3
1389 1
1390 45
1391 53
1392 8
1393 14
1394 5
1395 3
1396 6
1397 22
1398 2
1399 67
1400 2
1401 85
1402 39
1403 43
1404 36
1405 78
1406 4
1407 31
1408 36
1409 48
1410 12
1411 66
1412 64
1413 19
1414 30
1415 6
1416 35
1417 75
1418 50
1419 27
1420 26
1421 3
1422 49
1423 8
1424 37
1425 26
1426 25
1427 1
1428 67
1429 15
1430 3
1431 0
1432 60
1433 34
1434 5
1435 17
1436 37
1437 9
1438 36
1439 16
1440 32
1441 0
1442 16
1443 11
1444 3
1445 48
1446 18
1447 46
1448 7
1449 33
1450 8
1451 33
1452 45
1453 2
1454 11
1455 23
1456 4
1457 2
1458 4
1459 15
1460 1
1461 11
1462 1
1463 60
1464 24
1465 42
1466 2
1467 68
1468 4
1469 38
1470 35
1471 17
1472 1
1473 1
1474 9
1475 9
1476 14
1477 5
1478 6
1479 10
1480 46
1481 2
1482 11
1483 27
1484 8
1485 12
1486 29
1487 9
1488 73
1489 27
1490 5
1491 40
1492 0
1493 37
1494 26
1495 34
1496 46
1497 12
1498 4
1499 9
1500 7
1501 18
1502 6
1503 29
1504 15
1505 11
1506 63
1507 10
1508 17
1509 6
1510 3
1511 2
1512 41
1513 36
1514 34
1515 21
1516 12
1517 13
1518 34
1519 10
1520 3
1521 42
1522 35
1523 15
1524 55
1525 59
1526 44
1527 30
1528 12
1529 47
1530 6
1531 18
1532 23
1533 34
1534 3
1535 75
1536 0
1537 27
1538 36
1539 5
1540 33
1541 41
1542 14
1543 33
1544 66
1545 36
1546 14
1547 48
1548 50
1549 59
1550 63
1551 11
1552 0
1553 38
1554 11
1555 34
1556 8
1557 18
1558 61
1559 77
1560 29
1561 20
1562 43
1563 23
1564 11
1565 27
1566 22
1567 20
1568 14
1569 67
1570 4
1571 43
1572 50
1573 60
1574 7
1575 60
1576 2
1577 68
1578 45
1579 20
1580 34
1581 35
1582 35
1583 42
1584 14
1585 44
1586 7
1587 11
1588 0
1589 5
1590 0
1591 6
1592 26
1593 34
1594 6
1595 12
1596 31
1597 46
1598 2
1599 57
1600 9
1601 1
1602 30
1603 33
1604 46
1605 20
1606 31
1607 59
1608 15
1609 49
1610 47
1611 33
1612 21
1613 21
1614 6
1615 59
1616 26
1617 5
1618 21
1619 36
1620 53
1621 16
1622 62
1623 7
1624 21
1625 24
1626 34
1627 9
1628 72
1629 0
1630 15
1631 26
1632 41
1633 42
1634 33
1635 3
1636 21
1637 52
1638 52
1639 4
1640 29
1641 6
1642 1
1643 54
1644 20
1645 45
1646 12
1647 11
1648 7
1649 27
1650 28
1651 2
1652 7
1653 9
1654 7
1655 6
1656 19
1657 2
1658 32
1659 5
1660 24
1661 20
1662 19
1663 41
1664 7
1665 3
1666 22
1667 44
1668 3
1669 15
1670 34
1671 3
1672 34
1673 0
1674 24
1675 1
1676 9
1677 27
1678 1
1679 10
1680 2
1681 28
1682 6
1683 14
1684 25
1685 39
1686 9
1687 9
1688 7
1689 22
1690 63
1691 16
1692 58
1693 2
1694 25
1695 18
1696 25
1697 17
1698 9
1699 17
1700 25
1701 21
1702 54
1703 3
1704 1
1705 61
1706 20
1707 37
1708 42
1709 1
1710 29
1711 3
1712 9
1713 23
1714 60
1715 18
1716 40
1717 2
1718 36
1719 24
1720 22
1721 8
1722 56
1723 4
1724 7
1725 7
1726 45
1727 18
1728 45
1729 28
1730 40
1731 38
1732 3
1733 31
1734 68
1735 4
1736 2
1737 18
1738 40
1739 52
1740 38
1741 45
1742 14
1743 33
1744 78
1745 7
1746 23
1747 6
1748 42
1749 37
1750 6
1751 38
1752 30
1753 34
1754 10
1755 1
1756 9
1757 48
1758 28
1759 3
1760 25
1761 8
1762 22
1763 12
1764 34
1765 5
1766 22
1767 55
1768 0
1769 34
1770 13
1771 7
1772 53
1773 3
1774 17
1775 21
1776 10
1777 11
1778 32
1779 1
1780 15
1781 32
1782 22
1783 4
1784 43
1785 60
1786 30
1787 66
1788 51
1789 43
1790 75
1791 37
1792 13
1793 49
1794 12
1795 5
1796 11
1797 64
1798 49
1799 13
1800 37
1801 0
1802 10
1803 42
1804 22
1805 1
1806 32
1807 0
1808 49
1809 32
1810 24
1811 25
1812 13
1813 4
1814 24
1815 5
1816 15
1817 13
1818 1
1819 26
1820 70
1821 10
1822 8
1823 5
1824 0
1825 3
1826 32
1827 58
1828 10
1829 23
1830 32
1831 50
1832 13
1833 11
1834 1
1835 13
1836 10
1837 7
1838 32
1839 4
1840 15
1841 15
1842 0
1843 23
1844 5
1845 13
1846 77
1847 20
1848 2
1849 20
1850 23
1851 3
1852 0
1853 13
1854 15
1855 3
1856 66
1857 7
1858 3
1859 6
1860 16
1861 1
1862 49
1863 10
1864 9
1865 16
1866 35
1867 5
1868 2
1869 0
1870 27
1871 66
1872 14
1873 24
1874 16
1875 2
1876 12
1877 3
1878 3
1879 17
1880 5
1881 9
1882 69
1883 14
1884 38
1885 14
1886 22
1887 7
1888 53
1889 14
1890 4
1891 10
1892 5
1893 7
1894 28
1895 40
1896 41
1897 35
1898 1
1899 14
1900 1
1901 25
1902 2
1903 10
1904 43
1905 50
1906 13
1907 40
1908 5
1909 0
1910 19
1911 25
1912 51
1913 16
1914 23
1915 6
1916 49
1917 1
1918 40
1919 55
1920 8
1921 13
1922 56
1923 35
1924 6
1925 61
1926 59
1927 8
1928 4
1929 7
1930 18
1931 6
1932 0
1933 6
1934 16
1935 57
1936 13
1937 20
1938 21
1939 45
1940 3
1941 12
1942 10
1943 14
1944 30
1945 16
1946 21
1947 53
1948 9
1949 13
1950 8
1951 8
1952 16
1953 15
1954 1
1955 2
1956 13
1957 13
1958 7
1959 23
1960 10
1961 1
1962 9
1963 10
1964 6
1965 33
1966 1
1967 38
1968 11
1969 5
1970 0
1971 67
1972 52
1973 61
1974 48
1975 2
1976 17
1977 5
1978 8
1979 5
1980 62
1981 62
1982 22
1983 64
1984 21
1985 44
1986 4
1987 2
1988 18
1989 17
1990 2
1991 20
1992 18
1993 13
1994 8
1995 8
1996 13
1997 32
1998 15
1999 19
2000 61
2001 16
2002 43
2003 14
2004 6
2005 33
2006 48
2007 13
2008 16
2009 12
2010 20
2011 7
2012 37
2013 15
2014 16
2015 50
2016 12
2017 5
2018 9
2019 29
2020 39
2021 7
2022 20
2023 14
2024 29
2025 9
2026 16
2027 14
2028 36
2029 3
2030 11
2031 6
2032 8
2033 11
2034 0
2035 61
2036 15
2037 26
2038 7
2039 7
2040 55
2041 26
2042 22
2043 51
2044 2
2045 22
2046 25
2047 46
2048 47
2049 75
2050 18
2051 24
2052 32
2053 20
2054 14
2055 18
2056 7
2057 38
2058 16
2059 2
2060 58
2061 74
2062 12
2063 73
2064 70
2065 32
2066 14
2067 63
2068 64
2069 13
2070 16
2071 19
2072 26
2073 68
2074 7
2075 20
2076 82
2077 9
2078 71
2079 49
2080 16
2081 53
2082 38
2083 50
2084 33
2085 48
2086 20
2087 31
2088 35
2089 11
2090 9
2091 0
2092 19
2093 15
2094 7
2095 12
2096 2
2097 41
2098 21
2099 19
2100 78
2101 71
2102 63
2103 20
2104 83
2105 62
2106 0
2107 6
2108 19
2109 32
2110 19
2111 50
2112 72
2113 34
2114 3
2115 3
2116 33
2117 51
2118 56
2119 13
2120 62
2121 31
2122 53
2123 41
2124 29
2125 71
2126 52
2127 41
2128 38
2129 35
2130 20
2131 9
2132 39
2133 23
2134 23
2135 65
2136 27
2137 64
2138 24
2139 34
2140 45
2141 26
2142 25
2143 31
2144 18
2145 22
2146 21
2147 81
2148 62
2149 48
2150 37
2151 65
2152 55
2153 0
2154 18
2155 62
2156 11
2157 34
2158 66
2159 29
2160 20
2161 6
2162 48
2163 57
2164 22
2165 67
2166 23
2167 31
2168 16
2169 33
2170 34
2171 11
2172 54
2173 51
2174 32
2175 64
2176 9
2177 10
2178 29
2179 66
2180 59
2181 67
2182 64
2183 6
2184 7
2185 59
2186 21
2187 41
2188 27
2189 11
2190 22
2191 63
2192 36
2193 32
2194 15
2195 53
2196 31
2197 34
2198 9
2199 0
2200 22
2201 24
2202 22
2203 47
2204 86
2205 25
2206 27
2207 64
2208 85
2209 19
2210 34
2211 77
2212 48
2213 42
2214 33
2215 57
2216 16
2217 21
2218 6
2219 25
2220 11
2221 19
2222 28
2223 29
2224 52
2225 65
2226 10
2227 7
2228 52
2229 45
2230 57
2231 34
2232 0
2233 76
2234 18
2235 14
2236 38
2237 18
2238 32
2239 51
2240 17
2241 22
2242 2
2243 27
2244 54
2245 19
2246 59
2247 58
2248 18
2249 26
2250 24
2251 60
2252 50
2253 21
2254 77
2255 61
2256 16
2257 51
2258 36
2259 64
2260 25
2261 54
2262 15
2263 9
2264 24
2265 70
2266 3
2267 24
2268 16
2269 55
2270 40
2271 17
2272 37
2273 61
2274 66
2275 1
2276 24
2277 69
2278 0
2279 7
2280 40
2281 27
2282 23
2283 39
2284 11
2285 37
2286 54
2287 41
2288 61
2289 34
2290 43
2291 16
2292 15
2293 43
2294 73
2295 52
2296 5
2297 24
2298 15
2299 42
2300 0
2301 5
2302 8
2303 34
2304 8
2305 49
2306 5
2307 45
2308 37
2309 17
2310 58
2311 32
2312 70
2313 26
2314 54
2315 30
2316 1
2317 52
2318 43
2319 16
2320 10
2321 22
2322 32
2323 44
2324 23
2325 0
2326 11
2327 56
2328 58
2329 38
2330 0
2331 1
2332 23
2333 7
2334 59
2335 16
2336 8
2337 10
2338 52
2339 37
2340 18
2341 40
2342 0
2343 31
2344 64
2345 0
2346 37
2347 10
2348 38
2349 25
2350 0
2351 39
2352 63
2353 47
2354 37
2355 0
2356 19
2357 45
2358 8
2359 21
2360 8
2361 17
2362 14
2363 35
2364 26
2365 66
2366 32
2367 56
2368 16
2369 21
2370 40
2371 14
2372 26
2373 11
2374 21
2375 15
2376 14
2377 58
2378 19
2379 30
2380 1
2381 14
2382 34
2383 22
2384 4
2385 39
2386 15
2387 10
2388 61
2389 32
2390 59
2391 0
2392 4
2393 51
2394 22
2395 48
2396 49
2397 49
2398 23
2399 48
2400 8
2401 0
2402 47
2403 8
2404 70
2405 49
2406 54
2407 19
2408 42
2409 0
2410 68
2411 3
2412 38
2413 24
2414 76
2415 73
2416 36
2417 0
2418 5
2419 5
2420 18
2421 49
2422 3
2423 8
2424 30
2425 3
2426 18
2427 13
2428 31
2429 10
2430 0
2431 3
2432 23
2433 7
2434 17
2435 64
2436 83
2437 13
2438 20
2439 75
2440 15
2441 33
2442 13
2443 48
2444 35
2445 0
2446 32
2447 34
2448 1
2449 14
2450 5
2451 53
2452 5
2453 35
2454 30
2455 12
2456 23
2457 13
2458 12
2459 12
2460 40
2461 12
2462 58
2463 36
2464 27
2465 60
2466 8
2467 4
2468 8
2469 74
2470 4
2471 27
2472 18
2473 50
2474 9
2475 58
2476 15
2477 44
2478 38
2479 1
2480 74
2481 85
2482 1
2483 28
2484 34
2485 10
2486 27
2487 12
2488 17
2489 34
2490 26
2491 14
2492 66
2493 12
2494 0
2495 10
2496 8
2497 5
2498 28
2499 10
2500 9
2501 46
2502 68
2503 11
2504 57
2505 60
2506 15
2507 29
2508 15
2509 34
2510 54
2511 14
2512 63
2513 1
2514 4
2515 36
2516 22
2517 15
2518 12
2519 57
2520 60
2521 3
2522 12
2523 33
2524 49
2525 37
2526 11
2527 8
2528 11
2529 18
2530 14
2531 11
2532 41
2533 26
2534 27
2535 1
2536 0
2537 26
2538 35
2539 8
2540 48
2541 49
2542 44
2543 18
2544 14
2545 36
2546 59
2547 3
2548 49
2549 70
2550 14
2551 47
2552 35
2553 11
2554 53
2555 29
2556 15
2557 4
2558 43
2559 3
2560 15
2561 29
2562 35
2563 11
2564 40
2565 27
2566 1
2567 2
2568 57
2569 50
2570 0
2571 33
2572 61
2573 0
2574 36
2575 53
2576 13
2577 27
2578 60
2579 0
2580 25
2581 32
2582 18
2583 40
2584 2
2585 10
2586 38
2587 15
2588 2
2589 16
2590 12
2591 43
2592 39
2593 50
2594 9
2595 18
2596 2
2597 25
2598 62
2599 25
2600 26
2601 6
2602 4
2603 52
2604 65
2605 53
2606 52
2607 47
2608 42
2609 43
2610 12
2611 62
2612 20
2613 58
2614 14
2615 4
2616 51
2617 6
2618 41
2619 48
2620 17
2621 53
2622 4
2623 7
2624 1
2625 60
2626 47
2627 7
2628 36
2629 5
2630 46
2631 31
2632 33
2633 1
2634 42
2635 29
2636 12
2637 4
2638 34
2639 19
2640 27
2641 6
2642 29
2643 50
2644 0
2645 13
2646 44
2647 7
2648 31
2649 17
2650 39
2651 56
2652 31
2653 33
2654 58
2655 4
2656 58
2657 6
2658 20
2659 2
2660 60
2661 9
2662 12
2663 1
2664 36
2665 29
2666 1
2667 19
2668 23
2669 8
2670 28
2671 5
2672 32
2673 5
2674 27
2675 18
2676 7
2677 18
2678 28
2679 16
2680 46
2681 54
2682 39
2683 18
2684 10
2685 2
2686 36
2687 5
2688 67
2689 9
2690 22
2691 1
2692 10
2693 52
2694 2
2695 6
2696 48
2697 26
2698 68
2699 6
2700 9
2701 33
2702 25
2703 53
2704 9
2705 27
2706 43
2707 65
2708 14
2709 45
2710 10
2711 34
2712 55
2713 8
2714 56
2715 29
2716 2
2717 0
2718 6
2719 21
2720 8
2721 3
2722 26
2723 19
2724 67
2725 7
2726 10
2727 28
2728 13
2729 54
2730 4
2731 51
2732 4
2733 0
2734 8
2735 4
2736 4
2737 8
2738 62
2739 42
2740 6
2741 13
2742 12
2743 1
2744 64
2745 6
2746 76
2747 5
2748 5
2749 7
2750 13
2751 40
2752 20
2753 14
2754 0
2755 41
2756 28
2757 86
2758 82
2759 52
2760 5
2761 4
2762 13
2763 38
2764 46
2765 43
2766 5
2767 24
2768 23
2769 54
2770 26
2771 53
2772 0
2773 17
2774 34
2775 10
2776 53
2777 0
2778 5
2779 0
2780 23
2781 45
2782 32
2783 30
2784 55
2785 3
2786 9
2787 7
2788 21
2789 43
2790 40
2791 30
2792 77
2793 25
2794 6
2795 13
2796 24
2797 11
2798 50
2799 31
2800 61
2801 3
2802 9
2803 13
2804 4
2805 25
2806 0
2807 54
2808 10
2809 9
2810 25
2811 3
2812 9
2813 1
2814 4
2815 8
2816 11
2817 58
2818 0
2819 48
2820 6
2821 4
2822 14
2823 54
2824 2
2825 6
2826 39
2827 10
2828 39
2829 0
2830 4
2831 38
2832 8
2833 13
2834 1
2835 36
2836 15
2837 14
2838 67
2839 7
2840 7
2841 7
2842 16
2843 23
2844 83
2845 67
2846 12
2847 55
2848 13
2849 46
2850 19
2851 4
2852 6
2853 1
2854 4
2855 0
2856 8
2857 25
2858 68
2859 10
2860 42
2861 10
2862 0
2863 15
2864 12
2865 37
2866 13
2867 8
2868 44
2869 2
2870 65
2871 61
2872 51
2873 0
2874 40
2875 1
2876 62
2877 1
2878 24
2879 36
2880 14
2881 11
2882 7
2883 86
2884 8
2885 0
2886 72
2887 11
2888 11
2889 15
2890 12
2891 0
2892 20
2893 25
2894 15
2895 11
2896 8
2897 23
2898 49
2899 12
2900 16
2901 20
2902 2
2903 2
2904 9
2905 6
2906 14
2907 16
2908 12
2909 26
2910 16
2911 5
2912 13
2913 0
2914 24
2915 19
2916 2
2917 8
2918 82
2919 12
2920 9
2921 8
2922 46
2923 25
2924 4
2925 47
2926 3
2927 16
2928 48
2929 39
2930 10
2931 3
2932 16
2933 18
2934 16
2935 10
2936 1
2937 18
2938 35
2939 57
2940 32
2941 11
2942 1
2943 38
2944 12
2945 15
2946 20
2947 9
2948 6
2949 14
2950 14
2951 0
2952 59
2953 2
2954 6
2955 9
2956 2
2957 15
2958 16
2959 6
2960 9
2961 20
2962 36
2963 12
2964 5
2965 8
2966 19
2967 21
2968 30
2969 45
2970 5
2971 20
2972 46
2973 10
2974 11
2975 11
2976 26
2977 18
2978 2
2979 38
2980 71
2981 33
2982 11
2983 15
2984 12
2985 28
2986 16
2987 53
2988 12
2989 3
2990 16
2991 7
2992 4
2993 14
2994 16
2995 25
2996 67
2997 17
2998 15
2999 7
3000 60
3001 36
3002 2
3003 17
3004 33
3005 21
3006 5
3007 19
3008 20
3009 9
3010 18
3011 68
3012 4
3013 64
3014 12
3015 1
3016 9
3017 19
3018 18
3019 78
3020 21
3021 46
3022 7
3023 0
3024 46
3025 21
3026 45
3027 5
3028 5
3029 13
3030 14
3031 53
3032 0
3033 18
3034 15
3035 1
3036 4
3037 4
3038 3
3039 20
3040 20
3041 33
3042 20
3043 0
3044 11
3045 64
3046 21
3047 2
3048 30
3049 23
3050 48
3051 30
3052 21
3053 44
3054 12
3055 69
3056 46
3057 70
3058 46
3059 34
3060 2
3061 11
3062 13
3063 13
3064 77
3065 12
3066 36
3067 33
3068 27
3069 1
3070 27
3071 2
3072 35
3073 1
3074 57
3075 44
3076 26
3077 29
3078 74
3079 18
3080 0
3081 11
3082 46
3083 43
3084 1
3085 13
3086 2
3087 15
3088 46
3089 2
3090 20
3091 47
3092 50
3093 19
3094 10
3095 58
3096 3
3097 53
3098 11
3099 15
3100 45
3101 7
3102 79
3103 11
3104 1
3105 2
3106 14
3107 29
3108 11
3109 12
3110 1
3111 65
3112 20
3113 29
3114 21
3115 4
3116 81
3117 5
3118 9
3119 21
3120 35
3121 19
3122 23
3123 62
3124 7
3125 20
3126 52
3127 7
3128 6
3129 14
3130 18
3131 44
3132 23
3133 1
3134 9
3135 31
3136 1
3137 4
3138 2
3139 72
3140 56
3141 34
3142 23
3143 0
3144 7
3145 4
3146 72
3147 0
3148 33
3149 3
3150 42
3151 6
3152 44
3153 8
3154 2
3155 60
3156 2
3157 44
3158 37
3159 31
3160 24
3161 26
3162 5
3163 11
3164 6
3165 39
3166 20
3167 18
3168 21
3169 31
3170 33
3171 7
3172 2
3173 19
3174 44
3175 5
3176 36
3177 44
3178 21
3179 21
3180 3
3181 21
3182 5
3183 36
3184 1
3185 68
3186 24
3187 5
3188 29
3189 28
3190 20
3191 44
3192 76
3193 27
3194 31
3195 56
3196 63
3197 6
3198 11
3199 4
3200 5
3201 20
3202 6
3203 7
3204 11
3205 11
3206 44
3207 54
3208 48
3209 8
3210 6
3211 57
3212 1
3213 4
3214 9
3215 2
3216 5
3217 4
3218 1
3219 5
3220 16
3221 72
3222 25
3223 20
3224 24
3225 56
3226 12
3227 18
3228 31
3229 22
3230 22
3231 7
3232 20
3233 33
3234 17
3235 25
3236 35
3237 2
3238 9
3239 5
3240 33
3241 7
3242 21
3243 20
3244 17
3245 1
3246 45
3247 6
3248 2
3249 29
3250 25
3251 3
3252 3
3253 34
3254 47
3255 41
3256 42
3257 2
3258 28
3259 17
3260 55
3261 26
3262 32
3263 16
3264 3
3265 7
3266 11
3267 31
3268 42
3269 48
3270 51
3271 47
3272 28
3273 1
3274 37
3275 17
3276 74
3277 2
3278 57
3279 37
3280 25
3281 43
3282 0
3283 17
3284 7
3285 19
3286 48
3287 3
3288 33
3289 34
3290 59
3291 3
3292 11
3293 63
3294 25
3295 4
3296 22
3297 25
3298 30
3299 2
3300 43
3301 83
3302 42
3303 17
3304 4
3305 16
3306 8
3307 36
3308 6
3309 38
3310 1
3311 9
3312 7
3313 17
3314 0
3315 22
3316 0
3317 27
3318 1
3319 21
3320 8
3321 30
3322 18
3323 52
3324 6
3325 23
3326 3
3327 55
3328 32
3329 7
3330 1
3331 22
3332 2
3333 49
3334 17
3335 15
3336 17
3337 17
3338 60
3339 57
3340 5
3341 20
3342 28
3343 65
3344 84
3345 6
3346 22
3347 2
3348 38
3349 19
3350 7
3351 5
3352 25
3353 22
3354 52
3355 67
3356 7
3357 62
3358 2
3359 37
3360 59
3361 27
3362 3
3363 32
3364 6
3365 17
3366 41
3367 54
3368 8
3369 8
3370 25
3371 33
3372 11
3373 22
3374 28
3375 61
3376 7
3377 7
3378 32
3379 8
3380 40
3381 7
3382 33
3383 4
3384 10
3385 15
3386 20
3387 38
3388 6
3389 20
3390 18
3391 39
3392 25
3393 60
3394 66
3395 50
3396 39
3397 70
3398 27
3399 0
3400 36
3401 0
3402 59
3403 12
3404 41
3405 25
3406 50
3407 19
3408 3
3409 53
3410 2
3411 6
3412 24
3413 55
3414 75
3415 21
3416 10
3417 63
3418 58
3419 1
3420 8
3421 23
3422 42
3423 49
3424 41
3425 31
3426 48
3427 7
3428 36
3429 65
3430 49
3431 3
3432 75
3433 45
3434 14
3435 52
3436 43
3437 27
3438 31
3439 77
3440 14
3441 47
3442 6
3443 63
3444 0
3445 14
3446 57
3447 58
3448 6
3449 49
3450 14
3451 37
3452 49
3453 36
3454 61
3455 71
3456 13
3457 12
3458 5
3459 1
3460 53
3461 4
3462 2
3463 4
3464 13
3465 23
3466 37
3467 32
3468 19
3469 0
3470 41
3471 17
3472 48
3473 48
3474 84
3475 0
3476 56
3477 13
3478 24
3479 8
3480 65
3481 7
3482 12
3483 4
3484 38
3485 12
3486 12
3487 32
3488 10
3489 12
3490 9
3491 4
3492 27
3493 48
3494 4
3495 54
3496 30
3497 5
3498 44
3499 56
3500 14
3501 24
3502 23
3503 17
3504 9
3505 9
3506 46
3507 13
3508 4
3509 4
3510 57
3511 49
3512 44
3513 15
3514 2
3515 12
3516 6
3517 50
3518 1
3519 47
3520 15
3521 29
3522 7
3523 39
3524 25
3525 34
3526 8
3527 35
3528 5
3529 36
3530 13
3531 4
3532 10
3533 1
3534 5
3535 69
3536 30
3537 39
3538 6
3539 42
3540 55
3541 11
3542 44
3543 44
3544 36
3545 14
3546 66
3547 3
3548 57
3549 24
3550 32
3551 15
3552 4
3553 15
3554 3
3555 60
3556 15
3557 7
3558 69
3559 8
3560 13
3561 18
3562 18
3563 12
3564 63
3565 13
3566 12
3567 43
3568 5
3569 5
3570 1
3571 5
3572 37
3573 69
3574 2
3575 9
3576 15
3577 38
3578 20
3579 51
3580 75
3581 3
3582 38
3583 38
3584 7
3585 51
3586 27
3587 58
3588 26
3589 67
3590 0
3591 32
3592 6
3593 58
3594 1
3595 43
3596 5
3597 37
3598 23
3599 63
3600 63
3601 48
3602 68
3603 38
3604 4
3605 70
3606 74
3607 26
3608 31
3609 37
3610 58
3611 51
3612 55
3613 62
3614 26
3615 5
3616 18
3617 16
3618 33
3619 20
3620 56
3621 16
3622 52
3623 5
3624 37
3625 31
3626 5
3627 44
3628 36
3629 36
3630 4
3631 67
3632 0
3633 72
3634 39
3635 29
3636 0
3637 0
3638 58
3639 59
3640 77
3641 0
3642 35
3643 63
3644 0
3645 12
3646 15
3647 19
3648 56
3649 30
3650 7
3651 20
3652 70
3653 7
3654 65
3655 7
3656 14
3657 82
3658 7
3659 5
3660 39
3661 0
3662 7
3663 64
3664 6
3665 26
3666 23
3667 6
3668 44
3669 65
3670 60
3671 7
3672 2
3673 48
3674 26
3675 60
3676 72
3677 66
3678 86
3679 11
3680 4
3681 22
3682 66
3683 24
3684 8
3685 8
3686 2
3687 19
3688 50
3689 39
3690 24
3691 5
3692 9
3693 6
3694 44
3695 49
3696 6
3697 66
3698 58
3699 4
3700 16
3701 48
3702 27
3703 29
3704 7
3705 3
3706 57
3707 11
3708 39
3709 6
3710 17
3711 32
3712 18
3713 76
3714 6
3715 7
3716 2
3717 10
3718 9
3719 71
3720 7
3721 4
3722 4
3723 1
3724 22
3725 7
3726 57
3727 7
3728 9
3729 10
3730 6
3731 29
3732 46
3733 25
3734 4
3735 7
3736 3
3737 17
3738 48
3739 2
3740 5
3741 1
3742 19
3743 22
3744 64
3745 86
3746 64
3747 16
3748 6
3749 4
3750 9
3751 8
3752 4
3753 12
3754 8
3755 8
3756 16
3757 11
3758 46
3759 28
3760 29
3761 31
3762 5
3763 5
3764 26
3765 32
3766 3
3767 6
3768 65
3769 60
3770 83
3771 61
3772 47
3773 9
3774 5
3775 13
3776 17
3777 2
3778 64
3779 7
3780 60
3781 0
3782 34
3783 1
3784 9
3785 4
3786 6
3787 6
3788 12
3789 2
3790 43
3791 67
3792 7
3793 10
3794 5
3795 7
3796 12
3797 41
3798 6
3799 9
3800 10
3801 17
3802 12
3803 25
3804 3
3805 8
3806 1
3807 20
3808 47
3809 54
3810 1
3811 38
3812 1
3813 25
3814 54
3815 4
3816 14
3817 6
3818 23
3819 12
3820 2
3821 6
3822 11
3823 42
3824 18
3825 22
3826 28
3827 25
3828 18
3829 47
3830 15
3831 14
3832 28
3833 43
3834 0
3835 0
3836 19
3837 1
3838 68
3839 2
3840 25
3841 1
3842 83
3843 0
3844 10
3845 13
3846 49
3847 0
3848 7
3849 21
3850 4
3851 0
3852 7
3853 4
3854 12
3855 8
3856 16
3857 52
3858 1
3859 23
3860 2
3861 11
3862 74
3863 0
3864 10
3865 36
3866 14
3867 9
3868 5
3869 24
3870 2
3871 12
3872 11
3873 15
3874 47
3875 44
3876 65
3877 5
3878 0
3879 15
3880 0
3881 9
3882 8
3883 30
3884 10
3885 0
3886 8
3887 2
3888 9
3889 22
3890 10
3891 10
3892 13
3893 11
3894 38
3895 16
3896 39
3897 61
3898 12
3899 32
3900 24
3901 16
3902 66
3903 19
3904 20
3905 37
3906 43
3907 2
3908 5
3909 36
3910 73
3911 10
3912 9
3913 54
3914 12
3915 30
3916 6
3917 39
3918 6
3919 1
3920 13
3921 9
3922 4
3923 7
3924 11
3925 14
3926 0
3927 28
3928 12
3929 23
3930 16
3931 16
3932 0
3933 5
3934 42
3935 41
3936 14
3937 10
3938 14
3939 2
3940 49
3941 4
3942 36
3943 5
3944 20
3945 6
3946 7
3947 59
3948 21
3949 11
3950 41
3951 13
3952 41
3953 10
3954 13
3955 13
3956 16
3957 16
3958 12
3959 17
3960 13
3961 1
3962 4
3963 49
3964 15
3965 45
3966 36
3967 69
3968 27
3969 4
3970 21
3971 72
3972 30
3973 9
3974 59
3975 0
3976 1
3977 1
3978 4
3979 13
3980 13
3981 7
3982 27
3983 3
3984 11
3985 18
3986 38
3987 16
3988 12
3989 11
3990 46
3991 21
3992 13
3993 34
3994 2
3995 15
3996 37
3997 19
3998 11
3999 25
4000 8
4001 48
4002 2
4003 1
4004 67
4005 6
4006 5
4007 6
4008 21
4009 10
4010 7
4011 36
4012 11
4013 27
4014 2
4015 21
4016 4
4017 3
4018 12
4019 0
4020 6
4021 3
4022 12
4023 16
4024 13
4025 10
4026 9
4027 42
4028 17
4029 34
4030 9
4031 14
4032 7
4033 15
4034 34
4035 6
4036 53
4037 10
4038 4
4039 6
4040 22
4041 69
4042 6
4043 9
4044 16
4045 7
4046 1
4047 5
4048 9
4049 4
4050 1
4051 14
4052 9
4053 7
4054 37
4055 76
4056 2
4057 69
4058 37
4059 2
4060 2
4061 42
4062 3
4063 8
4064 1
4065 5
4066 11
4067 7
4068 34
4069 29
4070 1
4071 56
4072 10
4073 15
4074 41
4075 4
4076 11
4077 13
4078 39
4079 41
4080 40
4081 8
4082 20
4083 3
4084 5
4085 3
4086 8
4087 3
4088 47
4089 51
4090 19
4091 15
4092 10
4093 13
4094 20
4095 33
4096 22
4097 11
4098 76
4099 20
4100 43
4101 40
4102 0
4103 44
4104 15
4105 10
4106 73
4107 35
4108 16
4109 70
4110 18
4111 16
4112 28
4113 34
4114 19
4115 6
4116 47
4117 11
4118 14
4119 16
4120 19
4121 0
4122 69
4123 18
4124 80
4125 50
4126 43
4127 0
4128 33
4129 51
4130 43
4131 46
4132 44
4133 50
4134 33
4135 52
4136 3
4137 17
4138 31
4139 56
4140 19
4141 58
4142 26
4143 47
4144 52
4145 68
4146 26
4147 72
4148 15
4149 37
4150 13
4151 62
4152 30
4153 46
4154 59
4155 56
4156 10
4157 33
4158 18
4159 46
4160 0
4161 16
4162 17
4163 86
4164 46
4165 33
4166 35
4167 33
4168 45
4169 3
4170 11
4171 86
4172 31
4173 34
4174 27
4175 14
4176 16
4177 67
4178 39
4179 31
4180 51
4181 53
4182 16
4183 48
4184 24
4185 42
4186 15
4187 53
4188 51
4189 65
4190 58
4191 0
4192 13
4193 6
4194 50
4195 19
4196 11
4197 13
4198 7
4199 41
4200 22
4201 52
4202 45
4203 44
4204 23
4205 4
4206 10
4207 12
4208 81
4209 48
4210 29
4211 79
4212 51
4213 12
4214 29
4215 34
4216 28
4217 44
4218 26
4219 19
4220 61
4221 36
4222 6
4223 67
4224 23
4225 44
4226 31
4227 0
4228 11
4229 28
4230 43
4231 12
4232 57
4233 70
4234 14
4235 39
4236 28
4237 16
4238 6
4239 7
4240 22
4241 25
4242 53
4243 28
4244 14
4245 36
4246 42
4247 0
4248 12
4249 22
4250 45
4251 56
4252 0
4253 35
4254 39
4255 44
4256 16
4257 60
4258 53
4259 0
4260 10
4261 9
4262 60
4263 16
4264 4
4265 19
4266 20
4267 66
4268 40
4269 66
4270 52
4271 64
4272 82
4273 0
4274 30
4275 37
4276 35
4277 37
4278 68
4279 21
4280 20
4281 34
4282 31
4283 55
4284 25
4285 7
4286 36
4287 31
4288 0
4289 23
4290 32
4291 25
4292 17
4293 25
4294 37
4295 42
4296 28
4297 56
4298 15
4299 36
4300 51
4301 9
4302 68
4303 45
4304 1
4305 19
4306 38
4307 40
4308 0
4309 42
4310 1
4311 30
4312 56
4313 0
4314 48
4315 35
4316 38
4317 31
4318 71
4319 57
4320 47
4321 24
4322 47
4323 81
4324 40
4325 57
4326 3
4327 24
4328 12
4329 38
4330 20
4331 52
4332 56
4333 79
4334 31
4335 36
4336 24
4337 15
4338 60
4339 10
4340 10
4341 55
4342 29
4343 48
4344 6
4345 2
4346 51
4347 24
4348 16
4349 83
4350 32
4351 8
4352 40
4353 54
4354 46
4355 62
4356 64
4357 25
4358 17
4359 31
4360 49
4361 16
4362 26
4363 50
4364 49
4365 34
4366 43
4367 1
4368 8
4369 20
4370 0
4371 8
4372 38
4373 21
4374 84
4375 49
4376 45
4377 68
4378 35
4379 28
4380 47
4381 8
4382 43
4383 79
4384 62
4385 77
4386 57
4387 28
4388 76
4389 74
4390 10
4391 21
4392 65
4393 60
4394 20
4395 1
4396 54
4397 53
4398 5
4399 70
4400 20
4401 6
4402 56
4403 55
4404 40
4405 22
4406 8
4407 31
4408 19
4409 27
4410 56
4411 79
4412 41
4413 25
4414 50
4415 5
4416 17
4417 32
4418 60
4419 14
4420 32
4421 29
4422 36
4423 4
4424 22
4425 58
4426 10
4427 67
4428 36
4429 32
4430 42
4431 36
4432 0
4433 0
4434 80
4435 14
4436 14
4437 23
4438 28
4439 35
4440 40
4441 8
4442 39
4443 5
4444 24
4445 4
4446 22
4447 24
4448 28
4449 4
4450 1
4451 28
4452 36
4453 1
4454 23
4455 13
4456 3
4457 39
4458 36
4459 32
4460 5
4461 18
4462 0
4463 59
4464 23
4465 11
4466 1
4467 48
4468 3
4469 44
4470 3
4471 1
4472 5
4473 1
4474 4
4475 19
4476 40
4477 13
4478 3
4479 10
4480 23
4481 3
4482 10
4483 5
4484 49
4485 13
4486 31
4487 22
4488 19
4489 1
4490 69
4491 17
4492 75
4493 29
4494 47
4495 59
4496 60
4497 48
4498 0
4499 54
4500 39
4501 10
4502 52
4503 53
4504 28
4505 8
4506 86
4507 66
4508 1
4509 30
4510 46
4511 13
4512 34
4513 62
4514 77
4515 0
4516 11
4517 39
4518 41
4519 0
4520 27
4521 5
4522 3
4523 1
4524 25
4525 9
4526 11
4527 8
4528 47
4529 44
4530 35
4531 15
4532 17
4533 35
4534 17
4535 58
4536 8
4537 15
4538 0
4539 1
4540 55
4541 1
4542 42
4543 4
4544 5
4545 10
4546 13
4547 11
4548 1
4549 18
4550 31
4551 24
4552 3
4553 47
4554 36
4555 11
4556 33
4557 44
4558 34
4559 1
4560 45
4561 13
4562 9
4563 4
4564 37
4565 11
4566 36
4567 38
4568 46
4569 27
4570 0
4571 30
4572 40
4573 8
4574 4
4575 78
4576 11
4577 8
4578 32
4579 55
4580 4
4581 40
4582 8
4583 3
4584 73
4585 10
4586 22
4587 34
4588 83
4589 43
4590 34
4591 42
4592 0
4593 14
4594 48
4595 15
4596 10
4597 70
4598 3
4599 51
4600 64
4601 1
4602 60
4603 11
4604 9
4605 70
4606 2
4607 0
4608 13
4609 30
4610 34
4611 2
4612 77
4613 23
4614 11
4615 2
4616 42
4617 44
4618 0
4619 0
4620 11
4621 30
4622 1
4623 80
4624 27
4625 31
4626 1
4627 30
4628 2
4629 1
4630 2
4631 23
4632 37
4633 59
4634 12
4635 74
4636 46
4637 41
4638 81
4639 2
4640 28
4641 29
4642 2
4643 9
4644 66
4645 51
4646 1
4647 10
4648 39
4649 71
4650 0
4651 1
4652 52
4653 0
4654 39
4655 28
4656 16
4657 52
4658 81
4659 30
4660 14
4661 27
4662 39
4663 17
4664 11
4665 13
4666 44
4667 46
4668 29
4669 16
4670 39
4671 29
4672 52
4673 37
4674 1
4675 6
4676 7
4677 17
4678 22
4679 45
4680 30
4681 34
4682 1
4683 6
4684 73
4685 10
4686 5
4687 43
4688 11
4689 1
4690 45
4691 5
4692 5
4693 8
4694 20
4695 27
4696 23
4697 8
4698 33
4699 50
4700 4
4701 0
4702 18
4703 46
4704 50
4705 20
4706 8
4707 16
4708 4
4709 7
4710 15
4711 7
4712 33
4713 9
4714 21
4715 4
4716 0
4717 22
4718 19
4719 9
4720 22
4721 0
4722 1
4723 13
4724 47
4725 52
4726 36
4727 29
4728 56
4729 3
4730 62
4731 46
4732 2
4733 63
4734 6
4735 22
4736 1
4737 0
4738 3
4739 33
4740 50
4741 50
4742 4
4743 29
4744 3
4745 52
4746 54
4747 10
4748 9
4749 35
4750 11
4751 1
4752 3
4753 53
4754 10
4755 1
4756 5
4757 7
4758 0
4759 5
4760 5
4761 4
4762 5
4763 9
4764 5
4765 14
4766 10
4767 7
4768 3
4769 50
4770 31
4771 75
4772 28
4773 6
4774 25
4775 9
4776 20
4777 12
4778 31
4779 12
4780 59
4781 19
4782 28
4783 61
4784 26
4785 14
4786 3
4787 31
4788 67
4789 9
4790 8
4791 24
4792 0
4793 52
4794 19
4795 9
4796 6
4797 10
4798 34
4799 60
4800 9
4801 12
4802 36
4803 2
4804 22
4805 0
4806 0
4807 32
4808 34
4809 10
4810 31
4811 2
4812 52
4813 57
4814 38
4815 30
4816 5
4817 1
4818 4
4819 30
4820 6
4821 30
4822 37
4823 0
4824 0
4825 12
4826 0
4827 4
4828 23
4829 2
4830 28
4831 17
4832 3
4833 25
4834 75
4835 0
4836 14
4837 3
4838 8
4839 1
4840 4
4841 8
4842 0
4843 38
4844 9
4845 23
4846 17
4847 13
4848 11
4849 0
4850 14
4851 7
4852 9
4853 5
4854 12
4855 31
4856 51
4857 13
4858 1
4859 78
4860 4
4861 20
4862 9
4863 42
4864 47
4865 2
4866 43
4867 11
4868 12
4869 25
4870 32
4871 0
4872 3
4873 63
4874 13
4875 1
4876 0
4877 5
4878 11
4879 24
4880 35
4881 29
4882 33
4883 38
4884 1
4885 3
4886 10
4887 11
4888 15
4889 12
4890 25
4891 14
4892 30
4893 38
4894 7
4895 11
4896 0
4897 1
4898 3
4899 4
4900 11
4901 7
4902 9
4903 2
4904 2
4905 61
4906 40
4907 2
4908 42
4909 0
4910 30
4911 32
4912 12
4913 23
4914 12
4915 6
4916 55
4917 6
4918 21
4919 71
4920 12
4921 1
4922 2
4923 3
4924 0
4925 5
4926 8
4927 5
4928 19
4929 5
4930 13
4931 39
4932 35
4933 39
4934 0
4935 30
4936 25
4937 43
4938 4
4939 8
4940 3
4941 76
4942 20
4943 1
4944 7
4945 9
4946 45
4947 13
4948 16
4949 11
4950 3
4951 11
4952 16
4953 11
4954 20
4955 45
4956 14
4957 50
4958 26
4959 59
4960 12
4961 9
4962 9
4963 19
4964 27
4965 7
4966 15
4967 8
4968 11
4969 13
4970 32
4971 12
4972 26
4973 23
4974 37
4975 1
4976 45
4977 2
4978 1
4979 29
4980 18
4981 52
4982 84
4983 19
4984 6
4985 1
4986 16
4987 9
4988 9
4989 15
4990 14
4991 16
4992 19
4993 4
4994 21
4995 1
4996 15
4997 5
4998 21
4999 2
5000 14
5001 0
5002 15
5003 21
5004 43
5005 13
5006 6
5007 10
5008 2
5009 20
5010 13
5011 3
5012 3
5013 38
5014 71
5015 2
5016 19
5017 12
5018 39
5019 18
5020 27
5021 26
5022 28
5023 1
5024 17
5025 37
5026 62
5027 16
5028 11
5029 7
5030 20
5031 33
5032 10
5033 11
5034 8
5035 7
5036 21
5037 14
5038 16
5039 4
5040 10
5041 10
5042 44
5043 1
5044 46
5045 21
5046 13
5047 76
5048 27
5049 10
5050 18
5051 3
5052 5
5053 74
5054 12
5055 26
5056 20
5057 9
5058 16
5059 78
5060 9
5061 9
5062 3
5063 3
5064 78
5065 12
5066 33
5067 18
5068 17
5069 6
5070 6
5071 10
5072 4
5073 8
5074 50
5075 4
5076 11
5077 16
5078 25
5079 4
5080 12
5081 23
5082 36
5083 21
5084 15
5085 4
5086 2
5087 6
5088 3
5089 7
5090 7
5091 11
5092 9
5093 4
5094 15
5095 19
5096 8
5097 2
5098 21
5099 6
5100 20
5101 10
5102 28
5103 40
5104 15
5105 0
5106 52
5107 6
5108 18
5109 35
5110 42
5111 1
5112 15
5113 47
5114 5
5115 11
5116 9
5117 44
5118 16
5119 3
5120 19
5121 20
5122 15
5123 14
5124 59
5125 43
5126 44
5127 38
5128 84
5129 10
5130 1
5131 44
5132 16
5133 15
5134 19
5135 31
5136 43
5137 1
5138 70
5139 44
5140 15
5141 80
5142 9
5143 21
5144 21
5145 50
5146 17
5147 20
5148 22
5149 65
5150 2
5151 50
5152 59
5153 59
5154 21
5155 27
5156 0
5157 15
5158 29
5159 44
5160 31
5161 22
5162 14
5163 21
5164 43
5165 59
5166 16
5167 63
5168 35
5169 7
5170 5
5171 14
5172 38
5173 2
5174 1
5175 30
5176 59
5177 63
5178 4
5179 43
5180 65
5181 7
5182 37
5183 0
5184 61
5185 12
5186 46
5187 13
5188 71
5189 45
5190 67
5191 12
5192 6
5193 6
5194 19
5195 6
5196 85
5197 16
5198 6
5199 2
5200 19
5201 33
5202 2
5203 15
5204 1
5205 2
5206 16
5207 16
5208 24
5209 24
5210 29
5211 55
5212 24
5213 2
5214 6
5215 26
5216 22
5217 5
5218 77
5219 18
5220 0
5221 17
5222 54
5223 48
5224 21
5225 6
5226 8
5227 65
5228 24
5229 6
5230 1
5231 57
5232 31
5233 11
5234 44
5235 54
5236 15
5237 24
5238 56
5239 5
5240 9
5241 43
5242 54
5243 5
5244 54
5245 64
5246 4
5247 16
5248 41
5249 57
5250 26
5251 0
5252 49
5253 31
5254 56
5255 23
5256 0
5257 6
5258 51
5259 5
5260 31
5261 46
5262 13
5263 7
5264 7
5265 41
5266 52
5267 78
5268 24
5269 4
5270 3
5271 3
5272 42
5273 6
5274 23
5275 40
5276 20
5277 28
5278 56
5279 8
5280 48
5281 56
5282 69
5283 52
5284 25
5285 52
5286 17
5287 24
5288 48
5289 20
5290 1
5291 18
5292 1
5293 33
5294 28
5295 41
5296 8
5297 28
5298 1
5299 6
5300 34
5301 53
5302 4
5303 45
5304 46
5305 55
5306 4
5307 8
5308 39
5309 41
5310 15
5311 1
5312 7
5313 34
5314 0
5315 1
5316 4
5317 40
5318 0
5319 8
5320 9
5321 3
5322 32
5323 7
5324 50
5325 51
5326 31
5327 81
5328 28
5329 39
5330 40
5331 28
5332 6
5333 40
5334 0
5335 5
5336 5
5337 20
5338 61
5339 37
5340 32
5341 11
5342 54
5343 5
5344 31
5345 4
5346 47
5347 8
5348 45
5349 16
5350 8
5351 7
5352 6
5353 2
5354 19
5355 32
5356 3
5357 30
5358 51
5359 2
5360 38
5361 4
5362 50
5363 42
5364 22
5365 1
5366 25
5367 27
5368 1
5369 40
5370 0
5371 2
5372 49
5373 1
5374 31
5375 39
5376 8
5377 34
5378 69
5379 64
5380 8
5381 5
5382 6
5383 50
5384 39
5385 24
5386 48
5387 39
5388 17
5389 4
5390 25
5391 82
5392 45
5393 1
5394 35
5395 42
5396 45
5397 37
5398 37
5399 1
5400 57
5401 1
5402 3
5403 30
5404 1
5405 0
5406 30
5407 71
5408 47
5409 3
5410 5
5411 47
5412 3
5413 3
5414 5
5415 8
5416 3
5417 58
5418 34
5419 59
5420 30
5421 2
5422 57
5423 3
5424 0
5425 2
5426 58
5427 23
5428 5
5429 71
5430 0
5431 38
5432 0
5433 28
5434 68
5435 26
5436 35
5437 56
5438 28
5439 67
5440 26
5441 0
5442 17
5443 14
5444 10
5445 8
5446 10
5447 3
5448 30
5449 7
5450 45
5451 8
5452 48
5453 55
5454 2
5455 11
5456 1
5457 23
5458 29
5459 66
5460 68
5461 45
5462 65
5463 28
5464 3
5465 59
5466 26
5467 71
5468 27
5469 19
5470 3
5471 19
5472 7
5473 2
5474 0
5475 1
5476 49
5477 35
5478 18
5479 65
5480 75
5481 1
5482 1
5483 10
5484 73
5485 3
5486 8
5487 3
5488 28
5489 1
5490 48
5491 6
5492 13
5493 53
5494 23
5495 5
5496 10
5497 49
5498 46
5499 15
5500 4
5501 0
5502 21
5503 15
5504 12
5505 56
5506 1
5507 7
5508 5
5509 13
5510 54
5511 13
5512 9
5513 1
5514 14
5515 35
5516 41
5517 35
5518 7
5519 13
5520 12
5521 4
5522 10
5523 34
5524 2
5525 0
5526 14
5527 66
5528 38
5529 0
5530 40
5531 52
5532 31
5533 12
5534 19
5535 13
5536 14
5537 9
5538 62
5539 7
5540 72
5541 43
5542 14
5543 49
5544 1
5545 12
5546 25
5547 5
5548 33
5549 7
5550 44
5551 10
5552 14
5553 5
5554 7
5555 32
5556 13
5557 8
5558 33
5559 2
5560 34
5561 7
5562 0
5563 6
5564 8
5565 8
5566 68
5567 0
5568 45
5569 42
5570 0
5571 3
5572 39
5573 10
5574 4
5575 14
5576 13
5577 6
5578 63
5579 84
5580 9
5581 6
5582 9
5583 15
5584 3
5585 67
5586 23
5587 3
5588 2
5589 12
5590 8
5591 10
5592 29
5593 33
5594 85
5595 2
5596 57
5597 13
5598 12
5599 40
5600 69
5601 22
5602 12
5603 9
5604 9
5605 71
5606 35
5607 37
5608 12
5609 18
5610 64
5611 3
5612 2
5613 18
5614 27
5615 8
5616 33
5617 13
5618 6
5619 13
5620 7
5621 10
5622 13
5623 1
5624 23
5625 79
5626 41
5627 43
5628 17
5629 8
5630 44
5631 37
5632 32
5633 51
5634 37
5635 18
5636 13
5637 23
5638 10
5639 15
5640 17
5641 60
5642 73
5643 75
5644 51
5645 0
5646 11
5647 51
5648 23
5649 44
5650 15
5651 65
5652 6
5653 1
5654 29
5655 38
5656 20
5657 33
5658 3
5659 49
5660 65
5661 22
5662 11
5663 10
5664 47
5665 4
5666 27
5667 4
5668 10
5669 9
5670 2
5671 53
5672 49
5673 42
5674 18
5675 0
5676 18
5677 4
5678 20
5679 56
5680 40
5681 53
5682 3
5683 82
5684 1
5685 15
5686 71
5687 6
5688 51
5689 50
5690 72
5691 31
5692 11
5693 31
5694 73
5695 86
5696 79
5697 11
5698 29
5699 4
5700 50
5701 14
5702 2
5703 20
5704 35
5705 3
5706 7
5707 6
5708 49
5709 57
5710 23
5711 3
5712 27
5713 7
5714 24
5715 42
5716 66
5717 29
5718 44
5719 2
5720 4
5721 75
5722 67
5723 3
5724 30
5725 6
5726 41
5727 16
5728 60
5729 58
5730 2
5731 53
5732 0
5733 1
5734 20
5735 3
5736 83
5737 29
5738 46
5739 51
5740 0
5741 45
5742 3
5743 25
5744 52
5745 29
5746 7
5747 26
5748 28
5749 3
5750 8
5751 3
5752 43
5753 22
5754 67
5755 55
5756 39
5757 39
5758 45
5759 2
5760 34
5761 76
5762 23
5763 10
5764 22
5765 54
5766 4
5767 16
5768 59
5769 48
5770 0
5771 14
5772 9
5773 22
5774 0
5775 1
5776 25
5777 9
5778 6
5779 14
5780 4
5781 16
5782 7
5783 24
5784 8
5785 2
5786 12
5787 6
5788 72
5789 0
5790 17
5791 56
5792 17
5793 44
5794 9
5795 54
5796 1
5797 9
5798 80
5799 0
5800 40
5801 2
5802 7
5803 7
5804 23
5805 6
5806 22
5807 2
5808 3
5809 17
5810 50
5811 31
5812 56
5813 31
5814 31
5815 55
5816 3
5817 25
5818 4
5819 7
5820 5
5821 5
5822 32
5823 8
5824 4
5825 13
5826 4
5827 4
5828 5
5829 34
5830 38
5831 8
5832 73
5833 3
5834 55
5835 10
5836 7
5837 13
5838 13
5839 25
5840 9
5841 14
5842 12
5843 1
5844 34
5845 12
5846 4
5847 45
5848 14
5849 8
5850 14
5851 6
5852 14
5853 13
5854 4
5855 33
5856 12
5857 10
5858 32
5859 20
5860 69
5861 12
5862 35
5863 30
5864 36
5865 8
5866 21
5867 0
5868 6
5869 5
5870 2
5871 37
5872 8
5873 1
5874 22
5875 40
5876 47
5877 4
5878 3
5879 8
5880 24
5881 40
5882 12
5883 24
5884 50
5885 3
5886 43
5887 13
5888 3
5889 60
5890 6
5891 9
5892 9
5893 26
5894 11
5895 2
5896 9
5897 2
5898 6
5899 9
5900 3
5901 0
5902 75
5903 8
5904 56
5905 2
5906 9
5907 79
5908 11
5909 6
5910 12
5911 16
5912 9
5913 63
5914 9
5915 21
5916 2
5917 14
5918 55
5919 22
5920 0
5921 8
5922 4
5923 14
5924 5
5925 4
5926 14
5927 30
5928 4
5929 32
5930 5
5931 9
5932 52
5933 7
5934 13
5935 23
5936 9
5937 62
5938 13
5939 7
5940 47
5941 2
5942 16
5943 13
5944 40
5945 3
5946 34
5947 0
5948 3
5949 61
5950 3
5951 12
5952 32
5953 42
5954 2
5955 14
5956 16
5957 55
5958 24
5959 13
5960 11
5961 14
5962 3
5963 34
5964 2
5965 59
5966 55
5967 4
5968 20
5969 36
5970 9
5971 26
5972 3
5973 10
5974 19
5975 13
5976 12
5977 19
5978 11
5979 12
5980 5
5981 2
5982 5
5983 40
5984 23
5985 3
5986 37
5987 37
5988 61
5989 8
5990 16
5991 25
5992 10
5993 8
5994 30
5995 19
5996 10
5997 34
5998 76
5999 50
6000 1
6001 63
6002 59
6003 2
6004 10
6005 26
6006 22
6007 2
6008 10
6009 19
6010 27
6011 13
6012 4
6013 18
6014 13
6015 13
6016 0
6017 26
6018 28
6019 12
6020 32
6021 36
6022 20
6023 11
6024 48
6025 11
6026 12
6027 21
6028 27
6029 9
6030 3
6031 0
6032 21
6033 25
6034 21
6035 4
6036 19
6037 1
6038 15
6039 10
6040 16
6041 4
6042 11
6043 35
6044 33
6045 24
6046 37
6047 27
6048 19
6049 26
6050 14
6051 18
6052 18
6053 54
6054 59
6055 7
6056 12
6057 1
6058 16
6059 20
6060 14
6061 46
6062 46
6063 10
6064 14
6065 1
6066 15
6067 17
6068 6
6069 30
6070 16
6071 1
6072 52
6073 12
6074 7
6075 2
6076 14
6077 53
6078 25
6079 11
6080 20
6081 15
6082 21
6083 38
6084 18
6085 46
6086 11
6087 36
6088 46
6089 36
6090 19
6091 9
6092 70
6093 3
6094 20
6095 6
6096 4
6097 21
6098 15
6099 19
6100 65
6101 68
6102 15
6103 14
6104 1
6105 10
6106 7
6107 27
6108 3
6109 9
6110 6
6111 14
6112 12
6113 16
6114 65
6115 12
6116 14
6117 41
6118 14
6119 29
6120 48
6121 18
6122 0
6123 70
6124 69
6125 9
6126 0
6127 47
6128 5
6129 15
6130 76
6131 53
6132 14
6133 33
6134 75
6135 2
6136 3
6137 10
6138 10
6139 2
6140 0
6141 53
6142 50
6143 32
6144 4
6145 35
6146 19
6147 61
6148 23
6149 43
6150 45
6151 9
6152 84
6153 28
6154 18
6155 74
6156 23
6157 24
6158 60
6159 44
6160 15
6161 33
6162 20
6163 42
6164 35
6165 2
6166 53
6167 50
6168 69
6169 46
6170 80
6171 32
6172 18
6173 0
6174 46
6175 80
6176 31
6177 22
6178 31
6179 50
6180 10
6181 73
6182 16
6183 73
6184 9
6185 35
6186 9
6187 40
6188 30
6189 33
6190 44
6191 0
6192 50
6193 12
6194 51
6195 12
6196 62
6197 0
6198 27
6199 25
6200 43
6201 56
6202 69
6203 72
6204 56
6205 0
6206 0
6207 10
6208 48
6209 58
6210 20
6211 15
6212 43
6213 58
6214 21
6215 51
6216 45
6217 44
6218 13
6219 18
6220 18
6221 30
6222 71
6223 49
6224 76
6225 21
6226 24
6227 2
6228 26
6229 22
6230 19
6231 53
6232 38
6233 0
6234 0
6235 18
6236 56
6237 53
6238 43
6239 18
6240 55
6241 47
6242 23
6243 85
6244 69
6245 49
6246 18
6247 75
6248 44
6249 18
6250 15
6251 69
6252 51
6253 63
6254 48
6255 0
6256 57
6257 21
6258 15
6259 57
6260 31
6261 0
6262 9
6263 20
6264 46
6265 50
6266 66
6267 0
6268 23
6269 9
6270 71
6271 73
6272 2
6273 0
6274 19
6275 17
6276 41
6277 51
6278 0
6279 33
6280 26
6281 45
6282 45
6283 11
6284 29
6285 46
6286 33
6287 25
6288 29
6289 59
6290 33
6291 31
6292 59
6293 23
6294 42
6295 0
6296 0
6297 80
6298 28
6299 16
6300 5
6301 48
6302 0
6303 39
6304 55
6305 57
6306 19
6307 59
6308 51
6309 64
6310 67
6311 23
6312 21
6313 55
6314 72
6315 17
6316 44
6317 2
6318 26
6319 56
6320 35
6321 21
6322 14
6323 51
6324 9
6325 15
6326 51
6327 60
6328 74
6329 71
6330 3
6331 3
6332 30
6333 26
6334 38
6335 39
6336 0
6337 18
6338 48
6339 17
6340 28
6341 0
6342 61
6343 37
6344 17
6345 28
6346 17
6347 30
6348 42
6349 0
6350 36
6351 19
6352 38
6353 17
6354 9
6355 22
6356 28
6357 33
6358 14
6359 47
6360 6
6361 1
6362 30
6363 11
6364 1
6365 36
6366 36
6367 38
6368 17
6369 17
6370 42
6371 66
6372 7
6373 3
6374 24
6375 32
6376 54
6377 48
6378 39
6379 21
6380 41
6381 18
6382 19
6383 1
6384 47
6385 40
6386 24
6387 43
6388 49
6389 8
6390 63
6391 16
6392 12
6393 20
6394 67
6395 30
6396 10
6397 31
6398 47
6399 59
6400 39
6401 31
6402 0
6403 20
6404 23
6405 13
6406 28
6407 49
6408 40
6409 49
6410 10
6411 70
6412 1
6413 63
6414 61
6415 10
6416 5
6417 50
6418 8
6419 10
6420 25
6421 8
6422 56
6423 12
6424 22
6425 23
6426 69
6427 30
6428 46
6429 57
6430 57
6431 11
6432 20
6433 61
6434 19
6435 8
6436 5
6437 53
6438 19
6439 29
6440 23
6441 30
6442 5
6443 28
6444 19
6445 25
6446 0
6447 15
6448 37
6449 39
6450 10
6451 38
6452 21
6453 10
6454 34
6455 22
6456 1
6457 85
6458 30
6459 9
6460 76
6461 8
6462 27
6463 35
6464 37
6465 11
6466 26
6467 73
6468 54
6469 51
6470 29
6471 45
6472 80
6473 60
6474 52
6475 60
6476 1
6477 41
6478 41
6479 59
6480 39
6481 78
6482 17
6483 49
6484 35
6485 70
6486 42
6487 50
6488 25
6489 81
6490 36
6491 26
6492 4
6493 7
6494 29
6495 25
6496 37
6497 17
6498 45
6499 65
6500 27
6501 36
6502 14
6503 4
6504 8
6505 5
6506 5
6507 53
6508 10
6509 10
6510 10
6511 13
6512 0
6513 32
6514 14
6515 25
6516 28
6517 26
6518 59
6519 1
6520 35
6521 36
6522 1
6523 8
6524 10
6525 40
6526 13
6527 23
6528 8
6529 0
6530 23
6531 25
6532 14
6533 67
6534 17
6535 50
6536 39
6537 10
6538 67
6539 23
6540 24
6541 15
6542 36
6543 45
6544 3
6545 22
6546 53
6547 23
6548 19
6549 9
6550 1
6551 66
6552 62
6553 41
6554 25
6555 3
6556 69
6557 8
6558 77
6559 34
6560 57
6561 46
6562 56
6563 21
6564 1
6565 12
6566 57
6567 36
6568 42
6569 15
6570 40
6571 11
6572 62
6573 17
6574 3
6575 22
6576 11
6577 49
6578 0
6579 55
6580 10
6581 0
6582 60
6583 26
6584 4
6585 24
6586 53
6587 53
6588 17
6589 3
6590 14
6591 36
6592 11
6593 28
6594 9
6595 24
6596 23
6597 0
6598 0
6599 28
6600 3
6601 1
6602 10
6603 11
6604 53
6605 66
6606 11
6607 73
6608 13
6609 0
6610 32
6611 84
6612 10
6613 30
6614 31
6615 12
6616 3
6617 9
6618 43
6619 68
6620 37
6621 42
6622 3
6623 19
6624 64
6625 25
6626 63
6627 48
6628 9
6629 26
6630 9
6631 69
6632 73
6633 13
6634 15
6635 1
6636 11
6637 4
6638 0
6639 43
6640 9
6641 63
6642 5
6643 12
6644 6
6645 59
6646 15
6647 33
6648 18
6649 13
6650 55
6651 67
6652 76
6653 3
6654 14
6655 45
6656 17
6657 23
6658 58
6659 66
6660 29
6661 20
6662 39
6663 64
6664 27
6665 1
6666 12
6667 78
6668 17
6669 21
6670 36
6671 12
6672 11
6673 2
6674 12
6675 53
6676 18
6677 24
6678 36
6679 18
6680 40
6681 1
6682 13
6683 22
6684 16
6685 44
6686 30
6687 71
6688 31
6689 12
6690 29
6691 56
6692 60
6693 82
6694 1
6695 31
6696 18
6697 30
6698 15
6699 40
6700 0
6701 11
6702 4
6703 59
6704 0
6705 12
6706 1
6707 35
6708 33
6709 69
6710 44
6711 68
6712 0
6713 13
6714 56
6715 26
6716 35
6717 25
6718 26
6719 0
6720 86
6721 3
6722 0
6723 50
6724 83
6725 68
6726 36
6727 10
6728 5
6729 27
6730 4
6731 39
6732 6
6733 21
6734 1
6735 2
6736 29
6737 36
6738 14
6739 49
6740 5
6741 24
6742 73
6743 45
6744 8
6745 8
6746 9
6747 29
6748 8
6749 45
6750 3
6751 24
6752 10
6753 3
6754 21
6755 22
6756 8
6757 2
6758 26
6759 1
6760 5
6761 40
6762 58
6763 35
6764 13
6765 11
6766 4
6767 0
6768 24
6769 3
6770 2
6771 77
6772 55
6773 20
6774 4
6775 20
6776 5
6777 67
6778 1
6779 54
6780 7
6781 6
6782 48
6783 27
6784 45
6785 44
6786 4
6787 22
6788 59
6789 24
6790 65
6791 1
6792 19
6793 5
6794 22
6795 3
6796 17
6797 3
6798 43
6799 4
6800 87
6801 8
6802 24
6803 1
6804 8
6805 68
6806 1
6807 47
6808 10
6809 10
6810 0
6811 4
6812 26
6813 1
6814 2
6815 53
6816 35
6817 61
6818 8
6819 7
6820 1
6821 15
6822 68
6823 12
6824 40
6825 3
6826 53
6827 9
6828 17
6829 13
6830 55
6831 54
6832 37
6833 17
6834 5
6835 41
6836 7
6837 1
6838 37
6839 37
6840 39
6841 11
6842 21
6843 30
6844 2
6845 25
6846 24
6847 42
6848 46
6849 12
6850 9
6851 8
6852 41
6853 24
6854 26
6855 19
6856 30
6857 17
6858 24
6859 1
6860 30
6861 21
6862 70
6863 1
6864 17
6865 5
6866 37
6867 16
6868 37
6869 1
6870 8
6871 0
6872 28
6873 6
6874 35
6875 20
6876 3
6877 6
6878 14
6879 45
6880 2
6881 13
6882 23
6883 46
6884 57
6885 27
6886 2
6887 3
6888 2
6889 1
6890 75
6891 26
6892 1
6893 13
6894 9
6895 11
6896 10
6897 38
6898 61
6899 2
6900 54
6901 47
6902 31
6903 49
6904 2
6905 11
6906 9
6907 3
6908 16
6909 5
6910 6
6911 60
6912 4
6913 8
6914 5
6915 9
6916 20
6917 25
6918 12
6919 4
6920 11
6921 52
6922 53
6923 32
6924 55
6925 3
6926 19
6927 43
6928 21
6929 64
6930 35
6931 47
6932 17
6933 12
6934 38
6935 24
6936 61
6937 8
6938 10
6939 54
6940 25
6941 13
6942 3
6943 24
6944 8
6945 8
6946 6
6947 6
6948 11
6949 59
6950 36
6951 13
6952 8
6953 33
6954 20
6955 47
6956 9
6957 0
6958 7
6959 8
6960 2
6961 53
6962 10
6963 32
6964 35
6965 7
6966 30
6967 58
6968 3
6969 13
6970 79
6971 6
6972 15
6973 10
6974 41
6975 9
6976 5
6977 19
6978 19
6979 43
6980 55
6981 4
6982 15
6983 3
6984 49
6985 36
6986 7
6987 20
6988 24
6989 8
6990 30
6991 3
6992 7
6993 15
6994 28
6995 19
6996 1
6997 5
6998 10
6999 86
7000 16
7001 57
7002 0
7003 21
7004 45
7005 20
7006 9
7007 23
7008 12
7009 0
7010 12
7011 9
7012 21
7013 37
7014 14
7015 1
7016 12
7017 30
7018 20
7019 14
7020 1
7021 22
7022 9
7023 12
7024 14
7025 4
7026 9
7027 18
7028 18
7029 8
7030 7
7031 21
7032 34
7033 10
7034 5
7035 14
7036 2
7037 5
7038 19
7039 81
7040 1
7041 26
7042 32
7043 23
7044 4
7045 19
7046 21
7047 15
7048 0
7049 4
7050 3
7051 21
7052 40
7053 63
7054 0
7055 11
7056 15
7057 11
7058 49
7059 6
7060 13
7061 10
7062 1
7063 16
7064 0
7065 0
7066 19
7067 7
7068 38
7069 34
7070 38
7071 20
7072 19
7073 8
7074 11
7075 73
7076 16
7077 79
7078 4
7079 9
7080 41
7081 10
7082 58
7083 33
7084 15
7085 15
7086 44
7087 11
7088 14
7089 19
7090 28
7091 8
7092 12
7093 10
7094 13
7095 22
7096 59
7097 0
7098 4
7099 9
7100 39
7101 37
7102 3
7103 12
7104 3
7105 46
7106 3
7107 16
7108 3
7109 16
7110 3
7111 49
7112 1
7113 6
7114 24
7115 8
7116 45
7117 3
7118 12
7119 6
7120 20
7121 17
7122 5
7123 10
7124 14
7125 1
7126 24
7127 23
7128 1
7129 38
7130 16
7131 19
7132 9
7133 2
7134 33
7135 24
7136 6
7137 6
7138 15
7139 32
7140 11
7141 47
7142 12
7143 6
7144 24
7145 7
7146 6
7147 15
7148 19
7149 15
7150 12
7151 19
7152 3
7153 1
7154 46
7155 19
7156 15
7157 66
7158 16
7159 6
7160 0
7161 5
7162 7
7163 3
7164 1
7165 52
7166 8
7167 26
7168 38
7169 15
7170 13
7171 0
7172 12
7173 6
7174 5
7175 60
7176 2
7177 49
7178 62
7179 11
7180 2
7181 32
7182 16
7183 57
7184 6
7185 21
7186 15
7187 11
7188 50
7189 59
7190 46
7191 7
7192 29
7193 16
7194 21
7195 29
7196 14
7197 25
7198 0
7199 48
7200 1
7201 79
7202 15
7203 33
7204 17
7205 11
7206 9
7207 14
7208 40
7209 53
7210 11
7211 59
7212 2
7213 2
7214 32
7215 0
7216 17
7217 15
7218 44
7219 51
7220 5
7221 0
7222 3
7223 10
7224 38
7225 31
7226 4
7227 56
7228 1
7229 6
7230 19
7231 15
7232 0
7233 55
7234 0
7235 68
7236 12
7237 2
7238 4
7239 7
7240 5
7241 15
7242 33
7243 50
7244 6
7245 2
7246 58
7247 9
7248 66
7249 13
7250 4
7251 6
7252 46
7253 0
7254 50
7255 6
7256 5
7257 7
7258 5
7259 48
7260 83
7261 19
7262 45
7263 6
7264 56
7265 18
7266 53
7267 22
7268 5
7269 45
7270 2
7271 44
7272 7
7273 33
7274 6
7275 15
7276 11
7277 44
7278 0
7279 19
7280 64
7281 39
7282 6
7283 23
7284 26
7285 4
7286 45
7287 8
7288 4
7289 28
7290 48
7291 5
7292 45
7293 65
7294 5
7295 41
7296 8
7297 2
7298 6
7299 29
7300 54
7301 13
7302 48
7303 22
7304 21
7305 26
7306 26
7307 2
7308 51
7309 32
7310 41
7311 8
7312 5
7313 24
7314 0
7315 2
7316 7
7317 31
7318 2
7319 8
7320 47
7321 14
7322 4
7323 51
7324 19
7325 61
7326 33
7327 5
7328 65
7329 3
7330 3
7331 27
7332 7
7333 57
7334 2
7335 21
7336 21
7337 7
7338 9
7339 18
7340 35
7341 2
7342 54
7343 53
7344 44
7345 6
7346 60
7347 5
7348 67
7349 54
7350 65
7351 80
7352 21
7353 44
7354 1
7355 55
7356 25
7357 4
7358 15
7359 6
7360 28
7361 8
7362 2
7363 3
7364 60
7365 1
7366 11
7367 2
7368 2
7369 17
7370 51
7371 0
7372 28
7373 0
7374 19
7375 25
7376 30
7377 2
7378 1
7379 30
7380 30
7381 63
7382 11
7383 28
7384 7
7385 56
7386 29
7387 7
7388 42
7389 32
7390 3
7391 5
7392 3
7393 47
7394 0
7395 61
7396 40
7397 16
7398 33
7399 34
7400 24
7401 38
7402 32
7403 8
7404 75
7405 7
7406 54
7407 6
7408 1
7409 18
7410 73
7411 3
7412 1
7413 78
7414 8
7415 55
7416 17
7417 61
7418 10
7419 13
7420 67
7421 3
7422 2
7423 16
7424 39
7425 30
7426 76
7427 8
7428 52
7429 53
7430 10
7431 4
7432 66
7433 4
7434 25
7435 10
7436 54
7437 41
7438 36
7439 7
7440 7
7441 0
7442 2
7443 40
7444 50
7445 18
7446 29
7447 39
7448 8
7449 7
7450 53
7451 42
7452 3
7453 6
7454 42
7455 1
7456 23
7457 9
7458 32
7459 67
7460 37
7461 49
7462 6
7463 2
7464 38
7465 7
7466 1
7467 63
7468 28
7469 4
7470 67
7471 47
7472 35
7473 68
7474 2
7475 2
7476 35
7477 8
7478 19
7479 21
7480 49
7481 0
7482 6
7483 19
7484 2
7485 78
7486 72
7487 23
7488 3
7489 39
7490 68
7491 7
7492 6
7493 3
7494 2
7495 22
7496 3
7497 35
7498 27
7499 1
7500 40
7501 0
7502 52
7503 4
7504 24
7505 22
7506 2
7507 3
7508 5
7509 23
7510 24
7511 23
7512 6
7513 75
7514 27
7515 61
7516 55
7517 5
7518 7
7519 52
7520 28
7521 25
7522 38
7523 2
7524 3
7525 5
7526 72
7527 42
7528 6
7529 28
7530 71
7531 28
7532 52
7533 10
7534 23
7535 13
7536 8
7537 25
7538 48
7539 7
7540 18
7541 1
7542 1
7543 14
7544 6
7545 8
7546 55
7547 1
7548 57
7549 6
7550 0
7551 14
7552 58
7553 5
7554 28
7555 50
7556 0
7557 8
7558 38
7559 27
7560 37
7561 6
7562 12
7563 13
7564 2
7565 48
7566 18
7567 8
7568 2
7569 22
7570 4
7571 15
7572 4
7573 43
7574 2
7575 35
7576 26
7577 34
7578 14
7579 8
7580 0
7581 17
7582 6
7583 9
7584 9
7585 64
7586 4
7587 3
7588 0
7589 57
7590 64
7591 4
7592 12
7593 4
7594 13
7595 3
7596 26
7597 4
7598 7
7599 43
7600 12
7601 35
7602 2
7603 68
7604 34
7605 42
7606 0
7607 41
7608 7
7609 5
7610 2
7611 13
7612 32
7613 36
7614 44
7615 6
7616 77
7617 23
7618 64
7619 27
7620 7
7621 41
7622 7
7623 7
7624 47
7625 9
7626 42
7627 2
7628 47
7629 38
7630 43
7631 6
7632 35
7633 38
7634 2
7635 9
7636 54
7637 5
7638 9
7639 14
7640 32
7641 11
7642 5
7643 6
7644 0
7645 83
7646 13
7647 12
7648 8
7649 17
7650 9
7651 4
7652 40
7653 12
7654 4
7655 5
7656 30
7657 1
7658 13
7659 13
7660 40
7661 75
7662 33
7663 9
7664 63
7665 79
7666 2
7667 34
7668 15
7669 15
7670 24
7671 18
7672 54
7673 61
7674 4
7675 50
7676 19
7677 14
7678 7
7679 42
7680 25
7681 8
7682 27
7683 49
7684 13
7685 2
7686 21
7687 51
7688 14
7689 40
7690 0
7691 7
7692 0
7693 46
7694 38
7695 2
7696 13
7697 2
7698 31
7699 43
7700 46
7701 29
7702 26
7703 60
7704 7
7705 18
7706 43
7707 77
7708 41
7709 2
7710 10
7711 31
7712 74
7713 18
7714 26
7715 16
7716 14
7717 36
7718 12
7719 34
7720 51
7721 1
7722 1
7723 4
7724 27
7725 12
7726 35
7727 5
7728 7
7729 2
7730 0
7731 8
7732 58
7733 20
7734 46
7735 78
7736 11
7737 4
7738 29
7739 22
7740 4
7741 13
7742 11
7743 33
7744 71
7745 46
7746 2
7747 5
7748 2
7749 27
7750 17
7751 37
7752 6
7753 55
7754 5
7755 1
7756 52
7757 1
7758 14
7759 16
7760 7
7761 56
7762 27
7763 51
7764 56
7765 3
7766 45
7767 6
7768 29
7769 1
7770 34
7771 71
7772 6
7773 49
7774 72
7775 58
7776 8
7777 27
7778 8
7779 63
7780 3
7781 14
7782 42
7783 4
7784 3
7785 39
7786 24
7787 9
7788 7
7789 59
7790 33
7791 74
7792 14
7793 8
7794 4
7795 6
7796 57
7797 9
7798 76
7799 29
7800 28
7801 10
7802 6
7803 7
7804 1
7805 22
7806 1
7807 7
7808 64
7809 70
7810 2
7811 10
7812 0
7813 5
7814 6
7815 29
7816 15
7817 15
7818 29
7819 9
7820 9
7821 8
7822 6
7823 34
7824 31
7825 7
7826 1
7827 57
7828 8
7829 44
7830 9
7831 1
7832 22
7833 44
7834 5
7835 2
7836 75
7837 0
7838 2
7839 42
7840 5
7841 0
7842 0
7843 10
7844 11
7845 5
7846 2
7847 71
7848 2
7849 12
7850 10
7851 51
7852 31
7853 29
7854 4
7855 37
7856 9
7857 49
7858 20
7859 57
7860 14
7861 32
7862 29
7863 40
7864 16
7865 9
7866 55
7867 5
7868 1
7869 31
7870 21
7871 1
7872 9
7873 14
7874 23
7875 54
7876 2
7877 65
7878 13
7879 17
7880 5
7881 13
7882 9
7883 25
7884 2
7885 4
7886 40
7887 4
7888 20
7889 6
7890 20
7891 6
7892 8
7893 63
7894 7
7895 12
7896 40
7897 42
7898 16
7899 14
7900 42
7901 13
7902 29
7903 10
7904 2
7905 46
7906 13
7907 38
7908 22
7909 22
7910 0
7911 13
7912 1
7913 11
7914 2
7915 0
7916 1
7917 11
7918 38
7919 1
7920 6
7921 18
7922 3
7923 6
7924 9
7925 2
7926 0
7927 51
7928 5
7929 1
7930 11
7931 12
7932 19
7933 2
7934 9
7935 0
7936 8
7937 61
7938 4
7939 3
7940 13
7941 11
7942 11
7943 6
7944 16
7945 12
7946 61
7947 74
7948 15
7949 47
7950 0
7951 61
7952 8
7953 37
7954 31
7955 38
7956 28
7957 49
7958 10
7959 8
7960 33
7961 39
7962 35
7963 62
7964 15
7965 47
7966 6
7967 30
7968 7
7969 3
7970 11
7971 22
7972 5
7973 8
7974 16
7975 8
7976 11
7977 62
7978 10
7979 31
7980 31
7981 3
7982 3
7983 2
7984 22
7985 4
7986 14
7987 15
7988 13
7989 2
7990 16
7991 10
7992 40
7993 4
7994 37
7995 36
7996 27
7997 49
7998 49
7999 59
8000 11
8001 2
8002 62
8003 14
8004 14
8005 21
8006 40
8007 0
8008 63
8009 12
8010 27
8011 2
8012 26
8013 4
8014 9
8015 30
8016 1
8017 55
8018 1
8019 5
8020 7
8021 40
8022 11
8023 56
8024 9
8025 14
8026 19
8027 5
8028 11
8029 5
8030 11
8031 8
8032 36
8033 4
8034 62
8035 61
8036 8
8037 4
8038 9
8039 24
8040 5
8041 10
8042 27
8043 12
8044 0
8045 0
8046 9
8047 16
8048 4
8049 4
8050 48
8051 56
8052 7
8053 5
8054 9
8055 13
8056 8
8057 5
8058 26
8059 2
8060 20
8061 14
8062 5
8063 53
8064 17
8065 1
8066 13
8067 0
8068 16
8069 12
8070 13
8071 12
8072 11
8073 7
8074 16
8075 3
8076 13
8077 18
8078 27
8079 23
8080 19
8081 15
8082 16
8083 6
8084 20
8085 19
8086 21
8087 12
8088 32
8089 2
8090 20
8091 6
8092 19
8093 8
8094 66
8095 22
8096 18
8097 8
8098 16
8099 24
8100 0
8101 5
8102 26
8103 15
8104 55
8105 15
8106 9
8107 15
8108 11
8109 16
8110 9
8111 15
8112 19
8113 14
8114 30
8115 2
8116 20
8117 20
8118 18
8119 7
8120 19
8121 0
8122 4
8123 38
8124 2
8125 4
8126 34
8127 2
8128 64
8129 0
8130 0
8131 10
8132 10
8133 30
8134 14
8135 14
8136 58
8137 2
8138 19
8139 10
8140 25
8141 15
8142 36
8143 20
8144 12
8145 12
8146 2
8147 6
8148 21
8149 10
8150 47
8151 10
8152 8
8153 6
8154 14
8155 2
8156 41
8157 13
8158 12
8159 55
8160 12
8161 17
8162 19
8163 6
8164 23
8165 18
8166 49
8167 47
8168 14
8169 2
8170 0
8171 1
8172 11
8173 24
8174 27
8175 19
8176 47
8177 50
8178 41
8179 14
8180 3
8181 2
8182 16
8183 36
8184 73
8185 61
8186 21
8187 30
8188 26
8189 29
8190 88
8191 9
8192 13
8193 36
8194 9
8195 21
8196 13
8197 4
8198 15
8199 69
8200 36
8201 20
8202 4
8203 63
8204 39
8205 31
8206 17
8207 19
8208 60
8209 50
8210 7
8211 50
8212 14
8213 62
8214 31
8215 82
8216 18
8217 16
8218 13
8219 62
8220 15
8221 26
8222 18
8223 0
8224 15
8225 11
8226 29
8227 61
8228 58
8229 38
8230 17
8231 19
8232 16
8233 41
8234 20
8235 41
8236 0
8237 10
8238 50
8239 60
8240 33
8241 46
8242 23
8243 74
8244 13
8245 13
8246 67
8247 12
8248 14
8249 8
8250 19
8251 51
8252 73
8253 21
8254 26
8255 58
8256 0
8257 19
8258 41
8259 38
8260 21
8261 41
8262 40
8263 31
8264 61
8265 22
8266 18
8267 0
8268 59
8269 52
8270 56
8271 58
8272 34
8273 52
8274 69
8275 24
8276 35
8277 60
8278 71
8279 6
8280 30
8281 11
8282 50
8283 18
8284 19
8285 16
8286 26
8287 56
8288 24
8289 48
8290 27
8291 43
8292 67
8293 17
8294 41
8295 49
8296 26
8297 5
8298 67
8299 4
8300 19
8301 18
8302 62
8303 27
8304 39
8305 62
8306 24
8307 83
8308 74
8309 21
8310 23
8311 9
8312 73
8313 21
8314 32
8315 34
8316 22
8317 13
8318 21
8319 43
8320 72
8321 23
8322 51
8323 14
8324 51
8325 41
8326 52
8327 0
8328 39
8329 41
8330 33
8331 36
8332 45
8333 46
8334 11
8335 15
8336 11
8337 48
8338 56
8339 29
8340 22
8341 18
8342 0
8343 22
8344 10
8345 0
8346 23
8347 40
8348 14
8349 7
8350 17
8351 29
8352 67
8353 63
8354 37
8355 79
8356 21
8357 77
8358 40
8359 33
8360 2
8361 41
8362 0
8363 25
8364 3
8365 24
8366 56
8367 62
8368 26
8369 56
8370 55
8371 24
8372 21
8373 38
8374 25
8375 45
8376 43
8377 17
8378 76
8379 14
8380 20
8381 32
8382 66
8383 72
8384 80
8385 21
8386 33
8387 0
8388 51
8389 45
8390 26
8391 31
8392 13
8393 54
8394 52
8395 42
8396 41
8397 64
8398 58
8399 24
8400 1
8401 17
8402 37
8403 56
8404 30
8405 22
8406 35
8407 66
8408 1
8409 23
8410 24
8411 1
8412 36
8413 28
8414 45
8415 31
8416 44
8417 1
8418 32
8419 27
8420 33
8421 0
8422 37
8423 17
8424 57
8425 68
8426 34
8427 16
8428 61
8429 31
8430 32
8431 61
8432 32
8433 17
8434 38
8435 55
8436 0
8437 30
8438 47
8439 78
8440 38
8441 37
8442 61
8443 8
8444 13
8445 41
8446 10
8447 32
8448 8
8449 20
8450 31
8451 58
8452 58
8453 82
8454 70
8455 15
8456 31
8457 69
8458 58
8459 22
8460 80
8461 30
8462 52
8463 55
8464 5
8465 8
8466 10
8467 5
8468 52
8469 43
8470 69
8471 55
8472 37
8473 1
8474 5
8475 56
8476 0
8477 0
8478 20
8479 11
8480 1
8481 23
8482 7
8483 56
8484 10
8485 0
8486 7
8487 1
8488 34
8489 19
8490 10
8491 21
8492 47
8493 28
8494 36
8495 29
8496 84
8497 25
8498 57
8499 0
8500 1
8501 80
8502 38
8503 23
8504 39
8505 29
8506 48
8507 52
8508 0
8509 34
8510 1
8511 39
8512 34
8513 37
8514 7
8515 14
8516 43
8517 37
8518 37
8519 15
8520 1
8521 32
8522 8
8523 41
8524 8
8525 45
8526 72
8527 4
8528 35
8529 14
8530 52
8531 47
8532 49
8533 58
8534 54
8535 60
8536 10
8537 26
8538 39
8539 10
8540 47
8541 14
8542 72
8543 11
8544 23
8545 50
8546 17
8547 22
8548 48
8549 13
8550 43
8551 1
8552 13
8553 6
8554 0
8555 2
8556 13
8557 25
8558 26
8559 35
8560 26
8561 1
8562 1
8563 0
8564 85
8565 14
8566 0
8567 14
8568 2
8569 3
8570 55
8571 25
8572 1
8573 40
8574 13
8575 59
8576 10
8577 1
8578 10
8579 26
8580 43
8581 40
8582 0
8583 39
8584 49
8585 10
8586 23
8587 49
8588 59
8589 17
8590 39
8591 62
8592 13
8593 62
8594 9
8595 29
8596 0
8597 79
8598 27
8599 4
8600 62
8601 12
8602 22
8603 17
8604 41
8605 30
8606 0
8607 79
8608 72
8609 46
8610 27
8611 14
8612 14
8613 30
8614 14
8615 17
8616 35
8617 15
8618 0
8619 42
8620 9
8621 10
8622 8
8623 59
8624 0
8625 40
8626 3
8627 47
8628 22
8629 78
8630 33
8631 26
8632 17
8633 35
8634 9
8635 55
8636 60
8637 14
8638 53
8639 12
8640 5
8641 47
8642 4
8643 34
8644 48
8645 35
8646 42
8647 59
8648 5
8649 24
8650 0
8651 76
8652 14
8653 57
8654 8
8655 44
8656 65
8657 29
8658 3
8659 15
8660 5
8661 72
8662 57
8663 73
8664 8
8665 26
8666 54
8667 10
8668 75
8669 8
8670 8
8671 10
8672 4
8673 18
8674 48
8675 66
8676 10
8677 76
8678 1
8679 46
8680 31
8681 0
8682 5
8683 3
8684 46
8685 11
8686 10
8687 13
8688 13
8689 69
8690 0
8691 37
8692 22
8693 70
8694 20
8695 14
8696 13
8697 10
8698 5
8699 26
8700 0
8701 3
8702 13
8703 4
8704 0
8705 38
8706 41
8707 23
8708 33
8709 0
8710 33
8711 26
8712 60
8713 41
8714 33
8715 35
8716 32
8717 11
8718 32
8719 26
8720 2
8721 50
8722 65
8723 2
8724 43
8725 57
8726 66
8727 2
8728 2
8729 1
8730 49
8731 23
8732 39
8733 12
8734 60
8735 18
8736 44
8737 47
8738 26
8739 27
8740 13
8741 18
8742 11
8743 9
8744 33
8745 67
8746 43
8747 58
8748 15
8749 64
8750 52
8751 56
8752 7
8753 15
8754 44
8755 18
8756 59
8757 1
8758 18
8759 17
8760 37
8761 56
8762 56
8763 0
8764 6
8765 58
8766 6
8767 2
8768 39
8769 62
8770 1
8771 6
8772 34
8773 11
8774 1
8775 70
8776 76
8777 63
8778 50
8779 15
8780 1
8781 25
8782 0
8783 18
8784 6
8785 15
8786 27
8787 5
8788 21
8789 21
8790 0
8791 24
8792 7
8793 33
8794 4
8795 51
8796 6
8797 5
8798 35
8799 9
8800 4
8801 3
8802 85
8803 52
8804 54
8805 8
8806 8
8807 23
8808 72
8809 54
8810 58
8811 5
8812 4
8813 68
8814 9
8815 56
8816 24
8817 8
8818 28
8819 10
8820 20
8821 14
8822 4
8823 48
8824 28
8825 28
8826 3
8827 4
8828 58
8829 64
8830 7
8831 22
8832 63
8833 65
8834 2
8835 6
8836 11
8837 3
8838 17
8839 27
8840 1
8841 4
8842 0
8843 10
8844 22
8845 0
8846 3
8847 1
8848 64
8849 4
8850 5
8851 72
8852 11
8853 1
8854 26
8855 42
8856 13
8857 5
8858 5
8859 52
8860 1
8861 17
8862 2
8863 5
8864 4
8865 8
8866 3
8867 7
8868 27
8869 31
8870 37
8871 84
8872 48
8873 58
8874 12
8875 17
8876 57
8877 3
8878 6
8879 17
8880 12
8881 13
8882 34
8883 23
8884 3
8885 27
8886 20
8887 28
8888 31
8889 57
8890 4
8891 5
8892 7
8893 14
8894 1
8895 3
8896 2
8897 17
8898 60
8899 85
8900 0
8901 3
8902 25
8903 25
8904 61
8905 32
8906 54
8907 9
8908 4
8909 1
8910 13
8911 23
8912 2
8913 50
8914 28
8915 6
8916 31
8917 13
8918 6
8919 11
8920 8
8921 18
8922 19
8923 2
8924 25
8925 7
8926 53
8927 55
8928 7
8929 9
8930 6
8931 0
8932 55
8933 10
8934 4
8935 6
8936 13
8937 29
8938 12
8939 8
8940 6
8941 13
8942 55
8943 23
8944 1
8945 9
8946 51
8947 23
8948 13
8949 22
8950 25
8951 0
8952 1
8953 37
8954 38
8955 3
8956 0
8957 54
8958 30
8959 8
8960 1
8961 14
8962 1
8963 30
8964 7
8965 6
8966 63
8967 34
8968 12
8969 3
8970 67
8971 8
8972 59
8973 74
8974 37
8975 69
8976 4
8977 0
8978 28
8979 35
8980 22
8981 5
8982 60
8983 59
8984 6
8985 11
8986 8
8987 25
8988 7
8989 23
8990 0
8991 10
8992 2
8993 61
8994 41
8995 6
8996 35
8997 28
8998 57
8999 29
9000 54
9001 22
9002 5
9003 8
9004 11
9005 40
9006 17
9007 42
9008 55
9009 21
9010 51
9011 15
9012 34
9013 24
9014 4
9015 0
9016 10
9017 22
9018 16
9019 15
9020 32
9021 7
9022 16
9023 6
9024 14
9025 42
9026 20
9027 3
9028 10
9029 19
9030 25
9031 9
9032 10
9033 74
9034 15
9035 14
9036 7
9037 29
9038 19
9039 0
9040 80
9041 2
9042 0
9043 75
9044 20
9045 26
9046 14
9047 5
9048 8
9049 1
9050 23
9051 8
9052 65
9053 11
9054 11
9055 9
9056 35
9057 16
9058 9
9059 6
9060 13
9061 17
9062 14
9063 20
9064 12
9065 35
9066 52
9067 28
9068 20
9069 3
9070 10
9071 30
9072 38
9073 27
9074 9
9075 14
9076 0
9077 41
9078 23
9079 12
9080 10
9081 34
9082 6
9083 64
9084 6
9085 1
9086 19
9087 20
9088 60
9089 13
9090 36
9091 25
9092 13
9093 18
9094 11
9095 5
9096 41
9097 0
9098 38
9099 7
9100 21
9101 7
9102 9
9103 9
9104 7
9105 11
9106 1
9107 32
9108 37
9109 57
9110 24
9111 46
9112 3
9113 59
9114 18
9115 26
9116 16
9117 28
9118 14
9119 38
9120 62
9121 8
9122 14
9123 7
9124 17
9125 8
9126 35
9127 1
9128 40
9129 10
9130 35
9131 29
9132 14
9133 3
9134 26
9135 12
9136 6
9137 21
9138 42
9139 21
9140 3
9141 3
9142 14
9143 3
9144 35
9145 5
9146 21
9147 23
9148 12
9149 5
9150 15
9151 4
9152 18
9153 7
9154 2
9155 27
9156 35
9157 38
9158 21
9159 3
9160 8
9161 6
9162 1
9163 5
9164 0
9165 16
9166 12
9167 6
9168 29
9169 5
9170 16
9171 15
9172 43
9173 6
9174 6
9175 6
9176 13
9177 4
9178 18
9179 12
9180 4
9181 9
9182 39
9183 60
9184 0
9185 8
9186 18
9187 47
9188 45
9189 70
9190 18
9191 27
9192 4
9193 7
9194 7
9195 19
9196 31
9197 13
9198 2
9199 18
9200 3
9201 38
9202 9
9203 0
9204 42
9205 5
9206 0
9207 0
9208 10
9209 20
9210 32
9211 11
9212 19
9213 9
9214 9
9215 50
9216 64
9217 43
9218 16
9219 21
9220 15
9221 2
9222 62
9223 12
9224 55
9225 2
9226 16
9227 69
9228 20
9229 8
9230 29
9231 1
9232 0
9233 60
9234 17
9235 10
9236 34
9237 0
9238 68
9239 58
9240 71
9241 1
9242 44
9243 7
9244 20
9245 6
9246 16
9247 17
9248 82
9249 21
9250 47
9251 1
9252 1
9253 1
9254 20
9255 4
9256 4
9257 0
9258 16
9259 65
9260 30
9261 68
9262 0
9263 23
9264 1
9265 31
9266 11
9267 19
9268 32
9269 62
9270 1
9271 1
9272 69
9273 30
9274 35
9275 37
9276 13
9277 31
9278 0
9279 5
9280 21
9281 38
9282 12
9283 12
9284 19
9285 35
9286 7
9287 21
9288 17
9289 42
9290 44
9291 1
9292 2
9293 5
9294 7
9295 20
9296 31
9297 45
9298 31
9299 8
9300 41
9301 15
9302 65
9303 2
9304 6
9305 81
9306 6
9307 7
9308 0
9309 2
9310 1
9311 5
9312 1
9313 4
9314 2
9315 36
9316 3
9317 29
9318 6
9319 44
9320 2
9321 23
9322 3
9323 30
9324 4
9325 39
9326 83
9327 8
9328 71
9329 2
9330 21
9331 29
9332 8
9333 36
9334 7
9335 26
9336 3
9337 18
9338 15
9339 13
9340 0
9341 29
9342 28
9343 2
9344 1
9345 5
9346 16
9347 13
9348 51
9349 5
9350 29
9351 29
9352 21
9353 46
9354 22
9355 36
9356 8
9357 29
9358 82
9359 48
9360 8
9361 42
9362 8
9363 48
9364 0
9365 54
9366 41
9367 26
9368 21
9369 6
9370 5
9371 0
9372 4
9373 31
9374 25
9375 60
9376 58
9377 16
9378 18
9379 21
9380 37
9381 16
9382 17
9383 55
9384 71
9385 61
9386 11
9387 33
9388 0
9389 7
9390 4
9391 54
9392 16
9393 40
9394 22
9395 18
9396 3
9397 51
9398 1
9399 3
9400 0
9401 16
9402 0
9403 4
9404 24
9405 4
9406 16
9407 57
9408 28
9409 7
9410 18
9411 71
9412 3
9413 48
9414 38
9415 0
9416 3
9417 45
9418 45
9419 7
9420 8
9421 72
9422 5
9423 1
9424 1
9425 55
9426 38
9427 17
9428 46
9429 77
9430 73
9431 74
9432 6
9433 27
9434 12
9435 61
9436 42
9437 70
9438 2
9439 15
9440 37
9441 57
9442 44
9443 54
9444 7
9445 63
9446 4
9447 1
9448 37
9449 7
9450 69
9451 20
9452 0
9453 41
9454 61
9455 0
9456 2
9457 51
9458 43
9459 4
9460 4
9461 31
9462 68
9463 4
9464 40
9465 0
9466 40
9467 0
9468 3
9469 3
9470 0
9471 79
9472 45
9473 3
9474 6
9475 70
9476 39
9477 2
9478 45
9479 29
9480 84
9481 36
9482 2
9483 22
9484 18
9485 10
9486 6
9487 0
9488 34
9489 4
9490 3
9491 23
9492 41
9493 40
9494 6
9495 16
9496 3
9497 10
9498 0
9499 7
9500 18
9501 7
9502 39
9503 4
9504 3
9505 42
9506 52
9507 7
9508 54
9509 6
9510 7
9511 24
9512 17
9513 38
9514 37
9515 70
9516 43
9517 41
9518 2
9519 28
9520 37
9521 34
9522 21
9523 25
9524 23
9525 4
9526 70
9527 29
9528 3
9529 55
9530 27
9531 2
9532 37
9533 51
9534 25
9535 2
9536 2
9537 82
9538 6
9539 52
9540 38
9541 8
9542 62
9543 24
9544 7
9545 7
9546 25
9547 7
9548 2
9549 71
9550 7
9551 5
9552 14
9553 43
9554 81
9555 6
9556 14
9557 40
9558 40
9559 7
9560 21
9561 10
9562 69
9563 56
9564 23
9565 75
9566 4
9567 71
9568 16
9569 3
9570 27
9571 61
9572 77
9573 7
9574 14
9575 32
9576 26
9577 3
9578 5
9579 13
9580 26
9581 7
9582 8
9583 37
9584 13
9585 28
9586 36
9587 39
9588 27
9589 6
9590 14
9591 28
9592 57
9593 2
9594 7
9595 62
9596 45
9597 8
9598 57
9599 23
9600 54
9601 1
9602 60
9603 84
9604 39
9605 4
9606 54
9607 6
9608 5
9609 29
9610 4
9611 4
9612 44
9613 25
9614 43
9615 17
9616 6
9617 29
9618 8
9619 26
9620 9
9621 17
9622 18
9623 5
9624 1
9625 0
9626 4
9627 9
9628 37
9629 2
9630 10
9631 77
9632 25
9633 46
9634 14
9635 4
9636 30
9637 0
9638 13
9639 36
9640 15
9641 12
9642 11
9643 13
9644 62
9645 5
9646 2
9647 4
9648 12
9649 40
9650 44
9651 48
9652 11
9653 27
9654 5
9655 5
9656 3
9657 38
9658 10
9659 26
9660 44
9661 3
9662 30
9663 68
9664 68
9665 7
9666 11
9667 3
9668 8
9669 3
9670 14
9671 4
9672 62
9673 1
9674 7
9675 14
9676 41
9677 8
9678 40
9679 54
9680 53
9681 9
9682 34
9683 35
9684 6
9685 2
9686 9
9687 15
9688 39
9689 12
9690 9
9691 1
9692 30
9693 78
9694 12
9695 48
9696 6
9697 0
9698 58
9699 14
9700 10
9701 6
9702 27
9703 17
9704 30
9705 14
9706 47
9707 11
9708 7
9709 69
9710 12
9711 11
9712 74
9713 43
9714 12
9715 22
9716 11
9717 3
9718 7
9719 14
9720 11
9721 14
9722 18
9723 5
9724 35
9725 9
9726 29
9727 67
9728 70
9729 40
9730 50
9731 22
9732 0
9733 0
9734 63
9735 63
9736 26
9737 22
9738 61
9739 1
9740 28
9741 15
9742 51
9743 40
9744 18
9745 32
9746 43
9747 60
9748 29
9749 13
9750 6
9751 2
9752 20
9753 17
9754 57
9755 74
9756 10
9757 18
9758 2
9759 23
9760 48
9761 7
9762 1
9763 41
9764 2
9765 23
9766 73
9767 52
9768 4
9769 1
9770 15
9771 65
9772 51
9773 4
9774 48
9775 4
9776 2
9777 30
9778 7
9779 2
9780 58
9781 43
9782 51
9783 4
9784 56
9785 58
9786 27
9787 24
9788 5
9789 1
9790 42
9791 47
9792 17
9793 76
9794 16
9795 3
9796 72
9797 65
9798 20
9799 3
9800 80
9801 49
9802 35
9803 74
9804 33
9805 51
9806 2
9807 27
9808 5
9809 0
9810 1
9811 49
9812 5
9813 41
9814 0
9815 3
9816 8
9817 1
9818 25
9819 0
9820 8
9821 78
9822 24
9823 48
9824 20
9825 69
9826 1
9827 1
9828 5
9829 2
9830 22
9831 81
9832 6
9833 19
9834 86
9835 70
9836 9
9837 26
9838 29
9839 0
9840 7
9841 65
9842 8
9843 62
9844 9
9845 69
9846 28
9847 1
9848 8
9849 6
9850 47
9851 2
9852 5
9853 9
9854 10
9855 28
9856 17
9857 4
9858 69
9859 4
9860 2
9861 30
9862 42
9863 34
9864 9
9865 34
9866 5
9867 10
9868 5
9869 14
9870 8
9871 22
9872 5
9873 45
9874 66
9875 2
9876 7
9877 24
9878 6
9879 22
9880 24
9881 3
9882 34
9883 53
9884 9
9885 17
9886 75
9887 6
9888 7
9889 1
9890 9
9891 54
9892 5
9893 24
9894 51
9895 12
9896 15
9897 0
9898 8
9899 68
9900 35
9901 42
9902 7
9903 7
9904 1
9905 47
9906 13
9907 13
9908 65
9909 12
9910 0
9911 12
9912 1
9913 28
9914 4
9915 56
9916 42
9917 7
9918 41
9919 6
9920 25
9921 46
9922 32
9923 12
9924 40
9925 17
9926 37
9927 8
9928 22
9929 0
9930 3
9931 14
9932 13
9933 9
9934 25
9935 74
9936 34
9937 7
9938 12
9939 13
9940 23
9941 21
9942 9
9943 36
9944 2
9945 37
9946 46
9947 52
9948 5
9949 24
9950 0
9951 49
9952 51
9953 17
9954 25
9955 8
9956 63
9957 12
9958 13
9959 24
9960 16
9961 6
9962 6
9963 10
9964 54
9965 3
9966 0
9967 14
9968 81
9969 13
9970 12
9971 14
9972 63
9973 53
9974 13
9975 9
9976 49
9977 9
9978 50
9979 12
9980 14
9981 36
9982 60
9983 2
9984 29
9985 9
9986 9
9987 50
9988 49
9989 32
9990 10
9991 32
9992 14
9993 50
9994 11
9995 9
9996 42
9997 5
9998 6
9999 10
