0 0
1 3
2 7
3 13
4 13
5 19
6 22
7 5
8 33
9 13
10 30
11 36
12 38
13 0
14 38
15 1
16 43
17 34
18 17
19 14
20 15
21 36
22 53
23 49
24 31
25 13
26 29
27 21
28 9
29 21
30 64
31 2
32 48
33 9
34 34
35 20
36 10
37 1
38 57
39 69
40 22
41 74
42 34
43 56
44 19
45 8
46 64
47 82
48 32
49 48
50 70
51 73
52 32
53 71
54 0
55 15
56 67
57 60
58 66
59 51
60 26
61 47
62 37
63 33
64 26
65 18
66 19
67 24
68 13
69 23
70 69
71 44
72 73
73 10
74 60
75 20
76 35
77 61
78 28
79 10
80 60
81 56
82 28
83 51
84 2
85 69
86 35
87 61
88 0
89 53
90 94
91 24
92 6
93 5
94 14
95 14
96 95
97 96
98 18
99 20
100 97
101 5
102 64
103 73
104 57
105 7
106 37
107 12
108 18
109 18
110 28
111 18
112 16
113 38
114 99
115 26
116 31
117 0
118 83
119 24
120 52
121 81
122 29
123 26
124 5
125 23
126 0
127 22
128 62
129 78
130 5
131 21
132 70
133 45
134 10
135 83
136 76
137 81
138 17
139 11
140 94
141 76
142 71
143 59
144 64
145 5
146 54
147 1
148 76
149 32
150 40
151 29
152 103
153 1
154 38
155 16
156 101
157 104
158 62
159 45
160 54
161 68
162 29
163 68
164 28
165 49
166 46
167 34
168 18
169 39
170 38
171 68
172 45
173 47
174 28
175 32
176 62
177 97
178 73
179 0
180 59
181 20
182 14
183 66
184 64
185 85
186 77
187 86
188 58
189 40
190 17
191 25
192 86
193 83
194 34
195 5
196 45
197 68
198 31
199 99
200 45
201 5
202 21
203 30
204 9
205 58
206 45
207 42
208 8
209 52
210 66
211 68
212 86
213 35
214 72
215 92
216 33
217 36
218 76
219 24
220 42
221 76
222 48
223 79
224 48
225 1
226 59
227 76
228 81
229 2
230 28
231 44
232 12
233 43
234 59
235 58
236 1
237 12
238 18
239 99
240 97
241 107
242 100
243 39
244 8
245 5
246 53
247 26
248 48
249 28
250 91
251 98
252 34
253 28
254 25
255 30
256 5
257 47
258 58
259 5
260 72
261 1
262 18
263 86
264 30
265 45
266 2
267 37
268 91
269 30
270 56
271 51
272 26
273 21
274 96
275 97
276 105
277 51
278 26
279 89
280 51
281 15
282 76
283 11
284 108
285 99
286 33
287 52
288 25
289 58
290 104
291 68
292 58
293 39
294 51
295 52
296 95
297 96
298 78
299 53
300 85
301 42
302 52
303 18
304 52
305 17
306 17
307 20
308 33
309 10
310 89
311 9
312 109
313 69
314 44
315 9
316 39
317 60
318 51
319 77
320 31
321 14
322 26
323 13
324 63
325 16
326 2
327 49
328 38
329 31
330 44
331 51
332 8
333 33
334 76
335 92
336 12
337 5
338 64
339 8
340 35
341 21
342 6
343 60
344 99
345 51
346 76
347 59
348 91
349 89
350 33
351 8
352 35
353 73
354 45
355 29
356 81
357 43
358 60
359 76
360 16
361 15
362 86
363 64
364 100
365 8
366 35
367 85
368 73
369 85
370 44
371 57
372 104
373 12
374 85
375 22
376 8
377 53
378 20
379 60
380 18
381 58
382 94
383 76
384 32
385 11
386 17
387 13
388 29
389 17
390 26
391 68
392 62
393 20
394 83
395 62
396 15
397 103
398 18
399 87
400 29
401 1
402 76
403 21
404 43
405 47
406 17
407 35
408 72
409 58
410 26
411 26
412 14
413 44
414 15
415 72
416 83
417 14
418 14
419 11
420 57
421 73
422 5
423 3
424 49
425 31
426 58
427 24
428 68
429 12
430 31
431 52
432 47
433 102
434 76
435 47
436 5
437 40
438 74
439 23
440 8
441 37
442 6
443 89
444 9
445 25
446 12
447 13
448 43
449 57
450 51
451 12
452 44
453 0
454 34
455 83
456 46
457 31
458 9
459 57
460 76
461 57
462 0
463 37
464 72
465 44
466 86
467 10
468 97
469 76
470 102
471 63
472 40
473 87
474 23
475 40
476 11
477 15
478 99
479 30
480 16
481 24
482 94
483 45
484 44
485 38
486 12
487 12
488 52
489 34
490 98
491 59
492 47
493 44
494 14
495 15
496 31
497 6
498 6
499 5
500 17
501 49
502 63
503 72
504 45
505 83
506 58
507 25
508 87
509 103
510 82
511 8
512 2
513 72
514 33
515 72
516 33
517 40
518 40
519 47
520 72
521 74
522 36
523 1
524 32
525 40
526 64
527 40
528 103
529 26
530 46
531 48
532 65
533 0
534 45
535 67
536 8
537 46
538 7
539 53
540 64
541 34
542 7
543 73
544 104
545 5
546 60
547 35
548 7
549 13
550 47
551 1
552 27
553 7
554 24
555 49
556 20
557 56
558 7
559 40
560 7
561 37
562 0
563 48
564 0
565 0
566 71
567 24
568 38
569 20
570 104
571 64
572 8
573 30
574 54
575 67
576 81
577 6
578 23
579 31
580 71
581 4
582 103
583 12
584 68
585 56
586 29
587 52
588 43
589 13
590 22
591 23
592 16
593 113
594 74
595 57
596 44
597 56
598 23
599 68
600 10
601 28
602 95
603 73
604 8
605 23
606 24
607 102
608 5
609 65
610 22
611 48
612 47
613 62
614 8
615 1
616 60
617 56
618 67
619 86
620 52
621 23
622 76
623 20
624 31
625 73
626 86
627 62
628 94
629 86
630 44
631 73
632 28
633 87
634 13
635 83
636 31
637 73
638 31
639 63
640 0
641 102
642 77
643 60
644 60
645 23
646 32
647 76
648 10
649 96
650 96
651 108
652 57
653 59
654 78
655 31
656 60
657 76
658 27
659 17
660 86
661 40
662 86
663 96
664 72
665 44
666 72
667 31
668 107
669 13
670 20
671 106
672 12
673 45
674 30
675 39
676 32
677 78
678 83
679 47
680 5
681 86
682 56
683 10
684 99
685 21
686 44
687 111
688 20
689 83
690 32
691 42
692 64
693 47
694 95
695 46
696 32
697 96
698 76
699 32
700 16
701 98
702 11
703 21
704 24
705 39
706 102
707 9
708 31
709 72
710 7
711 29
712 13
713 56
714 15
715 31
716 43
717 5
718 8
719 56
720 7
721 19
722 18
723 76
724 91
725 61
726 94
727 46
728 48
729 44
730 6
731 91
732 102
733 5
734 56
735 36
736 18
737 45
738 86
739 78
740 42
741 12
742 58
743 18
744 19
745 107
746 30
747 63
748 57
749 97
750 27
751 2
752 85
753 1
754 44
755 46
756 51
757 54
758 53
759 46
760 10
761 19
762 56
763 89
764 32
765 46
766 5
767 21
768 99
769 31
770 56
771 11
772 33
773 67
774 19
775 20
776 103
777 99
778 17
779 46
780 6
781 5
782 2
783 2
784 54
785 7
786 33
787 89
788 81
789 70
790 32
791 11
792 9
793 57
794 14
795 5
796 30
797 31
798 73
799 85
800 31
801 52
802 31
803 52
804 102
805 64
806 10
807 11
808 21
809 7
810 19
811 44
812 40
813 51
814 26
815 23
816 76
817 19
818 45
819 45
820 52
821 16
822 76
823 78
824 58
825 82
826 36
827 17
828 8
829 72
830 23
831 8
832 23
833 23
834 50
835 1
836 14
837 57
838 6
839 47
840 95
841 61
842 40
843 47
844 64
845 31
846 8
847 48
848 14
849 46
850 5
851 14
852 33
853 11
854 17
855 17
856 52
857 110
858 28
859 81
860 12
861 47
862 76
863 46
864 16
865 86
866 14
867 17
868 91
869 19
870 48
871 8
872 6
873 112
874 31
875 39
876 54
877 21
878 57
879 56
880 83
881 60
882 12
883 44
884 18
885 19
886 11
887 83
888 38
889 54
890 29
891 45
892 7
893 54
894 94
895 32
896 42
897 20
898 1
899 17
900 46
901 18
902 15
903 104
904 42
905 45
906 19
907 54
908 86
909 42
910 45
911 47
912 44
913 48
914 17
915 19
916 45
917 83
918 46
919 48
920 8
921 48
922 44
923 14
924 17
925 15
926 44
927 78
928 57
929 23
930 21
931 2
932 50
933 27
934 40
935 78
936 43
937 53
938 11
939 99
940 23
941 44
942 19
943 46
944 26
945 17
946 48
947 6
948 81
949 91
950 78
951 0
952 23
953 44
954 63
955 0
956 57
957 14
958 45
959 9
960 11
961 31
962 58
963 32
964 31
965 47
966 6
967 28
968 91
969 39
970 94
971 79
972 96
973 56
974 18
975 44
976 10
977 18
978 29
979 56
980 98
981 96
982 40
983 30
984 57
985 60
986 57
987 6
988 0
989 26
990 57
991 98
992 32
993 36
994 47
995 46
996 35
997 32
998 34
999 48
1000 12
1001 12
1002 107
1003 44
1004 0
1005 44
1006 11
1007 50
1008 14
1009 99
1010 10
1011 19
1012 78
1013 19
1014 21
1015 48
1016 45
1017 19
1018 18
1019 31
1020 2
1021 37
1022 98
1023 20
1024 26
1025 63
1026 6
1027 97
1028 40
1029 0
1030 18
1031 32
1032 61
1033 47
1034 48
1035 73
1036 21
1037 32
1038 52
1039 83
1040 34
1041 44
1042 57
1043 8
1044 72
1045 26
1046 47
1047 21
1048 53
1049 19
1050 14
1051 9
1052 7
1053 89
1054 12
1055 47
1056 5
1057 45
1058 2
1059 32
1060 24
1061 10
1062 19
1063 44
1064 73
1065 34
1066 23
1067 60
1068 15
1069 85
1070 32
1071 15
1072 6
1073 46
1074 73
1075 24
1076 26
1077 60
1078 57
1079 99
1080 34
1081 18
1082 15
1083 37
1084 73
1085 40
1086 57
1087 89
1088 28
1089 40
1090 19
1091 45
1092 69
1093 45
1094 31
1095 56
1096 21
1097 9
1098 9
1099 44
1100 17
1101 18
1102 46
1103 45
1104 89
1105 21
1106 76
1107 57
1108 33
1109 85
1110 20
1111 21
1112 31
1113 75
1114 54
1115 57
1116 35
1117 21
1118 7
1119 56
1120 76
1121 31
1122 54
1123 66
1124 110
1125 68
1126 81
1127 45
1128 57
1129 56
1130 6
1131 44
1132 23
1133 44
1134 110
1135 19
1136 13
1137 5
1138 46
1139 31
1140 18
1141 26
1142 73
1143 57
1144 68
1145 62
1146 7
1147 46
1148 91
1149 34
1150 57
1151 69
1152 76
1153 12
1154 32
1155 53
1156 0
1157 23
1158 24
1159 8
1160 11
1161 38
1162 7
1163 67
1164 86
1165 19
1166 96
1167 31
1168 78
1169 8
1170 7
1171 11
1172 68
1173 31
1174 40
1175 19
1176 34
1177 56
1178 16
1179 28
1180 37
1181 5
1182 102
1183 8
1184 7
1185 39
1186 8
1187 7
1188 80
1189 16
1190 3
1191 39
1192 59
1193 1
1194 39
1195 99
1196 49
1197 21
1198 32
1199 23
1200 63
1201 31
1202 67
1203 42
1204 39
1205 96
1206 73
1207 58
1208 61
1209 30
1210 8
1211 102
1212 0
1213 84
1214 58
1215 56
1216 76
1217 83
1218 99
1219 16
1220 5
1221 56
1222 29
1223 99
1224 30
1225 52
1226 53
1227 16
1228 23
1229 32
1230 60
1231 32
1232 15
1233 76
1234 14
1235 2
1236 17
1237 64
1238 30
1239 56
1240 35
1241 31
1242 82
1243 14
1244 17
1245 48
1246 46
1247 9
1248 68
1249 58
1250 5
1251 48
1252 7
1253 94
1254 99
1255 20
1256 27
1257 6
1258 32
1259 30
1260 58
1261 5
1262 2
1263 57
1264 19
1265 58
1266 0
1267 51
1268 31
1269 76
1270 46
1271 50
1272 13
1273 12
1274 73
1275 36
1276 8
1277 23
1278 35
1279 97
1280 68
1281 78
1282 47
1283 21
1284 14
1285 21
1286 76
1287 53
1288 53
1289 42
1290 7
1291 10
1292 7
1293 15
1294 102
1295 14
1296 58
1297 27
1298 33
1299 67
1300 26
1301 76
1302 40
1303 76
1304 32
1305 89
1306 14
1307 45
1308 44
1309 56
1310 23
1311 12
1312 89
1313 58
1314 42
1315 42
1316 21
1317 67
1318 17
1319 7
1320 111
1321 52
1322 83
1323 54
1324 30
1325 14
1326 23
1327 14
1328 5
1329 18
1330 54
1331 43
1332 7
1333 5
1334 42
1335 2
1336 105
1337 48
1338 19
1339 54
1340 60
1341 58
1342 71
1343 89
1344 105
1345 56
1346 2
1347 39
1348 31
1349 14
1350 14
1351 96
1352 7
1353 9
1354 16
1355 105
1356 27
1357 5
1358 32
1359 51
1360 8
1361 46
1362 15
1363 95
1364 46
1365 111
1366 87
1367 8
1368 60
1369 16
1370 12
1371 105
1372 23
1373 89
1374 31
1375 14
1376 5
1377 103
1378 40
1379 44
1380 6
1381 15
1382 33
1383 53
1384 14
1385 61
1386 7
1387 58
1388 57
1389 8
1390 28
1391 35
1392 14
1393 6
1394 31
1395 57
1396 56
1397 5
1398 7
1399 104
1400 7
1401 49
1402 89
1403 37
1404 13
1405 66
1406 23
1407 73
1408 13
1409 59
1410 47
1411 29
1412 102
1413 18
1414 15
1415 56
1416 26
1417 85
1418 67
1419 12
1420 60
1421 57
1422 51
1423 14
1424 42
1425 60
1426 16
1427 8
1428 104
1429 40
1430 57
1431 32
1432 101
1433 96
1434 31
1435 9
1436 42
1437 72
1438 13
1439 20
1440 58
1441 32
1442 20
1443 54
1444 57
1445 59
1446 45
1447 34
1448 19
1449 0
1450 14
1451 0
1452 92
1453 7
1454 54
1455 46
1456 23
1457 7
1458 23
1459 40
1460 8
1461 54
1462 8
1463 63
1464 76
1465 55
1466 7
1467 38
1468 23
1469 2
1470 26
1471 9
1472 8
1473 8
1474 72
1475 72
1476 6
1477 31
1478 56
1479 44
1480 34
1481 7
1482 54
1483 12
1484 14
1485 47
1486 10
1487 72
1488 69
1489 12
1490 31
1491 43
1492 32
1493 42
1494 60
1495 112
1496 34
1497 47
1498 23
1499 72
1500 19
1501 45
1502 56
1503 10
1504 40
1505 54
1506 91
1507 44
1508 9
1509 56
1510 57
1511 7
1512 62
1513 13
1514 96
1515 21
1516 47
1517 11
1518 96
1519 44
1520 57
1521 78
1522 26
1523 40
1524 33
1525 22
1526 24
1527 15
1528 47
1529 30
1530 56
1531 45
1532 46
1533 96
1534 57
1535 85
1536 32
1537 12
1538 13
1539 31
1540 0
1541 61
1542 6
1543 74
1544 29
1545 13
1546 6
1547 59
1548 67
1549 22
1550 91
1551 54
1552 32
1553 2
1554 54
1555 96
1556 14
1557 45
1558 99
1559 27
1560 80
1561 48
1562 65
1563 46
1564 54
1565 12
1566 5
1567 48
1568 6
1569 104
1570 23
1571 37
1572 67
1573 63
1574 19
1575 63
1576 7
1577 38
1578 28
1579 48
1580 96
1581 26
1582 26
1583 78
1584 6
1585 24
1586 19
1587 54
1588 32
1589 31
1590 32
1591 56
1592 60
1593 112
1594 56
1595 47
1596 73
1597 34
1598 7
1599 83
1600 72
1601 8
1602 15
1603 0
1604 34
1605 48
1606 73
1607 71
1608 40
1609 51
1610 30
1611 0
1612 21
1613 21
1614 56
1615 71
1616 60
1617 31
1618 21
1619 13
1620 35
1621 20
1622 52
1623 19
1624 21
1625 76
1626 96
1627 72
1628 94
1629 32
1630 40
1631 60
1632 41
1633 87
1634 0
1635 57
1636 21
1637 68
1638 68
1639 23
1640 10
1641 56
1642 8
1643 86
1644 48
1645 28
1646 47
1647 54
1648 19
1649 12
1650 17
1651 7
1652 19
1653 72
1654 19
1655 56
1656 18
1657 7
1658 58
1659 31
1660 76
1661 48
1662 18
1663 61
1664 19
1665 57
1666 5
1667 24
1668 57
1669 40
1670 96
1671 57
1672 96
1673 32
1674 76
1675 8
1676 72
1677 12
1678 8
1679 44
1680 7
1681 17
1682 56
1683 6
1684 16
1685 89
1686 72
1687 72
1688 19
1689 5
1690 91
1691 20
1692 64
1693 7
1694 16
1695 45
1696 16
1697 9
1698 72
1699 9
1700 16
1701 21
1702 86
1703 57
1704 8
1705 99
1706 48
1707 42
1708 78
1709 8
1710 10
1711 57
1712 72
1713 46
1714 63
1715 45
1716 43
1717 7
1718 13
1719 76
1720 5
1721 14
1722 39
1723 23
1724 19
1725 19
1726 28
1727 45
1728 28
1729 17
1730 43
1731 2
1732 57
1733 73
1734 38
1735 23
1736 7
1737 45
1738 43
1739 68
1740 2
1741 28
1742 6
1743 0
1744 66
1745 19
1746 46
1747 56
1748 87
1749 42
1750 56
1751 2
1752 15
1753 96
1754 44
1755 8
1756 72
1757 59
1758 17
1759 57
1760 16
1761 14
1762 5
1763 47
1764 96
1765 31
1766 5
1767 33
1768 32
1769 96
1770 11
1771 19
1772 98
1773 57
1774 9
1775 21
1776 44
1777 54
1778 58
1779 8
1780 40
1781 58
1782 5
1783 23
1784 37
1785 63
1786 15
1787 29
1788 1
1789 37
1790 85
1791 42
1792 11
1793 51
1794 47
1795 31
1796 54
1797 102
1798 51
1799 11
1800 42
1801 32
1802 44
1803 78
1804 5
1805 8
1806 58
1807 32
1808 51
1809 58
1810 76
1811 16
1812 11
1813 23
1814 76
1815 31
1816 40
1817 11
1818 8
1819 60
1820 53
1821 44
1822 14
1823 31
1824 32
1825 57
1826 58
1827 64
1828 44
1829 46
1830 58
1831 67
1832 11
1833 54
1834 8
1835 11
1836 44
1837 19
1838 58
1839 23
1840 40
1841 40
1842 32
1843 46
1844 31
1845 11
1846 27
1847 48
1848 7
1849 48
1850 46
1851 57
1852 32
1853 11
1854 40
1855 57
1856 29
1857 19
1858 57
1859 56
1860 20
1861 8
1862 51
1863 44
1864 72
1865 20
1866 26
1867 31
1868 7
1869 32
1870 12
1871 29
1872 6
1873 76
1874 20
1875 7
1876 47
1877 57
1878 57
1879 95
1880 31
1881 72
1882 36
1883 6
1884 2
1885 6
1886 5
1887 19
1888 98
1889 6
1890 23
1891 44
1892 31
1893 19
1894 17
1895 43
1896 62
1897 26
1898 8
1899 6
1900 8
1901 16
1902 7
1903 44
1904 65
1905 67
1906 11
1907 43
1908 31
1909 32
1910 18
1911 16
1912 1
1913 20
1914 46
1915 56
1916 51
1917 8
1918 43
1919 33
1920 14
1921 11
1922 39
1923 26
1924 56
1925 99
1926 71
1927 14
1928 23
1929 19
1930 45
1931 56
1932 32
1933 56
1934 20
1935 83
1936 11
1937 48
1938 21
1939 92
1940 57
1941 47
1942 44
1943 6
1944 15
1945 20
1946 21
1947 35
1948 72
1949 11
1950 14
1951 14
1952 20
1953 40
1954 8
1955 7
1956 11
1957 11
1958 19
1959 46
1960 44
1961 8
1962 72
1963 44
1964 56
1965 0
1966 8
1967 2
1968 54
1969 31
1970 32
1971 104
1972 68
1973 99
1974 59
1975 7
1976 95
1977 31
1978 14
1979 31
1980 52
1981 52
1982 5
1983 102
1984 21
1985 24
1986 23
1987 7
1988 45
1989 9
1990 7
1991 48
1992 45
1993 11
1994 14
1995 14
1996 11
1997 58
1998 40
1999 18
2000 99
2001 20
2002 37
2003 6
2004 56
2005 0
2006 59
2007 11
2008 20
2009 47
2010 48
2011 19
2012 42
2013 40
2014 20
2015 67
2016 47
2017 31
2018 72
2019 10
2020 89
2021 19
2022 48
2023 6
2024 10
2025 72
2026 20
2027 6
2028 13
2029 57
2030 54
2031 56
2032 14
2033 54
2034 32
2035 99
2036 40
2037 60
2038 19
2039 19
2040 33
2041 60
2042 5
2043 1
2044 7
2045 5
2046 16
2047 34
2048 30
2049 85
2050 45
2051 76
2052 58
2053 48
2054 6
2055 45
2056 19
2057 2
2058 20
2059 7
2060 64
2061 97
2062 47
2063 69
2064 53
2065 58
2066 6
2067 91
2068 102
2069 11
2070 20
2071 18
2072 60
2073 38
2074 19
2075 48
2076 77
2077 72
2078 85
2079 51
2080 20
2081 98
2082 2
2083 67
2084 0
2085 59
2086 48
2087 73
2088 26
2089 54
2090 72
2091 32
2092 18
2093 40
2094 19
2095 47
2096 7
2097 108
2098 113
2099 18
2100 66
2101 85
2102 91
2103 48
2104 106
2105 52
2106 32
2107 56
2108 18
2109 58
2110 18
2111 67
2112 94
2113 112
2114 57
2115 57
2116 0
2117 1
2118 39
2119 11
2120 52
2121 73
2122 98
2123 61
2124 10
2125 85
2126 68
2127 108
2128 2
2129 26
2130 48
2131 72
2132 89
2133 46
2134 46
2135 81
2136 12
2137 102
2138 76
2139 96
2140 28
2141 60
2142 16
2143 73
2144 45
2145 5
2146 21
2147 82
2148 52
2149 59
2150 42
2151 81
2152 33
2153 32
2154 45
2155 52
2156 54
2157 112
2158 29
2159 10
2160 48
2161 56
2162 59
2163 83
2164 5
2165 104
2166 46
2167 73
2168 20
2169 74
2170 100
2171 103
2172 86
2173 1
2174 58
2175 102
2176 72
2177 44
2178 80
2179 29
2180 71
2181 104
2182 102
2183 56
2184 19
2185 71
2186 21
2187 62
2188 12
2189 103
2190 5
2191 91
2192 13
2193 58
2194 40
2195 98
2196 73
2197 96
2198 72
2199 32
2200 5
2201 76
2202 5
2203 30
2204 84
2205 16
2206 12
2207 102
2208 49
2209 18
2210 96
2211 27
2212 59
2213 78
2214 0
2215 83
2216 20
2217 21
2218 56
2219 16
2220 54
2221 18
2222 17
2223 10
2224 68
2225 81
2226 44
2227 19
2228 68
2229 28
2230 83
2231 100
2232 32
2233 105
2234 45
2235 6
2236 2
2237 45
2238 58
2239 1
2240 25
2241 5
2242 7
2243 12
2244 86
2245 18
2246 71
2247 64
2248 45
2249 60
2250 76
2251 63
2252 67
2253 21
2254 27
2255 99
2256 20
2257 1
2258 13
2259 102
2260 16
2261 86
2262 40
2263 72
2264 76
2265 53
2266 57
2267 76
2268 20
2269 33
2270 43
2271 9
2272 42
2273 99
2274 29
2275 8
2276 76
2277 36
2278 32
2279 19
2280 43
2281 12
2282 46
2283 110
2284 54
2285 42
2286 86
2287 62
2288 99
2289 96
2290 37
2291 20
2292 40
2293 65
2294 69
2295 68
2296 31
2297 76
2298 40
2299 78
2300 32
2301 31
2302 14
2303 96
2304 14
2305 51
2306 31
2307 28
2308 42
2309 9
2310 64
2311 58
2312 53
2313 60
2314 86
2315 15
2316 8
2317 68
2318 37
2319 20
2320 44
2321 5
2322 58
2323 24
2324 46
2325 32
2326 54
2327 39
2328 64
2329 2
2330 32
2331 8
2332 46
2333 19
2334 22
2335 20
2336 14
2337 44
2338 68
2339 42
2340 45
2341 43
2342 32
2343 73
2344 102
2345 32
2346 42
2347 44
2348 2
2349 16
2350 32
2351 89
2352 91
2353 30
2354 42
2355 32
2356 18
2357 28
2358 14
2359 21
2360 14
2361 9
2362 6
2363 26
2364 60
2365 29
2366 58
2367 39
2368 20
2369 113
2370 43
2371 6
2372 60
2373 54
2374 21
2375 40
2376 6
2377 64
2378 18
2379 15
2380 8
2381 6
2382 112
2383 5
2384 23
2385 89
2386 40
2387 44
2388 46
2389 58
2390 71
2391 32
2392 23
2393 1
2394 5
2395 59
2396 51
2397 51
2398 46
2399 59
2400 14
2401 32
2402 30
2403 14
2404 53
2405 51
2406 86
2407 18
2408 78
2409 32
2410 38
2411 57
2412 2
2413 76
2414 105
2415 69
2416 13
2417 32
2418 31
2419 31
2420 45
2421 51
2422 57
2423 14
2424 15
2425 57
2426 45
2427 11
2428 73
2429 44
2430 32
2431 57
2432 46
2433 19
2434 9
2435 102
2436 106
2437 11
2438 48
2439 85
2440 40
2441 74
2442 11
2443 59
2444 26
2445 32
2446 58
2447 96
2448 8
2449 6
2450 31
2451 98
2452 31
2453 26
2454 15
2455 47
2456 46
2457 11
2458 47
2459 47
2460 43
2461 47
2462 64
2463 75
2464 12
2465 63
2466 14
2467 23
2468 14
2469 97
2470 23
2471 12
2472 45
2473 67
2474 72
2475 64
2476 40
2477 24
2478 2
2479 8
2480 97
2481 49
2482 8
2483 17
2484 112
2485 44
2486 12
2487 47
2488 95
2489 96
2490 60
2491 6
2492 29
2493 47
2494 32
2495 44
2496 14
2497 31
2498 17
2499 44
2500 72
2501 34
2502 38
2503 54
2504 83
2505 63
2506 40
2507 10
2508 40
2509 96
2510 86
2511 6
2512 91
2513 8
2514 23
2515 13
2516 5
2517 40
2518 47
2519 83
2520 63
2521 57
2522 47
2523 0
2524 51
2525 42
2526 54
2527 14
2528 54
2529 45
2530 6
2531 54
2532 62
2533 60
2534 12
2535 8
2536 32
2537 60
2538 26
2539 14
2540 59
2541 51
2542 24
2543 45
2544 6
2545 13
2546 22
2547 57
2548 51
2549 53
2550 6
2551 30
2552 26
2553 54
2554 98
2555 10
2556 40
2557 23
2558 65
2559 57
2560 40
2561 10
2562 26
2563 54
2564 43
2565 12
2566 8
2567 7
2568 83
2569 67
2570 32
2571 0
2572 99
2573 32
2574 13
2575 98
2576 11
2577 12
2578 63
2579 32
2580 16
2581 58
2582 45
2583 4
2584 7
2585 44
2586 2
2587 40
2588 7
2589 20
2590 47
2591 37
2592 89
2593 67
2594 72
2595 45
2596 7
2597 16
2598 52
2599 16
2600 60
2601 56
2602 23
2603 68
2604 81
2605 98
2606 68
2607 30
2608 55
2609 37
2610 47
2611 52
2612 48
2613 64
2614 6
2615 23
2616 1
2617 56
2618 108
2619 59
2620 9
2621 98
2622 23
2623 19
2624 8
2625 63
2626 30
2627 19
2628 13
2629 31
2630 34
2631 73
2632 74
2633 8
2634 87
2635 10
2636 47
2637 23
2638 112
2639 18
2640 12
2641 56
2642 10
2643 67
2644 32
2645 11
2646 24
2647 19
2648 73
2649 9
2650 50
2651 39
2652 73
2653 0
2654 64
2655 23
2656 64
2657 56
2658 48
2659 7
2660 63
2661 72
2662 47
2663 8
2664 13
2665 10
2666 8
2667 18
2668 46
2669 14
2670 17
2671 31
2672 58
2673 31
2674 12
2675 45
2676 19
2677 45
2678 17
2679 20
2680 34
2681 86
2682 89
2683 45
2684 44
2685 7
2686 13
2687 31
2688 104
2689 72
2690 5
2691 8
2692 44
2693 68
2694 7
2695 56
2696 59
2697 60
2698 38
2699 56
2700 72
2701 0
2702 16
2703 98
2704 72
2705 12
2706 37
2707 81
2708 6
2709 28
2710 44
2711 96
2712 33
2713 14
2714 39
2715 10
2716 7
2717 32
2718 56
2719 21
2720 14
2721 57
2722 60
2723 18
2724 104
2725 19
2726 44
2727 17
2728 11
2729 86
2730 23
2731 1
2732 23
2733 32
2734 14
2735 23
2736 23
2737 14
2738 52
2739 78
2740 56
2741 11
2742 47
2743 8
2744 102
2745 56
2746 105
2747 31
2748 31
2749 19
2750 11
2751 43
2752 48
2753 6
2754 32
2755 61
2756 17
2757 84
2758 77
2759 68
2760 31
2761 23
2762 11
2763 2
2764 34
2765 37
2766 31
2767 76
2768 46
2769 86
2770 60
2771 98
2772 32
2773 9
2774 112
2775 44
2776 98
2777 32
2778 31
2779 32
2780 46
2781 28
2782 58
2783 15
2784 33
2785 57
2786 72
2787 19
2788 21
2789 37
2790 43
2791 15
2792 27
2793 16
2794 56
2795 11
2796 76
2797 54
2798 107
2799 73
2800 99
2801 57
2802 72
2803 11
2804 23
2805 16
2806 32
2807 86
2808 44
2809 72
2810 16
2811 57
2812 72
2813 8
2814 23
2815 14
2816 54
2817 64
2818 32
2819 59
2820 56
2821 23
2822 6
2823 86
2824 7
2825 56
2826 89
2827 44
2828 89
2829 32
2830 23
2831 2
2832 14
2833 11
2834 8
2835 75
2836 40
2837 6
2838 104
2839 19
2840 19
2841 19
2842 20
2843 46
2844 106
2845 104
2846 47
2847 33
2848 11
2849 34
2850 18
2851 23
2852 56
2853 8
2854 23
2855 32
2856 14
2857 16
2858 38
2859 44
2860 78
2861 44
2862 32
2863 40
2864 47
2865 42
2866 11
2867 14
2868 24
2869 7
2870 81
2871 99
2872 1
2873 32
2874 43
2875 8
2876 52
2877 8
2878 76
2879 13
2880 6
2881 54
2882 19
2883 84
2884 14
2885 32
2886 94
2887 54
2888 54
2889 40
2890 47
2891 32
2892 48
2893 16
2894 40
2895 54
2896 14
2897 46
2898 51
2899 47
2900 20
2901 48
2902 7
2903 7
2904 72
2905 56
2906 6
2907 20
2908 47
2909 60
2910 20
2911 31
2912 11
2913 32
2914 76
2915 18
2916 7
2917 14
2918 77
2919 47
2920 72
2921 14
2922 34
2923 16
2924 23
2925 30
2926 57
2927 20
2928 59
2929 89
2930 44
2931 57
2932 20
2933 45
2934 20
2935 44
2936 8
2937 45
2938 26
2939 83
2940 58
2941 54
2942 8
2943 2
2944 47
2945 40
2946 48
2947 72
2948 56
2949 6
2950 6
2951 32
2952 71
2953 7
2954 56
2955 72
2956 7
2957 40
2958 20
2959 56
2960 72
2961 48
2962 75
2963 47
2964 31
2965 14
2966 18
2967 21
2968 15
2969 28
2970 31
2971 48
2972 34
2973 44
2974 54
2975 109
2976 60
2977 45
2978 7
2979 2
2980 85
2981 0
2982 54
2983 40
2984 47
2985 17
2986 20
2987 35
2988 47
2989 57
2990 20
2991 19
2992 23
2993 6
2994 20
2995 16
2996 104
2997 25
2998 40
2999 19
3000 63
3001 13
3002 7
3003 9
3004 0
3005 21
3006 31
3007 18
3008 48
3009 72
3010 45
3011 38
3012 23
3013 102
3014 47
3015 8
3016 72
3017 18
3018 45
3019 66
3020 21
3021 34
3022 19
3023 32
3024 34
3025 21
3026 92
3027 31
3028 31
3029 11
3030 6
3031 98
3032 32
3033 45
3034 40
3035 8
3036 23
3037 23
3038 57
3039 48
3040 48
3041 0
3042 48
3043 32
3044 54
3045 102
3046 21
3047 7
3048 15
3049 46
3050 59
3051 15
3052 21
3053 24
3054 47
3055 36
3056 34
3057 53
3058 34
3059 112
3060 7
3061 54
3062 11
3063 11
3064 27
3065 47
3066 13
3067 0
3068 12
3069 8
3070 12
3071 7
3072 26
3073 8
3074 83
3075 24
3076 60
3077 10
3078 97
3079 45
3080 32
3081 54
3082 34
3083 70
3084 8
3085 11
3086 7
3087 40
3088 34
3089 7
3090 48
3091 30
3092 67
3093 18
3094 44
3095 64
3096 57
3097 35
3098 54
3099 40
3100 28
3101 19
3102 53
3103 54
3104 8
3105 7
3106 6
3107 10
3108 54
3109 47
3110 8
3111 81
3112 48
3113 10
3114 21
3115 23
3116 82
3117 31
3118 72
3119 113
3120 26
3121 18
3122 46
3123 52
3124 19
3125 48
3126 68
3127 19
3128 56
3129 6
3130 45
3131 24
3132 46
3133 8
3134 72
3135 73
3136 8
3137 23
3138 7
3139 94
3140 39
3141 112
3142 46
3143 32
3144 19
3145 23
3146 94
3147 32
3148 0
3149 57
3150 78
3151 56
3152 24
3153 14
3154 7
3155 63
3156 7
3157 24
3158 42
3159 73
3160 76
3161 60
3162 31
3163 54
3164 56
3165 89
3166 48
3167 45
3168 21
3169 73
3170 0
3171 19
3172 7
3173 18
3174 24
3175 31
3176 13
3177 93
3178 21
3179 21
3180 57
3181 21
3182 31
3183 13
3184 8
3185 38
3186 76
3187 31
3188 10
3189 17
3190 48
3191 24
3192 105
3193 12
3194 73
3195 39
3196 91
3197 56
3198 54
3199 23
3200 31
3201 48
3202 56
3203 19
3204 103
3205 54
3206 24
3207 86
3208 59
3209 14
3210 56
3211 83
3212 8
3213 23
3214 72
3215 7
3216 31
3217 23
3218 8
3219 31
3220 20
3221 94
3222 16
3223 48
3224 76
3225 39
3226 47
3227 45
3228 73
3229 5
3230 5
3231 19
3232 48
3233 74
3234 25
3235 16
3236 26
3237 7
3238 72
3239 31
3240 74
3241 19
3242 113
3243 48
3244 25
3245 8
3246 92
3247 56
3248 7
3249 10
3250 16
3251 57
3252 57
3253 96
3254 30
3255 62
3256 78
3257 7
3258 17
3259 25
3260 33
3261 60
3262 58
3263 20
3264 57
3265 19
3266 54
3267 73
3268 87
3269 59
3270 1
3271 30
3272 17
3273 8
3274 42
3275 9
3276 97
3277 7
3278 83
3279 42
3280 16
3281 37
3282 32
3283 9
3284 19
3285 18
3286 59
3287 57
3288 0
3289 100
3290 71
3291 57
3292 54
3293 91
3294 16
3295 23
3296 5
3297 16
3298 15
3299 7
3300 37
3301 106
3302 78
3303 9
3304 23
3305 20
3306 14
3307 13
3308 56
3309 2
3310 8
3311 72
3312 19
3313 9
3314 32
3315 5
3316 32
3317 12
3318 8
3319 21
3320 14
3321 15
3322 45
3323 68
3324 56
3325 46
3326 57
3327 33
3328 58
3329 19
3330 8
3331 5
3332 7
3333 51
3334 9
3335 40
3336 9
3337 25
3338 63
3339 83
3340 31
3341 48
3342 17
3343 81
3344 79
3345 56
3346 5
3347 7
3348 2
3349 18
3350 19
3351 31
3352 16
3353 5
3354 68
3355 104
3356 19
3357 52
3358 7
3359 42
3360 22
3361 12
3362 57
3363 58
3364 56
3365 9
3366 61
3367 86
3368 14
3369 14
3370 16
3371 0
3372 54
3373 5
3374 17
3375 99
3376 19
3377 19
3378 58
3379 14
3380 43
3381 19
3382 0
3383 23
3384 44
3385 40
3386 48
3387 2
3388 56
3389 48
3390 45
3391 89
3392 16
3393 63
3394 29
3395 67
3396 89
3397 53
3398 12
3399 32
3400 13
3401 32
3402 22
3403 47
3404 108
3405 16
3406 107
3407 18
3408 57
3409 35
3410 7
3411 56
3412 76
3413 33
3414 85
3415 21
3416 44
3417 91
3418 64
3419 8
3420 14
3421 46
3422 87
3423 51
3424 61
3425 73
3426 59
3427 19
3428 13
3429 81
3430 51
3431 57
3432 85
3433 28
3434 6
3435 68
3436 65
3437 12
3438 73
3439 27
3440 6
3441 30
3442 56
3443 91
3444 32
3445 6
3446 83
3447 64
3448 56
3449 51
3450 6
3451 42
3452 51
3453 13
3454 99
3455 85
3456 11
3457 47
3458 31
3459 8
3460 35
3461 23
3462 7
3463 23
3464 11
3465 46
3466 42
3467 58
3468 18
3469 32
3470 62
3471 9
3472 59
3473 59
3474 79
3475 32
3476 39
3477 11
3478 76
3479 14
3480 81
3481 19
3482 47
3483 23
3484 2
3485 47
3486 47
3487 58
3488 44
3489 47
3490 72
3491 23
3492 12
3493 59
3494 23
3495 86
3496 15
3497 31
3498 24
3499 39
3500 6
3501 76
3502 46
3503 25
3504 72
3505 72
3506 34
3507 11
3508 23
3509 23
3510 83
3511 51
3512 24
3513 40
3514 7
3515 47
3516 56
3517 107
3518 8
3519 30
3520 40
3521 80
3522 19
3523 89
3524 16
3525 112
3526 14
3527 26
3528 31
3529 13
3530 11
3531 23
3532 44
3533 8
3534 31
3535 36
3536 111
3537 89
3538 56
3539 78
3540 33
3541 54
3542 24
3543 24
3544 13
3545 6
3546 29
3547 57
3548 83
3549 76
3550 58
3551 40
3552 23
3553 40
3554 57
3555 63
3556 40
3557 19
3558 36
3559 14
3560 11
3561 45
3562 45
3563 47
3564 91
3565 11
3566 47
3567 37
3568 31
3569 31
3570 8
3571 31
3572 42
3573 36
3574 7
3575 72
3576 40
3577 2
3578 48
3579 1
3580 85
3581 57
3582 2
3583 2
3584 19
3585 1
3586 12
3587 64
3588 60
3589 104
3590 32
3591 58
3592 56
3593 64
3594 8
3595 65
3596 31
3597 42
3598 46
3599 91
3600 91
3601 59
3602 38
3603 2
3604 23
3605 53
3606 97
3607 60
3608 73
3609 42
3610 64
3611 1
3612 33
3613 52
3614 60
3615 31
3616 45
3617 20
3618 0
3619 48
3620 39
3621 20
3622 68
3623 31
3624 42
3625 73
3626 31
3627 24
3628 13
3629 13
3630 23
3631 104
3632 32
3633 94
3634 110
3635 10
3636 32
3637 32
3638 64
3639 22
3640 27
3641 32
3642 26
3643 91
3644 32
3645 47
3646 40
3647 18
3648 39
3649 111
3650 19
3651 48
3652 53
3653 19
3654 81
3655 19
3656 6
3657 77
3658 19
3659 31
3660 89
3661 32
3662 19
3663 102
3664 56
3665 60
3666 46
3667 56
3668 24
3669 81
3670 63
3671 19
3672 7
3673 59
3674 60
3675 63
3676 94
3677 29
3678 84
3679 54
3680 23
3681 5
3682 29
3683 76
3684 14
3685 14
3686 7
3687 18
3688 67
3689 50
3690 76
3691 31
3692 72
3693 56
3694 24
3695 51
3696 56
3697 29
3698 64
3699 23
3700 20
3701 59
3702 12
3703 80
3704 19
3705 57
3706 83
3707 54
3708 50
3709 56
3710 9
3711 58
3712 45
3713 105
3714 56
3715 19
3716 7
3717 44
3718 72
3719 85
3720 19
3721 23
3722 23
3723 8
3724 5
3725 19
3726 83
3727 19
3728 72
3729 44
3730 56
3731 80
3732 34
3733 16
3734 23
3735 19
3736 57
3737 9
3738 59
3739 7
3740 31
3741 8
3742 18
3743 5
3744 102
3745 84
3746 102
3747 20
3748 56
3749 23
3750 72
3751 14
3752 23
3753 47
3754 14
3755 14
3756 20
3757 54
3758 34
3759 17
3760 80
3761 73
3762 31
3763 31
3764 60
3765 58
3766 57
3767 56
3768 81
3769 63
3770 106
3771 99
3772 30
3773 72
3774 31
3775 11
3776 9
3777 7
3778 102
3779 19
3780 63
3781 32
3782 96
3783 8
3784 72
3785 23
3786 56
3787 56
3788 47
3789 7
3790 37
3791 104
3792 19
3793 44
3794 31
3795 19
3796 47
3797 61
3798 56
3799 72
3800 44
3801 9
3802 47
3803 16
3804 57
3805 14
3806 8
3807 48
3808 30
3809 86
3810 8
3811 2
3812 8
3813 16
3814 86
3815 23
3816 6
3817 56
3818 46
3819 47
3820 7
3821 56
3822 109
3823 78
3824 45
3825 5
3826 17
3827 16
3828 45
3829 30
3830 40
3831 6
3832 17
3833 65
3834 32
3835 32
3836 18
3837 8
3838 38
3839 7
3840 16
3841 8
3842 106
3843 32
3844 44
3845 11
3846 51
3847 32
3848 19
3849 21
3850 23
3851 32
3852 19
3853 23
3854 47
3855 14
3856 20
3857 68
3858 8
3859 46
3860 7
3861 54
3862 97
3863 32
3864 44
3865 13
3866 6
3867 72
3868 31
3869 76
3870 7
3871 47
3872 54
3873 40
3874 30
3875 24
3876 81
3877 31
3878 32
3879 40
3880 32
3881 72
3882 14
3883 111
3884 44
3885 32
3886 14
3887 7
3888 72
3889 5
3890 44
3891 44
3892 11
3893 109
3894 2
3895 20
3896 89
3897 99
3898 47
3899 58
3900 76
3901 20
3902 29
3903 18
3904 48
3905 42
3906 37
3907 7
3908 31
3909 13
3910 69
3911 44
3912 72
3913 86
3914 47
3915 15
3916 56
3917 89
3918 56
3919 8
3920 11
3921 72
3922 23
3923 19
3924 54
3925 6
3926 32
3927 17
3928 47
3929 46
3930 20
3931 20
3932 32
3933 31
3934 87
3935 61
3936 6
3937 44
3938 6
3939 7
3940 51
3941 23
3942 13
3943 31
3944 48
3945 56
3946 19
3947 71
3948 21
3949 54
3950 62
3951 11
3952 61
3953 44
3954 11
3955 11
3956 20
3957 20
3958 47
3959 9
3960 11
3961 8
3962 23
3963 51
3964 40
3965 28
3966 13
3967 36
3968 12
3969 23
3970 21
3971 94
3972 15
3973 72
3974 71
3975 32
3976 8
3977 8
3978 23
3979 11
3980 11
3981 19
3982 12
3983 57
3984 54
3985 45
3986 2
3987 20
3988 47
3989 54
3990 34
3991 21
3992 11
3993 96
3994 7
3995 40
3996 42
3997 18
3998 54
3999 16
4000 14
4001 59
4002 7
4003 8
4004 104
4005 56
4006 31
4007 56
4008 21
4009 44
4010 19
4011 13
4012 54
4013 12
4014 7
4015 21
4016 23
4017 57
4018 47
4019 32
4020 56
4021 57
4022 47
4023 20
4024 11
4025 44
4026 72
4027 78
4028 9
4029 96
4030 72
4031 6
4032 19
4033 40
4034 96
4035 56
4036 98
4037 44
4038 23
4039 56
4040 5
4041 36
4042 56
4043 72
4044 20
4045 19
4046 8
4047 31
4048 72
4049 23
4050 8
4051 6
4052 72
4053 19
4054 42
4055 105
4056 7
4057 36
4058 42
4059 7
4060 7
4061 87
4062 57
4063 14
4064 8
4065 31
4066 54
4067 19
4068 96
4069 10
4070 8
4071 39
4072 44
4073 40
4074 62
4075 23
4076 103
4077 11
4078 50
4079 62
4080 43
4081 14
4082 48
4083 57
4084 31
4085 57
4086 14
4087 57
4088 30
4089 1
4090 18
4091 40
4092 44
4093 11
4094 48
4095 74
4096 5
4097 103
4098 105
4099 48
4100 70
4101 43
4102 32
4103 24
4104 40
4105 44
4106 69
4107 26
4108 20
4109 53
4110 45
4111 20
4112 17
4113 96
4114 18
4115 56
4116 30
4117 54
4118 6
4119 20
4120 18
4121 32
4122 36
4123 45
4124 49
4125 67
4126 37
4127 32
4128 0
4129 1
4130 70
4131 34
4132 24
4133 107
4134 0
4135 68
4136 57
4137 9
4138 73
4139 39
4140 18
4141 64
4142 60
4143 30
4144 68
4145 38
4146 60
4147 94
4148 40
4149 42
4150 11
4151 52
4152 15
4153 34
4154 22
4155 39
4156 44
4157 74
4158 45
4159 34
4160 32
4161 20
4162 9
4163 84
4164 34
4165 0
4166 26
4167 0
4168 28
4169 57
4170 54
4171 84
4172 73
4173 96
4174 12
4175 6
4176 20
4177 104
4178 110
4179 73
4180 1
4181 98
4182 20
4183 59
4184 76
4185 87
4186 40
4187 35
4188 1
4189 81
4190 64
4191 32
4192 11
4193 56
4194 67
4195 18
4196 54
4197 11
4198 19
4199 62
4200 5
4201 68
4202 28
4203 24
4204 46
4205 23
4206 44
4207 47
4208 82
4209 59
4210 10
4211 53
4212 1
4213 47
4214 10
4215 96
4216 17
4217 24
4218 60
4219 18
4220 99
4221 13
4222 56
4223 104
4224 46
4225 24
4226 73
4227 32
4228 103
4229 17
4230 70
4231 47
4232 83
4233 53
4234 6
4235 89
4236 17
4237 20
4238 56
4239 19
4240 5
4241 16
4242 35
4243 17
4244 6
4245 13
4246 78
4247 32
4248 47
4249 5
4250 28
4251 39
4252 32
4253 26
4254 50
4255 24
4256 20
4257 101
4258 98
4259 32
4260 44
4261 72
4262 101
4263 20
4264 23
4265 18
4266 48
4267 29
4268 43
4269 29
4270 68
4271 102
4272 77
4273 32
4274 111
4275 42
4276 26
4277 42
4278 38
4279 21
4280 48
4281 96
4282 73
4283 33
4284 16
4285 19
4286 13
4287 73
4288 32
4289 46
4290 58
4291 16
4292 25
4293 16
4294 42
4295 78
4296 17
4297 39
4298 40
4299 13
4300 1
4301 72
4302 38
4303 28
4304 8
4305 18
4306 2
4307 4
4308 32
4309 87
4310 8
4311 15
4312 39
4313 32
4314 59
4315 26
4316 2
4317 73
4318 85
4319 83
4320 30
4321 76
4322 30
4323 82
4324 43
4325 83
4326 57
4327 76
4328 47
4329 2
4330 48
4331 68
4332 39
4333 53
4334 73
4335 13
4336 76
4337 40
4338 63
4339 44
4340 44
4341 33
4342 10
4343 59
4344 56
4345 7
4346 1
4347 76
4348 20
4349 106
4350 58
4351 14
4352 43
4353 86
4354 34
4355 52
4356 102
4357 16
4358 25
4359 73
4360 51
4361 20
4362 60
4363 107
4364 51
4365 96
4366 70
4367 8
4368 14
4369 48
4370 32
4371 14
4372 2
4373 21
4374 79
4375 51
4376 28
4377 38
4378 26
4379 17
4380 30
4381 14
4382 37
4383 53
4384 52
4385 27
4386 83
4387 17
4388 105
4389 97
4390 44
4391 21
4392 81
4393 101
4394 48
4395 8
4396 86
4397 98
4398 31
4399 53
4400 48
4401 56
4402 39
4403 33
4404 43
4405 5
4406 14
4407 73
4408 18
4409 12
4410 39
4411 53
4412 61
4413 16
4414 67
4415 31
4416 25
4417 58
4418 101
4419 6
4420 58
4421 10
4422 13
4423 23
4424 5
4425 64
4426 44
4427 104
4428 75
4429 58
4430 87
4431 75
4432 32
4433 32
4434 49
4435 6
4436 6
4437 46
4438 17
4439 26
4440 43
4441 14
4442 89
4443 31
4444 76
4445 23
4446 5
4447 76
4448 17
4449 23
4450 8
4451 17
4452 13
4453 8
4454 46
4455 11
4456 57
4457 89
4458 13
4459 58
4460 31
4461 45
4462 32
4463 22
4464 46
4465 109
4466 8
4467 59
4468 57
4469 24
4470 57
4471 8
4472 31
4473 8
4474 23
4475 18
4476 4
4477 11
4478 57
4479 44
4480 46
4481 57
4482 44
4483 31
4484 51
4485 11
4486 73
4487 5
4488 18
4489 8
4490 36
4491 9
4492 85
4493 80
4494 30
4495 22
4496 101
4497 59
4498 32
4499 86
4500 89
4501 44
4502 68
4503 35
4504 17
4505 14
4506 84
4507 29
4508 8
4509 15
4510 34
4511 11
4512 96
4513 52
4514 27
4515 32
4516 54
4517 110
4518 61
4519 32
4520 12
4521 31
4522 57
4523 8
4524 16
4525 72
4526 109
4527 14
4528 30
4529 24
4530 26
4531 40
4532 9
4533 26
4534 9
4535 64
4536 14
4537 40
4538 32
4539 8
4540 33
4541 8
4542 78
4543 23
4544 31
4545 44
4546 11
4547 54
4548 8
4549 45
4550 73
4551 76
4552 57
4553 30
4554 13
4555 54
4556 0
4557 24
4558 100
4559 8
4560 28
4561 11
4562 72
4563 23
4564 42
4565 54
4566 13
4567 2
4568 34
4569 12
4570 32
4571 111
4572 3
4573 14
4574 23
4575 66
4576 54
4577 14
4578 58
4579 33
4580 23
4581 43
4582 14
4583 57
4584 69
4585 44
4586 5
4587 96
4588 106
4589 65
4590 100
4591 55
4592 32
4593 6
4594 59
4595 40
4596 44
4597 53
4598 57
4599 1
4600 102
4601 8
4602 101
4603 103
4604 72
4605 53
4606 7
4607 32
4608 11
4609 15
4610 96
4611 7
4612 27
4613 46
4614 54
4615 7
4616 87
4617 24
4618 32
4619 32
4620 54
4621 15
4622 8
4623 49
4624 12
4625 73
4626 8
4627 15
4628 7
4629 8
4630 7
4631 46
4632 42
4633 22
4634 47
4635 97
4636 34
4637 62
4638 82
4639 7
4640 17
4641 10
4642 7
4643 72
4644 29
4645 1
4646 8
4647 44
4648 89
4649 85
4650 32
4651 8
4652 68
4653 32
4654 89
4655 17
4656 20
4657 68
4658 82
4659 15
4660 6
4661 12
4662 89
4663 9
4664 54
4665 11
4666 24
4667 34
4668 80
4669 20
4670 50
4671 10
4672 68
4673 42
4674 8
4675 56
4676 19
4677 25
4678 5
4679 28
4680 15
4681 112
4682 8
4683 56
4684 69
4685 44
4686 31
4687 70
4688 54
4689 8
4690 28
4691 31
4692 31
4693 14
4694 48
4695 12
4696 46
4697 14
4698 0
4699 107
4700 23
4701 32
4702 45
4703 34
4704 67
4705 48
4706 14
4707 20
4708 23
4709 19
4710 40
4711 19
4712 0
4713 72
4714 21
4715 23
4716 32
4717 5
4718 18
4719 72
4720 5
4721 32
4722 8
4723 11
4724 30
4725 68
4726 13
4727 10
4728 39
4729 57
4730 52
4731 34
4732 7
4733 91
4734 56
4735 5
4736 8
4737 32
4738 57
4739 0
4740 107
4741 67
4742 23
4743 80
4744 57
4745 68
4746 86
4747 44
4748 72
4749 26
4750 54
4751 8
4752 57
4753 98
4754 44
4755 8
4756 31
4757 19
4758 32
4759 31
4760 31
4761 23
4762 31
4763 72
4764 31
4765 6
4766 44
4767 19
4768 57
4769 67
4770 73
4771 85
4772 17
4773 56
4774 16
4775 72
4776 48
4777 47
4778 73
4779 47
4780 71
4781 18
4782 17
4783 99
4784 60
4785 6
4786 57
4787 73
4788 104
4789 72
4790 14
4791 76
4792 32
4793 68
4794 18
4795 72
4796 56
4797 44
4798 112
4799 63
4800 72
4801 47
4802 13
4803 7
4804 5
4805 32
4806 32
4807 58
4808 96
4809 44
4810 73
4811 7
4812 68
4813 83
4814 2
4815 15
4816 31
4817 8
4818 23
4819 15
4820 56
4821 15
4822 42
4823 32
4824 32
4825 47
4826 32
4827 23
4828 46
4829 7
4830 17
4831 25
4832 57
4833 16
4834 85
4835 32
4836 6
4837 57
4838 14
4839 8
4840 23
4841 14
4842 32
4843 2
4844 72
4845 46
4846 9
4847 11
4848 54
4849 32
4850 6
4851 19
4852 72
4853 31
4854 47
4855 73
4856 1
4857 11
4858 8
4859 66
4860 23
4861 48
4862 72
4863 78
4864 30
4865 7
4866 70
4867 54
4868 47
4869 16
4870 58
4871 32
4872 57
4873 91
4874 11
4875 8
4876 32
4877 31
4878 54
4879 76
4880 26
4881 10
4882 74
4883 2
4884 8
4885 57
4886 44
4887 54
4888 40
4889 47
4890 16
4891 6
4892 15
4893 2
4894 19
4895 54
4896 32
4897 8
4898 57
4899 23
4900 54
4901 19
4902 72
4903 7
4904 7
4905 99
4906 43
4907 7
4908 78
4909 32
4910 15
4911 58
4912 47
4913 46
4914 47
4915 56
4916 33
4917 56
4918 21
4919 85
4920 47
4921 8
4922 7
4923 57
4924 32
4925 31
4926 14
4927 31
4928 18
4929 31
4930 11
4931 89
4932 26
4933 89
4934 32
4935 15
4936 16
4937 37
4938 23
4939 14
4940 57
4941 105
4942 48
4943 8
4944 19
4945 72
4946 92
4947 11
4948 20
4949 54
4950 57
4951 54
4952 20
4953 54
4954 48
4955 92
4956 6
4957 67
4958 60
4959 71
4960 47
4961 72
4962 72
4963 18
4964 12
4965 19
4966 40
4967 14
4968 54
4969 11
4970 58
4971 47
4972 60
4973 46
4974 42
4975 8
4976 28
4977 7
4978 8
4979 80
4980 45
4981 68
4982 79
4983 18
4984 56
4985 8
4986 20
4987 72
4988 72
4989 40
4990 6
4991 20
4992 18
4993 23
4994 21
4995 8
4996 40
4997 31
4998 21
4999 7
5000 6
5001 32
5002 40
5003 21
5004 65
5005 11
5006 56
5007 44
5008 7
5009 48
5010 11
5011 57
5012 57
5013 2
5014 85
5015 7
5016 18
5017 47
5018 89
5019 45
5020 12
5021 60
5022 17
5023 8
5024 9
5025 42
5026 52
5027 20
5028 54
5029 19
5030 48
5031 0
5032 44
5033 54
5034 14
5035 19
5036 21
5037 6
5038 20
5039 23
5040 44
5041 44
5042 24
5043 8
5044 34
5045 21
5046 11
5047 105
5048 12
5049 44
5050 45
5051 57
5052 31
5053 97
5054 47
5055 60
5056 48
5057 72
5058 20
5059 66
5060 72
5061 72
5062 57
5063 57
5064 66
5065 47
5066 0
5067 45
5068 9
5069 56
5070 56
5071 44
5072 23
5073 14
5074 67
5075 23
5076 54
5077 20
5078 16
5079 23
5080 47
5081 46
5082 13
5083 21
5084 40
5085 23
5086 7
5087 56
5088 57
5089 19
5090 19
5091 54
5092 72
5093 23
5094 40
5095 18
5096 14
5097 7
5098 21
5099 56
5100 48
5101 44
5102 17
5103 43
5104 40
5105 32
5106 68
5107 56
5108 45
5109 26
5110 87
5111 8
5112 40
5113 30
5114 31
5115 54
5116 72
5117 24
5118 20
5119 57
5120 18
5121 48
5122 40
5123 6
5124 22
5125 37
5126 24
5127 2
5128 79
5129 44
5130 8
5131 24
5132 20
5133 40
5134 18
5135 73
5136 65
5137 8
5138 53
5139 24
5140 40
5141 49
5142 72
5143 21
5144 21
5145 107
5146 9
5147 48
5148 5
5149 81
5150 7
5151 67
5152 22
5153 22
5154 21
5155 12
5156 32
5157 40
5158 10
5159 24
5160 73
5161 5
5162 6
5163 21
5164 37
5165 22
5166 20
5167 91
5168 26
5169 19
5170 31
5171 6
5172 2
5173 7
5174 8
5175 111
5176 71
5177 91
5178 23
5179 37
5180 81
5181 19
5182 42
5183 32
5184 99
5185 47
5186 34
5187 11
5188 85
5189 28
5190 104
5191 47
5192 56
5193 56
5194 18
5195 56
5196 49
5197 20
5198 56
5199 7
5200 18
5201 0
5202 7
5203 40
5204 8
5205 7
5206 20
5207 20
5208 76
5209 76
5210 10
5211 33
5212 76
5213 7
5214 56
5215 60
5216 5
5217 31
5218 27
5219 45
5220 32
5221 9
5222 86
5223 59
5224 21
5225 56
5226 14
5227 81
5228 76
5229 56
5230 8
5231 83
5232 73
5233 54
5234 24
5235 86
5236 40
5237 76
5238 39
5239 31
5240 72
5241 70
5242 86
5243 31
5244 86
5245 102
5246 23
5247 20
5248 62
5249 83
5250 60
5251 32
5252 51
5253 73
5254 39
5255 46
5256 32
5257 56
5258 1
5259 31
5260 73
5261 34
5262 11
5263 19
5264 19
5265 41
5266 68
5267 66
5268 76
5269 23
5270 57
5271 57
5272 78
5273 56
5274 46
5275 3
5276 48
5277 17
5278 39
5279 14
5280 59
5281 39
5282 36
5283 68
5284 16
5285 68
5286 9
5287 76
5288 59
5289 48
5290 8
5291 45
5292 8
5293 0
5294 17
5295 62
5296 14
5297 17
5298 8
5299 56
5300 96
5301 98
5302 23
5303 28
5304 34
5305 33
5306 23
5307 14
5308 50
5309 62
5310 40
5311 8
5312 19
5313 96
5314 32
5315 8
5316 23
5317 43
5318 32
5319 14
5320 72
5321 57
5322 58
5323 19
5324 67
5325 1
5326 73
5327 82
5328 17
5329 50
5330 43
5331 17
5332 56
5333 43
5334 32
5335 31
5336 31
5337 48
5338 99
5339 42
5340 58
5341 109
5342 86
5343 31
5344 73
5345 23
5346 30
5347 14
5348 28
5349 20
5350 14
5351 19
5352 56
5353 7
5354 18
5355 58
5356 57
5357 15
5358 1
5359 7
5360 2
5361 23
5362 67
5363 87
5364 5
5365 8
5366 16
5367 12
5368 8
5369 43
5370 32
5371 7
5372 51
5373 8
5374 73
5375 89
5376 14
5377 100
5378 36
5379 102
5380 14
5381 31
5382 56
5383 107
5384 89
5385 76
5386 59
5387 89
5388 9
5389 23
5390 16
5391 77
5392 28
5393 8
5394 26
5395 55
5396 28
5397 42
5398 42
5399 8
5400 83
5401 8
5402 57
5403 15
5404 8
5405 32
5406 15
5407 85
5408 30
5409 57
5410 31
5411 30
5412 57
5413 57
5414 31
5415 14
5416 57
5417 64
5418 96
5419 22
5420 15
5421 7
5422 83
5423 57
5424 32
5425 7
5426 64
5427 46
5428 31
5429 85
5430 32
5431 2
5432 32
5433 17
5434 38
5435 60
5436 26
5437 39
5438 17
5439 104
5440 60
5441 32
5442 95
5443 6
5444 44
5445 14
5446 44
5447 57
5448 15
5449 19
5450 28
5451 14
5452 59
5453 33
5454 7
5455 109
5456 8
5457 46
5458 10
5459 29
5460 38
5461 92
5462 81
5463 17
5464 57
5465 71
5466 60
5467 85
5468 12
5469 18
5470 57
5471 18
5472 19
5473 7
5474 32
5475 8
5476 51
5477 26
5478 45
5479 81
5480 85
5481 8
5482 8
5483 44
5484 69
5485 57
5486 14
5487 57
5488 17
5489 8
5490 59
5491 56
5492 11
5493 35
5494 46
5495 31
5496 44
5497 51
5498 55
5499 40
5500 23
5501 32
5502 21
5503 40
5504 47
5505 39
5506 8
5507 19
5508 31
5509 11
5510 86
5511 11
5512 72
5513 8
5514 6
5515 26
5516 62
5517 26
5518 19
5519 11
5520 47
5521 23
5522 44
5523 96
5524 7
5525 32
5526 6
5527 29
5528 2
5529 32
5530 43
5531 68
5532 73
5533 47
5534 18
5535 11
5536 6
5537 72
5538 52
5539 19
5540 94
5541 65
5542 6
5543 51
5544 8
5545 47
5546 16
5547 31
5548 0
5549 19
5550 24
5551 44
5552 6
5553 31
5554 19
5555 58
5556 11
5557 14
5558 0
5559 7
5560 112
5561 19
5562 32
5563 56
5564 14
5565 14
5566 38
5567 32
5568 92
5569 78
5570 32
5571 57
5572 50
5573 44
5574 23
5575 6
5576 11
5577 56
5578 91
5579 79
5580 72
5581 56
5582 72
5583 40
5584 57
5585 104
5586 46
5587 57
5588 7
5589 47
5590 14
5591 44
5592 10
5593 0
5594 49
5595 7
5596 83
5597 11
5598 47
5599 3
5600 36
5601 5
5602 47
5603 72
5604 72
5605 85
5606 26
5607 42
5608 47
5609 45
5610 102
5611 57
5612 7
5613 45
5614 12
5615 14
5616 0
5617 11
5618 56
5619 11
5620 19
5621 44
5622 11
5623 8
5624 46
5625 53
5626 108
5627 37
5628 25
5629 14
5630 24
5631 42
5632 58
5633 1
5634 42
5635 45
5636 11
5637 46
5638 44
5639 40
5640 9
5641 63
5642 69
5643 85
5644 1
5645 32
5646 54
5647 1
5648 46
5649 24
5650 40
5651 81
5652 56
5653 8
5654 10
5655 2
5656 48
5657 0
5658 57
5659 51
5660 81
5661 5
5662 54
5663 44
5664 30
5665 23
5666 12
5667 23
5668 44
5669 72
5670 7
5671 98
5672 51
5673 55
5674 45
5675 32
5676 45
5677 23
5678 48
5679 39
5680 3
5681 98
5682 57
5683 77
5684 8
5685 40
5686 85
5687 56
5688 1
5689 67
5690 94
5691 73
5692 54
5693 73
5694 69
5695 84
5696 53
5697 54
5698 10
5699 23
5700 67
5701 6
5702 7
5703 48
5704 26
5705 57
5706 19
5707 56
5708 51
5709 83
5710 46
5711 57
5712 12
5713 19
5714 76
5715 55
5716 29
5717 10
5718 24
5719 7
5720 23
5721 85
5722 104
5723 57
5724 111
5725 56
5726 61
5727 20
5728 63
5729 64
5730 7
5731 35
5732 32
5733 8
5734 48
5735 57
5736 106
5737 10
5738 34
5739 1
5740 32
5741 28
5742 57
5743 16
5744 68
5745 80
5746 19
5747 60
5748 17
5749 57
5750 14
5751 57
5752 70
5753 5
5754 104
5755 33
5756 89
5757 89
5758 28
5759 7
5760 96
5761 105
5762 46
5763 44
5764 5
5765 86
5766 23
5767 20
5768 71
5769 59
5770 32
5771 6
5772 72
5773 5
5774 32
5775 8
5776 16
5777 72
5778 56
5779 6
5780 23
5781 20
5782 19
5783 76
5784 14
5785 7
5786 47
5787 56
5788 94
5789 32
5790 9
5791 39
5792 9
5793 24
5794 72
5795 86
5796 8
5797 72
5798 49
5799 32
5800 43
5801 7
5802 19
5803 19
5804 46
5805 56
5806 5
5807 7
5808 57
5809 9
5810 67
5811 73
5812 39
5813 73
5814 73
5815 33
5816 57
5817 16
5818 23
5819 19
5820 31
5821 31
5822 58
5823 14
5824 23
5825 11
5826 23
5827 23
5828 31
5829 96
5830 2
5831 14
5832 69
5833 57
5834 33
5835 44
5836 19
5837 11
5838 11
5839 16
5840 72
5841 6
5842 47
5843 8
5844 96
5845 47
5846 23
5847 28
5848 6
5849 14
5850 6
5851 56
5852 6
5853 11
5854 23
5855 0
5856 47
5857 44
5858 58
5859 48
5860 36
5861 47
5862 26
5863 15
5864 13
5865 14
5866 21
5867 32
5868 56
5869 31
5870 7
5871 42
5872 14
5873 8
5874 5
5875 43
5876 30
5877 23
5878 57
5879 14
5880 76
5881 43
5882 47
5883 76
5884 67
5885 57
5886 65
5887 11
5888 57
5889 63
5890 56
5891 72
5892 72
5893 60
5894 54
5895 7
5896 72
5897 7
5898 56
5899 72
5900 57
5901 32
5902 85
5903 14
5904 39
5905 7
5906 72
5907 53
5908 54
5909 56
5910 47
5911 20
5912 72
5913 91
5914 72
5915 113
5916 7
5917 6
5918 33
5919 5
5920 32
5921 14
5922 23
5923 6
5924 31
5925 23
5926 6
5927 15
5928 23
5929 58
5930 31
5931 72
5932 68
5933 19
5934 11
5935 46
5936 72
5937 52
5938 11
5939 19
5940 30
5941 7
5942 20
5943 11
5944 43
5945 57
5946 96
5947 32
5948 57
5949 99
5950 57
5951 47
5952 58
5953 78
5954 7
5955 6
5956 20
5957 33
5958 76
5959 11
5960 54
5961 6
5962 57
5963 96
5964 7
5965 71
5966 33
5967 23
5968 48
5969 13
5970 72
5971 60
5972 57
5973 44
5974 18
5975 11
5976 47
5977 18
5978 54
5979 47
5980 31
5981 7
5982 31
5983 43
5984 46
5985 57
5986 42
5987 42
5988 99
5989 14
5990 20
5991 16
5992 44
5993 14
5994 15
5995 18
5996 44
5997 100
5998 105
5999 67
6000 8
6001 91
6002 22
6003 7
6004 44
6005 60
6006 5
6007 7
6008 44
6009 18
6010 12
6011 11
6012 23
6013 45
6014 11
6015 11
6016 32
6017 60
6018 17
6019 47
6020 58
6021 13
6022 48
6023 54
6024 59
6025 54
6026 47
6027 21
6028 12
6029 72
6030 57
6031 32
6032 21
6033 16
6034 21
6035 23
6036 18
6037 8
6038 40
6039 44
6040 20
6041 23
6042 103
6043 26
6044 74
6045 76
6046 42
6047 12
6048 18
6049 60
6050 6
6051 45
6052 45
6053 86
6054 22
6055 19
6056 47
6057 8
6058 20
6059 48
6060 6
6061 34
6062 34
6063 44
6064 6
6065 8
6066 40
6067 25
6068 56
6069 15
6070 20
6071 8
6072 68
6073 47
6074 19
6075 7
6076 6
6077 98
6078 16
6079 54
6080 48
6081 40
6082 21
6083 2
6084 45
6085 34
6086 54
6087 13
6088 34
6089 75
6090 18
6091 72
6092 53
6093 57
6094 48
6095 56
6096 23
6097 21
6098 40
6099 18
6100 81
6101 38
6102 40
6103 6
6104 8
6105 44
6106 19
6107 12
6108 57
6109 72
6110 56
6111 6
6112 47
6113 20
6114 81
6115 47
6116 6
6117 62
6118 6
6119 10
6120 59
6121 45
6122 32
6123 53
6124 36
6125 72
6126 32
6127 30
6128 31
6129 40
6130 105
6131 35
6132 6
6133 0
6134 85
6135 7
6136 57
6137 44
6138 44
6139 7
6140 32
6141 35
6142 67
6143 58
6144 23
6145 26
6146 18
6147 99
6148 46
6149 37
6150 28
6151 72
6152 79
6153 17
6154 45
6155 97
6156 46
6157 76
6158 101
6159 24
6160 40
6161 0
6162 48
6163 78
6164 26
6165 7
6166 98
6167 67
6168 36
6169 34
6170 49
6171 58
6172 45
6173 32
6174 34
6175 49
6176 73
6177 5
6178 73
6179 67
6180 44
6181 69
6182 20
6183 69
6184 72
6185 26
6186 72
6187 4
6188 15
6189 0
6190 24
6191 32
6192 67
6193 47
6194 1
6195 47
6196 52
6197 32
6198 12
6199 16
6200 37
6201 39
6202 36
6203 94
6204 39
6205 32
6206 32
6207 44
6208 59
6209 64
6210 48
6211 40
6212 37
6213 64
6214 21
6215 1
6216 92
6217 24
6218 11
6219 45
6220 45
6221 15
6222 85
6223 51
6224 105
6225 21
6226 76
6227 7
6228 60
6229 5
6230 18
6231 98
6232 2
6233 32
6234 32
6235 45
6236 39
6237 35
6238 37
6239 45
6240 33
6241 30
6242 46
6243 49
6244 36
6245 51
6246 45
6247 85
6248 24
6249 45
6250 40
6251 36
6252 1
6253 91
6254 59
6255 32
6256 83
6257 21
6258 40
6259 83
6260 73
6261 32
6262 72
6263 48
6264 34
6265 67
6266 29
6267 32
6268 46
6269 72
6270 85
6271 69
6272 7
6273 32
6274 18
6275 9
6276 108
6277 1
6278 32
6279 0
6280 60
6281 28
6282 28
6283 54
6284 10
6285 34
6286 0
6287 16
6288 10
6289 71
6290 74
6291 73
6292 22
6293 46
6294 55
6295 32
6296 32
6297 49
6298 17
6299 20
6300 31
6301 59
6302 32
6303 89
6304 33
6305 83
6306 18
6307 22
6308 1
6309 102
6310 104
6311 46
6312 21
6313 33
6314 94
6315 9
6316 24
6317 7
6318 60
6319 76
6320 26
6321 21
6322 6
6323 1
6324 72
6325 40
6326 1
6327 63
6328 97
6329 85
6330 57
6331 57
6332 111
6333 60
6334 2
6335 89
6336 32
6337 45
6338 59
6339 9
6340 17
6341 32
6342 99
6343 42
6344 9
6345 17
6346 9
6347 15
6348 78
6349 32
6350 13
6351 18
6352 2
6353 9
6354 72
6355 5
6356 17
6357 0
6358 6
6359 30
6360 56
6361 8
6362 15
6363 109
6364 8
6365 13
6366 13
6367 2
6368 25
6369 25
6370 87
6371 29
6372 19
6373 57
6374 76
6375 58
6376 86
6377 59
6378 110
6379 21
6380 62
6381 45
6382 18
6383 8
6384 30
6385 43
6386 76
6387 37
6388 51
6389 14
6390 91
6391 20
6392 47
6393 48
6394 104
6395 15
6396 44
6397 73
6398 30
6399 22
6400 89
6401 73
6402 32
6403 48
6404 46
6405 11
6406 17
6407 51
6408 3
6409 51
6410 44
6411 53
6412 8
6413 91
6414 99
6415 44
6416 31
6417 67
6418 14
6419 44
6420 16
6421 14
6422 39
6423 47
6424 5
6425 46
6426 36
6427 15
6428 34
6429 83
6430 83
6431 54
6432 48
6433 99
6434 18
6435 14
6436 31
6437 98
6438 18
6439 80
6440 46
6441 111
6442 31
6443 17
6444 18
6445 16
6446 32
6447 40
6448 42
6449 50
6450 44
6451 2
6452 21
6453 44
6454 96
6455 5
6456 8
6457 49
6458 15
6459 72
6460 105
6461 14
6462 12
6463 26
6464 42
6465 54
6466 60
6467 69
6468 86
6469 1
6470 80
6471 28
6472 49
6473 63
6474 68
6475 63
6476 8
6477 61
6478 61
6479 71
6480 89
6481 66
6482 9
6483 51
6484 26
6485 53
6486 78
6487 107
6488 16
6489 82
6490 13
6491 60
6492 23
6493 19
6494 10
6495 16
6496 42
6497 95
6498 28
6499 81
6500 12
6501 75
6502 6
6503 23
6504 14
6505 31
6506 31
6507 35
6508 44
6509 44
6510 44
6511 11
6512 32
6513 58
6514 6
6515 16
6516 17
6517 60
6518 71
6519 8
6520 26
6521 13
6522 8
6523 14
6524 44
6525 4
6526 11
6527 46
6528 14
6529 32
6530 46
6531 16
6532 6
6533 104
6534 9
6535 67
6536 89
6537 44
6538 104
6539 46
6540 76
6541 40
6542 13
6543 28
6544 57
6545 5
6546 98
6547 46
6548 18
6549 72
6550 8
6551 29
6552 52
6553 41
6554 16
6555 57
6556 36
6557 14
6558 27
6559 96
6560 83
6561 34
6562 39
6563 113
6564 8
6565 47
6566 83
6567 13
6568 78
6569 40
6570 43
6571 54
6572 52
6573 9
6574 57
6575 5
6576 54
6577 51
6578 32
6579 33
6580 44
6581 32
6582 63
6583 60
6584 23
6585 76
6586 98
6587 98
6588 9
6589 57
6590 6
6591 75
6592 54
6593 17
6594 72
6595 76
6596 46
6597 32
6598 32
6599 17
6600 57
6601 8
6602 44
6603 54
6604 98
6605 29
6606 54
6607 69
6608 11
6609 32
6610 58
6611 79
6612 44
6613 15
6614 73
6615 47
6616 57
6617 72
6618 37
6619 38
6620 42
6621 90
6622 57
6623 18
6624 102
6625 16
6626 91
6627 59
6628 72
6629 60
6630 72
6631 36
6632 69
6633 11
6634 40
6635 8
6636 54
6637 23
6638 32
6639 65
6640 72
6641 91
6642 31
6643 47
6644 56
6645 22
6646 40
6647 74
6648 45
6649 11
6650 33
6651 104
6652 105
6653 57
6654 6
6655 92
6656 95
6657 46
6658 64
6659 29
6660 10
6661 48
6662 89
6663 102
6664 12
6665 8
6666 47
6667 66
6668 9
6669 21
6670 13
6671 47
6672 54
6673 7
6674 47
6675 35
6676 45
6677 76
6678 13
6679 45
6680 43
6681 8
6682 11
6683 5
6684 20
6685 24
6686 15
6687 85
6688 73
6689 47
6690 10
6691 39
6692 63
6693 77
6694 8
6695 73
6696 45
6697 15
6698 40
6699 3
6700 32
6701 54
6702 23
6703 22
6704 32
6705 47
6706 8
6707 26
6708 74
6709 36
6710 24
6711 38
6712 32
6713 11
6714 39
6715 60
6716 26
6717 16
6718 60
6719 32
6720 84
6721 57
6722 32
6723 67
6724 106
6725 38
6726 13
6727 44
6728 31
6729 12
6730 23
6731 50
6732 56
6733 21
6734 8
6735 7
6736 80
6737 75
6738 6
6739 51
6740 31
6741 76
6742 69
6743 28
6744 14
6745 14
6746 72
6747 10
6748 14
6749 28
6750 57
6751 76
6752 44
6753 57
6754 21
6755 5
6756 14
6757 7
6758 60
6759 8
6760 31
6761 43
6762 56
6763 26
6764 11
6765 54
6766 23
6767 32
6768 76
6769 57
6770 7
6771 27
6772 33
6773 48
6774 23
6775 48
6776 31
6777 104
6778 8
6779 86
6780 19
6781 56
6782 59
6783 12
6784 28
6785 24
6786 23
6787 5
6788 22
6789 76
6790 81
6791 8
6792 18
6793 31
6794 5
6795 57
6796 9
6797 57
6798 70
6799 23
6800 9
6801 14
6802 76
6803 8
6804 14
6805 38
6806 8
6807 30
6808 44
6809 44
6810 32
6811 23
6812 60
6813 8
6814 7
6815 98
6816 26
6817 99
6818 14
6819 19
6820 8
6821 40
6822 38
6823 47
6824 43
6825 57
6826 98
6827 72
6828 9
6829 11
6830 33
6831 86
6832 42
6833 95
6834 31
6835 61
6836 19
6837 8
6838 42
6839 42
6840 89
6841 54
6842 21
6843 15
6844 7
6845 16
6846 76
6847 78
6848 34
6849 47
6850 72
6851 14
6852 61
6853 76
6854 60
6855 18
6856 15
6857 25
6858 76
6859 8
6860 15
6861 21
6862 53
6863 8
6864 9
6865 31
6866 42
6867 20
6868 42
6869 8
6870 14
6871 32
6872 17
6873 56
6874 26
6875 48
6876 57
6877 56
6878 6
6879 92
6880 7
6881 11
6882 46
6883 34
6884 83
6885 12
6886 7
6887 57
6888 7
6889 8
6890 85
6891 60
6892 8
6893 11
6894 72
6895 54
6896 44
6897 2
6898 99
6899 7
6900 86
6901 30
6902 73
6903 51
6904 7
6905 54
6906 72
6907 57
6908 20
6909 31
6910 56
6911 63
6912 23
6913 14
6914 31
6915 72
6916 48
6917 16
6918 47
6919 23
6920 103
6921 68
6922 35
6923 58
6924 33
6925 57
6926 18
6927 70
6928 21
6929 102
6930 26
6931 30
6932 9
6933 47
6934 2
6935 76
6936 99
6937 14
6938 44
6939 86
6940 16
6941 11
6942 57
6943 76
6944 14
6945 14
6946 56
6947 56
6948 54
6949 22
6950 13
6951 11
6952 14
6953 0
6954 48
6955 30
6956 72
6957 32
6958 19
6959 14
6960 7
6961 98
6962 44
6963 58
6964 26
6965 19
6966 15
6967 64
6968 57
6969 11
6970 53
6971 56
6972 40
6973 44
6974 61
6975 72
6976 31
6977 18
6978 18
6979 37
6980 33
6981 23
6982 40
6983 57
6984 51
6985 13
6986 19
6987 48
6988 76
6989 14
6990 15
6991 57
6992 19
6993 40
6994 17
6995 18
6996 8
6997 31
6998 44
6999 84
7000 20
7001 83
7002 32
7003 21
7004 28
7005 48
7006 72
7007 46
7008 47
7009 32
7010 47
7011 72
7012 21
7013 42
7014 6
7015 8
7016 47
7017 15
7018 48
7019 6
7020 8
7021 5
7022 72
7023 47
7024 6
7025 23
7026 72
7027 45
7028 45
7029 14
7030 19
7031 21
7032 96
7033 44
7034 31
7035 6
7036 7
7037 31
7038 18
7039 82
7040 8
7041 60
7042 58
7043 46
7044 23
7045 18
7046 21
7047 40
7048 32
7049 23
7050 57
7051 21
7052 43
7053 91
7054 32
7055 54
7056 40
7057 54
7058 51
7059 56
7060 11
7061 44
7062 8
7063 20
7064 32
7065 32
7066 18
7067 19
7068 2
7069 96
7070 2
7071 48
7072 18
7073 14
7074 54
7075 69
7076 20
7077 53
7078 23
7079 72
7080 62
7081 44
7082 64
7083 0
7084 40
7085 40
7086 24
7087 54
7088 6
7089 18
7090 17
7091 14
7092 47
7093 44
7094 11
7095 5
7096 71
7097 32
7098 23
7099 72
7100 89
7101 42
7102 57
7103 47
7104 57
7105 34
7106 57
7107 20
7108 57
7109 20
7110 57
7111 51
7112 8
7113 56
7114 76
7115 14
7116 92
7117 57
7118 47
7119 56
7120 48
7121 9
7122 31
7123 44
7124 6
7125 8
7126 76
7127 46
7128 8
7129 2
7130 20
7131 18
7132 72
7133 7
7134 0
7135 76
7136 56
7137 56
7138 40
7139 58
7140 54
7141 30
7142 47
7143 56
7144 76
7145 19
7146 56
7147 40
7148 18
7149 40
7150 47
7151 18
7152 57
7153 8
7154 34
7155 18
7156 40
7157 29
7158 20
7159 56
7160 32
7161 31
7162 19
7163 57
7164 8
7165 68
7166 14
7167 60
7168 2
7169 40
7170 11
7171 32
7172 47
7173 56
7174 31
7175 63
7176 7
7177 51
7178 52
7179 103
7180 7
7181 58
7182 20
7183 83
7184 56
7185 21
7186 40
7187 103
7188 67
7189 22
7190 34
7191 19
7192 10
7193 20
7194 21
7195 10
7196 6
7197 16
7198 32
7199 59
7200 8
7201 53
7202 40
7203 0
7204 9
7205 54
7206 72
7207 6
7208 43
7209 98
7210 103
7211 22
7212 7
7213 7
7214 58
7215 32
7216 25
7217 40
7218 24
7219 1
7220 31
7221 32
7222 57
7223 44
7224 2
7225 73
7226 23
7227 39
7228 8
7229 56
7230 18
7231 40
7232 32
7233 33
7234 32
7235 38
7236 47
7237 7
7238 23
7239 19
7240 31
7241 40
7242 0
7243 67
7244 56
7245 7
7246 64
7247 72
7248 29
7249 11
7250 23
7251 56
7252 34
7253 32
7254 107
7255 56
7256 31
7257 19
7258 31
7259 59
7260 106
7261 18
7262 28
7263 56
7264 39
7265 45
7266 35
7267 5
7268 31
7269 92
7270 7
7271 24
7272 19
7273 0
7274 56
7275 40
7276 54
7277 24
7278 32
7279 18
7280 102
7281 50
7282 56
7283 46
7284 60
7285 23
7286 28
7287 14
7288 23
7289 17
7290 59
7291 31
7292 28
7293 81
7294 31
7295 61
7296 14
7297 7
7298 56
7299 10
7300 86
7301 11
7302 59
7303 5
7304 21
7305 60
7306 60
7307 7
7308 1
7309 58
7310 62
7311 14
7312 31
7313 76
7314 32
7315 7
7316 19
7317 73
7318 7
7319 14
7320 30
7321 6
7322 23
7323 1
7324 18
7325 99
7326 0
7327 31
7328 81
7329 57
7330 57
7331 12
7332 19
7333 83
7334 7
7335 21
7336 21
7337 19
7338 72
7339 45
7340 26
7341 7
7342 86
7343 35
7344 24
7345 56
7346 63
7347 31
7348 104
7349 86
7350 81
7351 49
7352 21
7353 24
7354 8
7355 33
7356 16
7357 23
7358 40
7359 56
7360 17
7361 14
7362 7
7363 57
7364 63
7365 8
7366 54
7367 7
7368 7
7369 9
7370 1
7371 32
7372 17
7373 32
7374 18
7375 16
7376 15
7377 7
7378 8
7379 15
7380 15
7381 91
7382 54
7383 17
7384 19
7385 39
7386 80
7387 19
7388 78
7389 58
7390 57
7391 31
7392 57
7393 30
7394 32
7395 99
7396 4
7397 20
7398 0
7399 96
7400 76
7401 2
7402 58
7403 14
7404 85
7405 19
7406 86
7407 56
7408 8
7409 45
7410 69
7411 57
7412 8
7413 66
7414 14
7415 33
7416 9
7417 99
7418 44
7419 11
7420 104
7421 57
7422 7
7423 20
7424 89
7425 15
7426 105
7427 14
7428 68
7429 98
7430 44
7431 23
7432 29
7433 23
7434 16
7435 44
7436 86
7437 61
7438 13
7439 19
7440 19
7441 32
7442 7
7443 43
7444 67
7445 45
7446 10
7447 89
7448 14
7449 19
7450 35
7451 78
7452 57
7453 56
7454 78
7455 8
7456 46
7457 72
7458 58
7459 104
7460 42
7461 51
7462 56
7463 7
7464 2
7465 19
7466 8
7467 91
7468 17
7469 23
7470 104
7471 30
7472 26
7473 38
7474 7
7475 7
7476 26
7477 14
7478 18
7479 21
7480 51
7481 32
7482 56
7483 18
7484 7
7485 66
7486 94
7487 46
7488 57
7489 89
7490 38
7491 19
7492 56
7493 57
7494 7
7495 5
7496 57
7497 26
7498 12
7499 8
7500 4
7501 32
7502 68
7503 23
7504 76
7505 5
7506 7
7507 57
7508 31
7509 46
7510 76
7511 46
7512 56
7513 85
7514 12
7515 99
7516 33
7517 31
7518 19
7519 68
7520 17
7521 16
7522 2
7523 7
7524 57
7525 31
7526 94
7527 78
7528 56
7529 17
7530 85
7531 17
7532 68
7533 44
7534 46
7535 11
7536 14
7537 16
7538 59
7539 19
7540 45
7541 8
7542 8
7543 6
7544 56
7545 14
7546 33
7547 8
7548 83
7549 56
7550 32
7551 6
7552 64
7553 31
7554 17
7555 67
7556 32
7557 14
7558 2
7559 12
7560 42
7561 56
7562 47
7563 11
7564 7
7565 59
7566 45
7567 14
7568 7
7569 5
7570 23
7571 40
7572 23
7573 37
7574 7
7575 26
7576 60
7577 96
7578 6
7579 14
7580 32
7581 25
7582 56
7583 72
7584 72
7585 102
7586 23
7587 57
7588 32
7589 83
7590 102
7591 23
7592 47
7593 23
7594 11
7595 57
7596 60
7597 23
7598 19
7599 65
7600 47
7601 26
7602 7
7603 38
7604 96
7605 78
7606 32
7607 62
7608 19
7609 31
7610 7
7611 11
7612 58
7613 13
7614 24
7615 56
7616 27
7617 46
7618 102
7619 12
7620 19
7621 62
7622 19
7623 19
7624 30
7625 72
7626 78
7627 7
7628 30
7629 2
7630 37
7631 56
7632 26
7633 2
7634 7
7635 72
7636 86
7637 31
7638 72
7639 6
7640 58
7641 54
7642 31
7643 56
7644 32
7645 106
7646 11
7647 47
7648 14
7649 9
7650 72
7651 23
7652 43
7653 47
7654 23
7655 31
7656 111
7657 8
7658 11
7659 11
7660 3
7661 85
7662 0
7663 72
7664 91
7665 53
7666 7
7667 96
7668 40
7669 40
7670 76
7671 45
7672 86
7673 99
7674 23
7675 67
7676 18
7677 6
7678 19
7679 87
7680 16
7681 14
7682 12
7683 51
7684 11
7685 7
7686 21
7687 1
7688 6
7689 43
7690 32
7691 19
7692 32
7693 34
7694 2
7695 7
7696 11
7697 7
7698 73
7699 37
7700 34
7701 10
7702 60
7703 63
7704 19
7705 45
7706 37
7707 27
7708 41
7709 7
7710 44
7711 73
7712 97
7713 45
7714 60
7715 20
7716 6
7717 13
7718 47
7719 96
7720 1
7721 8
7722 8
7723 23
7724 12
7725 47
7726 26
7727 31
7728 19
7729 7
7730 32
7731 14
7732 64
7733 48
7734 34
7735 66
7736 54
7737 23
7738 10
7739 5
7740 23
7741 11
7742 54
7743 0
7744 85
7745 34
7746 7
7747 31
7748 7
7749 12
7750 9
7751 42
7752 56
7753 33
7754 31
7755 8
7756 68
7757 8
7758 6
7759 20
7760 19
7761 39
7762 12
7763 1
7764 39
7765 57
7766 28
7767 56
7768 10
7769 8
7770 96
7771 85
7772 56
7773 51
7774 94
7775 64
7776 14
7777 12
7778 14
7779 91
7780 57
7781 6
7782 78
7783 23
7784 57
7785 89
7786 76
7787 72
7788 19
7789 71
7790 0
7791 97
7792 6
7793 14
7794 23
7795 56
7796 83
7797 72
7798 105
7799 10
7800 17
7801 44
7802 56
7803 19
7804 8
7805 5
7806 8
7807 19
7808 102
7809 53
7810 7
7811 44
7812 32
7813 31
7814 56
7815 80
7816 40
7817 40
7818 80
7819 72
7820 72
7821 14
7822 56
7823 96
7824 73
7825 19
7826 8
7827 83
7828 14
7829 24
7830 72
7831 8
7832 5
7833 24
7834 31
7835 7
7836 85
7837 32
7838 7
7839 55
7840 31
7841 32
7842 32
7843 44
7844 54
7845 31
7846 7
7847 85
7848 7
7849 47
7850 44
7851 1
7852 73
7853 80
7854 23
7855 42
7856 72
7857 51
7858 48
7859 88
7860 6
7861 58
7862 10
7863 43
7864 20
7865 72
7866 33
7867 31
7868 8
7869 73
7870 21
7871 8
7872 72
7873 6
7874 46
7875 86
7876 7
7877 81
7878 11
7879 25
7880 31
7881 11
7882 72
7883 16
7884 7
7885 23
7886 43
7887 23
7888 48
7889 56
7890 48
7891 56
7892 14
7893 91
7894 19
7895 47
7896 43
7897 78
7898 20
7899 6
7900 78
7901 11
7902 80
7903 44
7904 7
7905 34
7906 11
7907 2
7908 5
7909 5
7910 32
7911 11
7912 8
7913 103
7914 7
7915 32
7916 8
7917 54
7918 2
7919 8
7920 56
7921 45
7922 57
7923 56
7924 72
7925 7
7926 32
7927 1
7928 31
7929 8
7930 54
7931 47
7932 18
7933 7
7934 72
7935 32
7936 14
7937 99
7938 23
7939 57
7940 11
7941 54
7942 54
7943 56
7944 20
7945 47
7946 99
7947 97
7948 40
7949 30
7950 32
7951 99
7952 14
7953 42
7954 73
7955 2
7956 17
7957 51
7958 44
7959 14
7960 74
7961 89
7962 26
7963 52
7964 40
7965 30
7966 56
7967 15
7968 19
7969 57
7970 54
7971 5
7972 31
7973 14
7974 20
7975 14
7976 54
7977 52
7978 44
7979 73
7980 73
7981 57
7982 57
7983 7
7984 5
7985 23
7986 6
7987 40
7988 11
7989 7
7990 20
7991 44
7992 43
7993 23
7994 42
7995 75
7996 12
7997 51
7998 51
7999 22
8000 54
8001 7
8002 52
8003 6
8004 6
8005 21
8006 4
8007 32
8008 91
8009 47
8010 12
8011 7
8012 60
8013 23
8014 72
8015 15
8016 8
8017 33
8018 8
8019 31
8020 19
8021 4
8022 54
8023 39
8024 72
8025 6
8026 18
8027 31
8028 54
8029 31
8030 54
8031 14
8032 13
8033 23
8034 52
8035 99
8036 14
8037 23
8038 72
8039 76
8040 31
8041 44
8042 12
8043 47
8044 32
8045 32
8046 72
8047 20
8048 23
8049 23
8050 59
8051 39
8052 19
8053 31
8054 72
8055 11
8056 14
8057 31
8058 60
8059 7
8060 48
8061 6
8062 31
8063 35
8064 9
8065 8
8066 11
8067 32
8068 20
8069 47
8070 11
8071 47
8072 103
8073 19
8074 20
8075 57
8076 11
8077 45
8078 12
8079 46
8080 18
8081 40
8082 20
8083 56
8084 48
8085 18
8086 21
8087 47
8088 58
8089 7
8090 48
8091 56
8092 18
8093 14
8094 29
8095 5
8096 45
8097 14
8098 20
8099 76
8100 32
8101 31
8102 60
8103 40
8104 33
8105 40
8106 72
8107 40
8108 54
8109 20
8110 72
8111 40
8112 18
8113 6
8114 15
8115 7
8116 48
8117 48
8118 45
8119 19
8120 18
8121 32
8122 23
8123 2
8124 7
8125 23
8126 112
8127 7
8128 102
8129 32
8130 32
8131 44
8132 44
8133 15
8134 6
8135 6
8136 64
8137 7
8138 18
8139 44
8140 16
8141 40
8142 13
8143 48
8144 47
8145 47
8146 7
8147 56
8148 113
8149 44
8150 30
8151 44
8152 14
8153 56
8154 6
8155 7
8156 108
8157 11
8158 47
8159 33
8160 47
8161 25
8162 18
8163 56
8164 46
8165 45
8166 51
8167 30
8168 6
8169 7
8170 32
8171 8
8172 54
8173 76
8174 12
8175 18
8176 30
8177 67
8178 41
8179 6
8180 57
8181 7
8182 20
8183 13
8184 69
8185 99
8186 21
8187 15
8188 60
8189 10
8190 35
8191 72
8192 11
8193 13
8194 72
8195 21
8196 11
8197 23
8198 40
8199 36
8200 13
8201 48
8202 23
8203 91
8204 89
8205 73
8206 25
8207 18
8208 63
8209 67
8210 19
8211 67
8212 6
8213 52
8214 73
8215 77
8216 45
8217 20
8218 11
8219 52
8220 40
8221 60
8222 45
8223 32
8224 40
8225 54
8226 10
8227 99
8228 64
8229 2
8230 25
8231 18
8232 20
8233 61
8234 48
8235 61
8236 32
8237 44
8238 67
8239 63
8240 0
8241 34
8242 46
8243 97
8244 11
8245 11
8246 104
8247 47
8248 6
8249 14
8250 18
8251 1
8252 69
8253 113
8254 60
8255 64
8256 32
8257 18
8258 61
8259 2
8260 21
8261 61
8262 43
8263 73
8264 99
8265 5
8266 45
8267 32
8268 71
8269 68
8270 39
8271 64
8272 112
8273 68
8274 36
8275 76
8276 26
8277 63
8278 85
8279 56
8280 15
8281 54
8282 67
8283 45
8284 18
8285 20
8286 60
8287 39
8288 76
8289 59
8290 12
8291 37
8292 104
8293 9
8294 41
8295 51
8296 60
8297 31
8298 104
8299 23
8300 18
8301 45
8302 52
8303 12
8304 89
8305 52
8306 76
8307 106
8308 97
8309 21
8310 46
8311 72
8312 69
8313 21
8314 58
8315 96
8316 5
8317 11
8318 21
8319 70
8320 94
8321 46
8322 1
8323 6
8324 1
8325 62
8326 68
8327 32
8328 89
8329 61
8330 0
8331 13
8332 28
8333 34
8334 54
8335 40
8336 103
8337 59
8338 39
8339 80
8340 5
8341 45
8342 32
8343 5
8344 44
8345 32
8346 46
8347 3
8348 6
8349 19
8350 9
8351 80
8352 104
8353 91
8354 42
8355 53
8356 21
8357 27
8358 43
8359 0
8360 7
8361 41
8362 32
8363 16
8364 57
8365 76
8366 39
8367 52
8368 60
8369 39
8370 33
8371 76
8372 21
8373 2
8374 16
8375 28
8376 65
8377 9
8378 105
8379 6
8380 48
8381 58
8382 29
8383 94
8384 49
8385 21
8386 0
8387 32
8388 1
8389 28
8390 60
8391 73
8392 11
8393 86
8394 68
8395 87
8396 61
8397 102
8398 64
8399 76
8400 8
8401 25
8402 42
8403 39
8404 111
8405 5
8406 26
8407 29
8408 8
8409 46
8410 76
8411 8
8412 13
8413 17
8414 28
8415 73
8416 24
8417 8
8418 58
8419 12
8420 0
8421 32
8422 42
8423 9
8424 83
8425 38
8426 96
8427 20
8428 99
8429 73
8430 58
8431 99
8432 58
8433 25
8434 2
8435 33
8436 32
8437 15
8438 30
8439 66
8440 2
8441 42
8442 99
8443 14
8444 11
8445 62
8446 44
8447 58
8448 14
8449 48
8450 73
8451 64
8452 64
8453 77
8454 53
8455 40
8456 73
8457 36
8458 64
8459 5
8460 49
8461 15
8462 68
8463 33
8464 31
8465 14
8466 44
8467 31
8468 68
8469 37
8470 36
8471 33
8472 42
8473 8
8474 31
8475 39
8476 32
8477 32
8478 48
8479 109
8480 8
8481 46
8482 19
8483 39
8484 44
8485 32
8486 19
8487 8
8488 96
8489 18
8490 44
8491 21
8492 30
8493 17
8494 75
8495 80
8496 79
8497 16
8498 83
8499 32
8500 8
8501 49
8502 2
8503 46
8504 50
8505 10
8506 59
8507 68
8508 32
8509 112
8510 8
8511 110
8512 96
8513 42
8514 19
8515 6
8516 37
8517 42
8518 42
8519 40
8520 8
8521 58
8522 14
8523 61
8524 14
8525 92
8526 94
8527 23
8528 26
8529 6
8530 68
8531 30
8532 51
8533 64
8534 86
8535 101
8536 44
8537 60
8538 89
8539 44
8540 30
8541 6
8542 94
8543 54
8544 46
8545 67
8546 95
8547 5
8548 59
8549 11
8550 37
8551 8
8552 11
8553 56
8554 32
8555 7
8556 11
8557 16
8558 60
8559 26
8560 60
8561 8
8562 8
8563 32
8564 49
8565 6
8566 32
8567 6
8568 7
8569 57
8570 33
8571 16
8572 8
8573 43
8574 11
8575 22
8576 44
8577 8
8578 44
8579 60
8580 65
8581 43
8582 32
8583 89
8584 51
8585 44
8586 46
8587 51
8588 71
8589 9
8590 89
8591 52
8592 11
8593 52
8594 72
8595 80
8596 32
8597 53
8598 12
8599 23
8600 52
8601 47
8602 5
8603 9
8604 62
8605 15
8606 32
8607 53
8608 94
8609 34
8610 12
8611 6
8612 6
8613 15
8614 6
8615 25
8616 26
8617 40
8618 32
8619 78
8620 72
8621 44
8622 14
8623 71
8624 32
8625 4
8626 57
8627 30
8628 5
8629 66
8630 0
8631 60
8632 9
8633 26
8634 72
8635 33
8636 63
8637 6
8638 35
8639 47
8640 31
8641 30
8642 23
8643 100
8644 59
8645 26
8646 78
8647 22
8648 31
8649 76
8650 32
8651 105
8652 6
8653 83
8654 14
8655 24
8656 81
8657 80
8658 57
8659 40
8660 31
8661 94
8662 83
8663 69
8664 14
8665 60
8666 86
8667 44
8668 85
8669 14
8670 14
8671 44
8672 23
8673 45
8674 59
8675 29
8676 44
8677 105
8678 8
8679 34
8680 73
8681 32
8682 31
8683 57
8684 34
8685 54
8686 44
8687 11
8688 11
8689 36
8690 32
8691 42
8692 5
8693 53
8694 48
8695 6
8696 11
8697 44
8698 31
8699 60
8700 32
8701 57
8702 11
8703 23
8704 32
8705 2
8706 61
8707 46
8708 0
8709 32
8710 0
8711 60
8712 63
8713 108
8714 0
8715 26
8716 58
8717 54
8718 58
8719 60
8720 7
8721 67
8722 81
8723 7
8724 37
8725 83
8726 29
8727 7
8728 7
8729 8
8730 51
8731 46
8732 110
8733 47
8734 63
8735 45
8736 24
8737 30
8738 60
8739 12
8740 11
8741 45
8742 54
8743 72
8744 0
8745 104
8746 37
8747 64
8748 40
8749 102
8750 68
8751 39
8752 19
8753 40
8754 24
8755 45
8756 71
8757 8
8758 45
8759 9
8760 42
8761 39
8762 39
8763 32
8764 56
8765 64
8766 56
8767 7
8768 50
8769 52
8770 8
8771 56
8772 112
8773 54
8774 8
8775 53
8776 105
8777 91
8778 67
8779 40
8780 8
8781 16
8782 32
8783 45
8784 56
8785 40
8786 12
8787 31
8788 21
8789 21
8790 32
8791 76
8792 19
8793 0
8794 23
8795 1
8796 56
8797 31
8798 26
8799 72
8800 23
8801 57
8802 49
8803 68
8804 86
8805 14
8806 14
8807 46
8808 94
8809 86
8810 64
8811 31
8812 23
8813 38
8814 72
8815 39
8816 76
8817 14
8818 17
8819 44
8820 48
8821 6
8822 23
8823 59
8824 17
8825 17
8826 57
8827 23
8828 64
8829 102
8830 19
8831 5
8832 91
8833 81
8834 7
8835 56
8836 54
8837 57
8838 9
8839 12
8840 8
8841 23
8842 32
8843 44
8844 5
8845 32
8846 57
8847 8
8848 102
8849 23
8850 31
8851 94
8852 54
8853 8
8854 60
8855 87
8856 11
8857 31
8858 31
8859 68
8860 8
8861 9
8862 7
8863 31
8864 23
8865 14
8866 57
8867 19
8868 12
8869 73
8870 42
8871 79
8872 59
8873 64
8874 47
8875 9
8876 83
8877 57
8878 56
8879 95
8880 47
8881 11
8882 96
8883 46
8884 57
8885 12
8886 48
8887 17
8888 73
8889 83
8890 23
8891 31
8892 19
8893 6
8894 8
8895 57
8896 7
8897 9
8898 63
8899 49
8900 32
8901 57
8902 16
8903 16
8904 99
8905 58
8906 86
8907 72
8908 23
8909 8
8910 11
8911 46
8912 7
8913 107
8914 17
8915 56
8916 73
8917 11
8918 56
8919 109
8920 14
8921 45
8922 18
8923 7
8924 16
8925 19
8926 98
8927 33
8928 19
8929 72
8930 56
8931 32
8932 33
8933 44
8934 23
8935 56
8936 11
8937 10
8938 47
8939 14
8940 56
8941 11
8942 33
8943 46
8944 8
8945 72
8946 1
8947 46
8948 11
8949 5
8950 16
8951 32
8952 8
8953 42
8954 2
8955 57
8956 32
8957 86
8958 15
8959 14
8960 8
8961 6
8962 8
8963 15
8964 19
8965 56
8966 91
8967 96
8968 47
8969 57
8970 104
8971 14
8972 22
8973 97
8974 42
8975 36
8976 23
8977 32
8978 17
8979 26
8980 5
8981 31
8982 101
8983 22
8984 56
8985 54
8986 14
8987 16
8988 19
8989 46
8990 32
8991 44
8992 7
8993 99
8994 108
8995 56
8996 26
8997 17
8998 83
8999 10
9000 86
9001 5
9002 31
9003 14
9004 54
9005 43
9006 9
9007 78
9008 33
9009 21
9010 1
9011 40
9012 112
9013 76
9014 23
9015 32
9016 44
9017 5
9018 20
9019 40
9020 58
9021 19
9022 20
9023 56
9024 6
9025 87
9026 48
9027 57
9028 44
9029 18
9030 16
9031 72
9032 44
9033 97
9034 40
9035 6
9036 19
9037 10
9038 18
9039 32
9040 49
9041 7
9042 32
9043 85
9044 48
9045 60
9046 6
9047 31
9048 14
9049 8
9050 46
9051 14
9052 81
9053 54
9054 54
9055 72
9056 26
9057 20
9058 72
9059 56
9060 11
9061 9
9062 6
9063 48
9064 47
9065 26
9066 68
9067 17
9068 48
9069 57
9070 44
9071 15
9072 2
9073 12
9074 72
9075 6
9076 32
9077 41
9078 46
9079 47
9080 44
9081 96
9082 56
9083 102
9084 56
9085 8
9086 18
9087 48
9088 63
9089 11
9090 13
9091 16
9092 11
9093 45
9094 54
9095 31
9096 108
9097 32
9098 2
9099 19
9100 21
9101 19
9102 72
9103 72
9104 19
9105 54
9106 8
9107 58
9108 42
9109 83
9110 76
9111 34
9112 57
9113 71
9114 45
9115 60
9116 20
9117 17
9118 6
9119 2
9120 52
9121 14
9122 6
9123 19
9124 25
9125 14
9126 26
9127 8
9128 43
9129 44
9130 26
9131 80
9132 6
9133 57
9134 60
9135 47
9136 56
9137 21
9138 78
9139 21
9140 57
9141 57
9142 6
9143 57
9144 26
9145 31
9146 21
9147 46
9148 47
9149 31
9150 40
9151 23
9152 45
9153 19
9154 7
9155 12
9156 26
9157 2
9158 21
9159 57
9160 14
9161 56
9162 8
9163 31
9164 32
9165 20
9166 47
9167 56
9168 10
9169 31
9170 20
9171 40
9172 37
9173 56
9174 56
9175 56
9176 11
9177 23
9178 45
9179 47
9180 23
9181 72
9182 89
9183 63
9184 32
9185 14
9186 45
9187 30
9188 28
9189 53
9190 45
9191 12
9192 23
9193 19
9194 19
9195 18
9196 73
9197 11
9198 7
9199 45
9200 57
9201 2
9202 72
9203 32
9204 78
9205 31
9206 32
9207 32
9208 44
9209 48
9210 58
9211 54
9212 18
9213 72
9214 72
9215 67
9216 102
9217 37
9218 20
9219 21
9220 40
9221 7
9222 52
9223 47
9224 33
9225 7
9226 20
9227 36
9228 48
9229 14
9230 10
9231 8
9232 32
9233 63
9234 9
9235 44
9236 96
9237 32
9238 38
9239 64
9240 85
9241 8
9242 24
9243 19
9244 48
9245 56
9246 20
9247 9
9248 77
9249 21
9250 30
9251 8
9252 8
9253 8
9254 48
9255 23
9256 23
9257 32
9258 20
9259 81
9260 15
9261 38
9262 32
9263 46
9264 8
9265 73
9266 54
9267 18
9268 58
9269 52
9270 8
9271 8
9272 36
9273 15
9274 26
9275 42
9276 11
9277 73
9278 32
9279 31
9280 21
9281 2
9282 47
9283 47
9284 18
9285 26
9286 19
9287 21
9288 95
9289 78
9290 24
9291 8
9292 7
9293 31
9294 19
9295 48
9296 73
9297 28
9298 73
9299 14
9300 41
9301 40
9302 81
9303 7
9304 56
9305 82
9306 56
9307 19
9308 32
9309 7
9310 8
9311 31
9312 8
9313 23
9314 7
9315 13
9316 57
9317 10
9318 56
9319 24
9320 7
9321 46
9322 57
9323 15
9324 23
9325 89
9326 106
9327 14
9328 85
9329 7
9330 21
9331 10
9332 14
9333 13
9334 19
9335 60
9336 57
9337 45
9338 40
9339 11
9340 32
9341 80
9342 17
9343 7
9344 8
9345 31
9346 20
9347 11
9348 1
9349 31
9350 80
9351 80
9352 21
9353 34
9354 5
9355 13
9356 14
9357 80
9358 77
9359 59
9360 14
9361 78
9362 14
9363 59
9364 32
9365 86
9366 62
9367 60
9368 21
9369 56
9370 31
9371 32
9372 23
9373 73
9374 16
9375 63
9376 64
9377 20
9378 45
9379 21
9380 42
9381 20
9382 9
9383 33
9384 85
9385 99
9386 54
9387 0
9388 32
9389 19
9390 23
9391 86
9392 20
9393 43
9394 5
9395 45
9396 57
9397 1
9398 8
9399 57
9400 32
9401 20
9402 32
9403 23
9404 76
9405 23
9406 20
9407 83
9408 17
9409 19
9410 45
9411 85
9412 57
9413 59
9414 2
9415 32
9416 57
9417 92
9418 28
9419 19
9420 14
9421 94
9422 31
9423 8
9424 8
9425 33
9426 2
9427 9
9428 34
9429 27
9430 69
9431 97
9432 56
9433 12
9434 47
9435 99
9436 78
9437 53
9438 7
9439 40
9440 42
9441 83
9442 24
9443 86
9444 19
9445 91
9446 23
9447 8
9448 42
9449 19
9450 36
9451 48
9452 32
9453 61
9454 99
9455 32
9456 7
9457 1
9458 65
9459 23
9460 23
9461 73
9462 38
9463 23
9464 43
9465 32
9466 43
9467 32
9468 57
9469 57
9470 32
9471 53
9472 28
9473 57
9474 56
9475 53
9476 89
9477 7
9478 92
9479 10
9480 79
9481 75
9482 7
9483 5
9484 45
9485 44
9486 56
9487 32
9488 96
9489 23
9490 57
9491 46
9492 41
9493 43
9494 56
9495 20
9496 57
9497 44
9498 32
9499 19
9500 45
9501 19
9502 89
9503 23
9504 57
9505 55
9506 68
9507 19
9508 86
9509 56
9510 19
9511 76
9512 9
9513 2
9514 42
9515 53
9516 70
9517 61
9518 7
9519 17
9520 42
9521 96
9522 21
9523 16
9524 46
9525 23
9526 53
9527 10
9528 57
9529 33
9530 12
9531 7
9532 42
9533 1
9534 16
9535 7
9536 7
9537 77
9538 56
9539 68
9540 2
9541 14
9542 52
9543 76
9544 19
9545 19
9546 16
9547 19
9548 7
9549 85
9550 19
9551 31
9552 6
9553 70
9554 82
9555 56
9556 6
9557 4
9558 43
9559 19
9560 113
9561 44
9562 36
9563 39
9564 46
9565 85
9566 23
9567 85
9568 20
9569 57
9570 12
9571 99
9572 27
9573 19
9574 6
9575 58
9576 60
9577 57
9578 31
9579 11
9580 60
9581 19
9582 14
9583 42
9584 11
9585 17
9586 13
9587 89
9588 12
9589 56
9590 6
9591 17
9592 83
9593 7
9594 19
9595 52
9596 28
9597 14
9598 83
9599 46
9600 86
9601 8
9602 63
9603 79
9604 89
9605 23
9606 86
9607 56
9608 31
9609 80
9610 23
9611 23
9612 24
9613 16
9614 65
9615 9
9616 56
9617 80
9618 14
9619 60
9620 72
9621 9
9622 45
9623 31
9624 8
9625 32
9626 23
9627 72
9628 42
9629 7
9630 44
9631 27
9632 16
9633 34
9634 6
9635 23
9636 15
9637 32
9638 11
9639 13
9640 40
9641 47
9642 54
9643 11
9644 52
9645 31
9646 7
9647 23
9648 47
9649 4
9650 24
9651 59
9652 54
9653 12
9654 31
9655 31
9656 57
9657 2
9658 44
9659 60
9660 24
9661 57
9662 111
9663 38
9664 38
9665 19
9666 54
9667 57
9668 14
9669 57
9670 6
9671 23
9672 52
9673 8
9674 19
9675 6
9676 41
9677 14
9678 4
9679 86
9680 98
9681 72
9682 96
9683 26
9684 56
9685 7
9686 72
9687 40
9688 89
9689 47
9690 72
9691 8
9692 15
9693 66
9694 47
9695 59
9696 56
9697 32
9698 64
9699 6
9700 44
9701 56
9702 12
9703 9
9704 15
9705 6
9706 30
9707 54
9708 19
9709 36
9710 47
9711 54
9712 97
9713 37
9714 47
9715 5
9716 103
9717 57
9718 19
9719 6
9720 54
9721 6
9722 45
9723 31
9724 26
9725 72
9726 10
9727 104
9728 53
9729 43
9730 107
9731 5
9732 32
9733 32
9734 91
9735 91
9736 60
9737 5
9738 99
9739 8
9740 17
9741 40
9742 1
9743 4
9744 45
9745 58
9746 37
9747 63
9748 10
9749 11
9750 56
9751 7
9752 48
9753 25
9754 83
9755 97
9756 44
9757 45
9758 7
9759 46
9760 59
9761 19
9762 8
9763 61
9764 7
9765 46
9766 69
9767 68
9768 23
9769 8
9770 40
9771 81
9772 1
9773 23
9774 59
9775 23
9776 7
9777 15
9778 19
9779 7
9780 64
9781 65
9782 1
9783 23
9784 39
9785 64
9786 12
9787 76
9788 31
9789 8
9790 78
9791 30
9792 95
9793 105
9794 20
9795 57
9796 94
9797 81
9798 48
9799 57
9800 49
9801 51
9802 26
9803 97
9804 0
9805 1
9806 7
9807 12
9808 31
9809 32
9810 8
9811 51
9812 31
9813 61
9814 32
9815 57
9816 14
9817 8
9818 16
9819 32
9820 14
9821 66
9822 76
9823 59
9824 48
9825 36
9826 8
9827 8
9828 31
9829 7
9830 5
9831 82
9832 56
9833 18
9834 84
9835 53
9836 72
9837 60
9838 10
9839 32
9840 19
9841 81
9842 14
9843 52
9844 72
9845 36
9846 17
9847 8
9848 14
9849 56
9850 30
9851 7
9852 31
9853 72
9854 44
9855 17
9856 9
9857 23
9858 36
9859 23
9860 7
9861 15
9862 78
9863 96
9864 72
9865 96
9866 31
9867 44
9868 31
9869 6
9870 14
9871 5
9872 31
9873 92
9874 29
9875 7
9876 19
9877 76
9878 56
9879 5
9880 76
9881 57
9882 96
9883 35
9884 72
9885 9
9886 85
9887 56
9888 19
9889 8
9890 72
9891 86
9892 31
9893 76
9894 1
9895 47
9896 40
9897 32
9898 14
9899 38
9900 26
9901 55
9902 19
9903 19
9904 8
9905 30
9906 11
9907 11
9908 81
9909 47
9910 32
9911 47
9912 8
9913 17
9914 23
9915 39
9916 78
9917 19
9918 62
9919 56
9920 16
9921 34
9922 58
9923 47
9924 43
9925 25
9926 42
9927 14
9928 5
9929 32
9930 57
9931 6
9932 11
9933 72
9934 16
9935 97
9936 96
9937 19
9938 47
9939 11
9940 46
9941 21
9942 72
9943 75
9944 7
9945 42
9946 34
9947 68
9948 31
9949 76
9950 32
9951 51
9952 1
9953 9
9954 16
9955 14
9956 91
9957 47
9958 11
9959 76
9960 20
9961 56
9962 56
9963 44
9964 86
9965 57
9966 32
9967 6
9968 82
9969 11
9970 47
9971 6
9972 91
9973 98
9974 11
9975 72
9976 51
9977 72
9978 67
9979 47
9980 6
9981 13
9982 63
9983 7
9984 80
9985 72
9986 72
9987 67
9988 51
9989 58
9990 44
9991 58
9992 6
9993 107
9994 54
9995 72
9996 87
9997 31
9998 56
9999 44
