0 32
1 99
2 2
3 37
4 37
5 7
6 71
7 21
8 51
9 37
10 98
11 68
12 67
13 32
14 67
15 45
16 55
17 42
18 27
19 8
20 36
21 68
22 69
23 85
24 5
25 37
26 65
27 20
28 25
29 20
30 56
31 35
32 19
33 25
34 42
35 16
36 28
37 45
38 3
39 74
40 71
41 32
42 42
43 6
44 7
45 1
46 56
47 87
48 0
49 19
50 88
51 29
52 0
53 77
54 32
55 36
56 59
57 24
58 82
59 44
60 33
61 12
62 62
63 51
64 33
65 18
66 7
67 41
68 42
69 4
70 74
71 10
72 29
73 28
74 24
75 16
76 48
77 54
78 40
79 28
80 24
81 6
82 40
83 44
84 35
85 74
86 48
87 54
88 32
89 69
90 72
91 41
92 14
93 21
94 8
95 8
96 25
97 76
98 18
99 16
100 75
101 21
102 56
103 29
104 3
105 2
106 62
107 26
108 18
109 18
110 40
111 18
112 97
113 67
114 58
115 33
116 5
117 32
118 53
119 41
120 60
121 64
122 65
123 33
124 21
125 4
126 32
127 71
128 54
129 38
130 21
131 20
132 88
133 17
134 28
135 53
136 23
137 64
138 27
139 13
140 72
141 23
142 77
143 43
144 56
145 21
146 11
147 45
148 23
149 0
150 15
151 65
152 11
153 45
154 67
155 31
156 57
157 66
158 54
159 17
160 11
161 46
162 65
163 46
164 40
165 85
166 22
167 42
168 18
169 50
170 67
171 46
172 17
173 12
174 40
175 0
176 54
177 75
178 29
179 32
180 43
181 16
182 8
183 82
184 56
185 70
186 89
187 49
188 30
189 15
190 27
191 73
192 49
193 53
194 42
195 21
196 17
197 46
198 5
199 58
200 17
201 21
202 20
203 52
204 25
205 30
206 17
207 34
208 1
209 60
210 82
211 46
212 49
213 48
214 9
215 40
216 51
217 68
218 23
219 41
220 34
221 23
222 19
223 94
224 19
225 45
226 43
227 23
228 64
229 35
230 40
231 10
232 26
233 55
234 43
235 30
236 45
237 26
238 18
239 58
240 75
241 86
242 102
243 50
244 1
245 21
246 83
247 33
248 19
249 40
250 61
251 48
252 42
253 40
254 73
255 52
256 21
257 12
258 30
259 21
260 9
261 45
262 18
263 49
264 98
265 17
266 35
267 62
268 61
269 52
270 6
271 44
272 33
273 20
274 47
275 75
276 78
277 44
278 33
279 39
280 44
281 36
282 23
283 13
284 81
285 58
286 51
287 60
288 73
289 30
290 66
291 46
292 30
293 50
294 44
295 60
296 25
297 76
298 38
299 83
300 70
301 34
302 60
303 18
304 60
305 27
306 27
307 16
308 51
309 28
310 39
311 25
312 11
313 74
314 10
315 25
316 50
317 24
318 44
319 89
320 5
321 8
322 33
323 37
324 57
325 31
326 35
327 85
328 67
329 5
330 10
331 44
332 1
333 51
334 23
335 40
336 26
337 21
338 56
339 1
340 48
341 20
342 14
343 24
344 58
345 44
346 23
347 43
348 61
349 39
350 51
351 1
352 48
353 29
354 17
355 65
356 64
357 55
358 24
359 23
360 31
361 36
362 49
363 56
364 76
365 1
366 48
367 70
368 29
369 70
370 10
371 3
372 66
373 26
374 79
375 71
376 1
377 69
378 16
379 24
380 18
381 30
382 72
383 23
384 0
385 13
386 27
387 37
388 65
389 27
390 33
391 46
392 54
393 16
394 53
395 54
396 36
397 11
398 18
399 38
400 65
401 45
402 23
403 20
404 55
405 12
406 27
407 48
408 9
409 30
410 33
411 33
412 8
413 10
414 36
415 9
416 53
417 8
418 8
419 13
420 3
421 29
422 21
423 99
424 95
425 5
426 30
427 41
428 46
429 26
430 5
431 60
432 12
433 63
434 23
435 12
436 21
437 15
438 32
439 4
440 1
441 62
442 14
443 39
444 25
445 73
446 26
447 37
448 55
449 3
450 44
451 26
452 10
453 32
454 42
455 53
456 22
457 5
458 25
459 3
460 23
461 3
462 32
463 62
464 9
465 10
466 49
467 28
468 75
469 23
470 63
471 57
472 15
473 38
474 4
475 15
476 13
477 36
478 58
479 52
480 31
481 41
482 72
483 17
484 10
485 67
486 26
487 26
488 60
489 42
490 48
491 43
492 12
493 10
494 8
495 36
496 5
497 14
498 14
499 21
500 27
501 95
502 57
503 9
504 17
505 53
506 30
507 73
508 38
509 11
510 87
511 1
512 35
513 9
514 51
515 9
516 51
517 15
518 15
519 12
520 9
521 32
522 68
523 45
524 0
525 15
526 56
527 15
528 11
529 33
530 22
531 19
532 84
533 32
534 17
535 59
536 1
537 22
538 2
539 83
540 56
541 42
542 2
543 29
544 66
545 21
546 24
547 48
548 2
549 37
550 12
551 45
552 80
553 2
554 41
555 85
556 16
557 6
558 2
559 15
560 2
561 62
562 32
563 19
564 32
565 32
566 77
567 41
568 67
569 16
570 66
571 56
572 1
573 98
574 11
575 59
576 64
577 14
578 4
579 5
580 77
581 91
582 11
583 26
584 46
585 6
586 65
587 60
588 55
589 37
590 71
591 4
592 31
593 20
594 32
595 3
596 10
597 6
598 4
599 46
600 28
601 40
602 25
603 29
604 1
605 4
606 41
607 63
608 21
609 84
610 71
611 19
612 12
613 54
614 1
615 45
616 24
617 6
618 59
619 49
620 60
621 4
622 23
623 16
624 5
625 29
626 49
627 54
628 72
629 49
630 10
631 29
632 40
633 38
634 37
635 53
636 5
637 29
638 5
639 57
640 32
641 63
642 89
643 24
644 24
645 4
646 0
647 23
648 28
649 47
650 47
651 81
652 3
653 43
654 38
655 5
656 24
657 23
658 80
659 27
660 49
661 15
662 49
663 47
664 9
665 10
666 9
667 5
668 86
669 37
670 16
671 92
672 26
673 17
674 52
675 50
676 0
677 38
678 53
679 12
680 21
681 49
682 6
683 28
684 58
685 20
686 10
687 90
688 16
689 53
690 0
691 34
692 56
693 12
694 25
695 22
696 0
697 76
698 23
699 0
700 31
701 48
702 13
703 20
704 41
705 50
706 63
707 25
708 5
709 9
710 2
711 65
712 37
713 6
714 36
715 5
716 55
717 21
718 1
719 6
720 2
721 7
722 18
723 23
724 61
725 54
726 72
727 22
728 19
729 10
730 14
731 61
732 63
733 21
734 6
735 68
736 18
737 17
738 49
739 38
740 34
741 26
742 30
743 18
744 7
745 86
746 52
747 57
748 3
749 75
750 80
751 35
752 79
753 45
754 10
755 22
756 44
757 11
758 83
759 22
760 28
761 7
762 6
763 39
764 0
765 22
766 21
767 20
768 58
769 5
770 6
771 13
772 51
773 59
774 7
775 16
776 11
777 58
778 27
779 22
780 14
781 21
782 35
783 35
784 11
785 2
786 51
787 39
788 64
789 88
790 0
791 13
792 25
793 3
794 8
795 21
796 52
797 5
798 29
799 70
800 5
801 60
802 5
803 60
804 63
805 56
806 28
807 13
808 20
809 2
810 7
811 10
812 15
813 44
814 33
815 4
816 23
817 7
818 17
819 17
820 60
821 31
822 23
823 38
824 30
825 87
826 68
827 27
828 1
829 9
830 4
831 1
832 4
833 4
834 39
835 45
836 8
837 3
838 14
839 12
840 25
841 54
842 15
843 12
844 56
845 5
846 1
847 19
848 8
849 22
850 21
851 8
852 51
853 13
854 27
855 27
856 60
857 100
858 40
859 64
860 26
861 12
862 23
863 22
864 31
865 49
866 8
867 27
868 61
869 7
870 19
871 1
872 14
873 47
874 5
875 50
876 11
877 20
878 3
879 6
880 53
881 24
882 26
883 10
884 18
885 7
886 13
887 53
888 67
889 11
890 65
891 17
892 2
893 11
894 72
895 0
896 34
897 16
898 45
899 27
900 22
901 18
902 36
903 66
904 34
905 17
906 7
907 11
908 49
909 34
910 17
911 12
912 10
913 19
914 27
915 7
916 17
917 53
918 22
919 19
920 1
921 19
922 10
923 8
924 27
925 36
926 10
927 38
928 3
929 4
930 20
931 35
932 39
933 80
934 15
935 38
936 55
937 69
938 13
939 58
940 4
941 10
942 7
943 22
944 33
945 27
946 19
947 14
948 64
949 61
950 38
951 32
952 4
953 10
954 57
955 32
956 3
957 8
958 17
959 25
960 13
961 5
962 30
963 0
964 5
965 12
966 14
967 40
968 61
969 50
970 72
971 94
972 47
973 6
974 18
975 10
976 28
977 18
978 65
979 6
980 48
981 47
982 15
983 52
984 3
985 24
986 3
987 14
988 32
989 33
990 3
991 48
992 0
993 68
994 12
995 22
996 48
997 0
998 42
999 19
1000 26
1001 26
1002 86
1003 10
1004 32
1005 10
1006 13
1007 39
1008 8
1009 58
1010 28
1011 7
1012 38
1013 7
1014 20
1015 19
1016 17
1017 7
1018 18
1019 5
1020 35
1021 62
1022 48
1023 16
1024 33
1025 57
1026 14
1027 75
1028 15
1029 32
1030 18
1031 0
1032 54
1033 12
1034 19
1035 29
1036 20
1037 0
1038 60
1039 53
1040 42
1041 10
1042 3
1043 1
1044 9
1045 33
1046 12
1047 20
1048 69
1049 7
1050 8
1051 25
1052 2
1053 39
1054 26
1055 12
1056 21
1057 17
1058 35
1059 0
1060 41
1061 28
1062 7
1063 10
1064 29
1065 42
1066 4
1067 24
1068 36
1069 70
1070 0
1071 36
1072 14
1073 22
1074 29
1075 41
1076 33
1077 24
1078 3
1079 58
1080 42
1081 18
1082 36
1083 62
1084 29
1085 15
1086 3
1087 39
1088 40
1089 15
1090 7
1091 17
1092 74
1093 17
1094 5
1095 6
1096 20
1097 25
1098 25
1099 10
1100 27
1101 18
1102 22
1103 17
1104 39
1105 20
1106 23
1107 3
1108 51
1109 70
1110 16
1111 20
1112 5
1113 93
1114 11
1115 3
1116 48
1117 20
1118 2
1119 6
1120 23
1121 5
1122 11
1123 82
1124 100
1125 46
1126 64
1127 17
1128 3
1129 6
1130 14
1131 10
1132 4
1133 10
1134 100
1135 7
1136 37
1137 21
1138 22
1139 5
1140 18
1141 33
1142 29
1143 3
1144 46
1145 54
1146 2
1147 22
1148 61
1149 42
1150 3
1151 74
1152 23
1153 26
1154 0
1155 69
1156 32
1157 4
1158 41
1159 1
1160 13
1161 67
1162 2
1163 59
1164 49
1165 7
1166 47
1167 5
1168 38
1169 1
1170 2
1171 13
1172 46
1173 5
1174 15
1175 7
1176 42
1177 6
1178 31
1179 40
1180 62
1181 21
1182 63
1183 1
1184 2
1185 50
1186 1
1187 2
1188 28
1189 31
1190 99
1191 50
1192 43
1193 45
1194 50
1195 58
1196 95
1197 20
1198 0
1199 4
1200 57
1201 5
1202 59
1203 34
1204 50
1205 76
1206 29
1207 30
1208 54
1209 52
1210 1
1211 63
1212 32
1213 96
1214 30
1215 6
1216 23
1217 53
1218 58
1219 31
1220 21
1221 6
1222 65
1223 58
1224 52
1225 60
1226 83
1227 31
1228 4
1229 0
1230 24
1231 0
1232 36
1233 23
1234 8
1235 35
1236 27
1237 56
1238 52
1239 6
1240 48
1241 5
1242 87
1243 8
1244 27
1245 19
1246 22
1247 25
1248 46
1249 30
1250 21
1251 19
1252 2
1253 72
1254 58
1255 16
1256 80
1257 14
1258 0
1259 52
1260 30
1261 21
1262 35
1263 3
1264 7
1265 30
1266 32
1267 44
1268 5
1269 23
1270 22
1271 39
1272 37
1273 26
1274 29
1275 68
1276 1
1277 4
1278 48
1279 75
1280 46
1281 38
1282 12
1283 20
1284 8
1285 20
1286 23
1287 69
1288 83
1289 34
1290 2
1291 28
1292 2
1293 36
1294 63
1295 8
1296 30
1297 80
1298 51
1299 59
1300 33
1301 23
1302 15
1303 23
1304 0
1305 39
1306 8
1307 17
1308 10
1309 6
1310 4
1311 26
1312 39
1313 30
1314 34
1315 34
1316 20
1317 59
1318 27
1319 2
1320 90
1321 60
1322 53
1323 11
1324 52
1325 8
1326 4
1327 8
1328 21
1329 18
1330 11
1331 55
1332 2
1333 21
1334 34
1335 35
1336 78
1337 19
1338 7
1339 11
1340 24
1341 30
1342 77
1343 39
1344 78
1345 6
1346 35
1347 50
1348 5
1349 8
1350 8
1351 47
1352 2
1353 25
1354 31
1355 78
1356 80
1357 21
1358 0
1359 44
1360 1
1361 22
1362 36
1363 25
1364 22
1365 90
1366 38
1367 1
1368 24
1369 31
1370 26
1371 78
1372 4
1373 39
1374 5
1375 8
1376 21
1377 11
1378 15
1379 10
1380 14
1381 36
1382 51
1383 69
1384 8
1385 54
1386 2
1387 30
1388 3
1389 1
1390 40
1391 48
1392 8
1393 14
1394 5
1395 3
1396 6
1397 21
1398 2
1399 66
1400 2
1401 95
1402 39
1403 62
1404 37
1405 82
1406 4
1407 29
1408 37
1409 43
1410 12
1411 65
1412 63
1413 18
1414 36
1415 6
1416 33
1417 79
1418 59
1419 26
1420 24
1421 3
1422 44
1423 8
1424 34
1425 24
1426 31
1427 1
1428 66
1429 15
1430 3
1431 0
1432 57
1433 47
1434 5
1435 25
1436 34
1437 9
1438 37
1439 16
1440 30
1441 0
1442 16
1443 11
1444 3
1445 43
1446 17
1447 42
1448 7
1449 32
1450 8
1451 32
1452 40
1453 2
1454 11
1455 22
1456 4
1457 2
1458 4
1459 15
1460 1
1461 11
1462 1
1463 57
1464 23
1465 38
1466 2
1467 67
1468 4
1469 35
1470 33
1471 25
1472 1
1473 1
1474 9
1475 9
1476 14
1477 5
1478 6
1479 10
1480 42
1481 2
1482 11
1483 26
1484 8
1485 12
1486 28
1487 9
1488 74
1489 26
1490 5
1491 55
1492 0
1493 34
1494 24
1495 47
1496 42
1497 12
1498 4
1499 9
1500 7
1501 17
1502 6
1503 28
1504 15
1505 11
1506 61
1507 10
1508 25
1509 6
1510 3
1511 2
1512 54
1513 37
1514 76
1515 20
1516 12
1517 13
1518 47
1519 10
1520 3
1521 38
1522 33
1523 15
1524 51
1525 71
1526 41
1527 36
1528 12
1529 52
1530 6
1531 17
1532 22
1533 47
1534 3
1535 79
1536 0
1537 26
1538 37
1539 5
1540 32
1541 54
1542 14
1543 32
1544 65
1545 37
1546 14
1547 43
1548 59
1549 71
1550 61
1551 11
1552 0
1553 35
1554 11
1555 47
1556 8
1557 17
1558 58
1559 80
1560 28
1561 19
1562 84
1563 22
1564 11
1565 26
1566 21
1567 19
1568 14
1569 66
1570 4
1571 62
1572 59
1573 57
1574 7
1575 57
1576 2
1577 67
1578 40
1579 19
1580 47
1581 33
1582 33
1583 38
1584 14
1585 41
1586 7
1587 11
1588 0
1589 5
1590 0
1591 6
1592 24
1593 47
1594 6
1595 12
1596 29
1597 42
1598 2
1599 53
1600 9
1601 1
1602 36
1603 32
1604 42
1605 19
1606 29
1607 77
1608 15
1609 44
1610 52
1611 32
1612 20
1613 20
1614 6
1615 77
1616 24
1617 5
1618 20
1619 37
1620 48
1621 16
1622 60
1623 7
1624 20
1625 23
1626 76
1627 9
1628 72
1629 0
1630 15
1631 24
1632 81
1633 38
1634 32
1635 3
1636 20
1637 46
1638 46
1639 4
1640 28
1641 6
1642 1
1643 49
1644 19
1645 40
1646 12
1647 11
1648 7
1649 26
1650 27
1651 2
1652 7
1653 9
1654 7
1655 6
1656 18
1657 2
1658 30
1659 5
1660 23
1661 19
1662 18
1663 54
1664 7
1665 3
1666 21
1667 41
1668 3
1669 15
1670 47
1671 3
1672 47
1673 0
1674 23
1675 1
1676 9
1677 26
1678 1
1679 10
1680 2
1681 27
1682 6
1683 14
1684 31
1685 39
1686 9
1687 9
1688 7
1689 21
1690 61
1691 16
1692 56
1693 2
1694 31
1695 17
1696 31
1697 25
1698 9
1699 25
1700 31
1701 20
1702 49
1703 3
1704 1
1705 58
1706 19
1707 34
1708 38
1709 1
1710 28
1711 3
1712 9
1713 22
1714 57
1715 17
1716 55
1717 2
1718 37
1719 23
1720 21
1721 8
1722 50
1723 4
1724 7
1725 7
1726 40
1727 17
1728 40
1729 27
1730 55
1731 35
1732 3
1733 29
1734 67
1735 4
1736 2
1737 17
1738 55
1739 46
1740 35
1741 40
1742 14
1743 32
1744 82
1745 7
1746 22
1747 6
1748 38
1749 34
1750 6
1751 35
1752 36
1753 47
1754 10
1755 1
1756 9
1757 43
1758 27
1759 3
1760 31
1761 8
1762 21
1763 12
1764 47
1765 5
1766 21
1767 51
1768 0
1769 76
1770 13
1771 7
1772 48
1773 3
1774 25
1775 20
1776 10
1777 11
1778 30
1779 1
1780 15
1781 30
1782 21
1783 4
1784 62
1785 57
1786 36
1787 65
1788 45
1789 62
1790 79
1791 34
1792 13
1793 44
1794 12
1795 5
1796 11
1797 63
1798 44
1799 13
1800 34
1801 0
1802 10
1803 38
1804 21
1805 1
1806 30
1807 0
1808 44
1809 30
1810 23
1811 31
1812 13
1813 4
1814 23
1815 5
1816 15
1817 13
1818 1
1819 24
1820 69
1821 10
1822 8
1823 5
1824 0
1825 3
1826 30
1827 56
1828 10
1829 22
1830 30
1831 59
1832 13
1833 11
1834 1
1835 13
1836 10
1837 7
1838 30
1839 4
1840 15
1841 15
1842 0
1843 22
1844 5
1845 13
1846 80
1847 19
1848 2
1849 19
1850 22
1851 3
1852 0
1853 13
1854 15
1855 3
1856 65
1857 7
1858 3
1859 6
1860 16
1861 1
1862 44
1863 10
1864 9
1865 16
1866 33
1867 5
1868 2
1869 0
1870 26
1871 65
1872 14
1873 23
1874 16
1875 2
1876 12
1877 3
1878 3
1879 25
1880 5
1881 9
1882 68
1883 14
1884 35
1885 14
1886 21
1887 7
1888 48
1889 14
1890 4
1891 10
1892 5
1893 7
1894 27
1895 55
1896 54
1897 33
1898 1
1899 14
1900 1
1901 31
1902 2
1903 10
1904 84
1905 59
1906 13
1907 55
1908 5
1909 0
1910 18
1911 31
1912 45
1913 16
1914 22
1915 6
1916 44
1917 1
1918 55
1919 51
1920 8
1921 13
1922 50
1923 33
1924 6
1925 58
1926 77
1927 8
1928 4
1929 7
1930 17
1931 6
1932 0
1933 6
1934 16
1935 53
1936 13
1937 19
1938 20
1939 40
1940 3
1941 12
1942 10
1943 14
1944 36
1945 16
1946 20
1947 48
1948 9
1949 13
1950 8
1951 8
1952 16
1953 15
1954 1
1955 2
1956 13
1957 13
1958 7
1959 22
1960 10
1961 1
1962 9
1963 10
1964 6
1965 32
1966 1
1967 35
1968 11
1969 5
1970 0
1971 66
1972 46
1973 58
1974 43
1975 2
1976 25
1977 5
1978 8
1979 5
1980 60
1981 60
1982 21
1983 63
1984 20
1985 41
1986 4
1987 2
1988 17
1989 25
1990 2
1991 19
1992 17
1993 13
1994 8
1995 8
1996 13
1997 30
1998 15
1999 18
2000 58
2001 16
2002 62
2003 14
2004 6
2005 32
2006 43
2007 13
2008 16
2009 12
2010 19
2011 7
2012 34
2013 15
2014 16
2015 59
2016 12
2017 5
2018 9
2019 28
2020 39
2021 7
2022 19
2023 14
2024 28
2025 9
2026 16
2027 14
2028 37
2029 3
2030 11
2031 6
2032 8
2033 11
2034 0
2035 58
2036 15
2037 24
2038 7
2039 7
2040 51
2041 24
2042 21
2043 45
2044 2
2045 21
2046 31
2047 42
2048 52
2049 79
2050 17
2051 23
2052 30
2053 19
2054 14
2055 17
2056 7
2057 35
2058 16
2059 2
2060 56
2061 75
2062 12
2063 74
2064 69
2065 30
2066 14
2067 61
2068 63
2069 13
2070 16
2071 18
2072 24
2073 67
2074 7
2075 19
2076 89
2077 9
2078 70
2079 44
2080 16
2081 48
2082 35
2083 59
2084 32
2085 43
2086 19
2087 29
2088 33
2089 11
2090 9
2091 0
2092 18
2093 15
2094 7
2095 12
2096 2
2097 81
2098 20
2099 18
2100 82
2101 70
2102 61
2103 19
2104 92
2105 60
2106 0
2107 6
2108 18
2109 30
2110 18
2111 59
2112 72
2113 47
2114 3
2115 3
2116 32
2117 45
2118 50
2119 13
2120 60
2121 29
2122 48
2123 54
2124 28
2125 70
2126 46
2127 81
2128 35
2129 33
2130 19
2131 9
2132 39
2133 22
2134 22
2135 64
2136 26
2137 63
2138 23
2139 76
2140 40
2141 24
2142 31
2143 29
2144 17
2145 21
2146 20
2147 87
2148 60
2149 43
2150 34
2151 64
2152 51
2153 0
2154 17
2155 60
2156 11
2157 47
2158 65
2159 28
2160 19
2161 6
2162 43
2163 53
2164 21
2165 66
2166 22
2167 29
2168 16
2169 32
2170 76
2171 11
2172 49
2173 45
2174 30
2175 63
2176 9
2177 10
2178 28
2179 65
2180 77
2181 66
2182 63
2183 6
2184 7
2185 77
2186 20
2187 54
2188 26
2189 11
2190 21
2191 61
2192 37
2193 30
2194 15
2195 48
2196 29
2197 47
2198 9
2199 0
2200 21
2201 23
2202 21
2203 52
2204 96
2205 31
2206 26
2207 63
2208 95
2209 18
2210 47
2211 80
2212 43
2213 38
2214 32
2215 53
2216 16
2217 20
2218 6
2219 31
2220 11
2221 18
2222 27
2223 28
2224 46
2225 64
2226 10
2227 7
2228 46
2229 40
2230 53
2231 76
2232 0
2233 78
2234 17
2235 14
2236 35
2237 17
2238 30
2239 45
2240 73
2241 21
2242 2
2243 26
2244 49
2245 18
2246 77
2247 56
2248 17
2249 24
2250 23
2251 57
2252 59
2253 20
2254 80
2255 58
2256 16
2257 45
2258 37
2259 63
2260 31
2261 49
2262 15
2263 9
2264 23
2265 69
2266 3
2267 23
2268 16
2269 51
2270 55
2271 25
2272 34
2273 58
2274 65
2275 1
2276 23
2277 68
2278 0
2279 7
2280 55
2281 26
2282 22
2283 100
2284 11
2285 34
2286 49
2287 54
2288 58
2289 47
2290 62
2291 16
2292 15
2293 84
2294 74
2295 46
2296 5
2297 23
2298 15
2299 38
2300 0
2301 5
2302 8
2303 47
2304 8
2305 44
2306 5
2307 40
2308 34
2309 25
2310 56
2311 30
2312 69
2313 24
2314 49
2315 36
2316 1
2317 46
2318 62
2319 16
2320 10
2321 21
2322 30
2323 41
2324 22
2325 0
2326 11
2327 50
2328 56
2329 35
2330 0
2331 1
2332 22
2333 7
2334 71
2335 16
2336 8
2337 10
2338 46
2339 34
2340 17
2341 55
2342 0
2343 29
2344 63
2345 0
2346 34
2347 10
2348 35
2349 97
2350 0
2351 39
2352 61
2353 52
2354 34
2355 0
2356 18
2357 40
2358 8
2359 20
2360 8
2361 25
2362 14
2363 33
2364 24
2365 65
2366 30
2367 50
2368 16
2369 20
2370 55
2371 14
2372 24
2373 11
2374 20
2375 15
2376 14
2377 56
2378 18
2379 36
2380 1
2381 14
2382 47
2383 21
2384 4
2385 39
2386 15
2387 10
2388 58
2389 30
2390 77
2391 0
2392 4
2393 45
2394 21
2395 43
2396 44
2397 44
2398 22
2399 43
2400 8
2401 0
2402 52
2403 8
2404 69
2405 44
2406 49
2407 18
2408 38
2409 0
2410 67
2411 3
2412 35
2413 23
2414 78
2415 74
2416 37
2417 0
2418 5
2419 5
2420 17
2421 44
2422 3
2423 8
2424 36
2425 3
2426 17
2427 13
2428 29
2429 10
2430 0
2431 3
2432 22
2433 7
2434 25
2435 63
2436 92
2437 13
2438 19
2439 79
2440 15
2441 32
2442 13
2443 43
2444 33
2445 0
2446 30
2447 47
2448 1
2449 14
2450 5
2451 48
2452 5
2453 33
2454 36
2455 12
2456 22
2457 13
2458 12
2459 12
2460 55
2461 12
2462 56
2463 93
2464 26
2465 57
2466 8
2467 4
2468 8
2469 75
2470 4
2471 26
2472 17
2473 59
2474 9
2475 56
2476 15
2477 41
2478 35
2479 1
2480 75
2481 95
2482 1
2483 27
2484 47
2485 10
2486 26
2487 12
2488 25
2489 47
2490 24
2491 14
2492 65
2493 12
2494 0
2495 10
2496 8
2497 5
2498 27
2499 10
2500 9
2501 42
2502 67
2503 11
2504 53
2505 57
2506 15
2507 28
2508 15
2509 47
2510 49
2511 14
2512 61
2513 1
2514 4
2515 37
2516 21
2517 15
2518 12
2519 53
2520 57
2521 3
2522 12
2523 32
2524 44
2525 34
2526 11
2527 8
2528 11
2529 17
2530 14
2531 11
2532 54
2533 24
2534 26
2535 1
2536 0
2537 24
2538 33
2539 8
2540 43
2541 44
2542 41
2543 17
2544 14
2545 37
2546 71
2547 3
2548 44
2549 69
2550 14
2551 52
2552 33
2553 11
2554 48
2555 28
2556 15
2557 4
2558 84
2559 3
2560 15
2561 28
2562 33
2563 11
2564 55
2565 26
2566 1
2567 2
2568 53
2569 59
2570 0
2571 32
2572 58
2573 0
2574 37
2575 48
2576 13
2577 26
2578 57
2579 0
2580 31
2581 30
2582 17
2583 91
2584 2
2585 10
2586 35
2587 15
2588 2
2589 16
2590 12
2591 62
2592 39
2593 59
2594 9
2595 17
2596 2
2597 31
2598 60
2599 31
2600 24
2601 6
2602 4
2603 46
2604 64
2605 48
2606 46
2607 52
2608 38
2609 62
2610 12
2611 60
2612 19
2613 56
2614 14
2615 4
2616 45
2617 6
2618 81
2619 43
2620 25
2621 48
2622 4
2623 7
2624 1
2625 57
2626 98
2627 7
2628 37
2629 5
2630 42
2631 29
2632 32
2633 1
2634 38
2635 28
2636 12
2637 4
2638 47
2639 18
2640 26
2641 6
2642 28
2643 59
2644 0
2645 13
2646 41
2647 7
2648 29
2649 25
2650 39
2651 50
2652 29
2653 32
2654 56
2655 4
2656 56
2657 6
2658 19
2659 2
2660 57
2661 9
2662 12
2663 1
2664 37
2665 28
2666 1
2667 18
2668 22
2669 8
2670 27
2671 5
2672 30
2673 5
2674 26
2675 17
2676 7
2677 17
2678 27
2679 16
2680 42
2681 49
2682 39
2683 17
2684 10
2685 2
2686 37
2687 5
2688 66
2689 9
2690 21
2691 1
2692 10
2693 46
2694 2
2695 6
2696 43
2697 24
2698 67
2699 6
2700 9
2701 32
2702 31
2703 48
2704 9
2705 26
2706 62
2707 64
2708 14
2709 40
2710 10
2711 47
2712 51
2713 8
2714 50
2715 28
2716 2
2717 0
2718 6
2719 20
2720 8
2721 3
2722 24
2723 18
2724 66
2725 7
2726 10
2727 27
2728 13
2729 49
2730 4
2731 45
2732 4
2733 0
2734 8
2735 4
2736 4
2737 8
2738 60
2739 38
2740 6
2741 13
2742 12
2743 1
2744 63
2745 6
2746 78
2747 5
2748 5
2749 7
2750 13
2751 55
2752 19
2753 14
2754 0
2755 54
2756 27
2757 96
2758 89
2759 46
2760 5
2761 4
2762 13
2763 35
2764 42
2765 62
2766 5
2767 23
2768 22
2769 49
2770 24
2771 48
2772 0
2773 25
2774 47
2775 10
2776 48
2777 0
2778 5
2779 0
2780 22
2781 40
2782 30
2783 36
2784 51
2785 3
2786 9
2787 7
2788 20
2789 62
2790 55
2791 36
2792 80
2793 97
2794 6
2795 13
2796 23
2797 11
2798 86
2799 29
2800 58
2801 3
2802 9
2803 13
2804 4
2805 31
2806 0
2807 49
2808 10
2809 9
2810 31
2811 3
2812 9
2813 1
2814 4
2815 8
2816 11
2817 56
2818 0
2819 43
2820 6
2821 4
2822 14
2823 49
2824 2
2825 6
2826 39
2827 10
2828 39
2829 0
2830 4
2831 35
2832 8
2833 13
2834 1
2835 93
2836 15
2837 14
2838 66
2839 7
2840 7
2841 7
2842 16
2843 22
2844 92
2845 66
2846 12
2847 51
2848 13
2849 42
2850 18
2851 4
2852 6
2853 1
2854 4
2855 0
2856 8
2857 31
2858 67
2859 10
2860 38
2861 10
2862 0
2863 15
2864 12
2865 34
2866 13
2867 8
2868 41
2869 2
2870 64
2871 58
2872 45
2873 0
2874 55
2875 1
2876 60
2877 1
2878 23
2879 37
2880 14
2881 11
2882 7
2883 96
2884 8
2885 0
2886 72
2887 11
2888 11
2889 15
2890 12
2891 0
2892 19
2893 31
2894 15
2895 11
2896 8
2897 22
2898 44
2899 12
2900 16
2901 19
2902 2
2903 2
2904 9
2905 6
2906 14
2907 16
2908 12
2909 24
2910 16
2911 5
2912 13
2913 0
2914 23
2915 18
2916 2
2917 8
2918 89
2919 12
2920 9
2921 8
2922 42
2923 31
2924 4
2925 98
2926 3
2927 16
2928 43
2929 39
2930 10
2931 3
2932 16
2933 17
2934 16
2935 10
2936 1
2937 17
2938 33
2939 53
2940 30
2941 11
2942 1
2943 35
2944 12
2945 15
2946 19
2947 9
2948 6
2949 14
2950 14
2951 0
2952 77
2953 2
2954 6
2955 9
2956 2
2957 15
2958 16
2959 6
2960 9
2961 19
2962 93
2963 12
2964 5
2965 8
2966 18
2967 20
2968 36
2969 40
2970 5
2971 19
2972 42
2973 10
2974 11
2975 11
2976 24
2977 17
2978 2
2979 35
2980 70
2981 32
2982 11
2983 15
2984 12
2985 27
2986 16
2987 48
2988 12
2989 3
2990 16
2991 7
2992 4
2993 14
2994 16
2995 31
2996 66
2997 73
2998 15
2999 7
3000 57
3001 37
3002 2
3003 25
3004 32
3005 20
3006 5
3007 18
3008 19
3009 9
3010 17
3011 67
3012 4
3013 63
3014 12
3015 1
3016 9
3017 18
3018 17
3019 82
3020 20
3021 42
3022 7
3023 0
3024 42
3025 20
3026 40
3027 5
3028 5
3029 13
3030 14
3031 48
3032 0
3033 17
3034 15
3035 1
3036 4
3037 4
3038 3
3039 19
3040 19
3041 32
3042 19
3043 0
3044 11
3045 63
3046 20
3047 2
3048 36
3049 22
3050 43
3051 36
3052 20
3053 41
3054 12
3055 68
3056 42
3057 69
3058 42
3059 47
3060 2
3061 11
3062 13
3063 13
3064 80
3065 12
3066 37
3067 32
3068 26
3069 1
3070 26
3071 2
3072 33
3073 1
3074 53
3075 41
3076 24
3077 28
3078 75
3079 17
3080 0
3081 11
3082 42
3083 88
3084 1
3085 13
3086 2
3087 15
3088 42
3089 2
3090 19
3091 52
3092 59
3093 18
3094 10
3095 56
3096 3
3097 48
3098 11
3099 15
3100 40
3101 7
3102 83
3103 11
3104 1
3105 2
3106 14
3107 28
3108 11
3109 12
3110 1
3111 64
3112 19
3113 28
3114 20
3115 4
3116 87
3117 5
3118 9
3119 20
3120 33
3121 18
3122 22
3123 60
3124 7
3125 19
3126 46
3127 7
3128 6
3129 14
3130 17
3131 41
3132 22
3133 1
3134 9
3135 29
3136 1
3137 4
3138 2
3139 72
3140 50
3141 47
3142 22
3143 0
3144 7
3145 4
3146 72
3147 0
3148 32
3149 3
3150 38
3151 6
3152 41
3153 8
3154 2
3155 57
3156 2
3157 41
3158 34
3159 29
3160 23
3161 24
3162 5
3163 11
3164 6
3165 39
3166 19
3167 17
3168 20
3169 29
3170 32
3171 7
3172 2
3173 18
3174 41
3175 5
3176 37
3177 41
3178 20
3179 20
3180 3
3181 20
3182 5
3183 37
3184 1
3185 67
3186 23
3187 5
3188 28
3189 27
3190 19
3191 41
3192 78
3193 26
3194 29
3195 50
3196 61
3197 6
3198 11
3199 4
3200 5
3201 19
3202 6
3203 7
3204 11
3205 11
3206 41
3207 49
3208 43
3209 8
3210 6
3211 53
3212 1
3213 4
3214 9
3215 2
3216 5
3217 4
3218 1
3219 5
3220 16
3221 72
3222 31
3223 19
3224 23
3225 50
3226 12
3227 17
3228 29
3229 21
3230 21
3231 7
3232 19
3233 32
3234 73
3235 31
3236 33
3237 2
3238 9
3239 5
3240 32
3241 7
3242 20
3243 19
3244 73
3245 1
3246 40
3247 6
3248 2
3249 28
3250 31
3251 3
3252 3
3253 47
3254 52
3255 54
3256 38
3257 2
3258 27
3259 73
3260 51
3261 24
3262 30
3263 16
3264 3
3265 7
3266 11
3267 29
3268 38
3269 43
3270 45
3271 52
3272 27
3273 1
3274 34
3275 25
3276 75
3277 2
3278 53
3279 34
3280 31
3281 62
3282 0
3283 25
3284 7
3285 18
3286 43
3287 3
3288 32
3289 76
3290 77
3291 3
3292 11
3293 61
3294 31
3295 4
3296 21
3297 31
3298 36
3299 2
3300 62
3301 92
3302 38
3303 25
3304 4
3305 16
3306 8
3307 37
3308 6
3309 35
3310 1
3311 9
3312 7
3313 25
3314 0
3315 21
3316 0
3317 26
3318 1
3319 20
3320 8
3321 36
3322 17
3323 46
3324 6
3325 22
3326 3
3327 51
3328 30
3329 7
3330 1
3331 21
3332 2
3333 44
3334 25
3335 15
3336 25
3337 73
3338 57
3339 53
3340 5
3341 19
3342 27
3343 64
3344 94
3345 6
3346 21
3347 2
3348 35
3349 18
3350 7
3351 5
3352 31
3353 21
3354 46
3355 66
3356 7
3357 60
3358 2
3359 34
3360 71
3361 26
3362 3
3363 30
3364 6
3365 25
3366 54
3367 49
3368 8
3369 8
3370 97
3371 32
3372 11
3373 21
3374 27
3375 58
3376 7
3377 7
3378 30
3379 8
3380 55
3381 7
3382 32
3383 4
3384 10
3385 15
3386 19
3387 35
3388 6
3389 19
3390 17
3391 39
3392 31
3393 57
3394 65
3395 59
3396 39
3397 69
3398 26
3399 0
3400 37
3401 0
3402 71
3403 12
3404 81
3405 31
3406 86
3407 18
3408 3
3409 48
3410 2
3411 6
3412 23
3413 51
3414 79
3415 20
3416 10
3417 61
3418 56
3419 1
3420 8
3421 22
3422 38
3423 44
3424 54
3425 29
3426 43
3427 7
3428 37
3429 64
3430 44
3431 3
3432 79
3433 40
3434 14
3435 46
3436 84
3437 26
3438 29
3439 80
3440 14
3441 98
3442 6
3443 61
3444 0
3445 14
3446 53
3447 56
3448 6
3449 44
3450 14
3451 34
3452 44
3453 37
3454 58
3455 70
3456 13
3457 12
3458 5
3459 1
3460 48
3461 4
3462 2
3463 4
3464 13
3465 22
3466 34
3467 30
3468 18
3469 0
3470 54
3471 25
3472 43
3473 43
3474 94
3475 0
3476 50
3477 13
3478 23
3479 8
3480 64
3481 7
3482 12
3483 4
3484 35
3485 12
3486 12
3487 30
3488 10
3489 12
3490 9
3491 4
3492 26
3493 43
3494 4
3495 49
3496 36
3497 5
3498 41
3499 50
3500 14
3501 23
3502 22
3503 73
3504 9
3505 9
3506 42
3507 13
3508 4
3509 4
3510 53
3511 44
3512 41
3513 15
3514 2
3515 12
3516 6
3517 86
3518 1
3519 52
3520 15
3521 28
3522 7
3523 39
3524 31
3525 47
3526 8
3527 33
3528 5
3529 37
3530 13
3531 4
3532 10
3533 1
3534 5
3535 68
3536 90
3537 39
3538 6
3539 38
3540 51
3541 11
3542 41
3543 41
3544 37
3545 14
3546 65
3547 3
3548 53
3549 23
3550 30
3551 15
3552 4
3553 15
3554 3
3555 57
3556 15
3557 7
3558 68
3559 8
3560 13
3561 17
3562 17
3563 12
3564 61
3565 13
3566 12
3567 62
3568 5
3569 5
3570 1
3571 5
3572 34
3573 68
3574 2
3575 9
3576 15
3577 35
3578 19
3579 45
3580 79
3581 3
3582 35
3583 35
3584 7
3585 45
3586 26
3587 56
3588 24
3589 66
3590 0
3591 30
3592 6
3593 56
3594 1
3595 84
3596 5
3597 34
3598 22
3599 61
3600 61
3601 43
3602 67
3603 35
3604 4
3605 69
3606 75
3607 24
3608 29
3609 34
3610 56
3611 45
3612 51
3613 60
3614 24
3615 5
3616 17
3617 16
3618 32
3619 19
3620 50
3621 16
3622 46
3623 5
3624 34
3625 29
3626 5
3627 41
3628 37
3629 37
3630 4
3631 66
3632 0
3633 72
3634 100
3635 28
3636 0
3637 0
3638 56
3639 71
3640 80
3641 0
3642 33
3643 61
3644 0
3645 12
3646 15
3647 18
3648 50
3649 90
3650 7
3651 19
3652 69
3653 7
3654 64
3655 7
3656 14
3657 89
3658 7
3659 5
3660 39
3661 0
3662 7
3663 63
3664 6
3665 24
3666 22
3667 6
3668 41
3669 64
3670 57
3671 7
3672 2
3673 43
3674 24
3675 57
3676 72
3677 65
3678 96
3679 11
3680 4
3681 21
3682 65
3683 23
3684 8
3685 8
3686 2
3687 18
3688 59
3689 39
3690 23
3691 5
3692 9
3693 6
3694 41
3695 44
3696 6
3697 65
3698 56
3699 4
3700 16
3701 43
3702 26
3703 28
3704 7
3705 3
3706 53
3707 11
3708 39
3709 6
3710 25
3711 30
3712 17
3713 78
3714 6
3715 7
3716 2
3717 10
3718 9
3719 70
3720 7
3721 4
3722 4
3723 1
3724 21
3725 7
3726 53
3727 7
3728 9
3729 10
3730 6
3731 28
3732 42
3733 31
3734 4
3735 7
3736 3
3737 25
3738 43
3739 2
3740 5
3741 1
3742 18
3743 21
3744 63
3745 96
3746 63
3747 16
3748 6
3749 4
3750 9
3751 8
3752 4
3753 12
3754 8
3755 8
3756 16
3757 11
3758 42
3759 27
3760 28
3761 29
3762 5
3763 5
3764 24
3765 30
3766 3
3767 6
3768 64
3769 57
3770 92
3771 58
3772 52
3773 9
3774 5
3775 13
3776 25
3777 2
3778 63
3779 7
3780 57
3781 0
3782 47
3783 1
3784 9
3785 4
3786 6
3787 6
3788 12
3789 2
3790 62
3791 66
3792 7
3793 10
3794 5
3795 7
3796 12
3797 54
3798 6
3799 9
3800 10
3801 25
3802 12
3803 31
3804 3
3805 8
3806 1
3807 19
3808 52
3809 49
3810 1
3811 35
3812 1
3813 31
3814 49
3815 4
3816 14
3817 6
3818 22
3819 12
3820 2
3821 6
3822 11
3823 38
3824 17
3825 21
3826 27
3827 31
3828 17
3829 52
3830 15
3831 14
3832 27
3833 84
3834 0
3835 0
3836 18
3837 1
3838 67
3839 2
3840 31
3841 1
3842 92
3843 0
3844 10
3845 13
3846 44
3847 0
3848 7
3849 20
3850 4
3851 0
3852 7
3853 4
3854 12
3855 8
3856 16
3857 46
3858 1
3859 22
3860 2
3861 11
3862 75
3863 0
3864 10
3865 37
3866 14
3867 9
3868 5
3869 23
3870 2
3871 12
3872 11
3873 15
3874 52
3875 41
3876 64
3877 5
3878 0
3879 15
3880 0
3881 9
3882 8
3883 90
3884 10
3885 0
3886 8
3887 2
3888 9
3889 21
3890 10
3891 10
3892 13
3893 11
3894 35
3895 16
3896 39
3897 58
3898 12
3899 30
3900 23
3901 16
3902 65
3903 18
3904 19
3905 34
3906 62
3907 2
3908 5
3909 37
3910 74
3911 10
3912 9
3913 49
3914 12
3915 36
3916 6
3917 39
3918 6
3919 1
3920 13
3921 9
3922 4
3923 7
3924 11
3925 14
3926 0
3927 27
3928 12
3929 22
3930 16
3931 16
3932 0
3933 5
3934 38
3935 54
3936 14
3937 10
3938 14
3939 2
3940 44
3941 4
3942 37
3943 5
3944 19
3945 6
3946 7
3947 77
3948 20
3949 11
3950 54
3951 13
3952 54
3953 10
3954 13
3955 13
3956 16
3957 16
3958 12
3959 25
3960 13
3961 1
3962 4
3963 44
3964 15
3965 40
3966 37
3967 68
3968 26
3969 4
3970 20
3971 72
3972 36
3973 9
3974 77
3975 0
3976 1
3977 1
3978 4
3979 13
3980 13
3981 7
3982 26
3983 3
3984 11
3985 17
3986 35
3987 16
3988 12
3989 11
3990 42
3991 20
3992 13
3993 47
3994 2
3995 15
3996 34
3997 18
3998 11
3999 31
4000 8
4001 43
4002 2
4003 1
4004 66
4005 6
4006 5
4007 6
4008 20
4009 10
4010 7
4011 37
4012 11
4013 26
4014 2
4015 20
4016 4
4017 3
4018 12
4019 0
4020 6
4021 3
4022 12
4023 16
4024 13
4025 10
4026 9
4027 38
4028 25
4029 76
4030 9
4031 14
4032 7
4033 15
4034 76
4035 6
4036 48
4037 10
4038 4
4039 6
4040 21
4041 68
4042 6
4043 9
4044 16
4045 7
4046 1
4047 5
4048 9
4049 4
4050 1
4051 14
4052 9
4053 7
4054 34
4055 78
4056 2
4057 68
4058 34
4059 2
4060 2
4061 38
4062 3
4063 8
4064 1
4065 5
4066 11
4067 7
4068 47
4069 28
4070 1
4071 50
4072 10
4073 15
4074 54
4075 4
4076 11
4077 13
4078 39
4079 54
4080 55
4081 8
4082 19
4083 3
4084 5
4085 3
4086 8
4087 3
4088 52
4089 45
4090 18
4091 15
4092 10
4093 13
4094 19
4095 32
4096 21
4097 11
4098 78
4099 19
4100 88
4101 55
4102 0
4103 41
4104 15
4105 10
4106 74
4107 33
4108 16
4109 69
4110 17
4111 16
4112 27
4113 47
4114 18
4115 6
4116 52
4117 11
4118 14
4119 16
4120 18
4121 0
4122 68
4123 17
4124 85
4125 59
4126 62
4127 0
4128 32
4129 45
4130 88
4131 42
4132 41
4133 86
4134 32
4135 46
4136 3
4137 25
4138 29
4139 50
4140 18
4141 56
4142 24
4143 52
4144 46
4145 67
4146 24
4147 72
4148 15
4149 34
4150 13
4151 60
4152 36
4153 42
4154 71
4155 50
4156 10
4157 32
4158 17
4159 42
4160 0
4161 16
4162 25
4163 96
4164 42
4165 32
4166 33
4167 32
4168 40
4169 3
4170 11
4171 96
4172 29
4173 76
4174 26
4175 14
4176 16
4177 66
4178 100
4179 29
4180 45
4181 48
4182 16
4183 43
4184 23
4185 38
4186 15
4187 48
4188 45
4189 64
4190 56
4191 0
4192 13
4193 6
4194 59
4195 18
4196 11
4197 13
4198 7
4199 54
4200 21
4201 46
4202 40
4203 41
4204 22
4205 4
4206 10
4207 12
4208 87
4209 43
4210 28
4211 83
4212 45
4213 12
4214 28
4215 47
4216 27
4217 41
4218 24
4219 18
4220 58
4221 37
4222 6
4223 66
4224 22
4225 41
4226 29
4227 0
4228 11
4229 27
4230 88
4231 12
4232 53
4233 69
4234 14
4235 39
4236 27
4237 16
4238 6
4239 7
4240 21
4241 31
4242 48
4243 27
4244 14
4245 37
4246 38
4247 0
4248 12
4249 21
4250 40
4251 50
4252 0
4253 33
4254 39
4255 41
4256 16
4257 57
4258 48
4259 0
4260 10
4261 9
4262 57
4263 16
4264 4
4265 18
4266 19
4267 65
4268 55
4269 65
4270 46
4271 63
4272 89
4273 0
4274 90
4275 34
4276 33
4277 34
4278 67
4279 20
4280 19
4281 47
4282 29
4283 51
4284 31
4285 7
4286 37
4287 29
4288 0
4289 22
4290 30
4291 31
4292 73
4293 31
4294 34
4295 38
4296 27
4297 50
4298 15
4299 37
4300 45
4301 9
4302 67
4303 40
4304 1
4305 18
4306 35
4307 91
4308 0
4309 38
4310 1
4311 36
4312 50
4313 0
4314 43
4315 33
4316 35
4317 29
4318 70
4319 53
4320 52
4321 23
4322 52
4323 87
4324 55
4325 53
4326 3
4327 23
4328 12
4329 35
4330 19
4331 46
4332 50
4333 83
4334 29
4335 37
4336 23
4337 15
4338 57
4339 10
4340 10
4341 51
4342 28
4343 43
4344 6
4345 2
4346 45
4347 23
4348 16
4349 92
4350 30
4351 8
4352 55
4353 49
4354 42
4355 60
4356 63
4357 31
4358 73
4359 29
4360 44
4361 16
4362 24
4363 86
4364 44
4365 76
4366 88
4367 1
4368 8
4369 19
4370 0
4371 8
4372 35
4373 20
4374 94
4375 44
4376 40
4377 67
4378 33
4379 27
4380 52
4381 8
4382 62
4383 83
4384 60
4385 80
4386 53
4387 27
4388 78
4389 75
4390 10
4391 20
4392 64
4393 57
4394 19
4395 1
4396 49
4397 48
4398 5
4399 69
4400 19
4401 6
4402 50
4403 51
4404 55
4405 21
4406 8
4407 29
4408 18
4409 26
4410 50
4411 83
4412 54
4413 31
4414 59
4415 5
4416 73
4417 30
4418 57
4419 14
4420 30
4421 28
4422 37
4423 4
4424 21
4425 56
4426 10
4427 66
4428 93
4429 30
4430 38
4431 93
4432 0
4433 0
4434 85
4435 14
4436 14
4437 22
4438 27
4439 33
4440 55
4441 8
4442 39
4443 5
4444 23
4445 4
4446 21
4447 23
4448 27
4449 4
4450 1
4451 27
4452 37
4453 1
4454 22
4455 13
4456 3
4457 39
4458 37
4459 30
4460 5
4461 17
4462 0
4463 71
4464 22
4465 11
4466 1
4467 43
4468 3
4469 41
4470 3
4471 1
4472 5
4473 1
4474 4
4475 18
4476 91
4477 13
4478 3
4479 10
4480 22
4481 3
4482 10
4483 5
4484 44
4485 13
4486 29
4487 21
4488 18
4489 1
4490 68
4491 25
4492 79
4493 28
4494 52
4495 71
4496 57
4497 43
4498 0
4499 49
4500 39
4501 10
4502 46
4503 48
4504 27
4505 8
4506 96
4507 65
4508 1
4509 36
4510 42
4511 13
4512 47
4513 60
4514 80
4515 0
4516 11
4517 100
4518 54
4519 0
4520 26
4521 5
4522 3
4523 1
4524 31
4525 9
4526 11
4527 8
4528 52
4529 41
4530 33
4531 15
4532 25
4533 33
4534 25
4535 56
4536 8
4537 15
4538 0
4539 1
4540 51
4541 1
4542 38
4543 4
4544 5
4545 10
4546 13
4547 11
4548 1
4549 17
4550 29
4551 23
4552 3
4553 52
4554 37
4555 11
4556 32
4557 41
4558 76
4559 1
4560 40
4561 13
4562 9
4563 4
4564 34
4565 11
4566 37
4567 35
4568 42
4569 26
4570 0
4571 90
4572 99
4573 8
4574 4
4575 82
4576 11
4577 8
4578 30
4579 51
4580 4
4581 55
4582 8
4583 3
4584 74
4585 10
4586 21
4587 47
4588 92
4589 84
4590 76
4591 38
4592 0
4593 14
4594 43
4595 15
4596 10
4597 69
4598 3
4599 45
4600 63
4601 1
4602 57
4603 11
4604 9
4605 69
4606 2
4607 0
4608 13
4609 36
4610 47
4611 2
4612 80
4613 22
4614 11
4615 2
4616 38
4617 41
4618 0
4619 0
4620 11
4621 36
4622 1
4623 85
4624 26
4625 29
4626 1
4627 36
4628 2
4629 1
4630 2
4631 22
4632 34
4633 71
4634 12
4635 75
4636 42
4637 54
4638 87
4639 2
4640 27
4641 28
4642 2
4643 9
4644 65
4645 45
4646 1
4647 10
4648 39
4649 70
4650 0
4651 1
4652 46
4653 0
4654 39
4655 27
4656 16
4657 46
4658 87
4659 36
4660 14
4661 26
4662 39
4663 25
4664 11
4665 13
4666 41
4667 42
4668 28
4669 16
4670 39
4671 28
4672 46
4673 34
4674 1
4675 6
4676 7
4677 73
4678 21
4679 40
4680 36
4681 47
4682 1
4683 6
4684 74
4685 10
4686 5
4687 88
4688 11
4689 1
4690 40
4691 5
4692 5
4693 8
4694 19
4695 26
4696 22
4697 8
4698 32
4699 86
4700 4
4701 0
4702 17
4703 42
4704 59
4705 19
4706 8
4707 16
4708 4
4709 7
4710 15
4711 7
4712 32
4713 9
4714 20
4715 4
4716 0
4717 21
4718 18
4719 9
4720 21
4721 0
4722 1
4723 13
4724 98
4725 46
4726 37
4727 28
4728 50
4729 3
4730 60
4731 42
4732 2
4733 61
4734 6
4735 21
4736 1
4737 0
4738 3
4739 32
4740 86
4741 59
4742 4
4743 28
4744 3
4745 46
4746 49
4747 10
4748 9
4749 33
4750 11
4751 1
4752 3
4753 48
4754 10
4755 1
4756 5
4757 7
4758 0
4759 5
4760 5
4761 4
4762 5
4763 9
4764 5
4765 14
4766 10
4767 7
4768 3
4769 59
4770 29
4771 79
4772 27
4773 6
4774 31
4775 9
4776 19
4777 12
4778 29
4779 12
4780 77
4781 18
4782 27
4783 58
4784 24
4785 14
4786 3
4787 29
4788 66
4789 9
4790 8
4791 23
4792 0
4793 46
4794 18
4795 9
4796 6
4797 10
4798 47
4799 57
4800 9
4801 12
4802 37
4803 2
4804 21
4805 0
4806 0
4807 30
4808 47
4809 10
4810 29
4811 2
4812 46
4813 53
4814 35
4815 36
4816 5
4817 1
4818 4
4819 36
4820 6
4821 36
4822 34
4823 0
4824 0
4825 12
4826 0
4827 4
4828 22
4829 2
4830 27
4831 73
4832 3
4833 31
4834 79
4835 0
4836 14
4837 3
4838 8
4839 1
4840 4
4841 8
4842 0
4843 35
4844 9
4845 22
4846 25
4847 13
4848 11
4849 0
4850 14
4851 7
4852 9
4853 5
4854 12
4855 29
4856 45
4857 13
4858 1
4859 82
4860 4
4861 19
4862 9
4863 38
4864 52
4865 2
4866 88
4867 11
4868 12
4869 31
4870 30
4871 0
4872 3
4873 61
4874 13
4875 1
4876 0
4877 5
4878 11
4879 23
4880 33
4881 28
4882 32
4883 35
4884 1
4885 3
4886 10
4887 11
4888 15
4889 12
4890 31
4891 14
4892 36
4893 35
4894 7
4895 11
4896 0
4897 1
4898 3
4899 4
4900 11
4901 7
4902 9
4903 2
4904 2
4905 58
4906 55
4907 2
4908 38
4909 0
4910 36
4911 30
4912 12
4913 22
4914 12
4915 6
4916 51
4917 6
4918 20
4919 70
4920 12
4921 1
4922 2
4923 3
4924 0
4925 5
4926 8
4927 5
4928 18
4929 5
4930 13
4931 39
4932 33
4933 39
4934 0
4935 36
4936 31
4937 62
4938 4
4939 8
4940 3
4941 78
4942 19
4943 1
4944 7
4945 9
4946 40
4947 13
4948 16
4949 11
4950 3
4951 11
4952 16
4953 11
4954 19
4955 40
4956 14
4957 59
4958 24
4959 77
4960 12
4961 9
4962 9
4963 18
4964 26
4965 7
4966 15
4967 8
4968 11
4969 13
4970 30
4971 12
4972 24
4973 22
4974 34
4975 1
4976 40
4977 2
4978 1
4979 28
4980 17
4981 46
4982 94
4983 18
4984 6
4985 1
4986 16
4987 9
4988 9
4989 15
4990 14
4991 16
4992 18
4993 4
4994 20
4995 1
4996 15
4997 5
4998 20
4999 2
5000 14
5001 0
5002 15
5003 20
5004 84
5005 13
5006 6
5007 10
5008 2
5009 19
5010 13
5011 3
5012 3
5013 35
5014 70
5015 2
5016 18
5017 12
5018 39
5019 17
5020 26
5021 24
5022 27
5023 1
5024 25
5025 34
5026 60
5027 16
5028 11
5029 7
5030 19
5031 32
5032 10
5033 11
5034 8
5035 7
5036 20
5037 14
5038 16
5039 4
5040 10
5041 10
5042 41
5043 1
5044 42
5045 20
5046 13
5047 78
5048 26
5049 10
5050 17
5051 3
5052 5
5053 75
5054 12
5055 24
5056 19
5057 9
5058 16
5059 82
5060 9
5061 9
5062 3
5063 3
5064 82
5065 12
5066 32
5067 17
5068 25
5069 6
5070 6
5071 10
5072 4
5073 8
5074 59
5075 4
5076 11
5077 16
5078 31
5079 4
5080 12
5081 22
5082 37
5083 20
5084 15
5085 4
5086 2
5087 6
5088 3
5089 7
5090 7
5091 11
5092 9
5093 4
5094 15
5095 18
5096 8
5097 2
5098 20
5099 6
5100 19
5101 10
5102 27
5103 55
5104 15
5105 0
5106 46
5107 6
5108 17
5109 33
5110 38
5111 1
5112 15
5113 52
5114 5
5115 11
5116 9
5117 41
5118 16
5119 3
5120 18
5121 19
5122 15
5123 14
5124 71
5125 62
5126 41
5127 35
5128 94
5129 10
5130 1
5131 41
5132 16
5133 15
5134 18
5135 29
5136 84
5137 1
5138 69
5139 41
5140 15
5141 85
5142 9
5143 20
5144 20
5145 86
5146 25
5147 19
5148 21
5149 64
5150 2
5151 59
5152 71
5153 71
5154 20
5155 26
5156 0
5157 15
5158 28
5159 41
5160 29
5161 21
5162 14
5163 20
5164 62
5165 71
5166 16
5167 61
5168 33
5169 7
5170 5
5171 14
5172 35
5173 2
5174 1
5175 90
5176 77
5177 61
5178 4
5179 62
5180 64
5181 7
5182 34
5183 0
5184 58
5185 12
5186 42
5187 13
5188 70
5189 40
5190 66
5191 12
5192 6
5193 6
5194 18
5195 6
5196 95
5197 16
5198 6
5199 2
5200 18
5201 32
5202 2
5203 15
5204 1
5205 2
5206 16
5207 16
5208 23
5209 23
5210 28
5211 51
5212 23
5213 2
5214 6
5215 24
5216 21
5217 5
5218 80
5219 17
5220 0
5221 25
5222 49
5223 43
5224 20
5225 6
5226 8
5227 64
5228 23
5229 6
5230 1
5231 53
5232 29
5233 11
5234 41
5235 49
5236 15
5237 23
5238 50
5239 5
5240 9
5241 88
5242 49
5243 5
5244 49
5245 63
5246 4
5247 16
5248 54
5249 53
5250 24
5251 0
5252 44
5253 29
5254 50
5255 22
5256 0
5257 6
5258 45
5259 5
5260 29
5261 42
5262 13
5263 7
5264 7
5265 81
5266 46
5267 82
5268 23
5269 4
5270 3
5271 3
5272 38
5273 6
5274 22
5275 99
5276 19
5277 27
5278 50
5279 8
5280 43
5281 50
5282 68
5283 46
5284 31
5285 46
5286 25
5287 23
5288 43
5289 19
5290 1
5291 17
5292 1
5293 32
5294 27
5295 54
5296 8
5297 27
5298 1
5299 6
5300 47
5301 48
5302 4
5303 40
5304 42
5305 51
5306 4
5307 8
5308 39
5309 54
5310 15
5311 1
5312 7
5313 47
5314 0
5315 1
5316 4
5317 55
5318 0
5319 8
5320 9
5321 3
5322 30
5323 7
5324 59
5325 45
5326 29
5327 87
5328 27
5329 39
5330 55
5331 27
5332 6
5333 55
5334 0
5335 5
5336 5
5337 19
5338 58
5339 34
5340 30
5341 11
5342 49
5343 5
5344 29
5345 4
5346 52
5347 8
5348 40
5349 16
5350 8
5351 7
5352 6
5353 2
5354 18
5355 30
5356 3
5357 36
5358 45
5359 2
5360 35
5361 4
5362 59
5363 38
5364 21
5365 1
5366 31
5367 26
5368 1
5369 55
5370 0
5371 2
5372 44
5373 1
5374 29
5375 39
5376 8
5377 76
5378 68
5379 63
5380 8
5381 5
5382 6
5383 86
5384 39
5385 23
5386 43
5387 39
5388 25
5389 4
5390 31
5391 89
5392 40
5393 1
5394 33
5395 38
5396 40
5397 34
5398 34
5399 1
5400 53
5401 1
5402 3
5403 36
5404 1
5405 0
5406 36
5407 70
5408 52
5409 3
5410 5
5411 52
5412 3
5413 3
5414 5
5415 8
5416 3
5417 56
5418 76
5419 71
5420 36
5421 2
5422 53
5423 3
5424 0
5425 2
5426 56
5427 22
5428 5
5429 70
5430 0
5431 35
5432 0
5433 27
5434 67
5435 24
5436 33
5437 50
5438 27
5439 66
5440 24
5441 0
5442 25
5443 14
5444 10
5445 8
5446 10
5447 3
5448 36
5449 7
5450 40
5451 8
5452 43
5453 51
5454 2
5455 11
5456 1
5457 22
5458 28
5459 65
5460 67
5461 40
5462 64
5463 27
5464 3
5465 77
5466 24
5467 70
5468 26
5469 18
5470 3
5471 18
5472 7
5473 2
5474 0
5475 1
5476 44
5477 33
5478 17
5479 64
5480 79
5481 1
5482 1
5483 10
5484 74
5485 3
5486 8
5487 3
5488 27
5489 1
5490 43
5491 6
5492 13
5493 48
5494 22
5495 5
5496 10
5497 44
5498 42
5499 15
5500 4
5501 0
5502 20
5503 15
5504 12
5505 50
5506 1
5507 7
5508 5
5509 13
5510 49
5511 13
5512 9
5513 1
5514 14
5515 33
5516 54
5517 33
5518 7
5519 13
5520 12
5521 4
5522 10
5523 47
5524 2
5525 0
5526 14
5527 65
5528 35
5529 0
5530 55
5531 46
5532 29
5533 12
5534 18
5535 13
5536 14
5537 9
5538 60
5539 7
5540 72
5541 84
5542 14
5543 44
5544 1
5545 12
5546 31
5547 5
5548 32
5549 7
5550 41
5551 10
5552 14
5553 5
5554 7
5555 30
5556 13
5557 8
5558 32
5559 2
5560 47
5561 7
5562 0
5563 6
5564 8
5565 8
5566 67
5567 0
5568 40
5569 38
5570 0
5571 3
5572 39
5573 10
5574 4
5575 14
5576 13
5577 6
5578 61
5579 94
5580 9
5581 6
5582 9
5583 15
5584 3
5585 66
5586 22
5587 3
5588 2
5589 12
5590 8
5591 10
5592 28
5593 32
5594 95
5595 2
5596 53
5597 13
5598 12
5599 99
5600 68
5601 21
5602 12
5603 9
5604 9
5605 70
5606 33
5607 34
5608 12
5609 17
5610 63
5611 3
5612 2
5613 17
5614 26
5615 8
5616 32
5617 13
5618 6
5619 13
5620 7
5621 10
5622 13
5623 1
5624 22
5625 83
5626 81
5627 62
5628 73
5629 8
5630 41
5631 34
5632 30
5633 45
5634 34
5635 17
5636 13
5637 22
5638 10
5639 15
5640 25
5641 57
5642 74
5643 79
5644 45
5645 0
5646 11
5647 45
5648 22
5649 41
5650 15
5651 64
5652 6
5653 1
5654 28
5655 35
5656 19
5657 32
5658 3
5659 44
5660 64
5661 21
5662 11
5663 10
5664 52
5665 4
5666 26
5667 4
5668 10
5669 9
5670 2
5671 48
5672 44
5673 38
5674 17
5675 0
5676 17
5677 4
5678 19
5679 50
5680 99
5681 48
5682 3
5683 89
5684 1
5685 15
5686 70
5687 6
5688 45
5689 59
5690 72
5691 29
5692 11
5693 29
5694 74
5695 96
5696 83
5697 11
5698 28
5699 4
5700 59
5701 14
5702 2
5703 19
5704 33
5705 3
5706 7
5707 6
5708 44
5709 53
5710 22
5711 3
5712 26
5713 7
5714 23
5715 38
5716 65
5717 28
5718 41
5719 2
5720 4
5721 79
5722 66
5723 3
5724 90
5725 6
5726 54
5727 16
5728 57
5729 56
5730 2
5731 48
5732 0
5733 1
5734 19
5735 3
5736 92
5737 28
5738 42
5739 45
5740 0
5741 40
5742 3
5743 31
5744 46
5745 28
5746 7
5747 24
5748 27
5749 3
5750 8
5751 3
5752 88
5753 21
5754 66
5755 51
5756 39
5757 39
5758 40
5759 2
5760 47
5761 78
5762 22
5763 10
5764 21
5765 49
5766 4
5767 16
5768 77
5769 43
5770 0
5771 14
5772 9
5773 21
5774 0
5775 1
5776 31
5777 9
5778 6
5779 14
5780 4
5781 16
5782 7
5783 23
5784 8
5785 2
5786 12
5787 6
5788 72
5789 0
5790 25
5791 50
5792 25
5793 41
5794 9
5795 49
5796 1
5797 9
5798 85
5799 0
5800 55
5801 2
5802 7
5803 7
5804 22
5805 6
5806 21
5807 2
5808 3
5809 25
5810 59
5811 29
5812 50
5813 29
5814 29
5815 51
5816 3
5817 31
5818 4
5819 7
5820 5
5821 5
5822 30
5823 8
5824 4
5825 13
5826 4
5827 4
5828 5
5829 76
5830 35
5831 8
5832 74
5833 3
5834 51
5835 10
5836 7
5837 13
5838 13
5839 31
5840 9
5841 14
5842 12
5843 1
5844 76
5845 12
5846 4
5847 40
5848 14
5849 8
5850 14
5851 6
5852 14
5853 13
5854 4
5855 32
5856 12
5857 10
5858 30
5859 19
5860 68
5861 12
5862 33
5863 36
5864 37
5865 8
5866 20
5867 0
5868 6
5869 5
5870 2
5871 34
5872 8
5873 1
5874 21
5875 55
5876 52
5877 4
5878 3
5879 8
5880 23
5881 55
5882 12
5883 23
5884 59
5885 3
5886 84
5887 13
5888 3
5889 57
5890 6
5891 9
5892 9
5893 24
5894 11
5895 2
5896 9
5897 2
5898 6
5899 9
5900 3
5901 0
5902 79
5903 8
5904 50
5905 2
5906 9
5907 83
5908 11
5909 6
5910 12
5911 16
5912 9
5913 61
5914 9
5915 20
5916 2
5917 14
5918 51
5919 21
5920 0
5921 8
5922 4
5923 14
5924 5
5925 4
5926 14
5927 36
5928 4
5929 30
5930 5
5931 9
5932 46
5933 7
5934 13
5935 22
5936 9
5937 60
5938 13
5939 7
5940 98
5941 2
5942 16
5943 13
5944 55
5945 3
5946 76
5947 0
5948 3
5949 58
5950 3
5951 12
5952 30
5953 38
5954 2
5955 14
5956 16
5957 51
5958 23
5959 13
5960 11
5961 14
5962 3
5963 47
5964 2
5965 77
5966 51
5967 4
5968 19
5969 37
5970 9
5971 24
5972 3
5973 10
5974 18
5975 13
5976 12
5977 18
5978 11
5979 12
5980 5
5981 2
5982 5
5983 55
5984 22
5985 3
5986 34
5987 34
5988 58
5989 8
5990 16
5991 31
5992 10
5993 8
5994 36
5995 18
5996 10
5997 76
5998 78
5999 59
6000 1
6001 61
6002 71
6003 2
6004 10
6005 24
6006 21
6007 2
6008 10
6009 18
6010 26
6011 13
6012 4
6013 17
6014 13
6015 13
6016 0
6017 24
6018 27
6019 12
6020 30
6021 37
6022 19
6023 11
6024 43
6025 11
6026 12
6027 20
6028 26
6029 9
6030 3
6031 0
6032 20
6033 31
6034 20
6035 4
6036 18
6037 1
6038 15
6039 10
6040 16
6041 4
6042 11
6043 33
6044 32
6045 23
6046 34
6047 26
6048 18
6049 24
6050 14
6051 17
6052 17
6053 49
6054 71
6055 7
6056 12
6057 1
6058 16
6059 19
6060 14
6061 42
6062 42
6063 10
6064 14
6065 1
6066 15
6067 73
6068 6
6069 36
6070 16
6071 1
6072 46
6073 12
6074 7
6075 2
6076 14
6077 48
6078 31
6079 11
6080 19
6081 15
6082 20
6083 35
6084 17
6085 42
6086 11
6087 37
6088 42
6089 93
6090 18
6091 9
6092 69
6093 3
6094 19
6095 6
6096 4
6097 20
6098 15
6099 18
6100 64
6101 67
6102 15
6103 14
6104 1
6105 10
6106 7
6107 26
6108 3
6109 9
6110 6
6111 14
6112 12
6113 16
6114 64
6115 12
6116 14
6117 54
6118 14
6119 28
6120 43
6121 17
6122 0
6123 69
6124 68
6125 9
6126 0
6127 52
6128 5
6129 15
6130 78
6131 48
6132 14
6133 32
6134 79
6135 2
6136 3
6137 10
6138 10
6139 2
6140 0
6141 48
6142 59
6143 30
6144 4
6145 33
6146 18
6147 58
6148 22
6149 62
6150 40
6151 9
6152 94
6153 27
6154 17
6155 75
6156 22
6157 23
6158 57
6159 41
6160 15
6161 32
6162 19
6163 38
6164 33
6165 2
6166 48
6167 59
6168 68
6169 42
6170 85
6171 30
6172 17
6173 0
6174 42
6175 85
6176 29
6177 21
6178 29
6179 59
6180 10
6181 74
6182 16
6183 74
6184 9
6185 33
6186 9
6187 91
6188 36
6189 32
6190 41
6191 0
6192 59
6193 12
6194 45
6195 12
6196 60
6197 0
6198 26
6199 97
6200 62
6201 50
6202 68
6203 72
6204 50
6205 0
6206 0
6207 10
6208 43
6209 56
6210 19
6211 15
6212 62
6213 56
6214 20
6215 45
6216 40
6217 41
6218 13
6219 17
6220 17
6221 36
6222 70
6223 44
6224 78
6225 20
6226 23
6227 2
6228 24
6229 21
6230 18
6231 48
6232 35
6233 0
6234 0
6235 17
6236 50
6237 48
6238 62
6239 17
6240 51
6241 52
6242 22
6243 95
6244 68
6245 44
6246 17
6247 79
6248 41
6249 17
6250 15
6251 68
6252 45
6253 61
6254 43
6255 0
6256 53
6257 20
6258 15
6259 53
6260 29
6261 0
6262 9
6263 19
6264 42
6265 59
6266 65
6267 0
6268 22
6269 9
6270 70
6271 74
6272 2
6273 0
6274 18
6275 25
6276 81
6277 45
6278 0
6279 32
6280 24
6281 40
6282 40
6283 11
6284 28
6285 42
6286 32
6287 31
6288 28
6289 77
6290 32
6291 29
6292 71
6293 22
6294 38
6295 0
6296 0
6297 85
6298 27
6299 16
6300 5
6301 43
6302 0
6303 39
6304 51
6305 53
6306 18
6307 71
6308 45
6309 63
6310 66
6311 22
6312 20
6313 51
6314 72
6315 25
6316 41
6317 2
6318 24
6319 50
6320 33
6321 20
6322 14
6323 45
6324 9
6325 15
6326 45
6327 57
6328 75
6329 70
6330 3
6331 3
6332 90
6333 24
6334 35
6335 39
6336 0
6337 17
6338 43
6339 25
6340 27
6341 0
6342 58
6343 34
6344 25
6345 27
6346 25
6347 36
6348 38
6349 0
6350 37
6351 18
6352 35
6353 25
6354 9
6355 21
6356 27
6357 32
6358 14
6359 52
6360 6
6361 1
6362 36
6363 11
6364 1
6365 37
6366 37
6367 35
6368 73
6369 73
6370 38
6371 65
6372 7
6373 3
6374 23
6375 30
6376 49
6377 43
6378 100
6379 20
6380 54
6381 17
6382 18
6383 1
6384 98
6385 55
6386 23
6387 62
6388 44
6389 8
6390 61
6391 16
6392 12
6393 19
6394 66
6395 36
6396 10
6397 29
6398 52
6399 71
6400 39
6401 29
6402 0
6403 19
6404 22
6405 13
6406 27
6407 44
6408 99
6409 44
6410 10
6411 69
6412 1
6413 61
6414 58
6415 10
6416 5
6417 59
6418 8
6419 10
6420 97
6421 8
6422 50
6423 12
6424 21
6425 22
6426 68
6427 36
6428 42
6429 53
6430 53
6431 11
6432 19
6433 58
6434 18
6435 8
6436 5
6437 48
6438 18
6439 28
6440 22
6441 90
6442 5
6443 27
6444 18
6445 31
6446 0
6447 15
6448 34
6449 39
6450 10
6451 35
6452 20
6453 10
6454 76
6455 21
6456 1
6457 95
6458 36
6459 9
6460 78
6461 8
6462 26
6463 33
6464 34
6465 11
6466 24
6467 74
6468 49
6469 45
6470 28
6471 40
6472 85
6473 57
6474 46
6475 57
6476 1
6477 54
6478 54
6479 77
6480 39
6481 82
6482 25
6483 44
6484 33
6485 69
6486 38
6487 86
6488 31
6489 87
6490 37
6491 24
6492 4
6493 7
6494 28
6495 31
6496 34
6497 25
6498 40
6499 64
6500 26
6501 93
6502 14
6503 4
6504 8
6505 5
6506 5
6507 48
6508 10
6509 10
6510 10
6511 13
6512 0
6513 30
6514 14
6515 31
6516 27
6517 24
6518 77
6519 1
6520 33
6521 37
6522 1
6523 8
6524 10
6525 91
6526 13
6527 22
6528 8
6529 0
6530 22
6531 31
6532 14
6533 66
6534 25
6535 59
6536 39
6537 10
6538 66
6539 22
6540 23
6541 15
6542 37
6543 40
6544 3
6545 21
6546 48
6547 22
6548 18
6549 9
6550 1
6551 65
6552 60
6553 81
6554 97
6555 3
6556 68
6557 8
6558 80
6559 47
6560 53
6561 42
6562 50
6563 20
6564 1
6565 12
6566 53
6567 37
6568 38
6569 15
6570 55
6571 11
6572 60
6573 25
6574 3
6575 21
6576 11
6577 44
6578 0
6579 51
6580 10
6581 0
6582 57
6583 24
6584 4
6585 23
6586 48
6587 48
6588 25
6589 3
6590 14
6591 93
6592 11
6593 27
6594 9
6595 23
6596 22
6597 0
6598 0
6599 27
6600 3
6601 1
6602 10
6603 11
6604 48
6605 65
6606 11
6607 74
6608 13
6609 0
6610 30
6611 94
6612 10
6613 36
6614 29
6615 12
6616 3
6617 9
6618 62
6619 67
6620 34
6621 38
6622 3
6623 18
6624 63
6625 31
6626 61
6627 43
6628 9
6629 24
6630 9
6631 68
6632 74
6633 13
6634 15
6635 1
6636 11
6637 4
6638 0
6639 84
6640 9
6641 61
6642 5
6643 12
6644 6
6645 71
6646 15
6647 32
6648 17
6649 13
6650 51
6651 66
6652 78
6653 3
6654 14
6655 40
6656 25
6657 22
6658 56
6659 65
6660 28
6661 19
6662 39
6663 63
6664 26
6665 1
6666 12
6667 82
6668 25
6669 20
6670 37
6671 12
6672 11
6673 2
6674 12
6675 48
6676 17
6677 23
6678 37
6679 17
6680 55
6681 1
6682 13
6683 21
6684 16
6685 41
6686 36
6687 70
6688 29
6689 12
6690 28
6691 50
6692 57
6693 89
6694 1
6695 29
6696 17
6697 36
6698 15
6699 99
6700 0
6701 11
6702 4
6703 71
6704 0
6705 12
6706 1
6707 33
6708 32
6709 68
6710 41
6711 67
6712 0
6713 13
6714 50
6715 24
6716 33
6717 31
6718 24
6719 0
6720 96
6721 3
6722 0
6723 59
6724 92
6725 67
6726 37
6727 10
6728 5
6729 26
6730 4
6731 39
6732 6
6733 20
6734 1
6735 2
6736 28
6737 93
6738 14
6739 44
6740 5
6741 23
6742 74
6743 40
6744 8
6745 8
6746 9
6747 28
6748 8
6749 40
6750 3
6751 23
6752 10
6753 3
6754 20
6755 21
6756 8
6757 2
6758 24
6759 1
6760 5
6761 55
6762 56
6763 33
6764 13
6765 11
6766 4
6767 0
6768 23
6769 3
6770 2
6771 80
6772 51
6773 19
6774 4
6775 19
6776 5
6777 66
6778 1
6779 49
6780 7
6781 6
6782 43
6783 26
6784 40
6785 41
6786 4
6787 21
6788 71
6789 23
6790 64
6791 1
6792 18
6793 5
6794 21
6795 3
6796 25
6797 3
6798 88
6799 4
6800 103
6801 8
6802 23
6803 1
6804 8
6805 67
6806 1
6807 52
6808 10
6809 10
6810 0
6811 4
6812 24
6813 1
6814 2
6815 48
6816 33
6817 58
6818 8
6819 7
6820 1
6821 15
6822 67
6823 12
6824 55
6825 3
6826 48
6827 9
6828 25
6829 13
6830 51
6831 49
6832 34
6833 25
6834 5
6835 54
6836 7
6837 1
6838 34
6839 34
6840 39
6841 11
6842 20
6843 36
6844 2
6845 31
6846 23
6847 38
6848 42
6849 12
6850 9
6851 8
6852 54
6853 23
6854 24
6855 18
6856 36
6857 73
6858 23
6859 1
6860 36
6861 20
6862 69
6863 1
6864 25
6865 5
6866 34
6867 16
6868 34
6869 1
6870 8
6871 0
6872 27
6873 6
6874 33
6875 19
6876 3
6877 6
6878 14
6879 40
6880 2
6881 13
6882 22
6883 42
6884 53
6885 26
6886 2
6887 3
6888 2
6889 1
6890 79
6891 24
6892 1
6893 13
6894 9
6895 11
6896 10
6897 35
6898 58
6899 2
6900 49
6901 52
6902 29
6903 44
6904 2
6905 11
6906 9
6907 3
6908 16
6909 5
6910 6
6911 57
6912 4
6913 8
6914 5
6915 9
6916 19
6917 31
6918 12
6919 4
6920 11
6921 46
6922 48
6923 30
6924 51
6925 3
6926 18
6927 88
6928 20
6929 63
6930 33
6931 52
6932 25
6933 12
6934 35
6935 23
6936 58
6937 8
6938 10
6939 49
6940 31
6941 13
6942 3
6943 23
6944 8
6945 8
6946 6
6947 6
6948 11
6949 71
6950 37
6951 13
6952 8
6953 32
6954 19
6955 52
6956 9
6957 0
6958 7
6959 8
6960 2
6961 48
6962 10
6963 30
6964 33
6965 7
6966 36
6967 56
6968 3
6969 13
6970 83
6971 6
6972 15
6973 10
6974 54
6975 9
6976 5
6977 18
6978 18
6979 62
6980 51
6981 4
6982 15
6983 3
6984 44
6985 37
6986 7
6987 19
6988 23
6989 8
6990 36
6991 3
6992 7
6993 15
6994 27
6995 18
6996 1
6997 5
6998 10
6999 96
7000 16
7001 53
7002 0
7003 20
7004 40
7005 19
7006 9
7007 22
7008 12
7009 0
7010 12
7011 9
7012 20
7013 34
7014 14
7015 1
7016 12
7017 36
7018 19
7019 14
7020 1
7021 21
7022 9
7023 12
7024 14
7025 4
7026 9
7027 17
7028 17
7029 8
7030 7
7031 20
7032 47
7033 10
7034 5
7035 14
7036 2
7037 5
7038 18
7039 87
7040 1
7041 24
7042 30
7043 22
7044 4
7045 18
7046 20
7047 15
7048 0
7049 4
7050 3
7051 20
7052 55
7053 61
7054 0
7055 11
7056 15
7057 11
7058 44
7059 6
7060 13
7061 10
7062 1
7063 16
7064 0
7065 0
7066 18
7067 7
7068 35
7069 47
7070 35
7071 19
7072 18
7073 8
7074 11
7075 74
7076 16
7077 83
7078 4
7079 9
7080 54
7081 10
7082 56
7083 32
7084 15
7085 15
7086 41
7087 11
7088 14
7089 18
7090 27
7091 8
7092 12
7093 10
7094 13
7095 21
7096 77
7097 0
7098 4
7099 9
7100 39
7101 34
7102 3
7103 12
7104 3
7105 42
7106 3
7107 16
7108 3
7109 16
7110 3
7111 44
7112 1
7113 6
7114 23
7115 8
7116 40
7117 3
7118 12
7119 6
7120 19
7121 25
7122 5
7123 10
7124 14
7125 1
7126 23
7127 22
7128 1
7129 35
7130 16
7131 18
7132 9
7133 2
7134 32
7135 23
7136 6
7137 6
7138 15
7139 30
7140 11
7141 52
7142 12
7143 6
7144 23
7145 7
7146 6
7147 15
7148 18
7149 15
7150 12
7151 18
7152 3
7153 1
7154 42
7155 18
7156 15
7157 65
7158 16
7159 6
7160 0
7161 5
7162 7
7163 3
7164 1
7165 46
7166 8
7167 24
7168 35
7169 15
7170 13
7171 0
7172 12
7173 6
7174 5
7175 57
7176 2
7177 44
7178 60
7179 11
7180 2
7181 30
7182 16
7183 53
7184 6
7185 20
7186 15
7187 11
7188 59
7189 71
7190 42
7191 7
7192 28
7193 16
7194 20
7195 28
7196 14
7197 31
7198 0
7199 43
7200 1
7201 83
7202 15
7203 32
7204 25
7205 11
7206 9
7207 14
7208 55
7209 48
7210 11
7211 71
7212 2
7213 2
7214 30
7215 0
7216 73
7217 15
7218 41
7219 45
7220 5
7221 0
7222 3
7223 10
7224 35
7225 29
7226 4
7227 50
7228 1
7229 6
7230 18
7231 15
7232 0
7233 51
7234 0
7235 67
7236 12
7237 2
7238 4
7239 7
7240 5
7241 15
7242 32
7243 59
7244 6
7245 2
7246 56
7247 9
7248 65
7249 13
7250 4
7251 6
7252 42
7253 0
7254 86
7255 6
7256 5
7257 7
7258 5
7259 43
7260 92
7261 18
7262 40
7263 6
7264 50
7265 17
7266 48
7267 21
7268 5
7269 40
7270 2
7271 41
7272 7
7273 32
7274 6
7275 15
7276 11
7277 41
7278 0
7279 18
7280 63
7281 39
7282 6
7283 22
7284 24
7285 4
7286 40
7287 8
7288 4
7289 27
7290 43
7291 5
7292 40
7293 64
7294 5
7295 54
7296 8
7297 2
7298 6
7299 28
7300 49
7301 13
7302 43
7303 21
7304 20
7305 24
7306 24
7307 2
7308 45
7309 30
7310 54
7311 8
7312 5
7313 23
7314 0
7315 2
7316 7
7317 29
7318 2
7319 8
7320 52
7321 14
7322 4
7323 45
7324 18
7325 58
7326 32
7327 5
7328 64
7329 3
7330 3
7331 26
7332 7
7333 53
7334 2
7335 20
7336 20
7337 7
7338 9
7339 17
7340 33
7341 2
7342 49
7343 48
7344 41
7345 6
7346 57
7347 5
7348 66
7349 49
7350 64
7351 85
7352 20
7353 41
7354 1
7355 51
7356 31
7357 4
7358 15
7359 6
7360 27
7361 8
7362 2
7363 3
7364 57
7365 1
7366 11
7367 2
7368 2
7369 25
7370 45
7371 0
7372 27
7373 0
7374 18
7375 31
7376 36
7377 2
7378 1
7379 36
7380 36
7381 61
7382 11
7383 27
7384 7
7385 50
7386 28
7387 7
7388 38
7389 30
7390 3
7391 5
7392 3
7393 52
7394 0
7395 58
7396 91
7397 16
7398 32
7399 47
7400 23
7401 35
7402 30
7403 8
7404 79
7405 7
7406 49
7407 6
7408 1
7409 17
7410 74
7411 3
7412 1
7413 82
7414 8
7415 51
7416 25
7417 58
7418 10
7419 13
7420 66
7421 3
7422 2
7423 16
7424 39
7425 36
7426 78
7427 8
7428 46
7429 48
7430 10
7431 4
7432 65
7433 4
7434 31
7435 10
7436 49
7437 54
7438 37
7439 7
7440 7
7441 0
7442 2
7443 55
7444 59
7445 17
7446 28
7447 39
7448 8
7449 7
7450 48
7451 38
7452 3
7453 6
7454 38
7455 1
7456 22
7457 9
7458 30
7459 66
7460 34
7461 44
7462 6
7463 2
7464 35
7465 7
7466 1
7467 61
7468 27
7469 4
7470 66
7471 98
7472 33
7473 67
7474 2
7475 2
7476 33
7477 8
7478 18
7479 20
7480 44
7481 0
7482 6
7483 18
7484 2
7485 82
7486 72
7487 22
7488 3
7489 39
7490 67
7491 7
7492 6
7493 3
7494 2
7495 21
7496 3
7497 33
7498 26
7499 1
7500 91
7501 0
7502 46
7503 4
7504 23
7505 21
7506 2
7507 3
7508 5
7509 22
7510 23
7511 22
7512 6
7513 79
7514 26
7515 58
7516 51
7517 5
7518 7
7519 46
7520 27
7521 97
7522 35
7523 2
7524 3
7525 5
7526 72
7527 38
7528 6
7529 27
7530 70
7531 27
7532 46
7533 10
7534 22
7535 13
7536 8
7537 31
7538 43
7539 7
7540 17
7541 1
7542 1
7543 14
7544 6
7545 8
7546 51
7547 1
7548 53
7549 6
7550 0
7551 14
7552 56
7553 5
7554 27
7555 59
7556 0
7557 8
7558 35
7559 26
7560 34
7561 6
7562 12
7563 13
7564 2
7565 43
7566 17
7567 8
7568 2
7569 21
7570 4
7571 15
7572 4
7573 62
7574 2
7575 33
7576 24
7577 47
7578 14
7579 8
7580 0
7581 73
7582 6
7583 9
7584 9
7585 63
7586 4
7587 3
7588 0
7589 53
7590 63
7591 4
7592 12
7593 4
7594 13
7595 3
7596 24
7597 4
7598 7
7599 84
7600 12
7601 33
7602 2
7603 67
7604 47
7605 38
7606 0
7607 54
7608 7
7609 5
7610 2
7611 13
7612 30
7613 37
7614 41
7615 6
7616 80
7617 22
7618 63
7619 26
7620 7
7621 54
7622 7
7623 7
7624 52
7625 9
7626 38
7627 2
7628 52
7629 35
7630 62
7631 6
7632 33
7633 35
7634 2
7635 9
7636 49
7637 5
7638 9
7639 14
7640 30
7641 11
7642 5
7643 6
7644 0
7645 92
7646 13
7647 12
7648 8
7649 25
7650 9
7651 4
7652 55
7653 12
7654 4
7655 5
7656 90
7657 1
7658 13
7659 13
7660 99
7661 79
7662 32
7663 9
7664 61
7665 83
7666 2
7667 47
7668 15
7669 15
7670 23
7671 17
7672 49
7673 58
7674 4
7675 59
7676 18
7677 14
7678 7
7679 38
7680 31
7681 8
7682 26
7683 44
7684 13
7685 2
7686 20
7687 45
7688 14
7689 55
7690 0
7691 7
7692 0
7693 42
7694 35
7695 2
7696 13
7697 2
7698 29
7699 62
7700 42
7701 28
7702 24
7703 57
7704 7
7705 17
7706 62
7707 80
7708 81
7709 2
7710 10
7711 29
7712 75
7713 17
7714 24
7715 16
7716 14
7717 37
7718 12
7719 47
7720 45
7721 1
7722 1
7723 4
7724 26
7725 12
7726 33
7727 5
7728 7
7729 2
7730 0
7731 8
7732 56
7733 19
7734 42
7735 82
7736 11
7737 4
7738 28
7739 21
7740 4
7741 13
7742 11
7743 32
7744 70
7745 42
7746 2
7747 5
7748 2
7749 26
7750 25
7751 34
7752 6
7753 51
7754 5
7755 1
7756 46
7757 1
7758 14
7759 16
7760 7
7761 50
7762 26
7763 45
7764 50
7765 3
7766 40
7767 6
7768 28
7769 1
7770 76
7771 70
7772 6
7773 44
7774 72
7775 56
7776 8
7777 26
7778 8
7779 61
7780 3
7781 14
7782 38
7783 4
7784 3
7785 39
7786 23
7787 9
7788 7
7789 77
7790 32
7791 75
7792 14
7793 8
7794 4
7795 6
7796 53
7797 9
7798 78
7799 28
7800 27
7801 10
7802 6
7803 7
7804 1
7805 21
7806 1
7807 7
7808 63
7809 69
7810 2
7811 10
7812 0
7813 5
7814 6
7815 28
7816 15
7817 15
7818 28
7819 9
7820 9
7821 8
7822 6
7823 47
7824 29
7825 7
7826 1
7827 53
7828 8
7829 41
7830 9
7831 1
7832 21
7833 41
7834 5
7835 2
7836 79
7837 0
7838 2
7839 38
7840 5
7841 0
7842 0
7843 10
7844 11
7845 5
7846 2
7847 70
7848 2
7849 12
7850 10
7851 45
7852 29
7853 28
7854 4
7855 34
7856 9
7857 44
7858 19
7859 53
7860 14
7861 30
7862 28
7863 55
7864 16
7865 9
7866 51
7867 5
7868 1
7869 29
7870 20
7871 1
7872 9
7873 14
7874 22
7875 49
7876 2
7877 64
7878 13
7879 73
7880 5
7881 13
7882 9
7883 31
7884 2
7885 4
7886 55
7887 4
7888 19
7889 6
7890 19
7891 6
7892 8
7893 61
7894 7
7895 12
7896 55
7897 38
7898 16
7899 14
7900 38
7901 13
7902 28
7903 10
7904 2
7905 42
7906 13
7907 35
7908 21
7909 21
7910 0
7911 13
7912 1
7913 11
7914 2
7915 0
7916 1
7917 11
7918 35
7919 1
7920 6
7921 17
7922 3
7923 6
7924 9
7925 2
7926 0
7927 45
7928 5
7929 1
7930 11
7931 12
7932 18
7933 2
7934 9
7935 0
7936 8
7937 58
7938 4
7939 3
7940 13
7941 11
7942 11
7943 6
7944 16
7945 12
7946 58
7947 75
7948 15
7949 52
7950 0
7951 58
7952 8
7953 34
7954 29
7955 35
7956 27
7957 44
7958 10
7959 8
7960 32
7961 39
7962 33
7963 60
7964 15
7965 52
7966 6
7967 36
7968 7
7969 3
7970 11
7971 21
7972 5
7973 8
7974 16
7975 8
7976 11
7977 60
7978 10
7979 29
7980 29
7981 3
7982 3
7983 2
7984 21
7985 4
7986 14
7987 15
7988 13
7989 2
7990 16
7991 10
7992 55
7993 4
7994 34
7995 93
7996 26
7997 44
7998 44
7999 71
8000 11
8001 2
8002 60
8003 14
8004 14
8005 20
8006 91
8007 0
8008 61
8009 12
8010 26
8011 2
8012 24
8013 4
8014 9
8015 36
8016 1
8017 51
8018 1
8019 5
8020 7
8021 91
8022 11
8023 50
8024 9
8025 14
8026 18
8027 5
8028 11
8029 5
8030 11
8031 8
8032 37
8033 4
8034 60
8035 58
8036 8
8037 4
8038 9
8039 23
8040 5
8041 10
8042 26
8043 12
8044 0
8045 0
8046 9
8047 16
8048 4
8049 4
8050 43
8051 50
8052 7
8053 5
8054 9
8055 13
8056 8
8057 5
8058 24
8059 2
8060 19
8061 14
8062 5
8063 48
8064 25
8065 1
8066 13
8067 0
8068 16
8069 12
8070 13
8071 12
8072 11
8073 7
8074 16
8075 3
8076 13
8077 17
8078 26
8079 22
8080 18
8081 15
8082 16
8083 6
8084 19
8085 18
8086 20
8087 12
8088 30
8089 2
8090 19
8091 6
8092 18
8093 8
8094 65
8095 21
8096 17
8097 8
8098 16
8099 23
8100 0
8101 5
8102 24
8103 15
8104 51
8105 15
8106 9
8107 15
8108 11
8109 16
8110 9
8111 15
8112 18
8113 14
8114 36
8115 2
8116 19
8117 19
8118 17
8119 7
8120 18
8121 0
8122 4
8123 35
8124 2
8125 4
8126 47
8127 2
8128 63
8129 0
8130 0
8131 10
8132 10
8133 36
8134 14
8135 14
8136 56
8137 2
8138 18
8139 10
8140 31
8141 15
8142 37
8143 19
8144 12
8145 12
8146 2
8147 6
8148 20
8149 10
8150 52
8151 10
8152 8
8153 6
8154 14
8155 2
8156 81
8157 13
8158 12
8159 51
8160 12
8161 73
8162 18
8163 6
8164 22
8165 17
8166 44
8167 52
8168 14
8169 2
8170 0
8171 1
8172 11
8173 23
8174 26
8175 18
8176 52
8177 59
8178 81
8179 14
8180 3
8181 2
8182 16
8183 37
8184 74
8185 58
8186 20
8187 36
8188 24
8189 28
8190 104
8191 9
8192 13
8193 37
8194 9
8195 20
8196 13
8197 4
8198 15
8199 68
8200 37
8201 19
8202 4
8203 61
8204 39
8205 29
8206 73
8207 18
8208 57
8209 59
8210 7
8211 59
8212 14
8213 60
8214 29
8215 89
8216 17
8217 16
8218 13
8219 60
8220 15
8221 24
8222 17
8223 0
8224 15
8225 11
8226 28
8227 58
8228 56
8229 35
8230 73
8231 18
8232 16
8233 54
8234 19
8235 54
8236 0
8237 10
8238 59
8239 57
8240 32
8241 42
8242 22
8243 75
8244 13
8245 13
8246 66
8247 12
8248 14
8249 8
8250 18
8251 45
8252 74
8253 20
8254 24
8255 56
8256 0
8257 18
8258 54
8259 35
8260 20
8261 54
8262 55
8263 29
8264 58
8265 21
8266 17
8267 0
8268 77
8269 46
8270 50
8271 56
8272 47
8273 46
8274 68
8275 23
8276 33
8277 57
8278 70
8279 6
8280 36
8281 11
8282 59
8283 17
8284 18
8285 16
8286 24
8287 50
8288 23
8289 43
8290 26
8291 62
8292 66
8293 25
8294 81
8295 44
8296 24
8297 5
8298 66
8299 4
8300 18
8301 17
8302 60
8303 26
8304 39
8305 60
8306 23
8307 92
8308 75
8309 20
8310 22
8311 9
8312 74
8313 20
8314 30
8315 76
8316 21
8317 13
8318 20
8319 88
8320 72
8321 22
8322 45
8323 14
8324 45
8325 54
8326 46
8327 0
8328 39
8329 54
8330 32
8331 37
8332 40
8333 42
8334 11
8335 15
8336 11
8337 43
8338 50
8339 28
8340 21
8341 17
8342 0
8343 21
8344 10
8345 0
8346 22
8347 99
8348 14
8349 7
8350 25
8351 28
8352 66
8353 61
8354 34
8355 83
8356 20
8357 80
8358 55
8359 32
8360 2
8361 81
8362 0
8363 31
8364 3
8365 23
8366 50
8367 60
8368 24
8369 50
8370 51
8371 23
8372 20
8373 35
8374 97
8375 40
8376 84
8377 25
8378 78
8379 14
8380 19
8381 30
8382 65
8383 72
8384 85
8385 20
8386 32
8387 0
8388 45
8389 40
8390 24
8391 29
8392 13
8393 49
8394 46
8395 38
8396 54
8397 63
8398 56
8399 23
8400 1
8401 73
8402 34
8403 50
8404 90
8405 21
8406 33
8407 65
8408 1
8409 22
8410 23
8411 1
8412 37
8413 27
8414 40
8415 29
8416 41
8417 1
8418 30
8419 26
8420 32
8421 0
8422 34
8423 25
8424 53
8425 67
8426 47
8427 16
8428 58
8429 29
8430 30
8431 58
8432 30
8433 73
8434 35
8435 51
8436 0
8437 36
8438 52
8439 82
8440 35
8441 34
8442 58
8443 8
8444 13
8445 54
8446 10
8447 30
8448 8
8449 19
8450 29
8451 56
8452 56
8453 89
8454 69
8455 15
8456 29
8457 68
8458 56
8459 21
8460 85
8461 36
8462 46
8463 51
8464 5
8465 8
8466 10
8467 5
8468 46
8469 62
8470 68
8471 51
8472 34
8473 1
8474 5
8475 50
8476 0
8477 0
8478 19
8479 11
8480 1
8481 22
8482 7
8483 50
8484 10
8485 0
8486 7
8487 1
8488 76
8489 18
8490 10
8491 20
8492 52
8493 27
8494 93
8495 28
8496 94
8497 97
8498 53
8499 0
8500 1
8501 85
8502 35
8503 22
8504 39
8505 28
8506 43
8507 46
8508 0
8509 47
8510 1
8511 100
8512 76
8513 34
8514 7
8515 14
8516 62
8517 34
8518 34
8519 15
8520 1
8521 30
8522 8
8523 54
8524 8
8525 40
8526 72
8527 4
8528 33
8529 14
8530 46
8531 52
8532 44
8533 56
8534 49
8535 57
8536 10
8537 24
8538 39
8539 10
8540 52
8541 14
8542 72
8543 11
8544 22
8545 59
8546 25
8547 21
8548 43
8549 13
8550 62
8551 1
8552 13
8553 6
8554 0
8555 2
8556 13
8557 31
8558 24
8559 33
8560 24
8561 1
8562 1
8563 0
8564 95
8565 14
8566 0
8567 14
8568 2
8569 3
8570 51
8571 31
8572 1
8573 55
8574 13
8575 71
8576 10
8577 1
8578 10
8579 24
8580 84
8581 55
8582 0
8583 39
8584 44
8585 10
8586 22
8587 44
8588 77
8589 25
8590 39
8591 60
8592 13
8593 60
8594 9
8595 28
8596 0
8597 83
8598 26
8599 4
8600 60
8601 12
8602 21
8603 25
8604 54
8605 36
8606 0
8607 83
8608 72
8609 42
8610 26
8611 14
8612 14
8613 36
8614 14
8615 73
8616 33
8617 15
8618 0
8619 38
8620 9
8621 10
8622 8
8623 77
8624 0
8625 91
8626 3
8627 52
8628 21
8629 82
8630 32
8631 24
8632 25
8633 33
8634 9
8635 51
8636 57
8637 14
8638 48
8639 12
8640 5
8641 52
8642 4
8643 76
8644 43
8645 33
8646 38
8647 71
8648 5
8649 23
8650 0
8651 78
8652 14
8653 53
8654 8
8655 41
8656 64
8657 28
8658 3
8659 15
8660 5
8661 72
8662 53
8663 74
8664 8
8665 24
8666 49
8667 10
8668 79
8669 8
8670 8
8671 10
8672 4
8673 17
8674 43
8675 65
8676 10
8677 78
8678 1
8679 42
8680 29
8681 0
8682 5
8683 3
8684 42
8685 11
8686 10
8687 13
8688 13
8689 68
8690 0
8691 34
8692 21
8693 69
8694 19
8695 14
8696 13
8697 10
8698 5
8699 24
8700 0
8701 3
8702 13
8703 4
8704 0
8705 35
8706 54
8707 22
8708 32
8709 0
8710 32
8711 24
8712 57
8713 81
8714 32
8715 33
8716 30
8717 11
8718 30
8719 24
8720 2
8721 59
8722 64
8723 2
8724 62
8725 53
8726 65
8727 2
8728 2
8729 1
8730 44
8731 22
8732 100
8733 12
8734 57
8735 17
8736 41
8737 52
8738 24
8739 26
8740 13
8741 17
8742 11
8743 9
8744 32
8745 66
8746 62
8747 56
8748 15
8749 63
8750 46
8751 50
8752 7
8753 15
8754 41
8755 17
8756 77
8757 1
8758 17
8759 25
8760 34
8761 50
8762 50
8763 0
8764 6
8765 56
8766 6
8767 2
8768 39
8769 60
8770 1
8771 6
8772 47
8773 11
8774 1
8775 69
8776 78
8777 61
8778 59
8779 15
8780 1
8781 97
8782 0
8783 17
8784 6
8785 15
8786 26
8787 5
8788 20
8789 20
8790 0
8791 23
8792 7
8793 32
8794 4
8795 45
8796 6
8797 5
8798 33
8799 9
8800 4
8801 3
8802 95
8803 46
8804 49
8805 8
8806 8
8807 22
8808 72
8809 49
8810 56
8811 5
8812 4
8813 67
8814 9
8815 50
8816 23
8817 8
8818 27
8819 10
8820 19
8821 14
8822 4
8823 43
8824 27
8825 27
8826 3
8827 4
8828 56
8829 63
8830 7
8831 21
8832 61
8833 64
8834 2
8835 6
8836 11
8837 3
8838 25
8839 26
8840 1
8841 4
8842 0
8843 10
8844 21
8845 0
8846 3
8847 1
8848 63
8849 4
8850 5
8851 72
8852 11
8853 1
8854 24
8855 38
8856 13
8857 5
8858 5
8859 46
8860 1
8861 25
8862 2
8863 5
8864 4
8865 8
8866 3
8867 7
8868 26
8869 29
8870 34
8871 94
8872 43
8873 56
8874 12
8875 25
8876 53
8877 3
8878 6
8879 25
8880 12
8881 13
8882 47
8883 22
8884 3
8885 26
8886 19
8887 27
8888 29
8889 53
8890 4
8891 5
8892 7
8893 14
8894 1
8895 3
8896 2
8897 25
8898 57
8899 95
8900 0
8901 3
8902 31
8903 97
8904 58
8905 30
8906 49
8907 9
8908 4
8909 1
8910 13
8911 22
8912 2
8913 86
8914 27
8915 6
8916 29
8917 13
8918 6
8919 11
8920 8
8921 17
8922 18
8923 2
8924 31
8925 7
8926 48
8927 51
8928 7
8929 9
8930 6
8931 0
8932 51
8933 10
8934 4
8935 6
8936 13
8937 28
8938 12
8939 8
8940 6
8941 13
8942 51
8943 22
8944 1
8945 9
8946 45
8947 22
8948 13
8949 21
8950 31
8951 0
8952 1
8953 34
8954 35
8955 3
8956 0
8957 49
8958 36
8959 8
8960 1
8961 14
8962 1
8963 36
8964 7
8965 6
8966 61
8967 47
8968 12
8969 3
8970 66
8971 8
8972 71
8973 75
8974 34
8975 68
8976 4
8977 0
8978 27
8979 33
8980 21
8981 5
8982 57
8983 71
8984 6
8985 11
8986 8
8987 31
8988 7
8989 22
8990 0
8991 10
8992 2
8993 58
8994 81
8995 6
8996 33
8997 27
8998 53
8999 28
9000 49
9001 21
9002 5
9003 8
9004 11
9005 55
9006 25
9007 38
9008 51
9009 20
9010 45
9011 15
9012 47
9013 23
9014 4
9015 0
9016 10
9017 21
9018 16
9019 15
9020 30
9021 7
9022 16
9023 6
9024 14
9025 38
9026 19
9027 3
9028 10
9029 18
9030 31
9031 9
9032 10
9033 75
9034 15
9035 14
9036 7
9037 28
9038 18
9039 0
9040 85
9041 2
9042 0
9043 79
9044 19
9045 24
9046 14
9047 5
9048 8
9049 1
9050 22
9051 8
9052 64
9053 11
9054 11
9055 9
9056 33
9057 16
9058 9
9059 6
9060 13
9061 25
9062 14
9063 19
9064 12
9065 33
9066 46
9067 27
9068 19
9069 3
9070 10
9071 36
9072 35
9073 26
9074 9
9075 14
9076 0
9077 81
9078 22
9079 12
9080 10
9081 47
9082 6
9083 63
9084 6
9085 1
9086 18
9087 19
9088 57
9089 13
9090 37
9091 31
9092 13
9093 17
9094 11
9095 5
9096 81
9097 0
9098 35
9099 7
9100 20
9101 7
9102 9
9103 9
9104 7
9105 11
9106 1
9107 30
9108 34
9109 53
9110 23
9111 42
9112 3
9113 77
9114 17
9115 24
9116 16
9117 27
9118 14
9119 35
9120 60
9121 8
9122 14
9123 7
9124 73
9125 8
9126 33
9127 1
9128 55
9129 10
9130 33
9131 28
9132 14
9133 3
9134 24
9135 12
9136 6
9137 20
9138 38
9139 20
9140 3
9141 3
9142 14
9143 3
9144 33
9145 5
9146 20
9147 22
9148 12
9149 5
9150 15
9151 4
9152 17
9153 7
9154 2
9155 26
9156 33
9157 35
9158 20
9159 3
9160 8
9161 6
9162 1
9163 5
9164 0
9165 16
9166 12
9167 6
9168 28
9169 5
9170 16
9171 15
9172 62
9173 6
9174 6
9175 6
9176 13
9177 4
9178 17
9179 12
9180 4
9181 9
9182 39
9183 57
9184 0
9185 8
9186 17
9187 52
9188 40
9189 69
9190 17
9191 26
9192 4
9193 7
9194 7
9195 18
9196 29
9197 13
9198 2
9199 17
9200 3
9201 35
9202 9
9203 0
9204 38
9205 5
9206 0
9207 0
9208 10
9209 19
9210 30
9211 11
9212 18
9213 9
9214 9
9215 59
9216 63
9217 62
9218 16
9219 20
9220 15
9221 2
9222 60
9223 12
9224 51
9225 2
9226 16
9227 68
9228 19
9229 8
9230 28
9231 1
9232 0
9233 57
9234 25
9235 10
9236 76
9237 0
9238 67
9239 56
9240 70
9241 1
9242 41
9243 7
9244 19
9245 6
9246 16
9247 25
9248 89
9249 20
9250 52
9251 1
9252 1
9253 1
9254 19
9255 4
9256 4
9257 0
9258 16
9259 64
9260 36
9261 67
9262 0
9263 22
9264 1
9265 29
9266 11
9267 18
9268 30
9269 60
9270 1
9271 1
9272 68
9273 36
9274 33
9275 34
9276 13
9277 29
9278 0
9279 5
9280 20
9281 35
9282 12
9283 12
9284 18
9285 33
9286 7
9287 20
9288 25
9289 38
9290 41
9291 1
9292 2
9293 5
9294 7
9295 19
9296 29
9297 40
9298 29
9299 8
9300 81
9301 15
9302 64
9303 2
9304 6
9305 87
9306 6
9307 7
9308 0
9309 2
9310 1
9311 5
9312 1
9313 4
9314 2
9315 37
9316 3
9317 28
9318 6
9319 41
9320 2
9321 22
9322 3
9323 36
9324 4
9325 39
9326 92
9327 8
9328 70
9329 2
9330 20
9331 28
9332 8
9333 37
9334 7
9335 24
9336 3
9337 17
9338 15
9339 13
9340 0
9341 28
9342 27
9343 2
9344 1
9345 5
9346 16
9347 13
9348 45
9349 5
9350 28
9351 28
9352 20
9353 42
9354 21
9355 37
9356 8
9357 28
9358 89
9359 43
9360 8
9361 38
9362 8
9363 43
9364 0
9365 49
9366 54
9367 24
9368 20
9369 6
9370 5
9371 0
9372 4
9373 29
9374 31
9375 57
9376 56
9377 16
9378 17
9379 20
9380 34
9381 16
9382 25
9383 51
9384 70
9385 58
9386 11
9387 32
9388 0
9389 7
9390 4
9391 49
9392 16
9393 55
9394 21
9395 17
9396 3
9397 45
9398 1
9399 3
9400 0
9401 16
9402 0
9403 4
9404 23
9405 4
9406 16
9407 53
9408 27
9409 7
9410 17
9411 70
9412 3
9413 43
9414 35
9415 0
9416 3
9417 40
9418 40
9419 7
9420 8
9421 72
9422 5
9423 1
9424 1
9425 51
9426 35
9427 25
9428 42
9429 80
9430 74
9431 75
9432 6
9433 26
9434 12
9435 58
9436 38
9437 69
9438 2
9439 15
9440 34
9441 53
9442 41
9443 49
9444 7
9445 61
9446 4
9447 1
9448 34
9449 7
9450 68
9451 19
9452 0
9453 54
9454 58
9455 0
9456 2
9457 45
9458 84
9459 4
9460 4
9461 29
9462 67
9463 4
9464 55
9465 0
9466 55
9467 0
9468 3
9469 3
9470 0
9471 83
9472 40
9473 3
9474 6
9475 69
9476 39
9477 2
9478 40
9479 28
9480 94
9481 93
9482 2
9483 21
9484 17
9485 10
9486 6
9487 0
9488 47
9489 4
9490 3
9491 22
9492 81
9493 55
9494 6
9495 16
9496 3
9497 10
9498 0
9499 7
9500 17
9501 7
9502 39
9503 4
9504 3
9505 38
9506 46
9507 7
9508 49
9509 6
9510 7
9511 23
9512 25
9513 35
9514 34
9515 69
9516 88
9517 54
9518 2
9519 27
9520 34
9521 76
9522 20
9523 31
9524 22
9525 4
9526 69
9527 28
9528 3
9529 51
9530 26
9531 2
9532 34
9533 45
9534 31
9535 2
9536 2
9537 89
9538 6
9539 46
9540 35
9541 8
9542 60
9543 23
9544 7
9545 7
9546 31
9547 7
9548 2
9549 70
9550 7
9551 5
9552 14
9553 88
9554 87
9555 6
9556 14
9557 91
9558 55
9559 7
9560 20
9561 10
9562 68
9563 50
9564 22
9565 79
9566 4
9567 70
9568 16
9569 3
9570 26
9571 58
9572 80
9573 7
9574 14
9575 30
9576 24
9577 3
9578 5
9579 13
9580 24
9581 7
9582 8
9583 34
9584 13
9585 27
9586 37
9587 39
9588 26
9589 6
9590 14
9591 27
9592 53
9593 2
9594 7
9595 60
9596 40
9597 8
9598 53
9599 22
9600 49
9601 1
9602 57
9603 94
9604 39
9605 4
9606 49
9607 6
9608 5
9609 28
9610 4
9611 4
9612 41
9613 31
9614 84
9615 25
9616 6
9617 28
9618 8
9619 24
9620 9
9621 25
9622 17
9623 5
9624 1
9625 0
9626 4
9627 9
9628 34
9629 2
9630 10
9631 80
9632 31
9633 42
9634 14
9635 4
9636 36
9637 0
9638 13
9639 37
9640 15
9641 12
9642 11
9643 13
9644 60
9645 5
9646 2
9647 4
9648 12
9649 91
9650 41
9651 43
9652 11
9653 26
9654 5
9655 5
9656 3
9657 35
9658 10
9659 24
9660 41
9661 3
9662 90
9663 67
9664 67
9665 7
9666 11
9667 3
9668 8
9669 3
9670 14
9671 4
9672 60
9673 1
9674 7
9675 14
9676 81
9677 8
9678 91
9679 49
9680 48
9681 9
9682 47
9683 33
9684 6
9685 2
9686 9
9687 15
9688 39
9689 12
9690 9
9691 1
9692 36
9693 82
9694 12
9695 43
9696 6
9697 0
9698 56
9699 14
9700 10
9701 6
9702 26
9703 25
9704 36
9705 14
9706 52
9707 11
9708 7
9709 68
9710 12
9711 11
9712 75
9713 62
9714 12
9715 21
9716 11
9717 3
9718 7
9719 14
9720 11
9721 14
9722 17
9723 5
9724 33
9725 9
9726 28
9727 66
9728 69
9729 55
9730 86
9731 21
9732 0
9733 0
9734 61
9735 61
9736 24
9737 21
9738 58
9739 1
9740 27
9741 15
9742 45
9743 91
9744 17
9745 30
9746 62
9747 57
9748 28
9749 13
9750 6
9751 2
9752 19
9753 73
9754 53
9755 75
9756 10
9757 17
9758 2
9759 22
9760 43
9761 7
9762 1
9763 54
9764 2
9765 22
9766 74
9767 46
9768 4
9769 1
9770 15
9771 64
9772 45
9773 4
9774 43
9775 4
9776 2
9777 36
9778 7
9779 2
9780 56
9781 84
9782 45
9783 4
9784 50
9785 56
9786 26
9787 23
9788 5
9789 1
9790 38
9791 52
9792 25
9793 78
9794 16
9795 3
9796 72
9797 64
9798 19
9799 3
9800 85
9801 44
9802 33
9803 75
9804 32
9805 45
9806 2
9807 26
9808 5
9809 0
9810 1
9811 44
9812 5
9813 54
9814 0
9815 3
9816 8
9817 1
9818 31
9819 0
9820 8
9821 82
9822 23
9823 43
9824 19
9825 68
9826 1
9827 1
9828 5
9829 2
9830 21
9831 87
9832 6
9833 18
9834 96
9835 69
9836 9
9837 24
9838 28
9839 0
9840 7
9841 64
9842 8
9843 60
9844 9
9845 68
9846 27
9847 1
9848 8
9849 6
9850 98
9851 2
9852 5
9853 9
9854 10
9855 27
9856 25
9857 4
9858 68
9859 4
9860 2
9861 36
9862 38
9863 47
9864 9
9865 47
9866 5
9867 10
9868 5
9869 14
9870 8
9871 21
9872 5
9873 40
9874 65
9875 2
9876 7
9877 23
9878 6
9879 21
9880 23
9881 3
9882 47
9883 48
9884 9
9885 25
9886 79
9887 6
9888 7
9889 1
9890 9
9891 49
9892 5
9893 23
9894 45
9895 12
9896 15
9897 0
9898 8
9899 67
9900 33
9901 38
9902 7
9903 7
9904 1
9905 52
9906 13
9907 13
9908 64
9909 12
9910 0
9911 12
9912 1
9913 27
9914 4
9915 50
9916 38
9917 7
9918 54
9919 6
9920 31
9921 42
9922 30
9923 12
9924 55
9925 73
9926 34
9927 8
9928 21
9929 0
9930 3
9931 101
9932 13
9933 9
9934 31
9935 75
9936 47
9937 7
9938 12
9939 13
9940 22
9941 20
9942 9
9943 93
9944 2
9945 34
9946 42
9947 46
9948 5
9949 23
9950 0
9951 44
9952 45
9953 25
9954 31
9955 8
9956 61
9957 12
9958 13
9959 23
9960 16
9961 6
9962 6
9963 10
9964 49
9965 3
9966 0
9967 14
9968 87
9969 13
9970 12
9971 14
9972 61
9973 48
9974 13
9975 9
9976 44
9977 9
9978 59
9979 12
9980 14
9981 37
9982 57
9983 2
9984 28
9985 9
9986 9
9987 59
9988 44
9989 30
9990 10
9991 30
9992 14
9993 86
9994 11
9995 9
9996 38
9997 5
9998 6
9999 10
