0 36
1 24
2 2
3 38
4 38
5 7
6 69
7 25
8 56
9 38
10 57
11 46
12 46
13 36
14 46
15 54
16 48
17 50
18 32
19 8
20 16
21 46
22 70
23 57
24 4
25 38
26 16
27 23
28 30
29 23
30 60
31 40
32 22
33 30
34 50
35 18
36 33
37 54
38 6
39 71
40 69
41 36
42 50
43 5
44 7
45 1
46 60
47 64
48 0
49 22
50 47
51 20
52 0
53 66
54 36
55 16
56 63
57 28
58 67
59 52
60 42
61 11
62 47
63 56
64 42
65 21
66 7
67 41
68 50
69 3
70 71
71 9
72 20
73 33
74 28
75 18
76 43
77 44
78 49
79 33
80 28
81 5
82 49
83 52
84 40
85 71
86 43
87 44
88 36
89 70
90 67
91 41
92 13
93 25
94 8
95 8
96 30
97 37
98 21
99 18
100 57
101 25
102 60
103 20
104 6
105 2
106 47
107 31
108 21
109 21
110 49
111 21
112 29
113 46
114 61
115 42
116 4
117 36
118 59
119 41
120 24
121 53
122 16
123 42
124 25
125 3
126 36
127 69
128 44
129 45
130 25
131 23
132 47
133 17
134 33
135 59
136 26
137 53
138 32
139 12
140 67
141 26
142 66
143 51
144 60
145 25
146 14
147 54
148 26
149 0
150 15
151 16
152 14
153 54
154 46
155 29
156 69
157 64
158 44
159 17
160 14
161 27
162 16
163 27
164 49
165 57
166 19
167 50
168 21
169 24
170 46
171 27
172 17
173 11
174 49
175 0
176 44
177 57
178 20
179 36
180 51
181 18
182 8
183 67
184 60
185 62
186 16
187 55
188 35
189 15
190 32
191 53
192 55
193 59
194 50
195 25
196 17
197 27
198 4
199 61
200 17
201 25
202 23
203 58
204 30
205 35
206 17
207 39
208 1
209 24
210 67
211 27
212 55
213 43
214 10
215 49
216 56
217 46
218 26
219 41
220 39
221 26
222 22
223 41
224 22
225 54
226 51
227 26
228 53
229 40
230 49
231 9
232 31
233 48
234 51
235 35
236 54
237 31
238 21
239 61
240 57
241 48
242 37
243 24
244 1
245 25
246 20
247 9
248 22
249 49
250 27
251 43
252 50
253 49
254 53
255 58
256 25
257 11
258 35
259 25
260 10
261 54
262 21
263 55
264 57
265 17
266 40
267 47
268 27
269 58
270 5
271 52
272 42
273 23
274 37
275 57
276 66
277 52
278 42
279 34
280 52
281 16
282 26
283 12
284 44
285 61
286 56
287 24
288 53
289 35
290 64
291 27
292 35
293 24
294 52
295 24
296 30
297 37
298 45
299 20
300 62
301 39
302 24
303 21
304 24
305 32
306 32
307 18
308 56
309 33
310 34
311 30
312 65
313 71
314 9
315 30
316 24
317 28
318 52
319 16
320 4
321 8
322 42
323 38
324 68
325 29
326 40
327 57
328 46
329 4
330 9
331 52
332 1
333 56
334 26
335 49
336 31
337 25
338 60
339 1
340 43
341 23
342 13
343 28
344 61
345 52
346 26
347 51
348 27
349 34
350 56
351 1
352 43
353 20
354 17
355 16
356 53
357 48
358 28
359 26
360 29
361 16
362 55
363 60
364 37
365 1
366 43
367 62
368 20
369 62
370 9
371 6
372 64
373 31
374 62
375 69
376 1
377 70
378 18
379 28
380 21
381 35
382 67
383 26
384 0
385 12
386 32
387 38
388 16
389 32
390 42
391 27
392 44
393 18
394 59
395 44
396 16
397 14
398 21
399 45
400 16
401 54
402 26
403 23
404 48
405 11
406 32
407 43
408 10
409 35
410 42
411 42
412 8
413 9
414 16
415 10
416 59
417 8
418 8
419 12
420 20
421 20
422 25
423 24
424 57
425 4
426 35
427 41
428 27
429 31
430 4
431 24
432 11
433 65
434 26
435 11
436 25
437 15
438 36
439 3
440 1
441 47
442 13
443 34
444 30
445 53
446 31
447 38
448 48
449 6
450 52
451 31
452 9
453 36
454 50
455 59
456 19
457 4
458 30
459 6
460 26
461 6
462 36
463 47
464 10
465 9
466 55
467 33
468 57
469 26
470 65
471 68
472 15
473 45
474 3
475 15
476 12
477 16
478 61
479 58
480 29
481 41
482 67
483 17
484 9
485 46
486 31
487 31
488 24
489 50
490 43
491 51
492 11
493 9
494 8
495 16
496 4
497 13
498 13
499 25
500 32
501 57
502 68
503 10
504 17
505 59
506 35
507 53
508 45
509 14
510 64
511 1
512 40
513 10
514 56
515 10
516 56
517 15
518 15
519 11
520 10
521 36
522 46
523 54
524 0
525 15
526 60
527 15
528 14
529 42
530 19
531 22
532 47
533 36
534 17
535 63
536 1
537 19
538 2
539 20
540 60
541 50
542 2
543 20
544 64
545 25
546 28
547 43
548 2
549 38
550 11
551 54
552 34
553 2
554 41
555 57
556 18
557 5
558 2
559 15
560 2
561 47
562 36
563 22
564 36
565 36
566 66
567 41
568 46
569 18
570 64
571 60
572 1
573 57
574 14
575 63
576 53
577 13
578 3
579 4
580 66
581 19
582 14
583 31
584 27
585 5
586 16
587 24
588 48
589 38
590 69
591 3
592 29
593 23
594 36
595 6
596 9
597 5
598 3
599 27
600 33
601 49
602 30
603 20
604 1
605 3
606 41
607 65
608 25
609 47
610 69
611 22
612 11
613 44
614 1
615 54
616 28
617 5
618 63
619 55
620 24
621 3
622 26
623 18
624 4
625 20
626 55
627 44
628 67
629 55
630 9
631 20
632 49
633 45
634 38
635 59
636 4
637 20
638 4
639 68
640 36
641 65
642 16
643 28
644 28
645 3
646 0
647 26
648 33
649 37
650 37
651 44
652 6
653 51
654 45
655 4
656 28
657 26
658 34
659 32
660 55
661 15
662 55
663 37
664 10
665 9
666 10
667 4
668 48
669 38
670 18
671 43
672 31
673 17
674 58
675 24
676 0
677 45
678 59
679 11
680 25
681 55
682 5
683 33
684 61
685 23
686 9
687 16
688 18
689 59
690 0
691 39
692 60
693 11
694 30
695 19
696 0
697 37
698 26
699 0
700 29
701 43
702 12
703 23
704 41
705 24
706 65
707 30
708 4
709 10
710 2
711 16
712 38
713 5
714 16
715 4
716 48
717 25
718 1
719 5
720 2
721 7
722 21
723 26
724 27
725 44
726 67
727 19
728 22
729 9
730 13
731 27
732 65
733 25
734 5
735 46
736 21
737 17
738 55
739 45
740 39
741 31
742 35
743 21
744 7
745 48
746 58
747 68
748 6
749 57
750 34
751 40
752 62
753 54
754 9
755 19
756 52
757 14
758 20
759 19
760 33
761 7
762 5
763 34
764 0
765 19
766 25
767 23
768 61
769 4
770 5
771 12
772 56
773 63
774 7
775 18
776 14
777 61
778 32
779 19
780 13
781 25
782 40
783 40
784 14
785 2
786 56
787 34
788 53
789 47
790 0
791 12
792 30
793 6
794 8
795 25
796 58
797 4
798 20
799 62
800 4
801 24
802 4
803 24
804 65
805 60
806 33
807 12
808 23
809 2
810 7
811 9
812 15
813 52
814 42
815 3
816 26
817 7
818 17
819 17
820 24
821 29
822 26
823 45
824 35
825 64
826 46
827 32
828 1
829 10
830 3
831 1
832 3
833 3
834 34
835 54
836 8
837 6
838 13
839 11
840 30
841 44
842 15
843 11
844 60
845 4
846 1
847 22
848 8
849 19
850 25
851 8
852 56
853 12
854 32
855 32
856 24
857 6
858 49
859 53
860 31
861 11
862 26
863 19
864 29
865 55
866 8
867 32
868 27
869 7
870 22
871 1
872 13
873 37
874 4
875 24
876 14
877 23
878 6
879 5
880 59
881 28
882 31
883 9
884 21
885 7
886 12
887 59
888 46
889 14
890 16
891 17
892 2
893 14
894 67
895 0
896 39
897 18
898 54
899 32
900 19
901 21
902 16
903 64
904 39
905 17
906 7
907 14
908 55
909 39
910 17
911 11
912 9
913 22
914 32
915 7
916 17
917 59
918 19
919 22
920 1
921 22
922 9
923 8
924 32
925 16
926 9
927 45
928 6
929 3
930 23
931 40
932 34
933 34
934 15
935 45
936 48
937 70
938 12
939 61
940 3
941 9
942 7
943 19
944 42
945 32
946 22
947 13
948 53
949 27
950 45
951 36
952 3
953 9
954 68
955 36
956 6
957 8
958 17
959 30
960 12
961 4
962 35
963 0
964 4
965 11
966 13
967 49
968 27
969 24
970 67
971 41
972 37
973 5
974 21
975 9
976 33
977 21
978 16
979 5
980 43
981 37
982 15
983 58
984 6
985 28
986 6
987 13
988 36
989 42
990 6
991 43
992 0
993 46
994 11
995 19
996 43
997 0
998 50
999 22
1000 31
1001 31
1002 48
1003 9
1004 36
1005 9
1006 12
1007 34
1008 8
1009 61
1010 33
1011 7
1012 45
1013 7
1014 23
1015 22
1016 17
1017 7
1018 21
1019 4
1020 40
1021 47
1022 43
1023 18
1024 42
1025 68
1026 13
1027 57
1028 15
1029 36
1030 21
1031 0
1032 44
1033 11
1034 22
1035 20
1036 23
1037 0
1038 24
1039 59
1040 50
1041 9
1042 6
1043 1
1044 10
1045 42
1046 11
1047 23
1048 70
1049 7
1050 8
1051 30
1052 2
1053 34
1054 31
1055 11
1056 25
1057 17
1058 40
1059 0
1060 41
1061 33
1062 7
1063 9
1064 20
1065 50
1066 3
1067 28
1068 16
1069 62
1070 0
1071 16
1072 13
1073 19
1074 20
1075 41
1076 42
1077 28
1078 20
1079 61
1080 50
1081 21
1082 16
1083 47
1084 20
1085 15
1086 6
1087 34
1088 49
1089 15
1090 7
1091 17
1092 71
1093 17
1094 4
1095 5
1096 23
1097 30
1098 30
1099 9
1100 32
1101 21
1102 19
1103 17
1104 34
1105 23
1106 26
1107 6
1108 56
1109 62
1110 18
1111 23
1112 4
1113 38
1114 14
1115 20
1116 43
1117 23
1118 2
1119 5
1120 26
1121 4
1122 14
1123 67
1124 6
1125 27
1126 53
1127 17
1128 6
1129 5
1130 13
1131 9
1132 3
1133 9
1134 6
1135 7
1136 38
1137 25
1138 19
1139 4
1140 21
1141 9
1142 20
1143 6
1144 27
1145 44
1146 2
1147 19
1148 27
1149 50
1150 6
1151 71
1152 26
1153 31
1154 0
1155 70
1156 36
1157 3
1158 41
1159 1
1160 12
1161 46
1162 2
1163 63
1164 55
1165 7
1166 37
1167 4
1168 45
1169 1
1170 2
1171 12
1172 27
1173 4
1174 15
1175 7
1176 50
1177 5
1178 29
1179 49
1180 47
1181 25
1182 65
1183 1
1184 2
1185 24
1186 1
1187 2
1188 33
1189 29
1190 24
1191 24
1192 51
1193 54
1194 24
1195 61
1196 57
1197 23
1198 0
1199 3
1200 68
1201 4
1202 63
1203 39
1204 24
1205 37
1206 20
1207 35
1208 44
1209 58
1210 1
1211 65
1212 36
1213 17
1214 35
1215 5
1216 26
1217 59
1218 61
1219 29
1220 25
1221 5
1222 16
1223 61
1224 58
1225 24
1226 20
1227 29
1228 3
1229 0
1230 28
1231 0
1232 16
1233 26
1234 8
1235 40
1236 32
1237 60
1238 58
1239 5
1240 43
1241 4
1242 64
1243 8
1244 32
1245 22
1246 19
1247 30
1248 27
1249 35
1250 25
1251 22
1252 2
1253 67
1254 61
1255 18
1256 34
1257 13
1258 0
1259 58
1260 35
1261 25
1262 40
1263 6
1264 7
1265 35
1266 36
1267 52
1268 4
1269 26
1270 19
1271 34
1272 38
1273 31
1274 20
1275 46
1276 1
1277 3
1278 43
1279 57
1280 27
1281 45
1282 11
1283 23
1284 8
1285 23
1286 26
1287 70
1288 20
1289 39
1290 2
1291 33
1292 2
1293 16
1294 65
1295 8
1296 35
1297 34
1298 56
1299 63
1300 42
1301 26
1302 15
1303 26
1304 0
1305 34
1306 8
1307 17
1308 9
1309 5
1310 3
1311 31
1312 34
1313 35
1314 39
1315 39
1316 23
1317 63
1318 32
1319 2
1320 16
1321 24
1322 59
1323 14
1324 58
1325 8
1326 3
1327 8
1328 25
1329 21
1330 14
1331 48
1332 2
1333 25
1334 39
1335 40
1336 66
1337 22
1338 7
1339 14
1340 28
1341 35
1342 66
1343 34
1344 66
1345 5
1346 40
1347 24
1348 4
1349 8
1350 8
1351 37
1352 2
1353 30
1354 29
1355 66
1356 34
1357 25
1358 0
1359 52
1360 1
1361 19
1362 16
1363 30
1364 19
1365 16
1366 45
1367 1
1368 28
1369 29
1370 31
1371 66
1372 3
1373 34
1374 4
1375 8
1376 25
1377 14
1378 15
1379 9
1380 13
1381 16
1382 56
1383 70
1384 8
1385 44
1386 2
1387 35
1388 6
1389 1
1390 49
1391 43
1392 8
1393 13
1394 4
1395 6
1396 5
1397 25
1398 2
1399 64
1400 2
1401 57
1402 34
1403 47
1404 38
1405 67
1406 3
1407 20
1408 38
1409 51
1410 11
1411 16
1412 65
1413 21
1414 16
1415 5
1416 42
1417 62
1418 63
1419 31
1420 28
1421 6
1422 52
1423 8
1424 39
1425 28
1426 29
1427 1
1428 64
1429 15
1430 6
1431 0
1432 69
1433 37
1434 4
1435 30
1436 39
1437 10
1438 38
1439 18
1440 35
1441 0
1442 18
1443 14
1444 6
1445 51
1446 17
1447 50
1448 7
1449 36
1450 8
1451 36
1452 49
1453 2
1454 14
1455 19
1456 3
1457 2
1458 3
1459 15
1460 1
1461 14
1462 1
1463 68
1464 26
1465 45
1466 2
1467 46
1468 3
1469 40
1470 42
1471 30
1472 1
1473 1
1474 10
1475 10
1476 13
1477 4
1478 5
1479 9
1480 50
1481 2
1482 14
1483 31
1484 8
1485 11
1486 33
1487 10
1488 71
1489 31
1490 4
1491 48
1492 0
1493 39
1494 28
1495 37
1496 50
1497 11
1498 3
1499 10
1500 7
1501 17
1502 5
1503 33
1504 15
1505 14
1506 27
1507 9
1508 30
1509 5
1510 6
1511 2
1512 44
1513 38
1514 37
1515 23
1516 11
1517 12
1518 37
1519 9
1520 6
1521 45
1522 42
1523 15
1524 56
1525 69
1526 41
1527 16
1528 11
1529 58
1530 5
1531 17
1532 19
1533 37
1534 6
1535 62
1536 0
1537 31
1538 38
1539 4
1540 36
1541 44
1542 13
1543 36
1544 16
1545 38
1546 13
1547 51
1548 63
1549 69
1550 27
1551 14
1552 0
1553 40
1554 14
1555 37
1556 8
1557 17
1558 61
1559 34
1560 33
1561 22
1562 47
1563 19
1564 14
1565 31
1566 25
1567 22
1568 13
1569 64
1570 3
1571 47
1572 63
1573 68
1574 7
1575 68
1576 2
1577 46
1578 49
1579 22
1580 37
1581 42
1582 42
1583 45
1584 13
1585 41
1586 7
1587 14
1588 0
1589 4
1590 0
1591 5
1592 28
1593 37
1594 5
1595 11
1596 20
1597 50
1598 2
1599 59
1600 10
1601 1
1602 16
1603 36
1604 50
1605 22
1606 20
1607 66
1608 15
1609 52
1610 58
1611 36
1612 23
1613 23
1614 5
1615 66
1616 28
1617 4
1618 23
1619 38
1620 43
1621 18
1622 24
1623 7
1624 23
1625 26
1626 37
1627 10
1628 67
1629 0
1630 15
1631 28
1632 44
1633 45
1634 36
1635 6
1636 23
1637 27
1638 27
1639 3
1640 33
1641 5
1642 1
1643 55
1644 22
1645 49
1646 11
1647 14
1648 7
1649 31
1650 32
1651 2
1652 7
1653 10
1654 7
1655 5
1656 21
1657 2
1658 35
1659 4
1660 26
1661 22
1662 21
1663 44
1664 7
1665 6
1666 25
1667 41
1668 6
1669 15
1670 37
1671 6
1672 37
1673 0
1674 26
1675 1
1676 10
1677 31
1678 1
1679 9
1680 2
1681 32
1682 5
1683 13
1684 29
1685 34
1686 10
1687 10
1688 7
1689 25
1690 27
1691 18
1692 60
1693 2
1694 29
1695 17
1696 29
1697 30
1698 10
1699 30
1700 29
1701 23
1702 55
1703 20
1704 1
1705 61
1706 22
1707 39
1708 45
1709 1
1710 33
1711 6
1712 10
1713 19
1714 68
1715 17
1716 48
1717 2
1718 38
1719 26
1720 25
1721 8
1722 24
1723 3
1724 7
1725 7
1726 49
1727 17
1728 49
1729 32
1730 48
1731 40
1732 6
1733 20
1734 46
1735 3
1736 2
1737 17
1738 48
1739 27
1740 40
1741 49
1742 13
1743 36
1744 67
1745 7
1746 19
1747 5
1748 45
1749 39
1750 5
1751 40
1752 16
1753 37
1754 9
1755 1
1756 10
1757 51
1758 32
1759 6
1760 29
1761 8
1762 25
1763 11
1764 37
1765 4
1766 25
1767 56
1768 0
1769 37
1770 12
1771 7
1772 43
1773 6
1774 30
1775 23
1776 9
1777 14
1778 35
1779 1
1780 15
1781 35
1782 25
1783 3
1784 47
1785 68
1786 16
1787 16
1788 54
1789 47
1790 62
1791 39
1792 12
1793 52
1794 11
1795 4
1796 14
1797 65
1798 52
1799 12
1800 39
1801 0
1802 9
1803 45
1804 25
1805 1
1806 35
1807 0
1808 52
1809 35
1810 26
1811 29
1812 12
1813 3
1814 26
1815 4
1816 15
1817 12
1818 1
1819 28
1820 70
1821 9
1822 8
1823 4
1824 0
1825 6
1826 35
1827 60
1828 9
1829 19
1830 35
1831 63
1832 12
1833 14
1834 1
1835 12
1836 9
1837 7
1838 35
1839 3
1840 15
1841 15
1842 0
1843 19
1844 4
1845 12
1846 34
1847 22
1848 2
1849 22
1850 19
1851 6
1852 0
1853 12
1854 15
1855 6
1856 16
1857 7
1858 6
1859 5
1860 18
1861 1
1862 52
1863 9
1864 10
1865 18
1866 42
1867 4
1868 2
1869 0
1870 31
1871 16
1872 13
1873 26
1874 18
1875 2
1876 11
1877 6
1878 6
1879 30
1880 4
1881 10
1882 46
1883 13
1884 40
1885 13
1886 25
1887 7
1888 43
1889 13
1890 3
1891 9
1892 4
1893 7
1894 32
1895 48
1896 44
1897 42
1898 1
1899 13
1900 1
1901 29
1902 2
1903 9
1904 47
1905 63
1906 12
1907 48
1908 4
1909 0
1910 21
1911 29
1912 54
1913 18
1914 19
1915 5
1916 52
1917 1
1918 48
1919 56
1920 8
1921 12
1922 24
1923 42
1924 5
1925 61
1926 66
1927 8
1928 3
1929 7
1930 17
1931 5
1932 0
1933 5
1934 18
1935 59
1936 12
1937 22
1938 23
1939 49
1940 6
1941 11
1942 9
1943 13
1944 16
1945 18
1946 23
1947 43
1948 10
1949 12
1950 8
1951 8
1952 18
1953 15
1954 1
1955 2
1956 12
1957 12
1958 7
1959 19
1960 9
1961 1
1962 10
1963 9
1964 5
1965 36
1966 1
1967 40
1968 14
1969 4
1970 0
1971 64
1972 27
1973 61
1974 51
1975 2
1976 30
1977 4
1978 8
1979 4
1980 24
1981 24
1982 25
1983 65
1984 23
1985 41
1986 3
1987 2
1988 17
1989 30
1990 2
1991 22
1992 17
1993 12
1994 8
1995 8
1996 12
1997 35
1998 15
1999 21
2000 61
2001 18
2002 47
2003 13
2004 5
2005 36
2006 51
2007 12
2008 18
2009 11
2010 22
2011 7
2012 39
2013 15
2014 18
2015 63
2016 11
2017 4
2018 10
2019 33
2020 34
2021 7
2022 22
2023 13
2024 33
2025 10
2026 18
2027 13
2028 38
2029 6
2030 14
2031 5
2032 8
2033 14
2034 0
2035 61
2036 15
2037 28
2038 7
2039 7
2040 56
2041 28
2042 25
2043 54
2044 2
2045 25
2046 29
2047 50
2048 58
2049 62
2050 17
2051 26
2052 35
2053 22
2054 13
2055 17
2056 7
2057 40
2058 18
2059 2
2060 60
2061 57
2062 11
2063 71
2064 70
2065 35
2066 13
2067 27
2068 65
2069 12
2070 18
2071 21
2072 28
2073 46
2074 7
2075 22
2076 16
2077 10
2078 62
2079 52
2080 18
2081 43
2082 40
2083 63
2084 36
2085 51
2086 22
2087 20
2088 42
2089 14
2090 10
2091 0
2092 21
2093 15
2094 7
2095 11
2096 2
2097 44
2098 23
2099 21
2100 67
2101 62
2102 27
2103 22
2104 43
2105 24
2106 0
2107 5
2108 21
2109 35
2110 21
2111 63
2112 67
2113 37
2114 20
2115 6
2116 36
2117 54
2118 24
2119 12
2120 24
2121 20
2122 43
2123 44
2124 33
2125 62
2126 27
2127 44
2128 40
2129 42
2130 22
2131 10
2132 34
2133 19
2134 19
2135 53
2136 31
2137 65
2138 26
2139 37
2140 49
2141 28
2142 29
2143 20
2144 17
2145 25
2146 23
2147 64
2148 24
2149 51
2150 39
2151 53
2152 56
2153 0
2154 17
2155 24
2156 14
2157 37
2158 16
2159 33
2160 22
2161 5
2162 51
2163 59
2164 25
2165 64
2166 19
2167 20
2168 18
2169 36
2170 37
2171 14
2172 55
2173 54
2174 35
2175 65
2176 10
2177 9
2178 33
2179 16
2180 66
2181 64
2182 65
2183 5
2184 7
2185 66
2186 23
2187 44
2188 31
2189 14
2190 25
2191 27
2192 38
2193 35
2194 15
2195 43
2196 20
2197 37
2198 10
2199 0
2200 25
2201 26
2202 25
2203 58
2204 17
2205 29
2206 31
2207 65
2208 57
2209 21
2210 37
2211 34
2212 51
2213 45
2214 36
2215 59
2216 18
2217 23
2218 5
2219 29
2220 14
2221 21
2222 32
2223 33
2224 27
2225 53
2226 9
2227 7
2228 27
2229 49
2230 59
2231 37
2232 0
2233 66
2234 17
2235 13
2236 40
2237 17
2238 35
2239 54
2240 53
2241 25
2242 2
2243 31
2244 55
2245 21
2246 66
2247 60
2248 17
2249 28
2250 26
2251 68
2252 63
2253 23
2254 34
2255 61
2256 18
2257 54
2258 38
2259 65
2260 29
2261 55
2262 15
2263 10
2264 26
2265 70
2266 20
2267 26
2268 18
2269 56
2270 48
2271 30
2272 39
2273 61
2274 16
2275 1
2276 26
2277 46
2278 0
2279 7
2280 48
2281 31
2282 19
2283 6
2284 14
2285 39
2286 55
2287 44
2288 61
2289 37
2290 47
2291 18
2292 15
2293 47
2294 71
2295 27
2296 4
2297 26
2298 15
2299 45
2300 0
2301 4
2302 8
2303 37
2304 8
2305 52
2306 4
2307 49
2308 39
2309 30
2310 60
2311 35
2312 70
2313 28
2314 55
2315 16
2316 1
2317 27
2318 47
2319 18
2320 9
2321 25
2322 35
2323 41
2324 19
2325 0
2326 14
2327 24
2328 60
2329 40
2330 0
2331 1
2332 19
2333 7
2334 69
2335 18
2336 8
2337 9
2338 27
2339 39
2340 17
2341 48
2342 0
2343 20
2344 65
2345 0
2346 39
2347 9
2348 40
2349 29
2350 0
2351 34
2352 27
2353 58
2354 39
2355 0
2356 21
2357 49
2358 8
2359 23
2360 8
2361 30
2362 13
2363 42
2364 28
2365 16
2366 35
2367 24
2368 18
2369 23
2370 48
2371 13
2372 28
2373 14
2374 23
2375 15
2376 13
2377 60
2378 21
2379 16
2380 1
2381 13
2382 37
2383 25
2384 3
2385 34
2386 15
2387 9
2388 61
2389 35
2390 66
2391 0
2392 3
2393 54
2394 25
2395 51
2396 52
2397 52
2398 19
2399 51
2400 8
2401 0
2402 58
2403 8
2404 70
2405 52
2406 55
2407 21
2408 45
2409 0
2410 46
2411 6
2412 40
2413 26
2414 66
2415 71
2416 38
2417 0
2418 4
2419 4
2420 17
2421 52
2422 6
2423 8
2424 16
2425 6
2426 17
2427 12
2428 20
2429 9
2430 0
2431 6
2432 19
2433 7
2434 30
2435 65
2436 43
2437 12
2438 22
2439 62
2440 15
2441 36
2442 12
2443 51
2444 42
2445 0
2446 35
2447 37
2448 1
2449 13
2450 4
2451 43
2452 4
2453 42
2454 16
2455 11
2456 19
2457 12
2458 11
2459 11
2460 48
2461 11
2462 60
2463 38
2464 31
2465 68
2466 8
2467 3
2468 8
2469 57
2470 3
2471 31
2472 17
2473 63
2474 10
2475 60
2476 15
2477 41
2478 40
2479 1
2480 57
2481 57
2482 1
2483 32
2484 37
2485 9
2486 31
2487 11
2488 30
2489 37
2490 28
2491 13
2492 16
2493 11
2494 0
2495 9
2496 8
2497 4
2498 32
2499 9
2500 10
2501 50
2502 46
2503 14
2504 59
2505 68
2506 15
2507 33
2508 15
2509 37
2510 55
2511 13
2512 27
2513 1
2514 3
2515 38
2516 25
2517 15
2518 11
2519 59
2520 68
2521 6
2522 11
2523 36
2524 52
2525 39
2526 14
2527 8
2528 14
2529 17
2530 13
2531 14
2532 44
2533 28
2534 31
2535 1
2536 0
2537 28
2538 42
2539 8
2540 51
2541 52
2542 41
2543 17
2544 13
2545 38
2546 69
2547 6
2548 52
2549 70
2550 13
2551 58
2552 42
2553 14
2554 43
2555 33
2556 15
2557 3
2558 47
2559 6
2560 15
2561 33
2562 42
2563 14
2564 48
2565 31
2566 1
2567 2
2568 59
2569 63
2570 0
2571 36
2572 61
2573 0
2574 38
2575 43
2576 12
2577 31
2578 68
2579 0
2580 29
2581 35
2582 17
2583 19
2584 2
2585 9
2586 40
2587 15
2588 2
2589 18
2590 11
2591 47
2592 34
2593 63
2594 10
2595 17
2596 2
2597 29
2598 24
2599 29
2600 28
2601 5
2602 3
2603 27
2604 53
2605 43
2606 27
2607 58
2608 45
2609 47
2610 11
2611 24
2612 22
2613 60
2614 13
2615 3
2616 54
2617 5
2618 44
2619 51
2620 30
2621 43
2622 3
2623 7
2624 1
2625 68
2626 57
2627 7
2628 38
2629 4
2630 50
2631 20
2632 36
2633 1
2634 45
2635 33
2636 11
2637 3
2638 37
2639 21
2640 31
2641 5
2642 33
2643 63
2644 0
2645 12
2646 41
2647 7
2648 20
2649 30
2650 34
2651 24
2652 20
2653 36
2654 60
2655 3
2656 60
2657 5
2658 22
2659 2
2660 68
2661 10
2662 11
2663 1
2664 38
2665 33
2666 1
2667 21
2668 19
2669 8
2670 32
2671 4
2672 35
2673 4
2674 31
2675 17
2676 7
2677 17
2678 32
2679 18
2680 50
2681 55
2682 34
2683 17
2684 9
2685 2
2686 38
2687 4
2688 64
2689 10
2690 25
2691 1
2692 9
2693 27
2694 2
2695 5
2696 51
2697 28
2698 46
2699 5
2700 10
2701 36
2702 29
2703 43
2704 10
2705 31
2706 47
2707 53
2708 13
2709 49
2710 9
2711 37
2712 56
2713 8
2714 24
2715 33
2716 2
2717 0
2718 5
2719 23
2720 8
2721 6
2722 28
2723 21
2724 64
2725 7
2726 9
2727 32
2728 12
2729 55
2730 3
2731 54
2732 3
2733 0
2734 8
2735 3
2736 3
2737 8
2738 24
2739 45
2740 5
2741 12
2742 11
2743 1
2744 65
2745 5
2746 66
2747 4
2748 4
2749 7
2750 12
2751 48
2752 22
2753 13
2754 0
2755 44
2756 32
2757 17
2758 16
2759 27
2760 4
2761 3
2762 12
2763 40
2764 50
2765 47
2766 4
2767 26
2768 19
2769 55
2770 28
2771 43
2772 0
2773 30
2774 37
2775 9
2776 43
2777 0
2778 4
2779 0
2780 19
2781 49
2782 35
2783 16
2784 56
2785 20
2786 10
2787 7
2788 23
2789 47
2790 48
2791 16
2792 34
2793 29
2794 5
2795 12
2796 26
2797 14
2798 48
2799 20
2800 61
2801 6
2802 10
2803 12
2804 3
2805 29
2806 0
2807 55
2808 9
2809 10
2810 29
2811 6
2812 10
2813 1
2814 3
2815 8
2816 14
2817 60
2818 0
2819 51
2820 5
2821 3
2822 13
2823 55
2824 2
2825 5
2826 34
2827 9
2828 34
2829 0
2830 3
2831 40
2832 8
2833 12
2834 1
2835 38
2836 15
2837 13
2838 64
2839 7
2840 7
2841 7
2842 18
2843 19
2844 43
2845 64
2846 11
2847 56
2848 12
2849 50
2850 21
2851 3
2852 5
2853 1
2854 3
2855 0
2856 8
2857 29
2858 46
2859 9
2860 45
2861 9
2862 0
2863 15
2864 11
2865 39
2866 12
2867 8
2868 41
2869 2
2870 53
2871 61
2872 54
2873 0
2874 48
2875 1
2876 24
2877 1
2878 26
2879 38
2880 13
2881 14
2882 7
2883 17
2884 8
2885 0
2886 67
2887 14
2888 14
2889 15
2890 11
2891 0
2892 22
2893 29
2894 15
2895 14
2896 8
2897 19
2898 52
2899 11
2900 18
2901 22
2902 2
2903 2
2904 10
2905 5
2906 13
2907 18
2908 11
2909 28
2910 18
2911 4
2912 12
2913 0
2914 26
2915 21
2916 2
2917 8
2918 16
2919 11
2920 10
2921 8
2922 50
2923 29
2924 3
2925 57
2926 6
2927 18
2928 51
2929 34
2930 9
2931 6
2932 18
2933 17
2934 18
2935 9
2936 1
2937 17
2938 42
2939 59
2940 35
2941 14
2942 1
2943 40
2944 11
2945 15
2946 22
2947 10
2948 5
2949 13
2950 13
2951 0
2952 66
2953 2
2954 5
2955 10
2956 2
2957 15
2958 18
2959 5
2960 10
2961 22
2962 38
2963 11
2964 4
2965 8
2966 21
2967 23
2968 16
2969 49
2970 4
2971 22
2972 50
2973 9
2974 14
2975 65
2976 28
2977 17
2978 2
2979 40
2980 62
2981 36
2982 14
2983 15
2984 11
2985 32
2986 18
2987 43
2988 11
2989 6
2990 18
2991 7
2992 3
2993 13
2994 18
2995 29
2996 64
2997 53
2998 15
2999 7
3000 68
3001 38
3002 2
3003 30
3004 36
3005 23
3006 4
3007 21
3008 22
3009 10
3010 17
3011 46
3012 3
3013 65
3014 11
3015 1
3016 10
3017 21
3018 17
3019 67
3020 23
3021 50
3022 7
3023 0
3024 50
3025 23
3026 49
3027 4
3028 4
3029 12
3030 13
3031 43
3032 0
3033 17
3034 15
3035 1
3036 3
3037 3
3038 6
3039 22
3040 22
3041 36
3042 22
3043 0
3044 14
3045 65
3046 23
3047 2
3048 16
3049 19
3050 51
3051 16
3052 23
3053 41
3054 11
3055 46
3056 50
3057 70
3058 50
3059 37
3060 2
3061 14
3062 12
3063 12
3064 34
3065 11
3066 38
3067 36
3068 31
3069 1
3070 31
3071 2
3072 9
3073 1
3074 59
3075 41
3076 28
3077 33
3078 57
3079 17
3080 0
3081 14
3082 50
3083 47
3084 1
3085 12
3086 2
3087 15
3088 50
3089 2
3090 22
3091 58
3092 63
3093 21
3094 9
3095 60
3096 6
3097 43
3098 14
3099 15
3100 49
3101 7
3102 20
3103 14
3104 1
3105 2
3106 13
3107 33
3108 14
3109 11
3110 1
3111 53
3112 22
3113 33
3114 23
3115 3
3116 64
3117 4
3118 10
3119 23
3120 42
3121 21
3122 19
3123 24
3124 7
3125 22
3126 27
3127 7
3128 5
3129 13
3130 17
3131 41
3132 19
3133 1
3134 10
3135 20
3136 1
3137 3
3138 2
3139 67
3140 24
3141 37
3142 19
3143 0
3144 7
3145 3
3146 67
3147 0
3148 36
3149 6
3150 45
3151 5
3152 41
3153 8
3154 2
3155 68
3156 2
3157 41
3158 39
3159 20
3160 26
3161 28
3162 4
3163 14
3164 5
3165 34
3166 22
3167 17
3168 23
3169 20
3170 36
3171 7
3172 2
3173 21
3174 41
3175 4
3176 38
3177 41
3178 23
3179 23
3180 6
3181 23
3182 4
3183 38
3184 1
3185 46
3186 26
3187 4
3188 33
3189 32
3190 22
3191 41
3192 66
3193 31
3194 20
3195 24
3196 27
3197 5
3198 14
3199 3
3200 4
3201 22
3202 5
3203 7
3204 14
3205 14
3206 41
3207 55
3208 51
3209 8
3210 5
3211 59
3212 1
3213 3
3214 10
3215 2
3216 4
3217 3
3218 1
3219 4
3220 18
3221 67
3222 29
3223 22
3224 26
3225 24
3226 11
3227 17
3228 20
3229 25
3230 25
3231 7
3232 22
3233 36
3234 53
3235 29
3236 42
3237 2
3238 10
3239 4
3240 36
3241 7
3242 23
3243 22
3244 53
3245 1
3246 49
3247 5
3248 2
3249 33
3250 29
3251 6
3252 6
3253 37
3254 58
3255 44
3256 45
3257 2
3258 32
3259 53
3260 56
3261 28
3262 35
3263 18
3264 6
3265 7
3266 14
3267 20
3268 45
3269 51
3270 54
3271 58
3272 32
3273 1
3274 39
3275 30
3276 57
3277 2
3278 59
3279 39
3280 29
3281 47
3282 0
3283 30
3284 7
3285 21
3286 51
3287 6
3288 36
3289 37
3290 66
3291 6
3292 14
3293 27
3294 29
3295 3
3296 25
3297 29
3298 16
3299 2
3300 47
3301 43
3302 45
3303 30
3304 3
3305 18
3306 8
3307 38
3308 5
3309 40
3310 1
3311 10
3312 7
3313 30
3314 0
3315 25
3316 0
3317 31
3318 1
3319 23
3320 8
3321 16
3322 17
3323 27
3324 5
3325 19
3326 6
3327 56
3328 35
3329 7
3330 1
3331 25
3332 2
3333 52
3334 30
3335 15
3336 30
3337 53
3338 68
3339 59
3340 4
3341 22
3342 32
3343 53
3344 41
3345 5
3346 25
3347 2
3348 40
3349 21
3350 7
3351 4
3352 29
3353 25
3354 27
3355 64
3356 7
3357 24
3358 2
3359 39
3360 69
3361 31
3362 6
3363 35
3364 5
3365 30
3366 44
3367 55
3368 8
3369 8
3370 29
3371 36
3372 14
3373 25
3374 32
3375 61
3376 7
3377 7
3378 35
3379 8
3380 48
3381 7
3382 36
3383 3
3384 9
3385 15
3386 22
3387 40
3388 5
3389 22
3390 17
3391 34
3392 29
3393 68
3394 16
3395 63
3396 34
3397 70
3398 31
3399 0
3400 38
3401 0
3402 69
3403 11
3404 44
3405 29
3406 48
3407 21
3408 6
3409 43
3410 2
3411 5
3412 26
3413 56
3414 62
3415 23
3416 9
3417 27
3418 60
3419 1
3420 8
3421 19
3422 45
3423 52
3424 44
3425 20
3426 51
3427 7
3428 38
3429 53
3430 52
3431 6
3432 62
3433 49
3434 13
3435 27
3436 47
3437 31
3438 20
3439 34
3440 13
3441 57
3442 5
3443 27
3444 0
3445 13
3446 59
3447 60
3448 5
3449 52
3450 13
3451 39
3452 52
3453 38
3454 61
3455 62
3456 12
3457 11
3458 4
3459 1
3460 43
3461 3
3462 2
3463 3
3464 12
3465 19
3466 39
3467 35
3468 21
3469 0
3470 44
3471 30
3472 51
3473 51
3474 41
3475 0
3476 24
3477 12
3478 26
3479 8
3480 53
3481 7
3482 11
3483 3
3484 40
3485 11
3486 11
3487 35
3488 9
3489 11
3490 10
3491 3
3492 31
3493 51
3494 3
3495 55
3496 16
3497 4
3498 41
3499 24
3500 13
3501 26
3502 19
3503 53
3504 10
3505 10
3506 50
3507 12
3508 3
3509 3
3510 59
3511 52
3512 41
3513 15
3514 2
3515 11
3516 5
3517 48
3518 1
3519 58
3520 15
3521 33
3522 7
3523 34
3524 29
3525 37
3526 8
3527 42
3528 4
3529 38
3530 12
3531 3
3532 9
3533 1
3534 4
3535 46
3536 16
3537 34
3538 5
3539 45
3540 56
3541 14
3542 41
3543 41
3544 38
3545 13
3546 16
3547 20
3548 59
3549 26
3550 35
3551 15
3552 3
3553 15
3554 6
3555 68
3556 15
3557 7
3558 46
3559 8
3560 12
3561 17
3562 17
3563 11
3564 27
3565 12
3566 11
3567 47
3568 4
3569 4
3570 1
3571 4
3572 39
3573 46
3574 2
3575 10
3576 15
3577 40
3578 22
3579 54
3580 62
3581 6
3582 40
3583 40
3584 7
3585 54
3586 31
3587 60
3588 28
3589 64
3590 0
3591 35
3592 5
3593 60
3594 1
3595 47
3596 4
3597 39
3598 19
3599 27
3600 27
3601 51
3602 46
3603 40
3604 3
3605 70
3606 57
3607 28
3608 20
3609 39
3610 60
3611 54
3612 56
3613 24
3614 28
3615 4
3616 17
3617 18
3618 36
3619 22
3620 24
3621 18
3622 27
3623 4
3624 39
3625 20
3626 4
3627 41
3628 38
3629 38
3630 3
3631 64
3632 0
3633 67
3634 6
3635 33
3636 0
3637 0
3638 60
3639 69
3640 34
3641 0
3642 42
3643 27
3644 0
3645 11
3646 15
3647 21
3648 24
3649 16
3650 7
3651 22
3652 70
3653 7
3654 53
3655 7
3656 13
3657 16
3658 7
3659 4
3660 34
3661 0
3662 7
3663 65
3664 5
3665 28
3666 19
3667 5
3668 41
3669 53
3670 68
3671 7
3672 2
3673 51
3674 28
3675 68
3676 67
3677 16
3678 17
3679 14
3680 3
3681 25
3682 16
3683 26
3684 8
3685 8
3686 2
3687 21
3688 63
3689 34
3690 26
3691 4
3692 10
3693 5
3694 41
3695 52
3696 5
3697 16
3698 60
3699 3
3700 18
3701 51
3702 31
3703 33
3704 7
3705 6
3706 59
3707 14
3708 34
3709 5
3710 30
3711 35
3712 17
3713 66
3714 5
3715 7
3716 2
3717 9
3718 10
3719 62
3720 7
3721 3
3722 3
3723 1
3724 25
3725 7
3726 59
3727 7
3728 10
3729 9
3730 5
3731 33
3732 50
3733 29
3734 3
3735 7
3736 6
3737 30
3738 51
3739 2
3740 4
3741 1
3742 21
3743 25
3744 65
3745 17
3746 65
3747 18
3748 5
3749 3
3750 10
3751 8
3752 3
3753 11
3754 8
3755 8
3756 18
3757 14
3758 50
3759 32
3760 33
3761 20
3762 4
3763 4
3764 28
3765 35
3766 6
3767 5
3768 53
3769 68
3770 43
3771 61
3772 58
3773 10
3774 4
3775 12
3776 30
3777 2
3778 65
3779 7
3780 68
3781 0
3782 37
3783 1
3784 10
3785 3
3786 5
3787 5
3788 11
3789 2
3790 47
3791 64
3792 7
3793 9
3794 4
3795 7
3796 11
3797 63
3798 5
3799 10
3800 9
3801 30
3802 11
3803 29
3804 6
3805 8
3806 1
3807 22
3808 58
3809 55
3810 1
3811 40
3812 1
3813 29
3814 55
3815 3
3816 13
3817 5
3818 19
3819 11
3820 2
3821 5
3822 65
3823 45
3824 17
3825 25
3826 32
3827 29
3828 17
3829 58
3830 15
3831 13
3832 32
3833 47
3834 0
3835 0
3836 21
3837 1
3838 46
3839 2
3840 29
3841 1
3842 43
3843 0
3844 9
3845 12
3846 52
3847 0
3848 7
3849 23
3850 3
3851 0
3852 7
3853 3
3854 11
3855 8
3856 18
3857 27
3858 1
3859 19
3860 2
3861 14
3862 57
3863 0
3864 9
3865 38
3866 13
3867 10
3868 4
3869 26
3870 2
3871 11
3872 14
3873 15
3874 58
3875 41
3876 53
3877 4
3878 0
3879 15
3880 0
3881 10
3882 8
3883 16
3884 9
3885 0
3886 8
3887 2
3888 10
3889 25
3890 9
3891 9
3892 12
3893 65
3894 40
3895 18
3896 34
3897 61
3898 11
3899 35
3900 26
3901 18
3902 16
3903 21
3904 22
3905 39
3906 47
3907 2
3908 4
3909 38
3910 71
3911 9
3912 10
3913 55
3914 11
3915 16
3916 5
3917 34
3918 5
3919 1
3920 12
3921 10
3922 3
3923 7
3924 14
3925 13
3926 0
3927 32
3928 11
3929 19
3930 18
3931 18
3932 0
3933 4
3934 45
3935 44
3936 13
3937 9
3938 13
3939 2
3940 52
3941 3
3942 38
3943 4
3944 22
3945 5
3946 7
3947 66
3948 23
3949 14
3950 44
3951 12
3952 44
3953 9
3954 12
3955 12
3956 18
3957 18
3958 11
3959 30
3960 12
3961 1
3962 3
3963 52
3964 15
3965 49
3966 38
3967 46
3968 31
3969 3
3970 23
3971 67
3972 16
3973 10
3974 66
3975 0
3976 1
3977 1
3978 3
3979 12
3980 12
3981 7
3982 31
3983 6
3984 14
3985 17
3986 40
3987 18
3988 11
3989 14
3990 50
3991 23
3992 12
3993 37
3994 2
3995 15
3996 39
3997 21
3998 14
3999 29
4000 8
4001 51
4002 2
4003 1
4004 64
4005 5
4006 4
4007 5
4008 23
4009 9
4010 7
4011 38
4012 14
4013 31
4014 2
4015 23
4016 3
4017 6
4018 11
4019 0
4020 5
4021 6
4022 11
4023 18
4024 12
4025 9
4026 10
4027 45
4028 30
4029 37
4030 10
4031 13
4032 7
4033 15
4034 37
4035 5
4036 43
4037 9
4038 3
4039 5
4040 25
4041 46
4042 5
4043 10
4044 18
4045 7
4046 1
4047 4
4048 10
4049 3
4050 1
4051 13
4052 10
4053 7
4054 39
4055 66
4056 2
4057 46
4058 39
4059 2
4060 2
4061 45
4062 6
4063 8
4064 1
4065 4
4066 14
4067 7
4068 37
4069 33
4070 1
4071 24
4072 9
4073 15
4074 44
4075 3
4076 14
4077 12
4078 34
4079 44
4080 48
4081 8
4082 22
4083 6
4084 4
4085 6
4086 8
4087 6
4088 58
4089 54
4090 21
4091 15
4092 9
4093 12
4094 22
4095 36
4096 25
4097 14
4098 66
4099 22
4100 47
4101 48
4102 0
4103 41
4104 15
4105 9
4106 71
4107 42
4108 18
4109 70
4110 17
4111 18
4112 32
4113 37
4114 21
4115 5
4116 58
4117 14
4118 13
4119 18
4120 21
4121 0
4122 46
4123 17
4124 57
4125 63
4126 47
4127 0
4128 36
4129 54
4130 47
4131 50
4132 41
4133 48
4134 36
4135 27
4136 20
4137 30
4138 20
4139 24
4140 21
4141 60
4142 28
4143 58
4144 27
4145 46
4146 28
4147 67
4148 15
4149 39
4150 12
4151 24
4152 16
4153 50
4154 69
4155 24
4156 9
4157 36
4158 17
4159 50
4160 0
4161 18
4162 30
4163 17
4164 50
4165 36
4166 42
4167 36
4168 49
4169 20
4170 14
4171 17
4172 20
4173 37
4174 31
4175 13
4176 18
4177 64
4178 6
4179 20
4180 54
4181 43
4182 18
4183 51
4184 26
4185 45
4186 15
4187 43
4188 54
4189 53
4190 60
4191 0
4192 12
4193 5
4194 63
4195 21
4196 14
4197 12
4198 7
4199 44
4200 25
4201 27
4202 49
4203 41
4204 19
4205 3
4206 9
4207 11
4208 64
4209 51
4210 33
4211 20
4212 54
4213 11
4214 33
4215 37
4216 32
4217 41
4218 28
4219 21
4220 61
4221 38
4222 5
4223 64
4224 19
4225 41
4226 20
4227 0
4228 14
4229 32
4230 47
4231 11
4232 59
4233 70
4234 13
4235 34
4236 32
4237 18
4238 5
4239 7
4240 25
4241 29
4242 43
4243 32
4244 13
4245 38
4246 45
4247 0
4248 11
4249 25
4250 49
4251 24
4252 0
4253 42
4254 34
4255 41
4256 18
4257 69
4258 43
4259 0
4260 9
4261 10
4262 69
4263 18
4264 3
4265 21
4266 22
4267 16
4268 48
4269 16
4270 27
4271 65
4272 16
4273 0
4274 16
4275 39
4276 9
4277 39
4278 46
4279 23
4280 22
4281 37
4282 20
4283 56
4284 29
4285 7
4286 38
4287 20
4288 0
4289 19
4290 35
4291 29
4292 53
4293 29
4294 39
4295 45
4296 32
4297 24
4298 15
4299 38
4300 54
4301 10
4302 46
4303 49
4304 1
4305 21
4306 40
4307 19
4308 0
4309 45
4310 1
4311 16
4312 24
4313 0
4314 51
4315 9
4316 40
4317 20
4318 62
4319 59
4320 58
4321 26
4322 58
4323 64
4324 48
4325 59
4326 20
4327 26
4328 11
4329 40
4330 22
4331 27
4332 24
4333 20
4334 20
4335 38
4336 26
4337 15
4338 68
4339 9
4340 9
4341 56
4342 33
4343 51
4344 5
4345 2
4346 54
4347 26
4348 18
4349 43
4350 35
4351 8
4352 48
4353 55
4354 50
4355 24
4356 65
4357 29
4358 53
4359 20
4360 52
4361 18
4362 28
4363 48
4364 52
4365 37
4366 47
4367 1
4368 8
4369 22
4370 0
4371 8
4372 40
4373 23
4374 41
4375 52
4376 49
4377 46
4378 42
4379 32
4380 58
4381 8
4382 47
4383 20
4384 24
4385 34
4386 59
4387 32
4388 66
4389 57
4390 9
4391 23
4392 53
4393 69
4394 22
4395 1
4396 55
4397 43
4398 4
4399 70
4400 22
4401 5
4402 24
4403 56
4404 48
4405 25
4406 8
4407 20
4408 21
4409 31
4410 24
4411 20
4412 44
4413 29
4414 63
4415 4
4416 53
4417 35
4418 69
4419 13
4420 35
4421 33
4422 38
4423 3
4424 25
4425 60
4426 9
4427 64
4428 38
4429 35
4430 45
4431 38
4432 0
4433 0
4434 57
4435 13
4436 13
4437 19
4438 32
4439 42
4440 48
4441 8
4442 34
4443 4
4444 26
4445 3
4446 25
4447 26
4448 32
4449 3
4450 1
4451 32
4452 38
4453 1
4454 19
4455 12
4456 20
4457 34
4458 38
4459 35
4460 4
4461 17
4462 0
4463 69
4464 19
4465 65
4466 1
4467 51
4468 6
4469 41
4470 6
4471 1
4472 4
4473 1
4474 3
4475 21
4476 19
4477 12
4478 6
4479 9
4480 19
4481 6
4482 9
4483 4
4484 52
4485 12
4486 20
4487 25
4488 21
4489 1
4490 46
4491 30
4492 62
4493 33
4494 58
4495 69
4496 69
4497 51
4498 0
4499 55
4500 34
4501 9
4502 27
4503 43
4504 32
4505 8
4506 17
4507 16
4508 1
4509 16
4510 50
4511 12
4512 37
4513 24
4514 34
4515 0
4516 14
4517 6
4518 44
4519 0
4520 31
4521 4
4522 6
4523 1
4524 29
4525 10
4526 65
4527 8
4528 58
4529 41
4530 42
4531 15
4532 30
4533 42
4534 30
4535 60
4536 8
4537 15
4538 0
4539 1
4540 56
4541 1
4542 45
4543 3
4544 4
4545 9
4546 12
4547 14
4548 1
4549 17
4550 20
4551 26
4552 6
4553 58
4554 38
4555 14
4556 36
4557 41
4558 37
4559 1
4560 49
4561 12
4562 10
4563 3
4564 39
4565 14
4566 38
4567 40
4568 50
4569 31
4570 0
4571 16
4572 24
4573 8
4574 3
4575 67
4576 14
4577 8
4578 35
4579 56
4580 3
4581 48
4582 8
4583 6
4584 71
4585 9
4586 25
4587 37
4588 43
4589 47
4590 37
4591 45
4592 0
4593 13
4594 51
4595 15
4596 9
4597 70
4598 6
4599 54
4600 65
4601 1
4602 69
4603 14
4604 10
4605 70
4606 2
4607 0
4608 12
4609 16
4610 37
4611 2
4612 34
4613 19
4614 14
4615 2
4616 45
4617 41
4618 0
4619 0
4620 14
4621 16
4622 1
4623 57
4624 31
4625 20
4626 1
4627 16
4628 2
4629 1
4630 2
4631 19
4632 39
4633 69
4634 11
4635 57
4636 50
4637 44
4638 64
4639 2
4640 32
4641 33
4642 2
4643 10
4644 16
4645 54
4646 1
4647 9
4648 34
4649 62
4650 0
4651 1
4652 27
4653 0
4654 34
4655 32
4656 18
4657 27
4658 64
4659 16
4660 13
4661 31
4662 34
4663 30
4664 14
4665 12
4666 41
4667 50
4668 33
4669 18
4670 34
4671 33
4672 27
4673 39
4674 1
4675 5
4676 7
4677 53
4678 25
4679 49
4680 16
4681 37
4682 1
4683 5
4684 71
4685 9
4686 4
4687 47
4688 14
4689 1
4690 49
4691 4
4692 4
4693 8
4694 22
4695 31
4696 19
4697 8
4698 36
4699 48
4700 3
4701 0
4702 17
4703 50
4704 63
4705 22
4706 8
4707 18
4708 3
4709 7
4710 15
4711 7
4712 36
4713 10
4714 23
4715 3
4716 0
4717 25
4718 21
4719 10
4720 25
4721 0
4722 1
4723 12
4724 57
4725 27
4726 38
4727 33
4728 24
4729 6
4730 24
4731 50
4732 2
4733 27
4734 5
4735 25
4736 1
4737 0
4738 20
4739 36
4740 48
4741 63
4742 3
4743 33
4744 6
4745 27
4746 55
4747 9
4748 10
4749 42
4750 14
4751 1
4752 6
4753 43
4754 9
4755 1
4756 4
4757 7
4758 0
4759 4
4760 4
4761 3
4762 4
4763 10
4764 4
4765 13
4766 9
4767 7
4768 6
4769 63
4770 20
4771 62
4772 32
4773 5
4774 29
4775 10
4776 22
4777 11
4778 20
4779 11
4780 66
4781 21
4782 32
4783 61
4784 28
4785 13
4786 6
4787 20
4788 64
4789 10
4790 8
4791 26
4792 0
4793 27
4794 21
4795 10
4796 5
4797 9
4798 37
4799 68
4800 10
4801 11
4802 38
4803 2
4804 25
4805 0
4806 0
4807 35
4808 37
4809 9
4810 20
4811 2
4812 27
4813 59
4814 40
4815 16
4816 4
4817 1
4818 3
4819 16
4820 5
4821 16
4822 39
4823 0
4824 0
4825 11
4826 0
4827 3
4828 19
4829 2
4830 32
4831 53
4832 6
4833 29
4834 62
4835 0
4836 13
4837 6
4838 8
4839 1
4840 3
4841 8
4842 0
4843 40
4844 10
4845 19
4846 30
4847 12
4848 14
4849 0
4850 13
4851 7
4852 10
4853 4
4854 11
4855 20
4856 54
4857 12
4858 1
4859 67
4860 3
4861 22
4862 10
4863 45
4864 58
4865 2
4866 47
4867 14
4868 11
4869 29
4870 35
4871 0
4872 6
4873 27
4874 12
4875 1
4876 0
4877 4
4878 14
4879 26
4880 42
4881 33
4882 36
4883 40
4884 1
4885 6
4886 9
4887 14
4888 15
4889 11
4890 29
4891 13
4892 16
4893 40
4894 7
4895 14
4896 0
4897 1
4898 6
4899 3
4900 14
4901 7
4902 10
4903 2
4904 2
4905 61
4906 48
4907 2
4908 45
4909 0
4910 16
4911 35
4912 11
4913 19
4914 11
4915 5
4916 56
4917 5
4918 23
4919 62
4920 11
4921 1
4922 2
4923 6
4924 0
4925 4
4926 8
4927 4
4928 21
4929 4
4930 12
4931 34
4932 42
4933 34
4934 0
4935 16
4936 29
4937 47
4938 3
4939 8
4940 6
4941 66
4942 22
4943 1
4944 7
4945 10
4946 49
4947 12
4948 18
4949 14
4950 6
4951 14
4952 18
4953 14
4954 22
4955 49
4956 13
4957 63
4958 28
4959 66
4960 11
4961 10
4962 10
4963 21
4964 31
4965 7
4966 15
4967 8
4968 14
4969 12
4970 35
4971 11
4972 28
4973 19
4974 39
4975 1
4976 49
4977 2
4978 1
4979 33
4980 17
4981 27
4982 41
4983 21
4984 5
4985 1
4986 18
4987 10
4988 10
4989 15
4990 13
4991 18
4992 21
4993 3
4994 23
4995 1
4996 15
4997 4
4998 23
4999 2
5000 13
5001 0
5002 15
5003 23
5004 47
5005 12
5006 5
5007 9
5008 2
5009 22
5010 12
5011 20
5012 6
5013 40
5014 62
5015 2
5016 21
5017 11
5018 34
5019 17
5020 31
5021 28
5022 32
5023 1
5024 30
5025 39
5026 24
5027 18
5028 14
5029 7
5030 22
5031 36
5032 9
5033 14
5034 8
5035 7
5036 23
5037 13
5038 18
5039 3
5040 9
5041 9
5042 41
5043 1
5044 50
5045 23
5046 12
5047 66
5048 31
5049 9
5050 17
5051 6
5052 4
5053 57
5054 11
5055 28
5056 22
5057 10
5058 18
5059 67
5060 10
5061 10
5062 6
5063 6
5064 67
5065 11
5066 36
5067 17
5068 30
5069 5
5070 5
5071 9
5072 3
5073 8
5074 63
5075 3
5076 14
5077 18
5078 29
5079 3
5080 11
5081 19
5082 38
5083 23
5084 15
5085 3
5086 2
5087 5
5088 6
5089 7
5090 7
5091 14
5092 10
5093 3
5094 15
5095 21
5096 8
5097 2
5098 23
5099 5
5100 22
5101 9
5102 32
5103 48
5104 15
5105 0
5106 27
5107 5
5108 17
5109 42
5110 45
5111 1
5112 15
5113 58
5114 4
5115 14
5116 10
5117 41
5118 18
5119 6
5120 21
5121 22
5122 15
5123 13
5124 69
5125 47
5126 41
5127 40
5128 41
5129 9
5130 1
5131 41
5132 18
5133 15
5134 21
5135 20
5136 47
5137 1
5138 70
5139 41
5140 15
5141 57
5142 10
5143 23
5144 23
5145 48
5146 30
5147 22
5148 25
5149 53
5150 2
5151 63
5152 69
5153 69
5154 23
5155 31
5156 0
5157 15
5158 33
5159 41
5160 20
5161 25
5162 13
5163 23
5164 47
5165 69
5166 18
5167 27
5168 42
5169 7
5170 4
5171 13
5172 40
5173 2
5174 1
5175 16
5176 66
5177 27
5178 3
5179 47
5180 53
5181 7
5182 39
5183 0
5184 61
5185 11
5186 50
5187 12
5188 62
5189 49
5190 64
5191 11
5192 5
5193 5
5194 21
5195 5
5196 57
5197 18
5198 5
5199 2
5200 21
5201 36
5202 2
5203 15
5204 1
5205 2
5206 18
5207 18
5208 26
5209 26
5210 33
5211 56
5212 26
5213 2
5214 5
5215 28
5216 25
5217 4
5218 34
5219 17
5220 0
5221 30
5222 55
5223 51
5224 23
5225 5
5226 8
5227 53
5228 26
5229 5
5230 1
5231 59
5232 20
5233 14
5234 41
5235 55
5236 15
5237 26
5238 24
5239 4
5240 10
5241 47
5242 55
5243 4
5244 55
5245 65
5246 3
5247 18
5248 44
5249 59
5250 28
5251 0
5252 52
5253 20
5254 24
5255 19
5256 0
5257 5
5258 54
5259 4
5260 20
5261 50
5262 12
5263 7
5264 7
5265 44
5266 27
5267 67
5268 26
5269 3
5270 6
5271 6
5272 45
5273 5
5274 19
5275 24
5276 22
5277 32
5278 24
5279 8
5280 51
5281 24
5282 46
5283 27
5284 29
5285 27
5286 30
5287 26
5288 51
5289 22
5290 1
5291 17
5292 1
5293 36
5294 32
5295 44
5296 8
5297 32
5298 1
5299 5
5300 37
5301 43
5302 3
5303 49
5304 50
5305 56
5306 3
5307 8
5308 34
5309 44
5310 15
5311 1
5312 7
5313 37
5314 0
5315 1
5316 3
5317 48
5318 0
5319 8
5320 10
5321 6
5322 35
5323 7
5324 63
5325 54
5326 20
5327 64
5328 32
5329 34
5330 48
5331 32
5332 5
5333 48
5334 0
5335 4
5336 4
5337 22
5338 61
5339 39
5340 35
5341 65
5342 55
5343 4
5344 20
5345 3
5346 58
5347 8
5348 49
5349 18
5350 8
5351 7
5352 5
5353 2
5354 21
5355 35
5356 6
5357 16
5358 54
5359 2
5360 40
5361 3
5362 63
5363 45
5364 25
5365 1
5366 29
5367 31
5368 1
5369 48
5370 0
5371 2
5372 52
5373 1
5374 20
5375 34
5376 8
5377 37
5378 46
5379 65
5380 8
5381 4
5382 5
5383 48
5384 34
5385 26
5386 51
5387 34
5388 30
5389 3
5390 29
5391 16
5392 49
5393 1
5394 42
5395 45
5396 49
5397 39
5398 39
5399 1
5400 59
5401 1
5402 6
5403 16
5404 1
5405 0
5406 16
5407 62
5408 58
5409 6
5410 4
5411 58
5412 6
5413 6
5414 4
5415 8
5416 6
5417 60
5418 37
5419 69
5420 16
5421 2
5422 59
5423 6
5424 0
5425 2
5426 60
5427 19
5428 4
5429 62
5430 0
5431 40
5432 0
5433 32
5434 46
5435 28
5436 42
5437 24
5438 32
5439 64
5440 28
5441 0
5442 30
5443 13
5444 9
5445 8
5446 9
5447 6
5448 16
5449 7
5450 49
5451 8
5452 51
5453 56
5454 2
5455 65
5456 1
5457 19
5458 33
5459 16
5460 46
5461 49
5462 53
5463 32
5464 6
5465 66
5466 28
5467 62
5468 31
5469 21
5470 6
5471 21
5472 7
5473 2
5474 0
5475 1
5476 52
5477 42
5478 17
5479 53
5480 62
5481 1
5482 1
5483 9
5484 71
5485 6
5486 8
5487 6
5488 32
5489 1
5490 51
5491 5
5492 12
5493 43
5494 19
5495 4
5496 9
5497 52
5498 50
5499 15
5500 3
5501 0
5502 23
5503 15
5504 11
5505 24
5506 1
5507 7
5508 4
5509 12
5510 55
5511 12
5512 10
5513 1
5514 13
5515 42
5516 44
5517 42
5518 7
5519 12
5520 11
5521 3
5522 9
5523 37
5524 2
5525 0
5526 13
5527 16
5528 40
5529 0
5530 48
5531 27
5532 20
5533 11
5534 21
5535 12
5536 13
5537 10
5538 24
5539 7
5540 67
5541 47
5542 13
5543 52
5544 1
5545 11
5546 29
5547 4
5548 36
5549 7
5550 41
5551 9
5552 13
5553 4
5554 7
5555 35
5556 12
5557 8
5558 36
5559 2
5560 37
5561 7
5562 0
5563 5
5564 8
5565 8
5566 46
5567 0
5568 49
5569 45
5570 0
5571 6
5572 34
5573 9
5574 3
5575 13
5576 12
5577 5
5578 27
5579 41
5580 10
5581 5
5582 10
5583 15
5584 6
5585 64
5586 19
5587 6
5588 2
5589 11
5590 8
5591 9
5592 33
5593 36
5594 57
5595 2
5596 59
5597 12
5598 11
5599 24
5600 46
5601 25
5602 11
5603 10
5604 10
5605 62
5606 9
5607 39
5608 11
5609 17
5610 65
5611 6
5612 2
5613 17
5614 31
5615 8
5616 36
5617 12
5618 5
5619 12
5620 7
5621 9
5622 12
5623 1
5624 19
5625 20
5626 44
5627 47
5628 53
5629 8
5630 41
5631 39
5632 35
5633 54
5634 39
5635 17
5636 12
5637 19
5638 9
5639 15
5640 30
5641 68
5642 71
5643 62
5644 54
5645 0
5646 14
5647 54
5648 19
5649 41
5650 15
5651 53
5652 5
5653 1
5654 33
5655 40
5656 22
5657 36
5658 6
5659 52
5660 53
5661 25
5662 14
5663 9
5664 58
5665 3
5666 31
5667 3
5668 9
5669 10
5670 2
5671 43
5672 52
5673 45
5674 17
5675 0
5676 17
5677 3
5678 22
5679 24
5680 24
5681 43
5682 20
5683 16
5684 1
5685 15
5686 62
5687 5
5688 54
5689 63
5690 67
5691 20
5692 14
5693 20
5694 71
5695 17
5696 20
5697 14
5698 33
5699 3
5700 63
5701 13
5702 2
5703 22
5704 42
5705 6
5706 7
5707 5
5708 52
5709 59
5710 19
5711 6
5712 31
5713 7
5714 26
5715 45
5716 16
5717 33
5718 41
5719 2
5720 3
5721 62
5722 64
5723 6
5724 16
5725 5
5726 44
5727 18
5728 68
5729 60
5730 2
5731 43
5732 0
5733 1
5734 22
5735 6
5736 43
5737 33
5738 50
5739 54
5740 0
5741 49
5742 6
5743 29
5744 27
5745 33
5746 7
5747 28
5748 32
5749 6
5750 8
5751 6
5752 47
5753 25
5754 64
5755 56
5756 34
5757 34
5758 49
5759 2
5760 37
5761 66
5762 19
5763 9
5764 25
5765 55
5766 3
5767 18
5768 66
5769 51
5770 0
5771 13
5772 10
5773 25
5774 0
5775 1
5776 29
5777 10
5778 5
5779 13
5780 3
5781 18
5782 7
5783 26
5784 8
5785 2
5786 11
5787 5
5788 67
5789 0
5790 30
5791 24
5792 30
5793 41
5794 10
5795 55
5796 1
5797 10
5798 57
5799 0
5800 48
5801 2
5802 7
5803 7
5804 19
5805 5
5806 25
5807 2
5808 6
5809 30
5810 63
5811 20
5812 24
5813 20
5814 20
5815 56
5816 6
5817 29
5818 3
5819 7
5820 4
5821 4
5822 35
5823 8
5824 3
5825 12
5826 3
5827 3
5828 4
5829 37
5830 40
5831 8
5832 71
5833 6
5834 56
5835 9
5836 7
5837 12
5838 12
5839 29
5840 10
5841 13
5842 11
5843 1
5844 37
5845 11
5846 3
5847 49
5848 13
5849 8
5850 13
5851 5
5852 13
5853 12
5854 3
5855 36
5856 11
5857 9
5858 35
5859 22
5860 46
5861 11
5862 42
5863 16
5864 38
5865 8
5866 23
5867 0
5868 5
5869 4
5870 2
5871 39
5872 8
5873 1
5874 25
5875 48
5876 58
5877 3
5878 6
5879 8
5880 26
5881 48
5882 11
5883 26
5884 63
5885 6
5886 47
5887 12
5888 6
5889 68
5890 5
5891 10
5892 10
5893 28
5894 14
5895 2
5896 10
5897 2
5898 5
5899 10
5900 6
5901 0
5902 62
5903 8
5904 24
5905 2
5906 10
5907 20
5908 14
5909 5
5910 11
5911 18
5912 10
5913 27
5914 10
5915 23
5916 2
5917 13
5918 56
5919 25
5920 0
5921 8
5922 3
5923 13
5924 4
5925 3
5926 13
5927 16
5928 3
5929 35
5930 4
5931 10
5932 27
5933 7
5934 12
5935 19
5936 10
5937 24
5938 12
5939 7
5940 57
5941 2
5942 18
5943 12
5944 48
5945 6
5946 37
5947 0
5948 6
5949 61
5950 20
5951 11
5952 35
5953 45
5954 2
5955 13
5956 18
5957 56
5958 26
5959 12
5960 14
5961 13
5962 6
5963 37
5964 2
5965 66
5966 56
5967 3
5968 22
5969 38
5970 10
5971 28
5972 6
5973 9
5974 21
5975 12
5976 11
5977 21
5978 14
5979 11
5980 4
5981 2
5982 4
5983 48
5984 19
5985 6
5986 39
5987 39
5988 61
5989 8
5990 18
5991 29
5992 9
5993 8
5994 16
5995 21
5996 9
5997 37
5998 66
5999 63
6000 1
6001 27
6002 69
6003 2
6004 9
6005 28
6006 25
6007 2
6008 9
6009 21
6010 31
6011 12
6012 3
6013 17
6014 12
6015 12
6016 0
6017 28
6018 32
6019 11
6020 35
6021 38
6022 22
6023 14
6024 51
6025 14
6026 11
6027 23
6028 31
6029 10
6030 6
6031 0
6032 23
6033 29
6034 23
6035 3
6036 21
6037 1
6038 15
6039 9
6040 18
6041 3
6042 14
6043 42
6044 36
6045 26
6046 39
6047 31
6048 21
6049 28
6050 13
6051 17
6052 17
6053 55
6054 69
6055 7
6056 11
6057 1
6058 18
6059 22
6060 13
6061 50
6062 50
6063 9
6064 13
6065 1
6066 15
6067 53
6068 5
6069 16
6070 18
6071 1
6072 27
6073 11
6074 7
6075 2
6076 13
6077 43
6078 29
6079 14
6080 22
6081 15
6082 23
6083 40
6084 17
6085 50
6086 14
6087 38
6088 50
6089 38
6090 21
6091 10
6092 70
6093 6
6094 22
6095 5
6096 3
6097 23
6098 15
6099 21
6100 53
6101 46
6102 15
6103 13
6104 1
6105 9
6106 7
6107 31
6108 6
6109 10
6110 5
6111 13
6112 11
6113 18
6114 53
6115 11
6116 13
6117 44
6118 13
6119 33
6120 51
6121 17
6122 0
6123 70
6124 46
6125 10
6126 0
6127 58
6128 4
6129 15
6130 66
6131 43
6132 13
6133 36
6134 62
6135 2
6136 6
6137 9
6138 9
6139 2
6140 0
6141 43
6142 63
6143 35
6144 3
6145 42
6146 21
6147 61
6148 19
6149 47
6150 49
6151 10
6152 41
6153 32
6154 17
6155 57
6156 19
6157 26
6158 69
6159 41
6160 15
6161 36
6162 22
6163 45
6164 42
6165 2
6166 43
6167 63
6168 46
6169 50
6170 57
6171 35
6172 17
6173 0
6174 50
6175 57
6176 20
6177 25
6178 20
6179 63
6180 9
6181 71
6182 18
6183 71
6184 10
6185 42
6186 10
6187 19
6188 16
6189 36
6190 41
6191 0
6192 63
6193 11
6194 54
6195 11
6196 24
6197 0
6198 31
6199 29
6200 47
6201 24
6202 46
6203 67
6204 24
6205 0
6206 0
6207 9
6208 51
6209 60
6210 22
6211 15
6212 47
6213 60
6214 23
6215 54
6216 49
6217 41
6218 12
6219 17
6220 17
6221 16
6222 62
6223 52
6224 66
6225 23
6226 26
6227 2
6228 28
6229 25
6230 21
6231 43
6232 40
6233 0
6234 0
6235 17
6236 24
6237 43
6238 47
6239 17
6240 56
6241 58
6242 19
6243 57
6244 46
6245 52
6246 17
6247 62
6248 41
6249 17
6250 15
6251 46
6252 54
6253 27
6254 51
6255 0
6256 59
6257 23
6258 15
6259 59
6260 20
6261 0
6262 10
6263 22
6264 50
6265 63
6266 16
6267 0
6268 19
6269 10
6270 62
6271 71
6272 2
6273 0
6274 21
6275 30
6276 44
6277 54
6278 0
6279 36
6280 28
6281 49
6282 49
6283 14
6284 33
6285 50
6286 36
6287 29
6288 33
6289 66
6290 36
6291 20
6292 69
6293 19
6294 45
6295 0
6296 0
6297 57
6298 32
6299 18
6300 4
6301 51
6302 0
6303 34
6304 56
6305 59
6306 21
6307 69
6308 54
6309 65
6310 64
6311 19
6312 23
6313 56
6314 67
6315 30
6316 41
6317 2
6318 28
6319 24
6320 42
6321 23
6322 13
6323 54
6324 10
6325 15
6326 54
6327 68
6328 57
6329 62
6330 6
6331 6
6332 16
6333 28
6334 40
6335 34
6336 0
6337 17
6338 51
6339 30
6340 32
6341 0
6342 61
6343 39
6344 30
6345 32
6346 30
6347 16
6348 45
6349 0
6350 38
6351 21
6352 40
6353 30
6354 10
6355 25
6356 32
6357 36
6358 13
6359 58
6360 5
6361 1
6362 16
6363 65
6364 1
6365 38
6366 38
6367 40
6368 53
6369 53
6370 45
6371 16
6372 7
6373 6
6374 26
6375 35
6376 55
6377 51
6378 6
6379 23
6380 44
6381 17
6382 21
6383 1
6384 57
6385 48
6386 26
6387 47
6388 52
6389 8
6390 27
6391 18
6392 11
6393 22
6394 64
6395 16
6396 9
6397 20
6398 58
6399 69
6400 34
6401 20
6402 0
6403 22
6404 19
6405 12
6406 32
6407 52
6408 24
6409 52
6410 9
6411 70
6412 1
6413 27
6414 61
6415 9
6416 4
6417 63
6418 8
6419 9
6420 29
6421 8
6422 24
6423 11
6424 25
6425 19
6426 46
6427 16
6428 50
6429 59
6430 59
6431 14
6432 22
6433 61
6434 21
6435 8
6436 4
6437 43
6438 21
6439 33
6440 19
6441 16
6442 4
6443 32
6444 21
6445 29
6446 0
6447 15
6448 39
6449 34
6450 9
6451 40
6452 23
6453 9
6454 37
6455 25
6456 1
6457 57
6458 16
6459 10
6460 66
6461 8
6462 31
6463 42
6464 39
6465 14
6466 28
6467 71
6468 55
6469 54
6470 33
6471 49
6472 57
6473 68
6474 27
6475 68
6476 1
6477 44
6478 44
6479 66
6480 34
6481 67
6482 30
6483 52
6484 42
6485 70
6486 45
6487 48
6488 29
6489 64
6490 38
6491 28
6492 3
6493 7
6494 33
6495 29
6496 39
6497 30
6498 49
6499 53
6500 31
6501 38
6502 13
6503 3
6504 8
6505 4
6506 4
6507 43
6508 9
6509 9
6510 9
6511 12
6512 0
6513 35
6514 13
6515 29
6516 32
6517 28
6518 66
6519 1
6520 42
6521 38
6522 1
6523 8
6524 9
6525 19
6526 12
6527 19
6528 8
6529 0
6530 19
6531 29
6532 13
6533 64
6534 30
6535 63
6536 34
6537 9
6538 64
6539 19
6540 26
6541 15
6542 38
6543 49
6544 6
6545 25
6546 43
6547 19
6548 21
6549 10
6550 1
6551 16
6552 24
6553 44
6554 29
6555 6
6556 46
6557 8
6558 34
6559 37
6560 59
6561 50
6562 24
6563 23
6564 1
6565 11
6566 59
6567 38
6568 45
6569 15
6570 48
6571 14
6572 24
6573 30
6574 20
6575 25
6576 14
6577 52
6578 0
6579 56
6580 9
6581 0
6582 68
6583 28
6584 3
6585 26
6586 43
6587 43
6588 30
6589 6
6590 13
6591 38
6592 14
6593 32
6594 10
6595 26
6596 19
6597 0
6598 0
6599 32
6600 6
6601 1
6602 9
6603 14
6604 43
6605 16
6606 14
6607 71
6608 12
6609 0
6610 35
6611 41
6612 9
6613 16
6614 20
6615 11
6616 6
6617 10
6618 47
6619 46
6620 39
6621 45
6622 6
6623 21
6624 65
6625 29
6626 27
6627 51
6628 10
6629 28
6630 10
6631 46
6632 71
6633 12
6634 15
6635 1
6636 14
6637 3
6638 0
6639 47
6640 10
6641 27
6642 4
6643 11
6644 5
6645 69
6646 15
6647 36
6648 17
6649 12
6650 56
6651 64
6652 66
6653 6
6654 13
6655 49
6656 30
6657 19
6658 60
6659 16
6660 33
6661 22
6662 34
6663 65
6664 31
6665 1
6666 11
6667 67
6668 30
6669 23
6670 38
6671 11
6672 14
6673 2
6674 11
6675 43
6676 17
6677 26
6678 38
6679 17
6680 48
6681 1
6682 12
6683 25
6684 18
6685 41
6686 16
6687 62
6688 20
6689 11
6690 33
6691 24
6692 68
6693 16
6694 1
6695 20
6696 17
6697 16
6698 15
6699 24
6700 0
6701 14
6702 3
6703 69
6704 0
6705 11
6706 1
6707 42
6708 36
6709 46
6710 41
6711 46
6712 0
6713 12
6714 24
6715 28
6716 9
6717 29
6718 28
6719 0
6720 17
6721 6
6722 0
6723 63
6724 43
6725 46
6726 38
6727 9
6728 4
6729 31
6730 3
6731 34
6732 5
6733 23
6734 1
6735 2
6736 33
6737 38
6738 13
6739 52
6740 4
6741 26
6742 71
6743 49
6744 8
6745 8
6746 10
6747 33
6748 8
6749 49
6750 6
6751 26
6752 9
6753 6
6754 23
6755 25
6756 8
6757 2
6758 28
6759 1
6760 4
6761 48
6762 60
6763 42
6764 12
6765 14
6766 3
6767 0
6768 26
6769 6
6770 2
6771 34
6772 56
6773 22
6774 3
6775 22
6776 4
6777 64
6778 1
6779 55
6780 7
6781 5
6782 51
6783 31
6784 49
6785 41
6786 3
6787 25
6788 69
6789 26
6790 53
6791 1
6792 21
6793 4
6794 25
6795 6
6796 30
6797 6
6798 47
6799 3
6800 30
6801 8
6802 26
6803 1
6804 8
6805 46
6806 1
6807 58
6808 9
6809 9
6810 0
6811 3
6812 28
6813 1
6814 2
6815 43
6816 42
6817 61
6818 8
6819 7
6820 1
6821 15
6822 46
6823 11
6824 48
6825 6
6826 43
6827 10
6828 30
6829 12
6830 56
6831 55
6832 39
6833 30
6834 4
6835 44
6836 7
6837 1
6838 39
6839 39
6840 34
6841 14
6842 23
6843 16
6844 2
6845 29
6846 26
6847 45
6848 50
6849 11
6850 10
6851 8
6852 44
6853 26
6854 28
6855 21
6856 16
6857 53
6858 26
6859 1
6860 16
6861 23
6862 70
6863 1
6864 30
6865 4
6866 39
6867 18
6868 39
6869 1
6870 8
6871 0
6872 32
6873 5
6874 9
6875 22
6876 6
6877 5
6878 13
6879 49
6880 2
6881 12
6882 19
6883 50
6884 59
6885 31
6886 2
6887 6
6888 2
6889 1
6890 62
6891 28
6892 1
6893 12
6894 10
6895 14
6896 9
6897 40
6898 61
6899 2
6900 55
6901 58
6902 20
6903 52
6904 2
6905 14
6906 10
6907 6
6908 18
6909 4
6910 5
6911 68
6912 3
6913 8
6914 4
6915 10
6916 22
6917 29
6918 11
6919 3
6920 14
6921 27
6922 43
6923 35
6924 56
6925 6
6926 21
6927 47
6928 23
6929 65
6930 42
6931 58
6932 30
6933 11
6934 40
6935 26
6936 61
6937 8
6938 9
6939 55
6940 29
6941 12
6942 6
6943 26
6944 8
6945 8
6946 5
6947 5
6948 14
6949 69
6950 38
6951 12
6952 8
6953 36
6954 22
6955 58
6956 10
6957 0
6958 7
6959 8
6960 2
6961 43
6962 9
6963 35
6964 42
6965 7
6966 16
6967 60
6968 6
6969 12
6970 20
6971 5
6972 15
6973 9
6974 44
6975 10
6976 4
6977 21
6978 21
6979 47
6980 56
6981 3
6982 15
6983 6
6984 52
6985 38
6986 7
6987 22
6988 26
6989 8
6990 16
6991 6
6992 7
6993 15
6994 32
6995 21
6996 1
6997 4
6998 9
6999 17
7000 18
7001 59
7002 0
7003 23
7004 49
7005 22
7006 10
7007 19
7008 11
7009 0
7010 11
7011 10
7012 23
7013 39
7014 13
7015 1
7016 11
7017 16
7018 22
7019 13
7020 1
7021 25
7022 10
7023 11
7024 13
7025 3
7026 10
7027 17
7028 17
7029 8
7030 7
7031 23
7032 37
7033 9
7034 4
7035 13
7036 2
7037 4
7038 21
7039 64
7040 1
7041 28
7042 35
7043 19
7044 3
7045 21
7046 23
7047 15
7048 0
7049 3
7050 6
7051 23
7052 48
7053 27
7054 0
7055 14
7056 15
7057 14
7058 52
7059 5
7060 12
7061 9
7062 1
7063 18
7064 0
7065 0
7066 21
7067 7
7068 40
7069 37
7070 40
7071 22
7072 21
7073 8
7074 14
7075 71
7076 18
7077 20
7078 3
7079 10
7080 44
7081 9
7082 60
7083 36
7084 15
7085 15
7086 41
7087 14
7088 13
7089 21
7090 32
7091 8
7092 11
7093 9
7094 12
7095 25
7096 66
7097 0
7098 3
7099 10
7100 34
7101 39
7102 6
7103 11
7104 6
7105 50
7106 6
7107 18
7108 6
7109 18
7110 6
7111 52
7112 1
7113 5
7114 26
7115 8
7116 49
7117 6
7118 11
7119 5
7120 22
7121 30
7122 4
7123 9
7124 13
7125 1
7126 26
7127 19
7128 1
7129 40
7130 18
7131 21
7132 10
7133 2
7134 36
7135 26
7136 5
7137 5
7138 15
7139 35
7140 14
7141 58
7142 11
7143 5
7144 26
7145 7
7146 5
7147 15
7148 21
7149 15
7150 11
7151 21
7152 6
7153 1
7154 50
7155 21
7156 15
7157 16
7158 18
7159 5
7160 0
7161 4
7162 7
7163 6
7164 1
7165 27
7166 8
7167 28
7168 40
7169 15
7170 12
7171 0
7172 11
7173 5
7174 4
7175 68
7176 2
7177 52
7178 24
7179 14
7180 2
7181 35
7182 18
7183 59
7184 5
7185 23
7186 15
7187 14
7188 63
7189 69
7190 50
7191 7
7192 33
7193 18
7194 23
7195 33
7196 13
7197 29
7198 0
7199 51
7200 1
7201 20
7202 15
7203 36
7204 30
7205 14
7206 10
7207 13
7208 48
7209 43
7210 14
7211 69
7212 2
7213 2
7214 35
7215 0
7216 53
7217 15
7218 41
7219 54
7220 4
7221 0
7222 6
7223 9
7224 40
7225 20
7226 3
7227 24
7228 1
7229 5
7230 21
7231 15
7232 0
7233 56
7234 0
7235 46
7236 11
7237 2
7238 3
7239 7
7240 4
7241 15
7242 36
7243 63
7244 5
7245 2
7246 60
7247 10
7248 16
7249 12
7250 3
7251 5
7252 50
7253 0
7254 48
7255 5
7256 4
7257 7
7258 4
7259 51
7260 43
7261 21
7262 49
7263 5
7264 24
7265 17
7266 43
7267 25
7268 4
7269 49
7270 2
7271 41
7272 7
7273 36
7274 5
7275 15
7276 14
7277 41
7278 0
7279 21
7280 65
7281 34
7282 5
7283 19
7284 28
7285 3
7286 49
7287 8
7288 3
7289 32
7290 51
7291 4
7292 49
7293 53
7294 4
7295 44
7296 8
7297 2
7298 5
7299 33
7300 55
7301 12
7302 51
7303 25
7304 23
7305 28
7306 28
7307 2
7308 54
7309 35
7310 44
7311 8
7312 4
7313 26
7314 0
7315 2
7316 7
7317 20
7318 2
7319 8
7320 58
7321 13
7322 3
7323 54
7324 21
7325 61
7326 36
7327 4
7328 53
7329 6
7330 6
7331 31
7332 7
7333 59
7334 2
7335 23
7336 23
7337 7
7338 10
7339 17
7340 42
7341 2
7342 55
7343 43
7344 41
7345 5
7346 68
7347 4
7348 64
7349 55
7350 53
7351 57
7352 23
7353 41
7354 1
7355 56
7356 29
7357 3
7358 15
7359 5
7360 32
7361 8
7362 2
7363 6
7364 68
7365 1
7366 14
7367 2
7368 2
7369 30
7370 54
7371 0
7372 32
7373 0
7374 21
7375 29
7376 16
7377 2
7378 1
7379 16
7380 16
7381 27
7382 14
7383 32
7384 7
7385 24
7386 33
7387 7
7388 45
7389 35
7390 6
7391 4
7392 6
7393 58
7394 0
7395 61
7396 19
7397 18
7398 36
7399 37
7400 26
7401 40
7402 35
7403 8
7404 62
7405 7
7406 55
7407 5
7408 1
7409 17
7410 71
7411 6
7412 1
7413 67
7414 8
7415 56
7416 30
7417 61
7418 9
7419 12
7420 64
7421 6
7422 2
7423 18
7424 34
7425 16
7426 66
7427 8
7428 27
7429 43
7430 9
7431 3
7432 16
7433 3
7434 29
7435 9
7436 55
7437 44
7438 38
7439 7
7440 7
7441 0
7442 2
7443 48
7444 63
7445 17
7446 33
7447 34
7448 8
7449 7
7450 43
7451 45
7452 6
7453 5
7454 45
7455 1
7456 19
7457 10
7458 35
7459 64
7460 39
7461 52
7462 5
7463 2
7464 40
7465 7
7466 1
7467 27
7468 32
7469 3
7470 64
7471 57
7472 42
7473 46
7474 2
7475 2
7476 42
7477 8
7478 21
7479 23
7480 52
7481 0
7482 5
7483 21
7484 2
7485 67
7486 67
7487 19
7488 6
7489 34
7490 46
7491 7
7492 5
7493 6
7494 2
7495 25
7496 6
7497 42
7498 31
7499 1
7500 19
7501 0
7502 27
7503 3
7504 26
7505 25
7506 2
7507 6
7508 4
7509 19
7510 26
7511 19
7512 5
7513 62
7514 31
7515 61
7516 56
7517 4
7518 7
7519 27
7520 32
7521 29
7522 40
7523 2
7524 6
7525 4
7526 67
7527 45
7528 5
7529 32
7530 62
7531 32
7532 27
7533 9
7534 19
7535 12
7536 8
7537 29
7538 51
7539 7
7540 17
7541 1
7542 1
7543 13
7544 5
7545 8
7546 56
7547 1
7548 59
7549 5
7550 0
7551 13
7552 60
7553 4
7554 32
7555 63
7556 0
7557 8
7558 40
7559 31
7560 39
7561 5
7562 11
7563 12
7564 2
7565 51
7566 17
7567 8
7568 2
7569 25
7570 3
7571 15
7572 3
7573 47
7574 2
7575 42
7576 28
7577 37
7578 13
7579 8
7580 0
7581 53
7582 5
7583 10
7584 10
7585 65
7586 3
7587 6
7588 0
7589 59
7590 65
7591 3
7592 11
7593 3
7594 12
7595 6
7596 28
7597 3
7598 7
7599 47
7600 11
7601 9
7602 2
7603 46
7604 37
7605 45
7606 0
7607 44
7608 7
7609 4
7610 2
7611 12
7612 35
7613 38
7614 41
7615 5
7616 34
7617 19
7618 65
7619 31
7620 7
7621 44
7622 7
7623 7
7624 58
7625 10
7626 45
7627 2
7628 58
7629 40
7630 47
7631 5
7632 42
7633 40
7634 2
7635 10
7636 55
7637 4
7638 10
7639 13
7640 35
7641 14
7642 4
7643 5
7644 0
7645 43
7646 12
7647 11
7648 8
7649 30
7650 10
7651 3
7652 48
7653 11
7654 3
7655 4
7656 16
7657 1
7658 12
7659 12
7660 24
7661 62
7662 36
7663 10
7664 27
7665 20
7666 2
7667 37
7668 15
7669 15
7670 26
7671 17
7672 55
7673 61
7674 3
7675 63
7676 21
7677 13
7678 7
7679 45
7680 29
7681 8
7682 31
7683 52
7684 12
7685 2
7686 23
7687 54
7688 13
7689 48
7690 0
7691 7
7692 0
7693 50
7694 40
7695 2
7696 12
7697 2
7698 20
7699 47
7700 50
7701 33
7702 28
7703 68
7704 7
7705 17
7706 47
7707 34
7708 44
7709 2
7710 9
7711 20
7712 57
7713 17
7714 28
7715 18
7716 13
7717 38
7718 11
7719 37
7720 54
7721 1
7722 1
7723 3
7724 31
7725 11
7726 42
7727 4
7728 7
7729 2
7730 0
7731 8
7732 60
7733 22
7734 50
7735 67
7736 14
7737 3
7738 33
7739 25
7740 3
7741 12
7742 14
7743 36
7744 62
7745 50
7746 2
7747 4
7748 2
7749 31
7750 30
7751 39
7752 5
7753 56
7754 4
7755 1
7756 27
7757 1
7758 13
7759 18
7760 7
7761 24
7762 31
7763 54
7764 24
7765 6
7766 49
7767 5
7768 33
7769 1
7770 37
7771 62
7772 5
7773 52
7774 67
7775 60
7776 8
7777 31
7778 8
7779 27
7780 6
7781 13
7782 45
7783 3
7784 6
7785 34
7786 26
7787 10
7788 7
7789 66
7790 36
7791 57
7792 13
7793 8
7794 3
7795 5
7796 59
7797 10
7798 66
7799 33
7800 32
7801 9
7802 5
7803 7
7804 1
7805 25
7806 1
7807 7
7808 65
7809 70
7810 2
7811 9
7812 0
7813 4
7814 5
7815 33
7816 15
7817 15
7818 33
7819 10
7820 10
7821 8
7822 5
7823 37
7824 20
7825 7
7826 1
7827 59
7828 8
7829 41
7830 10
7831 1
7832 25
7833 41
7834 4
7835 2
7836 62
7837 0
7838 2
7839 45
7840 4
7841 0
7842 0
7843 9
7844 14
7845 4
7846 2
7847 62
7848 2
7849 11
7850 9
7851 54
7852 20
7853 33
7854 3
7855 39
7856 10
7857 52
7858 22
7859 59
7860 13
7861 35
7862 33
7863 48
7864 18
7865 10
7866 56
7867 4
7868 1
7869 20
7870 23
7871 1
7872 10
7873 13
7874 19
7875 55
7876 2
7877 53
7878 12
7879 53
7880 4
7881 12
7882 10
7883 29
7884 2
7885 3
7886 48
7887 3
7888 22
7889 5
7890 22
7891 5
7892 8
7893 27
7894 7
7895 11
7896 48
7897 45
7898 18
7899 13
7900 45
7901 12
7902 33
7903 9
7904 2
7905 50
7906 12
7907 40
7908 25
7909 25
7910 0
7911 12
7912 1
7913 14
7914 2
7915 0
7916 1
7917 14
7918 40
7919 1
7920 5
7921 17
7922 6
7923 5
7924 10
7925 2
7926 0
7927 54
7928 4
7929 1
7930 14
7931 11
7932 21
7933 2
7934 10
7935 0
7936 8
7937 61
7938 3
7939 6
7940 12
7941 14
7942 14
7943 5
7944 18
7945 11
7946 61
7947 57
7948 15
7949 58
7950 0
7951 61
7952 8
7953 39
7954 20
7955 40
7956 32
7957 52
7958 9
7959 8
7960 36
7961 34
7962 42
7963 24
7964 15
7965 58
7966 5
7967 16
7968 7
7969 6
7970 14
7971 25
7972 4
7973 8
7974 18
7975 8
7976 14
7977 24
7978 9
7979 20
7980 20
7981 6
7982 6
7983 2
7984 25
7985 3
7986 13
7987 15
7988 12
7989 2
7990 18
7991 9
7992 48
7993 3
7994 39
7995 38
7996 31
7997 52
7998 52
7999 69
8000 14
8001 2
8002 24
8003 13
8004 13
8005 23
8006 19
8007 0
8008 27
8009 11
8010 31
8011 2
8012 28
8013 3
8014 10
8015 16
8016 1
8017 56
8018 1
8019 4
8020 7
8021 19
8022 14
8023 24
8024 10
8025 13
8026 21
8027 4
8028 14
8029 4
8030 14
8031 8
8032 38
8033 3
8034 24
8035 61
8036 8
8037 3
8038 10
8039 26
8040 4
8041 9
8042 31
8043 11
8044 0
8045 0
8046 10
8047 18
8048 3
8049 3
8050 51
8051 24
8052 7
8053 4
8054 10
8055 12
8056 8
8057 4
8058 28
8059 2
8060 22
8061 13
8062 4
8063 43
8064 30
8065 1
8066 12
8067 0
8068 18
8069 11
8070 12
8071 11
8072 14
8073 7
8074 18
8075 6
8076 12
8077 17
8078 31
8079 19
8080 21
8081 15
8082 18
8083 5
8084 22
8085 21
8086 23
8087 11
8088 35
8089 2
8090 22
8091 5
8092 21
8093 8
8094 16
8095 25
8096 17
8097 8
8098 18
8099 26
8100 0
8101 4
8102 28
8103 15
8104 56
8105 15
8106 10
8107 15
8108 14
8109 18
8110 10
8111 15
8112 21
8113 13
8114 16
8115 2
8116 22
8117 22
8118 17
8119 7
8120 21
8121 0
8122 3
8123 40
8124 2
8125 3
8126 37
8127 2
8128 65
8129 0
8130 0
8131 9
8132 9
8133 16
8134 13
8135 13
8136 60
8137 2
8138 21
8139 9
8140 29
8141 15
8142 38
8143 22
8144 11
8145 11
8146 2
8147 5
8148 23
8149 9
8150 58
8151 9
8152 8
8153 5
8154 13
8155 2
8156 44
8157 12
8158 11
8159 56
8160 11
8161 53
8162 21
8163 5
8164 19
8165 17
8166 52
8167 58
8168 13
8169 2
8170 0
8171 1
8172 14
8173 26
8174 31
8175 21
8176 58
8177 63
8178 44
8179 13
8180 20
8181 2
8182 18
8183 38
8184 71
8185 61
8186 23
8187 16
8188 28
8189 33
8190 43
8191 10
8192 12
8193 38
8194 10
8195 23
8196 12
8197 3
8198 15
8199 46
8200 38
8201 22
8202 3
8203 27
8204 34
8205 20
8206 53
8207 21
8208 68
8209 63
8210 7
8211 63
8212 13
8213 24
8214 20
8215 16
8216 17
8217 18
8218 12
8219 24
8220 15
8221 28
8222 17
8223 0
8224 15
8225 14
8226 33
8227 61
8228 60
8229 40
8230 53
8231 21
8232 18
8233 44
8234 22
8235 44
8236 0
8237 9
8238 63
8239 68
8240 36
8241 50
8242 19
8243 57
8244 12
8245 12
8246 64
8247 11
8248 13
8249 8
8250 21
8251 54
8252 71
8253 23
8254 28
8255 60
8256 0
8257 21
8258 44
8259 40
8260 23
8261 44
8262 48
8263 20
8264 61
8265 25
8266 17
8267 0
8268 66
8269 27
8270 24
8271 60
8272 37
8273 27
8274 46
8275 26
8276 42
8277 68
8278 62
8279 5
8280 16
8281 14
8282 63
8283 17
8284 21
8285 18
8286 28
8287 24
8288 26
8289 51
8290 31
8291 47
8292 64
8293 30
8294 44
8295 52
8296 28
8297 4
8298 64
8299 3
8300 21
8301 17
8302 24
8303 31
8304 34
8305 24
8306 26
8307 43
8308 57
8309 23
8310 19
8311 10
8312 71
8313 23
8314 35
8315 37
8316 25
8317 12
8318 23
8319 47
8320 67
8321 19
8322 54
8323 13
8324 54
8325 44
8326 27
8327 0
8328 34
8329 44
8330 36
8331 38
8332 49
8333 50
8334 14
8335 15
8336 14
8337 51
8338 24
8339 33
8340 25
8341 17
8342 0
8343 25
8344 9
8345 0
8346 19
8347 24
8348 13
8349 7
8350 30
8351 33
8352 64
8353 27
8354 39
8355 20
8356 23
8357 34
8358 48
8359 36
8360 2
8361 44
8362 0
8363 29
8364 6
8365 26
8366 24
8367 24
8368 28
8369 24
8370 56
8371 26
8372 23
8373 40
8374 29
8375 49
8376 47
8377 30
8378 66
8379 13
8380 22
8381 35
8382 16
8383 67
8384 57
8385 23
8386 36
8387 0
8388 54
8389 49
8390 28
8391 20
8392 12
8393 55
8394 27
8395 45
8396 44
8397 65
8398 60
8399 26
8400 1
8401 53
8402 39
8403 24
8404 16
8405 25
8406 9
8407 16
8408 1
8409 19
8410 26
8411 1
8412 38
8413 32
8414 49
8415 20
8416 41
8417 1
8418 35
8419 31
8420 36
8421 0
8422 39
8423 30
8424 59
8425 46
8426 37
8427 18
8428 61
8429 20
8430 35
8431 61
8432 35
8433 53
8434 40
8435 56
8436 0
8437 16
8438 58
8439 67
8440 40
8441 39
8442 61
8443 8
8444 12
8445 44
8446 9
8447 35
8448 8
8449 22
8450 20
8451 60
8452 60
8453 16
8454 70
8455 15
8456 20
8457 46
8458 60
8459 25
8460 57
8461 16
8462 27
8463 56
8464 4
8465 8
8466 9
8467 4
8468 27
8469 47
8470 46
8471 56
8472 39
8473 1
8474 4
8475 24
8476 0
8477 0
8478 22
8479 65
8480 1
8481 19
8482 7
8483 24
8484 9
8485 0
8486 7
8487 1
8488 37
8489 21
8490 9
8491 23
8492 58
8493 32
8494 38
8495 33
8496 41
8497 29
8498 59
8499 0
8500 1
8501 57
8502 40
8503 19
8504 34
8505 33
8506 51
8507 27
8508 0
8509 37
8510 1
8511 6
8512 37
8513 39
8514 7
8515 13
8516 47
8517 39
8518 39
8519 15
8520 1
8521 35
8522 8
8523 44
8524 8
8525 49
8526 67
8527 3
8528 42
8529 13
8530 27
8531 58
8532 52
8533 60
8534 55
8535 69
8536 9
8537 28
8538 34
8539 9
8540 58
8541 13
8542 67
8543 14
8544 19
8545 63
8546 30
8547 25
8548 51
8549 12
8550 47
8551 1
8552 12
8553 5
8554 0
8555 2
8556 12
8557 29
8558 28
8559 42
8560 28
8561 1
8562 1
8563 0
8564 57
8565 13
8566 0
8567 13
8568 2
8569 6
8570 56
8571 29
8572 1
8573 48
8574 12
8575 69
8576 9
8577 1
8578 9
8579 28
8580 47
8581 48
8582 0
8583 34
8584 52
8585 9
8586 19
8587 52
8588 66
8589 30
8590 34
8591 24
8592 12
8593 24
8594 10
8595 33
8596 0
8597 20
8598 31
8599 3
8600 24
8601 11
8602 25
8603 30
8604 44
8605 16
8606 0
8607 20
8608 67
8609 50
8610 31
8611 13
8612 13
8613 16
8614 13
8615 53
8616 42
8617 15
8618 0
8619 45
8620 10
8621 9
8622 8
8623 66
8624 0
8625 19
8626 6
8627 58
8628 25
8629 67
8630 36
8631 28
8632 30
8633 42
8634 10
8635 56
8636 68
8637 13
8638 43
8639 11
8640 4
8641 58
8642 3
8643 37
8644 51
8645 42
8646 45
8647 69
8648 4
8649 26
8650 0
8651 66
8652 13
8653 59
8654 8
8655 41
8656 53
8657 33
8658 6
8659 15
8660 4
8661 67
8662 59
8663 71
8664 8
8665 28
8666 55
8667 9
8668 62
8669 8
8670 8
8671 9
8672 3
8673 17
8674 51
8675 16
8676 9
8677 66
8678 1
8679 50
8680 20
8681 0
8682 4
8683 6
8684 50
8685 14
8686 9
8687 12
8688 12
8689 46
8690 0
8691 39
8692 25
8693 70
8694 22
8695 13
8696 12
8697 9
8698 4
8699 28
8700 0
8701 6
8702 12
8703 3
8704 0
8705 40
8706 44
8707 19
8708 36
8709 0
8710 36
8711 28
8712 68
8713 44
8714 36
8715 42
8716 35
8717 14
8718 35
8719 28
8720 2
8721 63
8722 53
8723 2
8724 47
8725 59
8726 16
8727 2
8728 2
8729 1
8730 52
8731 19
8732 6
8733 11
8734 68
8735 17
8736 41
8737 58
8738 28
8739 31
8740 12
8741 17
8742 14
8743 10
8744 36
8745 64
8746 47
8747 60
8748 15
8749 65
8750 27
8751 24
8752 7
8753 15
8754 41
8755 17
8756 66
8757 1
8758 17
8759 30
8760 39
8761 24
8762 24
8763 0
8764 5
8765 60
8766 5
8767 2
8768 34
8769 24
8770 1
8771 5
8772 37
8773 14
8774 1
8775 70
8776 66
8777 27
8778 63
8779 15
8780 1
8781 29
8782 0
8783 17
8784 5
8785 15
8786 31
8787 4
8788 23
8789 23
8790 0
8791 26
8792 7
8793 36
8794 3
8795 54
8796 5
8797 4
8798 42
8799 10
8800 3
8801 6
8802 57
8803 27
8804 55
8805 8
8806 8
8807 19
8808 67
8809 55
8810 60
8811 4
8812 3
8813 46
8814 10
8815 24
8816 26
8817 8
8818 32
8819 9
8820 22
8821 13
8822 3
8823 51
8824 32
8825 32
8826 6
8827 3
8828 60
8829 65
8830 7
8831 25
8832 27
8833 53
8834 2
8835 5
8836 14
8837 6
8838 30
8839 31
8840 1
8841 3
8842 0
8843 9
8844 25
8845 0
8846 20
8847 1
8848 65
8849 3
8850 4
8851 67
8852 14
8853 1
8854 28
8855 45
8856 12
8857 4
8858 4
8859 27
8860 1
8861 30
8862 2
8863 4
8864 3
8865 8
8866 6
8867 7
8868 31
8869 20
8870 39
8871 41
8872 51
8873 60
8874 11
8875 30
8876 59
8877 6
8878 5
8879 30
8880 11
8881 12
8882 37
8883 19
8884 6
8885 31
8886 22
8887 32
8888 20
8889 59
8890 3
8891 4
8892 7
8893 13
8894 1
8895 6
8896 2
8897 30
8898 68
8899 57
8900 0
8901 6
8902 29
8903 29
8904 61
8905 35
8906 55
8907 10
8908 3
8909 1
8910 12
8911 19
8912 2
8913 48
8914 32
8915 5
8916 20
8917 12
8918 5
8919 65
8920 8
8921 17
8922 21
8923 2
8924 29
8925 7
8926 43
8927 56
8928 7
8929 10
8930 5
8931 0
8932 56
8933 9
8934 3
8935 5
8936 12
8937 33
8938 11
8939 8
8940 5
8941 12
8942 56
8943 19
8944 1
8945 10
8946 54
8947 19
8948 12
8949 25
8950 29
8951 0
8952 1
8953 39
8954 40
8955 6
8956 0
8957 55
8958 16
8959 8
8960 1
8961 13
8962 1
8963 16
8964 7
8965 5
8966 27
8967 37
8968 11
8969 6
8970 64
8971 8
8972 69
8973 57
8974 39
8975 46
8976 3
8977 0
8978 32
8979 42
8980 25
8981 4
8982 69
8983 69
8984 5
8985 14
8986 8
8987 29
8988 7
8989 19
8990 0
8991 9
8992 2
8993 61
8994 44
8995 5
8996 42
8997 32
8998 59
8999 33
9000 55
9001 25
9002 4
9003 8
9004 14
9005 48
9006 30
9007 45
9008 56
9009 23
9010 54
9011 15
9012 37
9013 26
9014 3
9015 0
9016 9
9017 25
9018 18
9019 15
9020 35
9021 7
9022 18
9023 5
9024 13
9025 45
9026 22
9027 6
9028 9
9029 21
9030 29
9031 10
9032 9
9033 57
9034 15
9035 13
9036 7
9037 33
9038 21
9039 0
9040 57
9041 2
9042 0
9043 62
9044 22
9045 28
9046 13
9047 4
9048 8
9049 1
9050 19
9051 8
9052 53
9053 14
9054 14
9055 10
9056 42
9057 18
9058 10
9059 5
9060 12
9061 30
9062 13
9063 22
9064 11
9065 42
9066 27
9067 32
9068 22
9069 6
9070 9
9071 16
9072 40
9073 31
9074 10
9075 13
9076 0
9077 44
9078 19
9079 11
9080 9
9081 37
9082 5
9083 65
9084 5
9085 1
9086 21
9087 22
9088 68
9089 12
9090 38
9091 29
9092 12
9093 17
9094 14
9095 4
9096 44
9097 0
9098 40
9099 7
9100 23
9101 7
9102 10
9103 10
9104 7
9105 14
9106 1
9107 35
9108 39
9109 59
9110 26
9111 50
9112 6
9113 66
9114 17
9115 28
9116 18
9117 32
9118 13
9119 40
9120 24
9121 8
9122 13
9123 7
9124 53
9125 8
9126 42
9127 1
9128 48
9129 9
9130 42
9131 33
9132 13
9133 6
9134 28
9135 11
9136 5
9137 23
9138 45
9139 23
9140 6
9141 6
9142 13
9143 6
9144 42
9145 4
9146 23
9147 19
9148 11
9149 4
9150 15
9151 3
9152 17
9153 7
9154 2
9155 31
9156 42
9157 40
9158 23
9159 6
9160 8
9161 5
9162 1
9163 4
9164 0
9165 18
9166 11
9167 5
9168 33
9169 4
9170 18
9171 15
9172 47
9173 5
9174 5
9175 5
9176 12
9177 3
9178 17
9179 11
9180 3
9181 10
9182 34
9183 68
9184 0
9185 8
9186 17
9187 58
9188 49
9189 70
9190 17
9191 31
9192 3
9193 7
9194 7
9195 21
9196 20
9197 12
9198 2
9199 17
9200 6
9201 40
9202 10
9203 0
9204 45
9205 4
9206 0
9207 0
9208 9
9209 22
9210 35
9211 14
9212 21
9213 10
9214 10
9215 63
9216 65
9217 47
9218 18
9219 23
9220 15
9221 2
9222 24
9223 11
9224 56
9225 2
9226 18
9227 46
9228 22
9229 8
9230 33
9231 1
9232 0
9233 68
9234 30
9235 9
9236 37
9237 0
9238 46
9239 60
9240 62
9241 1
9242 41
9243 7
9244 22
9245 5
9246 18
9247 30
9248 16
9249 23
9250 58
9251 1
9252 1
9253 1
9254 22
9255 3
9256 3
9257 0
9258 18
9259 53
9260 16
9261 46
9262 0
9263 19
9264 1
9265 20
9266 14
9267 21
9268 35
9269 24
9270 1
9271 1
9272 46
9273 16
9274 42
9275 39
9276 12
9277 20
9278 0
9279 4
9280 23
9281 40
9282 11
9283 11
9284 21
9285 42
9286 7
9287 23
9288 30
9289 45
9290 41
9291 1
9292 2
9293 4
9294 7
9295 22
9296 20
9297 49
9298 20
9299 8
9300 44
9301 15
9302 53
9303 2
9304 5
9305 64
9306 5
9307 7
9308 0
9309 2
9310 1
9311 4
9312 1
9313 3
9314 2
9315 38
9316 6
9317 33
9318 5
9319 41
9320 2
9321 19
9322 6
9323 16
9324 3
9325 34
9326 43
9327 8
9328 62
9329 2
9330 23
9331 33
9332 8
9333 38
9334 7
9335 28
9336 6
9337 17
9338 15
9339 12
9340 0
9341 33
9342 32
9343 2
9344 1
9345 4
9346 18
9347 12
9348 54
9349 4
9350 33
9351 33
9352 23
9353 50
9354 25
9355 38
9356 8
9357 33
9358 16
9359 51
9360 8
9361 45
9362 8
9363 51
9364 0
9365 55
9366 44
9367 28
9368 23
9369 5
9370 4
9371 0
9372 3
9373 20
9374 29
9375 68
9376 60
9377 18
9378 17
9379 23
9380 39
9381 18
9382 30
9383 56
9384 62
9385 61
9386 14
9387 36
9388 0
9389 7
9390 3
9391 55
9392 18
9393 48
9394 25
9395 17
9396 6
9397 54
9398 1
9399 6
9400 0
9401 18
9402 0
9403 3
9404 26
9405 3
9406 18
9407 59
9408 32
9409 7
9410 17
9411 62
9412 6
9413 51
9414 40
9415 0
9416 6
9417 49
9418 49
9419 7
9420 8
9421 67
9422 4
9423 1
9424 1
9425 56
9426 40
9427 30
9428 50
9429 34
9430 71
9431 57
9432 5
9433 31
9434 11
9435 61
9436 45
9437 70
9438 2
9439 15
9440 39
9441 59
9442 41
9443 55
9444 7
9445 27
9446 3
9447 1
9448 39
9449 7
9450 46
9451 22
9452 0
9453 44
9454 61
9455 0
9456 2
9457 54
9458 47
9459 3
9460 3
9461 20
9462 46
9463 3
9464 48
9465 0
9466 48
9467 0
9468 6
9469 6
9470 0
9471 20
9472 49
9473 6
9474 5
9475 70
9476 34
9477 2
9478 49
9479 33
9480 41
9481 38
9482 2
9483 25
9484 17
9485 9
9486 5
9487 0
9488 37
9489 3
9490 6
9491 19
9492 44
9493 48
9494 5
9495 18
9496 6
9497 9
9498 0
9499 7
9500 17
9501 7
9502 34
9503 3
9504 6
9505 45
9506 27
9507 7
9508 55
9509 5
9510 7
9511 26
9512 30
9513 40
9514 39
9515 70
9516 47
9517 44
9518 2
9519 32
9520 39
9521 37
9522 23
9523 29
9524 19
9525 3
9526 70
9527 33
9528 6
9529 56
9530 31
9531 2
9532 39
9533 54
9534 29
9535 2
9536 2
9537 16
9538 5
9539 27
9540 40
9541 8
9542 24
9543 26
9544 7
9545 7
9546 29
9547 7
9548 2
9549 62
9550 7
9551 4
9552 13
9553 47
9554 64
9555 5
9556 13
9557 19
9558 48
9559 7
9560 23
9561 9
9562 46
9563 24
9564 19
9565 62
9566 3
9567 62
9568 18
9569 6
9570 31
9571 61
9572 34
9573 7
9574 13
9575 35
9576 28
9577 6
9578 4
9579 12
9580 28
9581 7
9582 8
9583 39
9584 12
9585 32
9586 38
9587 34
9588 31
9589 5
9590 13
9591 32
9592 59
9593 2
9594 7
9595 24
9596 49
9597 8
9598 59
9599 19
9600 55
9601 1
9602 68
9603 41
9604 34
9605 3
9606 55
9607 5
9608 4
9609 33
9610 3
9611 3
9612 41
9613 29
9614 47
9615 30
9616 5
9617 33
9618 8
9619 28
9620 10
9621 30
9622 17
9623 4
9624 1
9625 0
9626 3
9627 10
9628 39
9629 2
9630 9
9631 34
9632 29
9633 50
9634 13
9635 3
9636 16
9637 0
9638 12
9639 38
9640 15
9641 11
9642 14
9643 12
9644 24
9645 4
9646 2
9647 3
9648 11
9649 19
9650 41
9651 51
9652 14
9653 31
9654 4
9655 4
9656 6
9657 40
9658 9
9659 28
9660 41
9661 6
9662 16
9663 46
9664 46
9665 7
9666 14
9667 6
9668 8
9669 6
9670 13
9671 3
9672 24
9673 1
9674 7
9675 13
9676 44
9677 8
9678 19
9679 55
9680 43
9681 10
9682 37
9683 42
9684 5
9685 2
9686 10
9687 15
9688 34
9689 11
9690 10
9691 1
9692 16
9693 67
9694 11
9695 51
9696 5
9697 0
9698 60
9699 13
9700 9
9701 5
9702 31
9703 30
9704 16
9705 13
9706 58
9707 14
9708 7
9709 46
9710 11
9711 14
9712 57
9713 47
9714 11
9715 25
9716 14
9717 6
9718 7
9719 13
9720 14
9721 13
9722 17
9723 4
9724 42
9725 10
9726 33
9727 64
9728 70
9729 48
9730 48
9731 25
9732 0
9733 0
9734 27
9735 27
9736 28
9737 25
9738 61
9739 1
9740 32
9741 15
9742 54
9743 19
9744 17
9745 35
9746 47
9747 68
9748 33
9749 12
9750 5
9751 2
9752 22
9753 53
9754 59
9755 57
9756 9
9757 17
9758 2
9759 19
9760 51
9761 7
9762 1
9763 44
9764 2
9765 19
9766 71
9767 27
9768 3
9769 1
9770 15
9771 53
9772 54
9773 3
9774 51
9775 3
9776 2
9777 16
9778 7
9779 2
9780 60
9781 47
9782 54
9783 3
9784 24
9785 60
9786 31
9787 26
9788 4
9789 1
9790 45
9791 58
9792 30
9793 66
9794 18
9795 6
9796 67
9797 53
9798 22
9799 6
9800 57
9801 52
9802 9
9803 57
9804 36
9805 54
9806 2
9807 31
9808 4
9809 0
9810 1
9811 52
9812 4
9813 44
9814 0
9815 6
9816 8
9817 1
9818 29
9819 0
9820 8
9821 67
9822 26
9823 51
9824 22
9825 46
9826 1
9827 1
9828 4
9829 2
9830 25
9831 64
9832 5
9833 21
9834 17
9835 70
9836 10
9837 28
9838 33
9839 0
9840 7
9841 53
9842 8
9843 24
9844 10
9845 46
9846 32
9847 1
9848 8
9849 5
9850 57
9851 2
9852 4
9853 10
9854 9
9855 32
9856 30
9857 3
9858 46
9859 3
9860 2
9861 16
9862 45
9863 37
9864 10
9865 37
9866 4
9867 9
9868 4
9869 13
9870 8
9871 25
9872 4
9873 49
9874 16
9875 2
9876 7
9877 26
9878 5
9879 25
9880 26
9881 6
9882 37
9883 43
9884 10
9885 30
9886 62
9887 5
9888 7
9889 1
9890 10
9891 55
9892 4
9893 26
9894 54
9895 11
9896 15
9897 0
9898 8
9899 46
9900 9
9901 45
9902 7
9903 7
9904 1
9905 58
9906 12
9907 12
9908 53
9909 11
9910 0
9911 11
9912 1
9913 32
9914 3
9915 24
9916 45
9917 7
9918 44
9919 5
9920 29
9921 50
9922 35
9923 11
9924 48
9925 53
9926 39
9927 8
9928 25
9929 0
9930 6
9931 13
9932 12
9933 10
9934 29
9935 57
9936 37
9937 7
9938 11
9939 12
9940 19
9941 23
9942 10
9943 38
9944 2
9945 39
9946 50
9947 27
9948 4
9949 26
9950 0
9951 52
9952 54
9953 30
9954 29
9955 8
9956 27
9957 11
9958 12
9959 26
9960 18
9961 5
9962 5
9963 9
9964 55
9965 6
9966 0
9967 13
9968 64
9969 12
9970 11
9971 13
9972 27
9973 43
9974 12
9975 10
9976 52
9977 10
9978 63
9979 11
9980 13
9981 38
9982 68
9983 2
9984 33
9985 10
9986 10
9987 63
9988 52
9989 35
9990 9
9991 35
9992 13
9993 48
9994 14
9995 10
9996 45
9997 4
9998 5
9999 9
