0 40
1 28
2 2
3 15
4 71
5 3
6 32
7 55
8 70
9 84
10 70
11 63
12 0
13 40
14 28
15 35
16 49
17 28
18 27
19 6
20 14
21 70
22 17
23 19
24 5
25 77
26 8
27 21
28 65
29 28
30 32
31 17
32 18
33 56
34 27
35 22
36 29
37 35
38 40
39 29
40 39
41 47
42 38
43 7
44 3
45 60
46 14
47 27
48 5
49 18
50 31
51 43
52 0
53 59
54 40
55 48
56 31
57 78
58 75
59 40
60 67
61 72
62 38
63 25
64 20
65 19
66 51
67 42
68 16
69 42
70 3
71 25
72 43
73 71
74 16
75 28
76 61
77 59
78 24
79 29
80 41
81 7
82 31
83 31
84 52
85 45
86 61
87 4
88 14
89 2
90 38
91 42
92 27
93 62
94 35
95 48
96 35
97 62
98 15
99 22
100 92
101 23
102 13
103 13
104 21
105 19
106 44
107 2
108 67
109 15
110 5
111 53
112 41
113 28
114 14
115 51
116 40
117 23
118 44
119 42
120 7
121 42
122 42
123 97
124 68
125 30
126 74
127 3
128 13
129 53
130 17
131 21
132 9
133 39
134 24
135 58
136 32
137 12
138 27
139 60
140 23
141 23
142 30
143 0
144 77
145 50
146 0
147 35
148 26
149 44
150 28
151 57
152 80
153 21
154 14
155 12
156 27
157 65
158 65
159 19
160 49
161 35
162 35
163 103
164 19
165 24
166 43
167 47
168 58
169 30
170 48
171 104
172 24
173 19
174 93
175 64
176 63
177 21
178 47
179 49
180 6
181 35
182 22
183 43
184 83
185 0
186 53
187 44
188 23
189 46
190 20
191 49
192 15
193 16
194 44
195 57
196 48
197 19
198 57
199 11
200 50
201 30
202 23
203 21
204 26
205 48
206 59
207 32
208 63
209 1
210 13
211 24
212 24
213 39
214 36
215 1
216 48
217 54
218 22
219 43
220 26
221 36
222 65
223 26
224 18
225 21
226 56
227 1
228 17
229 17
230 39
231 32
232 62
233 66
234 30
235 56
236 21
237 56
238 79
239 38
240 32
241 34
242 50
243 43
244 68
245 65
246 4
247 18
248 23
249 51
250 4
251 73
252 20
253 24
254 18
255 79
256 15
257 15
258 35
259 23
260 39
261 25
262 23
263 21
264 2
265 26
266 5
267 52
268 37
269 36
270 34
271 1
272 58
273 47
274 21
275 24
276 37
277 5
278 32
279 32
280 55
281 6
282 24
283 46
284 14
285 68
286 68
287 37
288 68
289 30
290 24
291 42
292 25
293 15
294 33
295 64
296 16
297 50
298 52
299 25
300 17
301 13
302 25
303 25
304 34
305 6
306 23
307 71
308 6
309 11
310 63
311 97
312 30
313 1
314 49
315 36
316 8
317 51
318 27
319 14
320 23
321 55
322 49
323 31
324 15
325 24
326 74
327 53
328 12
329 52
330 14
331 34
332 37
333 48
334 77
335 23
336 5
337 0
338 19
339 30
340 14
341 45
342 9
343 14
344 28
345 9
346 41
347 27
348 7
349 37
350 0
351 24
352 9
353 14
354 1
355 74
356 14
357 78
358 25
359 35
360 5
361 9
362 53
363 61
364 14
365 50
366 39
367 5
368 37
369 3
370 60
371 73
372 49
373 73
374 8
375 24
376 52
377 10
378 1
379 1
380 67
381 25
382 14
383 41
384 10
385 25
386 6
387 37
388 52
389 33
390 17
391 1
392 23
393 34
394 32
395 43
396 24
397 25
398 41
399 13
400 36
401 6
402 101
403 69
404 7
405 21
406 25
407 23
408 21
409 22
410 34
411 9
412 12
413 60
414 37
415 47
416 47
417 38
418 14
419 9
420 47
421 28
422 6
423 30
424 1
425 49
426 0
427 32
428 51
429 54
430 36
431 50
432 54
433 30
434 58
435 66
436 54
437 47
438 8
439 13
440 57
441 30
442 11
443 9
444 11
445 51
446 13
447 30
448 62
449 55
450 55
451 35
452 71
453 13
454 64
455 36
456 10
457 40
458 14
459 105
460 30
461 5
462 0
463 1
464 27
465 28
466 106
467 54
468 5
469 40
470 35
471 29
472 2
473 19
474 47
475 2
476 42
477 45
478 11
479 36
480 66
481 43
482 91
483 19
484 36
485 13
486 45
487 36
488 0
489 28
490 41
491 2
492 45
493 44
494 17
495 8
496 13
497 10
498 44
499 1
500 6
501 42
502 12
503 8
504 37
505 2
506 96
507 9
508 15
509 16
510 2
511 53
512 71
513 0
514 50
515 83
516 35
517 9
518 15
519 9
520 19
521 47
522 16
523 11
524 9
525 2
526 24
527 4
528 0
529 20
530 12
531 11
532 33
533 34
534 14
535 18
536 29
537 67
538 55
539 18
540 1
541 18
542 75
543 48
544 32
545 63
546 40
547 13
548 19
549 31
550 47
551 6
552 13
553 58
554 13
555 28
556 17
557 2
558 15
559 18
560 2
561 11
562 20
563 31
564 2
565 73
566 42
567 31
568 4
569 47
570 15
571 56
572 39
573 107
574 69
575 1
576 38
577 96
578 29
579 52
580 61
581 37
582 8
583 28
584 60
585 10
586 59
587 3
588 30
589 14
590 30
591 2
592 0
593 68
594 4
595 49
596 51
597 23
598 22
599 62
600 1
601 108
602 97
603 26
604 43
605 46
606 23
607 61
608 38
609 45
610 23
611 109
612 54
613 23
614 16
615 48
616 5
617 8
618 6
619 81
620 63
621 9
622 6
623 55
624 24
625 19
626 22
627 5
628 15
629 41
630 56
631 4
632 39
633 11
634 46
635 35
636 87
637 26
638 19
639 16
640 12
641 35
642 9
643 6
644 64
645 31
646 38
647 22
648 49
649 26
650 2
651 33
652 5
653 22
654 9
655 8
656 33
657 37
658 6
659 29
660 16
661 39
662 23
663 27
664 26
665 58
666 87
667 9
668 13
669 9
670 51
671 9
672 41
673 2
674 99
675 5
676 60
677 10
678 45
679 0
680 62
681 20
682 47
683 34
684 28
685 5
686 64
687 26
688 47
689 27
690 2
691 39
692 22
693 11
694 9
695 49
696 35
697 72
698 12
699 23
700 9
701 55
702 67
703 34
704 73
705 23
706 13
707 14
708 49
709 23
710 33
711 40
712 46
713 2
714 10
715 4
716 6
717 1
718 34
719 77
720 23
721 12
722 32
723 2
724 51
725 30
726 19
727 34
728 6
729 28
730 10
731 15
732 17
733 6
734 87
735 28
736 23
737 34
738 2
739 81
740 11
741 10
742 63
743 34
744 62
745 79
746 39
747 3
748 7
749 59
750 40
751 92
752 13
753 45
754 11
755 14
756 7
757 32
758 23
759 2
760 4
761 37
762 11
763 46
764 4
765 7
766 49
767 22
768 4
769 59
770 47
771 66
772 1
773 13
774 11
775 43
776 51
777 3
778 59
779 110
780 28
781 16
782 18
783 1
784 52
785 36
786 10
787 16
788 32
789 6
790 17
791 25
792 4
793 61
794 32
795 63
796 33
797 25
798 17
799 27
800 5
801 25
802 5
803 80
804 8
805 8
806 41
807 2
808 36
809 9
810 11
811 16
812 1
813 3
814 10
815 39
816 18
817 9
818 21
819 36
820 20
821 7
822 26
823 7
824 67
825 30
826 25
827 0
828 17
829 27
830 43
831 1
832 19
833 3
834 65
835 0
836 11
837 38
838 50
839 46
840 111
841 12
842 81
843 22
844 60
845 20
846 13
847 78
848 68
849 71
850 17
851 24
852 38
853 28
854 23
855 17
856 11
857 15
858 99
859 22
860 0
861 31
862 34
863 33
864 4
865 22
866 14
867 11
868 1
869 20
870 23
871 12
872 23
873 27
874 1
875 12
876 11
877 5
878 31
879 23
880 21
881 11
882 71
883 38
884 14
885 2
886 68
887 14
888 36
889 27
890 15
891 21
892 13
893 57
894 4
895 2
896 15
897 9
898 25
899 10
900 0
901 32
902 94
903 65
904 31
905 55
906 23
907 2
908 15
909 25
910 61
911 55
912 41
913 19
914 16
915 10
916 33
917 4
918 25
919 11
920 2
921 18
922 5
923 10
924 102
925 52
926 3
927 61
928 24
929 73
930 69
931 28
932 4
933 19
934 56
935 65
936 5
937 26
938 10
939 3
940 38
941 21
942 3
943 4
944 22
945 3
946 53
947 24
948 0
949 18
950 10
951 7
952 25
953 35
954 62
955 5
956 11
957 1
958 1
959 57
960 6
961 19
962 1
963 42
964 22
965 9
966 19
967 34
968 0
969 12
970 33
971 20
972 98
973 40
974 9
975 0
976 72
977 27
978 3
979 32
980 40
981 15
982 5
983 36
984 9
985 46
986 112
987 5
988 30
989 30
990 17
991 33
992 21
993 18
994 13
995 3
996 11
997 54
998 11
999 0
1000 3
1001 4
1002 56
1003 62
1004 98
1005 58
1006 85
1007 15
1008 50
1009 45
1010 6
1011 32
1012 18
1013 10
1014 32
1015 87
1016 21
1017 9
1018 31
1019 3
1020 30
1021 46
1022 25
1023 43
1024 16
1025 22
1026 18
1027 10
1028 26
1029 16
1030 45
1031 12
1032 15
1033 48
1034 16
1035 46
1036 13
1037 62
1038 21
1039 13
1040 1
1041 17
1042 2
1043 32
1044 40
1045 1
1046 21
1047 21
1048 35
1049 66
1050 67
1051 15
1052 32
1053 59
1054 13
1055 22
1056 52
1057 23
1058 17
1059 41
1060 82
1061 25
1062 99
1063 9
1064 35
1065 45
1066 14
1067 45
1068 0
1069 15
1070 1
1071 41
1072 29
1073 13
1074 14
1075 91
1076 18
1077 44
1078 38
1079 34
1080 15
1081 0
1082 17
1083 21
1084 95
1085 56
1086 51
1087 71
1088 31
1089 72
1090 93
1091 4
1092 8
1093 55
1094 49
1095 48
1096 25
1097 27
1098 5
1099 2
1100 14
1101 31
1102 20
1103 48
1104 19
1105 85
1106 1
1107 21
1108 23
1109 11
1110 28
1111 0
1112 17
1113 12
1114 40
1115 19
1116 20
1117 6
1118 1
1119 8
1120 23
1121 16
1122 1
1123 92
1124 48
1125 24
1126 6
1127 51
1128 15
1129 17
1130 8
1131 7
1132 1
1133 23
1134 39
1135 14
1136 21
1137 3
1138 0
1139 61
1140 19
1141 2
1142 5
1143 17
1144 29
1145 2
1146 4
1147 5
1148 2
1149 32
1150 18
1151 21
1152 32
1153 26
1154 26
1155 1
1156 83
1157 45
1158 19
1159 67
1160 67
1161 42
1162 101
1163 39
1164 2
1165 9
1166 0
1167 24
1168 9
1169 23
1170 18
1171 6
1172 66
1173 47
1174 16
1175 9
1176 49
1177 23
1178 13
1179 27
1180 33
1181 58
1182 14
1183 57
1184 19
1185 0
1186 8
1187 0
1188 27
1189 2
1190 25
1191 22
1192 13
1193 69
1194 27
1195 7
1196 5
1197 17
1198 48
1199 18
1200 6
1201 47
1202 34
1203 57
1204 14
1205 21
1206 24
1207 33
1208 69
1209 46
1210 5
1211 35
1212 24
1213 56
1214 22
1215 72
1216 2
1217 7
1218 46
1219 19
1220 39
1221 36
1222 3
1223 15
1224 71
1225 66
1226 48
1227 30
1228 36
1229 4
1230 34
1231 0
1232 45
1233 14
1234 14
1235 13
1236 6
1237 7
1238 43
1239 58
1240 78
1241 16
1242 71
1243 3
1244 5
1245 14
1246 8
1247 34
1248 56
1249 19
1250 4
1251 1
1252 62
1253 68
1254 63
1255 8
1256 56
1257 26
1258 66
1259 50
1260 36
1261 42
1262 29
1263 26
1264 0
1265 62
1266 3
1267 36
1268 27
1269 18
1270 26
1271 72
1272 3
1273 18
1274 24
1275 23
1276 6
1277 3
1278 3
1279 14
1280 14
1281 19
1282 1
1283 31
1284 4
1285 6
1286 17
1287 20
1288 70
1289 36
1290 14
1291 18
1292 113
1293 27
1294 17
1295 23
1296 33
1297 5
1298 24
1299 37
1300 46
1301 36
1302 4
1303 0
1304 39
1305 45
1306 73
1307 10
1308 50
1309 21
1310 52
1311 67
1312 4
1313 39
1314 38
1315 1
1316 14
1317 38
1318 5
1319 37
1320 68
1321 23
1322 21
1323 56
1324 10
1325 61
1326 6
1327 10
1328 64
1329 1
1330 8
1331 26
1332 17
1333 53
1334 46
1335 5
1336 4
1337 30
1338 3
1339 10
1340 10
1341 43
1342 36
1343 28
1344 10
1345 71
1346 37
1347 61
1348 39
1349 28
1350 26
1351 6
1352 12
1353 2
1354 4
1355 26
1356 15
1357 85
1358 10
1359 0
1360 17
1361 1
1362 17
1363 54
1364 24
1365 12
1366 19
1367 52
1368 1
1369 5
1370 42
1371 26
1372 10
1373 4
1374 27
1375 5
1376 40
1377 60
1378 24
1379 12
1380 10
1381 30
1382 27
1383 5
1384 3
1385 41
1386 9
1387 85
1388 4
1389 37
1390 6
1391 89
1392 114
1393 69
1394 2
1395 17
1396 40
1397 65
1398 61
1399 2
1400 30
1401 25
1402 84
1403 47
1404 16
1405 24
1406 29
1407 4
1408 33
1409 40
1410 32
1411 6
1412 0
1413 83
1414 43
1415 24
1416 9
1417 48
1418 69
1419 65
1420 32
1421 15
1422 17
1423 36
1424 29
1425 14
1426 29
1427 7
1428 28
1429 17
1430 11
1431 11
1432 0
1433 29
1434 37
1435 5
1436 47
1437 54
1438 74
1439 46
1440 40
1441 83
1442 4
1443 56
1444 9
1445 8
1446 5
1447 44
1448 63
1449 3
1450 34
1451 6
1452 12
1453 7
1454 2
1455 37
1456 37
1457 8
1458 3
1459 17
1460 47
1461 15
1462 36
1463 1
1464 25
1465 23
1466 14
1467 83
1468 30
1469 70
1470 5
1471 0
1472 34
1473 47
1474 1
1475 61
1476 47
1477 7
1478 49
1479 3
1480 12
1481 53
1482 26
1483 89
1484 58
1485 7
1486 4
1487 19
1488 0
1489 62
1490 10
1491 5
1492 4
1493 0
1494 49
1495 30
1496 86
1497 11
1498 45
1499 70
1500 16
1501 54
1502 29
1503 37
1504 34
1505 20
1506 55
1507 66
1508 10
1509 2
1510 81
1511 5
1512 12
1513 33
1514 35
1515 7
1516 7
1517 21
1518 11
1519 1
1520 10
1521 8
1522 14
1523 44
1524 12
1525 10
1526 23
1527 66
1528 50
1529 13
1530 6
1531 16
1532 19
1533 24
1534 87
1535 31
1536 38
1537 80
1538 3
1539 14
1540 17
1541 19
1542 18
1543 56
1544 17
1545 19
1546 45
1547 24
1548 1
1549 28
1550 58
1551 48
1552 36
1553 0
1554 41
1555 10
1556 67
1557 54
1558 48
1559 59
1560 2
1561 31
1562 41
1563 31
1564 1
1565 13
1566 64
1567 51
1568 54
1569 40
1570 25
1571 13
1572 10
1573 17
1574 6
1575 43
1576 67
1577 20
1578 67
1579 29
1580 14
1581 1
1582 18
1583 7
1584 18
1585 16
1586 62
1587 3
1588 15
1589 20
1590 4
1591 40
1592 0
1593 7
1594 32
1595 46
1596 19
1597 9
1598 2
1599 16
1600 41
1601 14
1602 4
1603 16
1604 11
1605 8
1606 63
1607 0
1608 14
1609 45
1610 34
1611 1
1612 0
1613 6
1614 59
1615 26
1616 25
1617 3
1618 6
1619 29
1620 29
1621 16
1622 19
1623 0
1624 15
1625 37
1626 19
1627 4
1628 16
1629 3
1630 0
1631 17
1632 51
1633 25
1634 47
1635 45
1636 8
1637 29
1638 63
1639 40
1640 44
1641 24
1642 7
1643 1
1644 14
1645 94
1646 96
1647 0
1648 1
1649 19
1650 31
1651 57
1652 31
1653 3
1654 91
1655 66
1656 4
1657 7
1658 25
1659 29
1660 5
1661 14
1662 46
1663 5
1664 25
1665 3
1666 12
1667 14
1668 46
1669 8
1670 84
1671 14
1672 41
1673 51
1674 26
1675 82
1676 38
1677 9
1678 33
1679 27
1680 19
1681 2
1682 4
1683 7
1684 13
1685 33
1686 0
1687 42
1688 26
1689 8
1690 34
1691 23
1692 51
1693 2
1694 33
1695 29
1696 0
1697 31
1698 6
1699 7
1700 2
1701 43
1702 48
1703 22
1704 13
1705 1
1706 4
1707 13
1708 47
1709 4
1710 1
1711 0
1712 33
1713 9
1714 115
1715 5
1716 42
1717 15
1718 26
1719 28
1720 66
1721 40
1722 6
1723 40
1724 11
1725 2
1726 8
1727 11
1728 5
1729 3
1730 0
1731 27
1732 0
1733 32
1734 15
1735 63
1736 1
1737 33
1738 66
1739 23
1740 7
1741 15
1742 48
1743 19
1744 24
1745 41
1746 23
1747 13
1748 11
1749 13
1750 0
1751 1
1752 43
1753 14
1754 8
1755 28
1756 116
1757 13
1758 36
1759 50
1760 8
1761 4
1762 6
1763 5
1764 33
1765 33
1766 44
1767 79
1768 20
1769 0
1770 66
1771 76
1772 33
1773 18
1774 24
1775 4
1776 27
1777 10
1778 2
1779 1
1780 18
1781 31
1782 14
1783 4
1784 7
1785 31
1786 53
1787 31
1788 10
1789 13
1790 7
1791 15
1792 3
1793 12
1794 25
1795 98
1796 5
1797 26
1798 1
1799 1
1800 22
1801 33
1802 14
1803 10
1804 17
1805 7
1806 54
1807 20
1808 0
1809 58
1810 0
1811 23
1812 2
1813 61
1814 18
1815 49
1816 11
1817 28
1818 28
1819 1
1820 4
1821 36
1822 10
1823 7
1824 13
1825 0
1826 7
1827 38
1828 33
1829 0
1830 14
1831 100
1832 22
1833 26
1834 20
1835 12
1836 11
1837 26
1838 8
1839 7
1840 18
1841 80
1842 17
1843 32
1844 29
1845 22
1846 20
1847 17
1848 2
1849 14
1850 30
1851 1
1852 50
1853 0
1854 4
1855 20
1856 8
1857 38
1858 9
1859 6
1860 55
1861 36
1862 24
1863 8
1864 2
1865 9
1866 17
1867 49
1868 5
1869 2
1870 37
1871 22
1872 27
1873 28
1874 16
1875 11
1876 2
1877 11
1878 16
1879 43
1880 7
1881 6
1882 9
1883 7
1884 28
1885 11
1886 5
1887 0
1888 13
1889 18
1890 37
1891 46
1892 93
1893 5
1894 20
1895 7
1896 51
1897 10
1898 50
1899 62
1900 8
1901 25
1902 25
1903 27
1904 0
1905 7
1906 18
1907 11
1908 27
1909 82
1910 9
1911 39
1912 12
1913 53
1914 60
1915 28
1916 10
1917 76
1918 8
1919 4
1920 1
1921 32
1922 1
1923 22
1924 0
1925 34
1926 23
1927 29
1928 19
1929 24
1930 3
1931 25
1932 34
1933 0
1934 7
1935 22
1936 1
1937 4
1938 10
1939 21
1940 30
1941 8
1942 25
1943 10
1944 12
1945 10
1946 8
1947 8
1948 11
1949 9
1950 37
1951 14
1952 20
1953 56
1954 20
1955 37
1956 10
1957 11
1958 10
1959 6
1960 58
1961 16
1962 15
1963 19
1964 10
1965 5
1966 61
1967 8
1968 15
1969 16
1970 12
1971 1
1972 37
1973 39
1974 7
1975 12
1976 8
1977 38
1978 9
1979 38
1980 10
1981 30
1982 52
1983 12
1984 22
1985 5
1986 20
1987 35
1988 19
1989 5
1990 1
1991 33
1992 1
1993 19
1994 16
1995 66
1996 25
1997 1
1998 18
1999 21
2000 19
2001 35
2002 22
2003 19
2004 0
2005 37
2006 78
2007 45
2008 11
2009 56
2010 57
2011 8
2012 62
2013 15
2014 3
2015 86
2016 0
2017 13
2018 45
2019 9
2020 18
2021 2
2022 35
2023 7
2024 32
2025 3
2026 12
2027 13
2028 9
2029 32
2030 62
2031 0
2032 18
2033 6
2034 16
2035 10
2036 29
2037 2
2038 19
2039 20
2040 16
2041 40
2042 10
2043 6
2044 2
2045 2
2046 31
2047 27
2048 64
2049 45
2050 4
2051 12
2052 40
2053 18
2054 20
2055 11
2056 68
2057 26
2058 34
2059 11
2060 20
2061 31
2062 62
2063 14
2064 64
2065 8
2066 10
2067 46
2068 25
2069 33
2070 16
2071 19
2072 52
2073 53
2074 21
2075 31
2076 59
2077 12
2078 21
2079 73
2080 37
2081 62
2082 35
2083 19
2084 21
2085 14
2086 11
2087 52
2088 19
2089 6
2090 35
2091 48
2092 68
2093 73
2094 20
2095 20
2096 7
2097 30
2098 3
2099 92
2100 47
2101 0
2102 68
2103 56
2104 82
2105 13
2106 85
2107 90
2108 20
2109 13
2110 93
2111 18
2112 22
2113 14
2114 78
2115 24
2116 15
2117 35
2118 35
2119 15
2120 26
2121 28
2122 15
2123 22
2124 55
2125 28
2126 19
2127 7
2128 66
2129 6
2130 15
2131 54
2132 9
2133 21
2134 48
2135 28
2136 60
2137 55
2138 38
2139 76
2140 60
2141 18
2142 22
2143 21
2144 9
2145 43
2146 94
2147 35
2148 24
2149 20
2150 29
2151 38
2152 24
2153 26
2154 23
2155 24
2156 0
2157 23
2158 64
2159 13
2160 14
2161 15
2162 72
2163 36
2164 63
2165 57
2166 60
2167 13
2168 10
2169 40
2170 16
2171 10
2172 14
2173 55
2174 21
2175 48
2176 23
2177 23
2178 0
2179 79
2180 59
2181 117
2182 0
2183 42
2184 60
2185 23
2186 26
2187 76
2188 67
2189 15
2190 10
2191 22
2192 51
2193 20
2194 33
2195 20
2196 64
2197 102
2198 49
2199 46
2200 23
2201 83
2202 27
2203 67
2204 23
2205 19
2206 2
2207 32
2208 46
2209 23
2210 23
2211 100
2212 33
2213 47
2214 93
2215 42
2216 55
2217 91
2218 2
2219 3
2220 44
2221 31
2222 79
2223 67
2224 27
2225 32
2226 23
2227 82
2228 11
2229 4
2230 45
2231 63
2232 19
2233 0
2234 15
2235 46
2236 4
2237 53
2238 12
2239 15
2240 39
2241 51
2242 39
2243 26
2244 72
2245 24
2246 81
2247 45
2248 29
2249 80
2250 27
2251 27
2252 69
2253 52
2254 96
2255 38
2256 78
2257 43
2258 24
2259 33
2260 36
2261 26
2262 1
2263 80
2264 0
2265 14
2266 59
2267 46
2268 99
2269 28
2270 88
2271 14
2272 26
2273 70
2274 49
2275 34
2276 30
2277 20
2278 9
2279 15
2280 59
2281 65
2282 17
2283 30
2284 56
2285 24
2286 1
2287 18
2288 118
2289 55
2290 33
2291 32
2292 2
2293 54
2294 1
2295 67
2296 14
2297 58
2298 17
2299 56
2300 88
2301 17
2302 25
2303 97
2304 54
2305 23
2306 25
2307 62
2308 21
2309 88
2310 51
2311 61
2312 0
2313 65
2314 57
2315 11
2316 5
2317 0
2318 7
2319 15
2320 87
2321 67
2322 68
2323 17
2324 67
2325 17
2326 26
2327 5
2328 29
2329 24
2330 32
2331 7
2332 89
2333 57
2334 17
2335 39
2336 10
2337 29
2338 23
2339 34
2340 53
2341 33
2342 93
2343 29
2344 16
2345 5
2346 0
2347 17
2348 49
2349 14
2350 84
2351 31
2352 33
2353 17
2354 33
2355 14
2356 6
2357 43
2358 8
2359 6
2360 15
2361 38
2362 13
2363 33
2364 36
2365 21
2366 17
2367 71
2368 24
2369 37
2370 47
2371 6
2372 12
2373 28
2374 14
2375 32
2376 75
2377 6
2378 29
2379 49
2380 61
2381 30
2382 9
2383 46
2384 0
2385 34
2386 30
2387 62
2388 0
2389 14
2390 42
2391 1
2392 17
2393 36
2394 8
2395 8
2396 76
2397 8
2398 10
2399 40
2400 59
2401 52
2402 1
2403 41
2404 6
2405 6
2406 94
2407 8
2408 1
2409 15
2410 0
2411 39
2412 8
2413 33
2414 56
2415 15
2416 26
2417 23
2418 0
2419 10
2420 5
2421 81
2422 14
2423 46
2424 32
2425 8
2426 63
2427 28
2428 38
2429 30
2430 10
2431 51
2432 8
2433 0
2434 57
2435 9
2436 17
2437 19
2438 27
2439 82
2440 21
2441 27
2442 21
2443 15
2444 11
2445 40
2446 6
2447 1
2448 25
2449 24
2450 22
2451 40
2452 29
2453 5
2454 14
2455 26
2456 19
2457 24
2458 0
2459 3
2460 23
2461 8
2462 75
2463 0
2464 23
2465 10
2466 47
2467 26
2468 43
2469 27
2470 56
2471 25
2472 54
2473 69
2474 7
2475 66
2476 33
2477 57
2478 38
2479 8
2480 28
2481 12
2482 57
2483 11
2484 4
2485 29
2486 29
2487 65
2488 0
2489 13
2490 10
2491 34
2492 6
2493 11
2494 19
2495 13
2496 65
2497 10
2498 0
2499 5
2500 2
2501 17
2502 19
2503 0
2504 42
2505 10
2506 10
2507 19
2508 24
2509 27
2510 40
2511 83
2512 83
2513 43
2514 16
2515 57
2516 17
2517 26
2518 34
2519 43
2520 13
2521 13
2522 42
2523 8
2524 3
2525 40
2526 9
2527 15
2528 23
2529 55
2530 40
2531 18
2532 32
2533 16
2534 20
2535 9
2536 2
2537 35
2538 2
2539 18
2540 10
2541 88
2542 0
2543 0
2544 57
2545 73
2546 34
2547 12
2548 20
2549 17
2550 13
2551 9
2552 5
2553 3
2554 28
2555 20
2556 2
2557 36
2558 4
2559 48
2560 17
2561 29
2562 43
2563 73
2564 19
2565 17
2566 37
2567 30
2568 41
2569 30
2570 25
2571 13
2572 79
2573 41
2574 76
2575 63
2576 16
2577 26
2578 34
2579 71
2580 37
2581 8
2582 0
2583 59
2584 14
2585 64
2586 20
2587 80
2588 27
2589 11
2590 3
2591 2
2592 20
2593 70
2594 0
2595 2
2596 47
2597 58
2598 56
2599 16
2600 36
2601 68
2602 19
2603 56
2604 40
2605 51
2606 28
2607 20
2608 19
2609 3
2610 57
2611 119
2612 57
2613 22
2614 0
2615 5
2616 6
2617 14
2618 4
2619 35
2620 2
2621 49
2622 41
2623 1
2624 19
2625 31
2626 4
2627 1
2628 30
2629 69
2630 30
2631 42
2632 11
2633 18
2634 48
2635 20
2636 30
2637 18
2638 3
2639 29
2640 4
2641 9
2642 31
2643 42
2644 9
2645 28
2646 55
2647 47
2648 1
2649 45
2650 26
2651 59
2652 3
2653 61
2654 89
2655 20
2656 53
2657 4
2658 66
2659 24
2660 31
2661 2
2662 29
2663 29
2664 34
2665 1
2666 60
2667 33
2668 29
2669 2
2670 44
2671 93
2672 20
2673 37
2674 17
2675 30
2676 76
2677 13
2678 26
2679 22
2680 8
2681 32
2682 16
2683 33
2684 9
2685 65
2686 9
2687 49
2688 14
2689 5
2690 19
2691 5
2692 33
2693 27
2694 4
2695 26
2696 26
2697 90
2698 0
2699 9
2700 14
2701 90
2702 24
2703 0
2704 4
2705 13
2706 9
2707 10
2708 6
2709 15
2710 31
2711 44
2712 24
2713 102
2714 27
2715 41
2716 82
2717 3
2718 1
2719 34
2720 2
2721 61
2722 6
2723 8
2724 23
2725 0
2726 29
2727 46
2728 44
2729 2
2730 24
2731 15
2732 58
2733 34
2734 58
2735 51
2736 49
2737 18
2738 18
2739 6
2740 9
2741 2
2742 48
2743 6
2744 42
2745 1
2746 35
2747 44
2748 56
2749 5
2750 5
2751 8
2752 0
2753 43
2754 6
2755 29
2756 62
2757 9
2758 60
2759 30
2760 49
2761 27
2762 6
2763 9
2764 10
2765 4
2766 13
2767 43
2768 54
2769 120
2770 6
2771 39
2772 33
2773 30
2774 10
2775 92
2776 9
2777 10
2778 9
2779 0
2780 34
2781 11
2782 13
2783 24
2784 10
2785 3
2786 28
2787 59
2788 9
2789 0
2790 33
2791 18
2792 18
2793 52
2794 63
2795 52
2796 15
2797 34
2798 15
2799 19
2800 22
2801 82
2802 25
2803 31
2804 9
2805 37
2806 4
2807 0
2808 0
2809 10
2810 7
2811 4
2812 1
2813 54
2814 9
2815 28
2816 13
2817 37
2818 10
2819 66
2820 10
2821 1
2822 84
2823 49
2824 12
2825 2
2826 10
2827 20
2828 12
2829 50
2830 19
2831 31
2832 54
2833 13
2834 12
2835 5
2836 68
2837 4
2838 10
2839 20
2840 34
2841 25
2842 50
2843 16
2844 2
2845 8
2846 22
2847 12
2848 13
2849 23
2850 75
2851 9
2852 16
2853 34
2854 7
2855 5
2856 4
2857 0
2858 25
2859 15
2860 38
2861 24
2862 3
2863 10
2864 38
2865 29
2866 91
2867 50
2868 36
2869 41
2870 14
2871 14
2872 31
2873 43
2874 12
2875 16
2876 17
2877 35
2878 26
2879 61
2880 12
2881 0
2882 15
2883 23
2884 4
2885 96
2886 0
2887 0
2888 22
2889 4
2890 31
2891 20
2892 12
2893 10
2894 53
2895 4
2896 20
2897 38
2898 6
2899 10
2900 14
2901 13
2902 11
2903 23
2904 3
2905 0
2906 55
2907 32
2908 6
2909 7
2910 13
2911 2
2912 21
2913 30
2914 13
2915 21
2916 14
2917 15
2918 33
2919 8
2920 10
2921 25
2922 2
2923 12
2924 13
2925 11
2926 19
2927 19
2928 67
2929 73
2930 7
2931 28
2932 5
2933 19
2934 11
2935 25
2936 21
2937 9
2938 3
2939 15
2940 11
2941 45
2942 22
2943 7
2944 5
2945 1
2946 36
2947 12
2948 81
2949 16
2950 4
2951 21
2952 15
2953 18
2954 32
2955 6
2956 9
2957 9
2958 6
2959 6
2960 20
2961 21
2962 30
2963 40
2964 54
2965 13
2966 5
2967 19
2968 13
2969 21
2970 24
2971 18
2972 49
2973 18
2974 26
2975 29
2976 5
2977 11
2978 48
2979 89
2980 11
2981 13
2982 16
2983 38
2984 18
2985 2
2986 41
2987 44
2988 22
2989 4
2990 19
2991 6
2992 22
2993 3
2994 4
2995 6
2996 65
2997 3
2998 34
2999 11
3000 20
3001 15
3002 56
3003 2
3004 2
3005 13
3006 5
3007 8
3008 5
3009 52
3010 7
3011 21
3012 15
3013 6
3014 32
3015 37
3016 13
3017 1
3018 3
3019 15
3020 19
3021 28
3022 54
3023 10
3024 16
3025 2
3026 10
3027 15
3028 6
3029 15
3030 53
3031 8
3032 12
3033 27
3034 73
3035 25
3036 20
3037 4
3038 20
3039 54
3040 8
3041 32
3042 2
3043 4
3044 18
3045 5
3046 13
3047 47
3048 42
3049 42
3050 8
3051 21
3052 18
3053 37
3054 10
3055 11
3056 44
3057 11
3058 18
3059 16
3060 6
3061 15
3062 8
3063 4
3064 22
3065 1
3066 50
3067 18
3068 16
3069 31
3070 42
3071 1
3072 58
3073 28
3074 44
3075 70
3076 1
3077 73
3078 9
3079 57
3080 84
3081 48
3082 0
3083 15
3084 42
3085 18
3086 16
3087 29
3088 59
3089 5
3090 1
3091 50
3092 45
3093 0
3094 35
3095 41
3096 0
3097 24
3098 12
3099 48
3100 41
3101 51
3102 35
3103 4
3104 62
3105 6
3106 48
3107 64
3108 1
3109 4
3110 54
3111 17
3112 28
3113 4
3114 12
3115 2
3116 0
3117 4
3118 24
3119 6
3120 0
3121 3
3122 10
3123 21
3124 9
3125 7
3126 3
3127 2
3128 1
3129 23
3130 51
3131 3
3132 16
3133 2
3134 7
3135 18
3136 47
3137 31
3138 75
3139 21
3140 68
3141 67
3142 56
3143 9
3144 43
3145 14
3146 3
3147 25
3148 15
3149 49
3150 85
3151 81
3152 54
3153 55
3154 85
3155 2
3156 26
3157 22
3158 24
3159 4
3160 11
3161 16
3162 14
3163 4
3164 5
3165 13
3166 72
3167 7
3168 48
3169 61
3170 10
3171 32
3172 31
3173 36
3174 7
3175 7
3176 39
3177 8
3178 8
3179 51
3180 8
3181 1
3182 39
3183 19
3184 6
3185 12
3186 5
3187 18
3188 1
3189 22
3190 39
3191 21
3192 52
3193 17
3194 8
3195 16
3196 48
3197 3
3198 59
3199 1
3200 7
3201 76
3202 45
3203 4
3204 88
3205 2
3206 3
3207 29
3208 9
3209 57
3210 73
3211 41
3212 29
3213 27
3214 46
3215 95
3216 16
3217 18
3218 23
3219 20
3220 0
3221 48
3222 75
3223 21
3224 39
3225 8
3226 7
3227 94
3228 13
3229 20
3230 17
3231 5
3232 24
3233 47
3234 39
3235 8
3236 26
3237 92
3238 8
3239 3
3240 47
3241 5
3242 56
3243 1
3244 54
3245 3
3246 28
3247 24
3248 55
3249 28
3250 43
3251 31
3252 16
3253 47
3254 26
3255 8
3256 47
3257 32
3258 2
3259 56
3260 5
3261 58
3262 33
3263 35
3264 22
3265 43
3266 36
3267 50
3268 0
3269 8
3270 27
3271 8
3272 26
3273 27
3274 39
3275 27
3276 121
3277 26
3278 27
3279 33
3280 14
3281 59
3282 2
3283 42
3284 0
3285 85
3286 16
3287 15
3288 33
3289 1
3290 2
3291 7
3292 66
3293 7
3294 7
3295 29
3296 39
3297 9
3298 75
3299 22
3300 6
3301 60
3302 18
3303 24
3304 84
3305 35
3306 7
3307 3
3308 23
3309 49
3310 1
3311 2
3312 76
3313 7
3314 20
3315 3
3316 18
3317 9
3318 15
3319 25
3320 21
3321 7
3322 0
3323 4
3324 46
3325 22
3326 3
3327 37
3328 29
3329 38
3330 27
3331 1
3332 7
3333 43
3334 2
3335 1
3336 0
3337 8
3338 4
3339 4
3340 8
3341 79
3342 73
3343 6
3344 33
3345 2
3346 1
3347 33
3348 7
3349 5
3350 53
3351 64
3352 2
3353 89
3354 5
3355 31
3356 5
3357 22
3358 68
3359 2
3360 100
3361 10
3362 59
3363 2
3364 6
3365 15
3366 4
3367 47
3368 28
3369 28
3370 15
3371 3
3372 4
3373 8
3374 5
3375 13
3376 12
3377 44
3378 29
3379 30
3380 37
3381 7
3382 14
3383 46
3384 1
3385 31
3386 10
3387 11
3388 4
3389 14
3390 24
3391 92
3392 7
3393 7
3394 38
3395 52
3396 9
3397 6
3398 7
3399 24
3400 91
3401 18
3402 62
3403 15
3404 10
3405 51
3406 24
3407 31
3408 10
3409 97
3410 31
3411 1
3412 0
3413 1
3414 68
3415 46
3416 31
3417 5
3418 14
3419 6
3420 9
3421 26
3422 10
3423 24
3424 7
3425 2
3426 68
3427 0
3428 0
3429 51
3430 81
3431 17
3432 2
3433 44
3434 72
3435 19
3436 12
3437 4
3438 10
3439 30
3440 8
3441 59
3442 5
3443 47
3444 2
3445 15
3446 6
3447 32
3448 1
3449 1
3450 86
3451 32
3452 43
3453 6
3454 27
3455 12
3456 7
3457 2
3458 28
3459 5
3460 73
3461 5
3462 24
3463 5
3464 4
3465 33
3466 24
3467 4
3468 4
3469 29
3470 0
3471 67
3472 47
3473 61
3474 13
3475 9
3476 34
3477 18
3478 0
3479 41
3480 11
3481 53
3482 3
3483 55
3484 3
3485 26
3486 13
3487 28
3488 13
3489 5
3490 4
3491 58
3492 28
3493 42
3494 28
3495 1
3496 7
3497 10
3498 5
3499 70
3500 37
3501 81
3502 22
3503 41
3504 43
3505 4
3506 44
3507 51
3508 1
3509 55
3510 6
3511 9
3512 4
3513 5
3514 17
3515 4
3516 7
3517 17
3518 2
3519 2
3520 59
3521 27
3522 1
3523 42
3524 44
3525 14
3526 3
3527 54
3528 38
3529 38
3530 10
3531 3
3532 16
3533 13
3534 3
3535 35
3536 11
3537 1
3538 8
3539 0
3540 7
3541 11
3542 32
3543 5
3544 36
3545 45
3546 7
3547 1
3548 11
3549 7
3550 42
3551 32
3552 59
3553 49
3554 35
3555 12
3556 53
3557 3
3558 9
3559 18
3560 44
3561 3
3562 12
3563 3
3564 0
3565 19
3566 54
3567 13
3568 35
3569 54
3570 13
3571 3
3572 35
3573 0
3574 3
3575 5
3576 27
3577 79
3578 4
3579 72
3580 54
3581 18
3582 18
3583 51
3584 25
3585 17
3586 41
3587 21
3588 11
3589 2
3590 8
3591 18
3592 29
3593 17
3594 48
3595 44
3596 2
3597 17
3598 44
3599 19
3600 50
3601 19
3602 31
3603 23
3604 122
3605 17
3606 1
3607 17
3608 28
3609 12
3610 24
3611 46
3612 2
3613 53
3614 40
3615 13
3616 67
3617 23
3618 25
3619 52
3620 9
3621 123
3622 30
3623 44
3624 29
3625 7
3626 16
3627 24
3628 54
3629 39
3630 67
3631 2
3632 26
3633 27
3634 4
3635 3
3636 53
3637 58
3638 1
3639 27
3640 124
3641 97
3642 52
3643 29
3644 48
3645 43
3646 14
3647 42
3648 12
3649 13
3650 2
3651 45
3652 3
3653 1
3654 2
3655 12
3656 3
3657 44
3658 4
3659 7
3660 3
3661 19
3662 8
3663 8
3664 69
3665 14
3666 43
3667 39
3668 5
3669 41
3670 31
3671 6
3672 0
3673 27
3674 16
3675 3
3676 45
3677 7
3678 0
3679 15
3680 15
3681 0
3682 28
3683 7
3684 52
3685 5
3686 29
3687 2
3688 23
3689 26
3690 11
3691 29
3692 1
3693 15
3694 42
3695 10
3696 3
3697 69
3698 15
3699 12
3700 22
3701 8
3702 14
3703 55
3704 9
3705 91
3706 6
3707 71
3708 6
3709 3
3710 2
3711 1
3712 41
3713 10
3714 10
3715 10
3716 27
3717 95
3718 18
3719 93
3720 2
3721 9
3722 2
3723 35
3724 3
3725 60
3726 38
3727 24
3728 0
3729 26
3730 27
3731 24
3732 6
3733 9
3734 64
3735 29
3736 3
3737 2
3738 4
3739 27
3740 8
3741 29
3742 60
3743 19
3744 23
3745 8
3746 27
3747 61
3748 7
3749 49
3750 8
3751 67
3752 0
3753 37
3754 10
3755 37
3756 2
3757 12
3758 7
3759 9
3760 12
3761 7
3762 66
3763 40
3764 16
3765 4
3766 27
3767 23
3768 10
3769 20
3770 8
3771 50
3772 30
3773 36
3774 47
3775 7
3776 11
3777 1
3778 28
3779 58
3780 46
3781 45
3782 21
3783 53
3784 9
3785 8
3786 8
3787 9
3788 4
3789 27
3790 7
3791 29
3792 34
3793 7
3794 63
3795 12
3796 10
3797 10
3798 9
3799 29
3800 3
3801 0
3802 9
3803 27
3804 58
3805 13
3806 26
3807 13
3808 2
3809 47
3810 0
3811 2
3812 0
3813 1
3814 9
3815 1
3816 10
3817 34
3818 9
3819 1
3820 7
3821 39
3822 9
3823 2
3824 7
3825 2
3826 7
3827 11
3828 15
3829 11
3830 8
3831 32
3832 73
3833 42
3834 0
3835 36
3836 8
3837 0
3838 57
3839 66
3840 59
3841 39
3842 4
3843 23
3844 36
3845 12
3846 43
3847 7
3848 63
3849 9
3850 7
3851 4
3852 31
3853 11
3854 3
3855 20
3856 10
3857 17
3858 0
3859 20
3860 1
3861 16
3862 27
3863 9
3864 16
3865 87
3866 16
3867 12
3868 5
3869 7
3870 6
3871 7
3872 2
3873 13
3874 16
3875 7
3876 21
3877 46
3878 9
3879 3
3880 12
3881 64
3882 20
3883 32
3884 11
3885 56
3886 45
3887 43
3888 0
3889 14
3890 9
3891 22
3892 1
3893 20
3894 14
3895 43
3896 6
3897 5
3898 16
3899 11
3900 8
3901 69
3902 38
3903 14
3904 0
3905 25
3906 22
3907 20
3908 13
3909 33
3910 24
3911 5
3912 33
3913 14
3914 10
3915 9
3916 18
3917 52
3918 13
3919 0
3920 7
3921 10
3922 13
3923 5
3924 7
3925 6
3926 3
3927 16
3928 49
3929 17
3930 16
3931 34
3932 20
3933 22
3934 0
3935 12
3936 18
3937 21
3938 6
3939 27
3940 12
3941 2
3942 30
3943 4
3944 17
3945 9
3946 1
3947 7
3948 18
3949 33
3950 2
3951 16
3952 25
3953 2
3954 5
3955 46
3956 11
3957 11
3958 7
3959 46
3960 13
3961 22
3962 28
3963 9
3964 2
3965 18
3966 20
3967 22
3968 19
3969 33
3970 0
3971 59
3972 84
3973 21
3974 9
3975 9
3976 37
3977 25
3978 22
3979 31
3980 4
3981 20
3982 10
3983 9
3984 8
3985 18
3986 19
3987 11
3988 16
3989 7
3990 13
3991 40
3992 23
3993 13
3994 11
3995 25
3996 13
3997 25
3998 20
3999 3
4000 9
4001 10
4002 51
4003 50
4004 12
4005 1
4006 18
4007 4
4008 15
4009 44
4010 8
4011 52
4012 1
4013 29
4014 11
4015 4
4016 35
4017 51
4018 4
4019 9
4020 29
4021 2
4022 40
4023 63
4024 5
4025 22
4026 3
4027 10
4028 38
4029 9
4030 8
4031 18
4032 7
4033 30
4034 0
4035 20
4036 11
4037 9
4038 21
4039 10
4040 0
4041 62
4042 33
4043 6
4044 27
4045 22
4046 27
4047 1
4048 77
4049 16
4050 4
4051 47
4052 12
4053 2
4054 15
4055 55
4056 12
4057 2
4058 57
4059 8
4060 28
4061 22
4062 21
4063 20
4064 0
4065 8
4066 5
4067 22
4068 8
4069 4
4070 3
4071 14
4072 41
4073 2
4074 20
4075 3
4076 27
4077 16
4078 28
4079 29
4080 0
4081 14
4082 6
4083 18
4084 22
4085 40
4086 5
4087 5
4088 4
4089 27
4090 38
4091 63
4092 67
4093 3
4094 21
4095 79
4096 51
4097 52
4098 40
4099 77
4100 7
4101 38
4102 13
4103 31
4104 0
4105 16
4106 25
4107 31
4108 45
4109 15
4110 74
4111 42
4112 21
4113 85
4114 48
4115 3
4116 0
4117 77
4118 41
4119 44
4120 63
4121 10
4122 25
4123 25
4124 15
4125 16
4126 32
4127 51
4128 50
4129 42
4130 17
4131 0
4132 12
4133 18
4134 44
4135 7
4136 39
4137 22
4138 39
4139 22
4140 3
4141 44
4142 18
4143 3
4144 34
4145 16
4146 0
4147 0
4148 85
4149 22
4150 19
4151 79
4152 85
4153 57
4154 0
4155 29
4156 42
4157 22
4158 18
4159 11
4160 21
4161 69
4162 29
4163 19
4164 12
4165 22
4166 24
4167 36
4168 14
4169 2
4170 1
4171 21
4172 21
4173 26
4174 11
4175 15
4176 35
4177 21
4178 45
4179 11
4180 64
4181 16
4182 23
4183 48
4184 7
4185 29
4186 28
4187 13
4188 26
4189 60
4190 97
4191 0
4192 44
4193 35
4194 16
4195 21
4196 9
4197 100
4198 52
4199 55
4200 23
4201 40
4202 48
4203 44
4204 11
4205 24
4206 55
4207 23
4208 15
4209 125
4210 78
4211 15
4212 16
4213 28
4214 20
4215 19
4216 33
4217 3
4218 24
4219 14
4220 40
4221 60
4222 57
4223 16
4224 0
4225 87
4226 9
4227 95
4228 23
4229 8
4230 0
4231 77
4232 31
4233 38
4234 22
4235 77
4236 52
4237 22
4238 71
4239 0
4240 11
4241 49
4242 19
4243 69
4244 29
4245 22
4246 13
4247 13
4248 18
4249 13
4250 49
4251 57
4252 13
4253 10
4254 26
4255 31
4256 16
4257 0
4258 41
4259 6
4260 0
4261 29
4262 24
4263 86
4264 0
4265 0
4266 65
4267 79
4268 25
4269 31
4270 30
4271 47
4272 47
4273 43
4274 22
4275 41
4276 33
4277 11
4278 39
4279 11
4280 24
4281 32
4282 58
4283 13
4284 54
4285 58
4286 46
4287 36
4288 38
4289 18
4290 56
4291 18
4292 71
4293 3
4294 41
4295 35
4296 53
4297 27
4298 44
4299 85
4300 13
4301 38
4302 70
4303 126
4304 37
4305 35
4306 29
4307 22
4308 18
4309 27
4310 1
4311 41
4312 76
4313 74
4314 47
4315 36
4316 27
4317 51
4318 26
4319 54
4320 26
4321 39
4322 21
4323 50
4324 36
4325 4
4326 20
4327 34
4328 24
4329 75
4330 62
4331 0
4332 86
4333 18
4334 66
4335 11
4336 37
4337 15
4338 28
4339 0
4340 97
4341 17
4342 38
4343 34
4344 21
4345 25
4346 83
4347 44
4348 57
4349 16
4350 53
4351 14
4352 66
4353 28
4354 18
4355 25
4356 2
4357 1
4358 34
4359 42
4360 3
4361 12
4362 28
4363 70
4364 26
4365 8
4366 50
4367 14
4368 1
4369 22
4370 75
4371 47
4372 55
4373 61
4374 35
4375 15
4376 50
4377 41
4378 20
4379 14
4380 23
4381 52
4382 1
4383 31
4384 5
4385 27
4386 38
4387 25
4388 48
4389 75
4390 46
4391 0
4392 10
4393 60
4394 44
4395 10
4396 23
4397 6
4398 57
4399 19
4400 5
4401 27
4402 1
4403 7
4404 59
4405 46
4406 17
4407 12
4408 0
4409 52
4410 28
4411 7
4412 17
4413 1
4414 31
4415 6
4416 52
4417 76
4418 22
4419 70
4420 12
4421 27
4422 127
4423 1
4424 72
4425 34
4426 21
4427 69
4428 10
4429 34
4430 52
4431 77
4432 24
4433 0
4434 96
4435 19
4436 10
4437 12
4438 8
4439 16
4440 99
4441 8
4442 6
4443 53
4444 26
4445 41
4446 30
4447 21
4448 1
4449 18
4450 12
4451 26
4452 12
4453 48
4454 26
4455 97
4456 82
4457 64
4458 14
4459 41
4460 15
4461 24
4462 0
4463 1
4464 31
4465 54
4466 41
4467 39
4468 67
4469 45
4470 12
4471 23
4472 92
4473 52
4474 43
4475 50
4476 1
4477 1
4478 14
4479 41
4480 68
4481 55
4482 10
4483 60
4484 14
4485 45
4486 33
4487 17
4488 0
4489 12
4490 23
4491 21
4492 11
4493 11
4494 30
4495 1
4496 1
4497 5
4498 35
4499 6
4500 37
4501 32
4502 26
4503 10
4504 38
4505 3
4506 42
4507 14
4508 12
4509 3
4510 23
4511 62
4512 9
4513 3
4514 24
4515 5
4516 21
4517 31
4518 24
4519 5
4520 12
4521 23
4522 21
4523 6
4524 12
4525 36
4526 1
4527 42
4528 24
4529 58
4530 10
4531 5
4532 9
4533 11
4534 94
4535 1
4536 13
4537 65
4538 33
4539 42
4540 18
4541 20
4542 0
4543 12
4544 18
4545 2
4546 20
4547 37
4548 3
4549 3
4550 5
4551 16
4552 8
4553 70
4554 37
4555 8
4556 47
4557 19
4558 6
4559 4
4560 56
4561 63
4562 9
4563 4
4564 32
4565 27
4566 60
4567 59
4568 11
4569 62
4570 1
4571 43
4572 1
4573 35
4574 1
4575 54
4576 3
4577 8
4578 40
4579 20
4580 65
4581 0
4582 8
4583 4
4584 6
4585 1
4586 42
4587 37
4588 10
4589 86
4590 2
4591 11
4592 10
4593 23
4594 10
4595 2
4596 44
4597 128
4598 11
4599 16
4600 129
4601 49
4602 16
4603 0
4604 44
4605 78
4606 53
4607 13
4608 17
4609 23
4610 24
4611 5
4612 5
4613 12
4614 61
4615 13
4616 1
4617 31
4618 90
4619 72
4620 54
4621 43
4622 48
4623 62
4624 42
4625 13
4626 25
4627 64
4628 31
4629 19
4630 22
4631 58
4632 43
4633 0
4634 31
4635 19
4636 0
4637 63
4638 1
4639 64
4640 98
4641 19
4642 64
4643 0
4644 0
4645 30
4646 30
4647 32
4648 1
4649 47
4650 25
4651 40
4652 54
4653 13
4654 18
4655 90
4656 51
4657 12
4658 76
4659 74
4660 6
4661 63
4662 6
4663 30
4664 2
4665 22
4666 4
4667 3
4668 0
4669 16
4670 10
4671 16
4672 22
4673 5
4674 5
4675 37
4676 59
4677 55
4678 18
4679 15
4680 20
4681 22
4682 75
4683 4
4684 0
4685 6
4686 4
4687 25
4688 28
4689 37
4690 45
4691 3
4692 26
4693 15
4694 6
4695 16
4696 11
4697 35
4698 0
4699 32
4700 3
4701 2
4702 13
4703 16
4704 1
4705 19
4706 19
4707 72
4708 26
4709 53
4710 22
4711 28
4712 60
4713 20
4714 9
4715 1
4716 77
4717 25
4718 1
4719 10
4720 88
4721 6
4722 4
4723 5
4724 39
4725 32
4726 2
4727 23
4728 1
4729 22
4730 35
4731 34
4732 10
4733 4
4734 4
4735 32
4736 1
4737 1
4738 19
4739 79
4740 25
4741 36
4742 5
4743 26
4744 15
4745 21
4746 57
4747 73
4748 35
4749 40
4750 8
4751 0
4752 0
4753 74
4754 32
4755 74
4756 3
4757 19
4758 9
4759 89
4760 0
4761 38
4762 34
4763 13
4764 38
4765 3
4766 49
4767 49
4768 55
4769 6
4770 8
4771 45
4772 5
4773 8
4774 3
4775 54
4776 62
4777 13
4778 8
4779 4
4780 4
4781 10
4782 8
4783 10
4784 0
4785 70
4786 34
4787 70
4788 49
4789 64
4790 85
4791 4
4792 33
4793 19
4794 60
4795 13
4796 72
4797 5
4798 5
4799 24
4800 4
4801 2
4802 2
4803 3
4804 34
4805 13
4806 0
4807 12
4808 1
4809 4
4810 9
4811 2
4812 2
4813 42
4814 8
4815 1
4816 4
4817 14
4818 51
4819 5
4820 90
4821 26
4822 59
4823 12
4824 0
4825 6
4826 5
4827 14
4828 17
4829 45
4830 23
4831 10
4832 7
4833 17
4834 13
4835 5
4836 8
4837 10
4838 7
4839 46
4840 11
4841 4
4842 11
4843 24
4844 10
4845 35
4846 6
4847 2
4848 23
4849 24
4850 13
4851 14
4852 5
4853 4
4854 25
4855 15
4856 11
4857 8
4858 4
4859 24
4860 25
4861 22
4862 1
4863 10
4864 32
4865 6
4866 1
4867 6
4868 10
4869 9
4870 1
4871 130
4872 32
4873 20
4874 18
4875 5
4876 2
4877 14
4878 0
4879 1
4880 4
4881 35
4882 17
4883 19
4884 7
4885 42
4886 36
4887 34
4888 2
4889 7
4890 53
4891 17
4892 6
4893 29
4894 12
4895 10
4896 4
4897 1
4898 7
4899 37
4900 34
4901 0
4902 2
4903 27
4904 12
4905 6
4906 11
4907 15
4908 5
4909 53
4910 39
4911 99
4912 53
4913 30
4914 5
4915 23
4916 8
4917 46
4918 38
4919 4
4920 6
4921 1
4922 26
4923 15
4924 15
4925 2
4926 13
4927 23
4928 0
4929 22
4930 43
4931 35
4932 53
4933 5
4934 4
4935 27
4936 11
4937 12
4938 11
4939 60
4940 35
4941 22
4942 10
4943 34
4944 24
4945 15
4946 3
4947 36
4948 43
4949 3
4950 16
4951 4
4952 102
4953 0
4954 21
4955 13
4956 1
4957 39
4958 2
4959 0
4960 28
4961 0
4962 21
4963 28
4964 10
4965 39
4966 69
4967 13
4968 9
4969 20
4970 5
4971 46
4972 10
4973 41
4974 13
4975 22
4976 20
4977 11
4978 6
4979 30
4980 12
4981 38
4982 33
4983 13
4984 13
4985 22
4986 26
4987 18
4988 2
4989 18
4990 75
4991 39
4992 7
4993 29
4994 5
4995 5
4996 21
4997 13
4998 19
4999 19
5000 0
5001 38
5002 2
5003 8
5004 40
5005 19
5006 37
5007 7
5008 9
5009 4
5010 0
5011 26
5012 4
5013 8
5014 19
5015 9
5016 11
5017 12
5018 26
5019 22
5020 29
5021 37
5022 30
5023 21
5024 22
5025 19
5026 11
5027 37
5028 50
5029 6
5030 19
5031 55
5032 5
5033 19
5034 16
5035 28
5036 20
5037 17
5038 6
5039 16
5040 56
5041 4
5042 51
5043 12
5044 15
5045 20
5046 15
5047 66
5048 2
5049 22
5050 15
5051 20
5052 2
5053 74
5054 15
5055 20
5056 0
5057 26
5058 1
5059 21
5060 13
5061 37
5062 12
5063 39
5064 35
5065 71
5066 37
5067 17
5068 8
5069 12
5070 12
5071 10
5072 9
5073 33
5074 20
5075 9
5076 15
5077 35
5078 3
5079 5
5080 7
5081 13
5082 4
5083 22
5084 18
5085 54
5086 3
5087 10
5088 28
5089 38
5090 8
5091 1
5092 22
5093 4
5094 6
5095 2
5096 28
5097 8
5098 22
5099 8
5100 52
5101 0
5102 20
5103 6
5104 51
5105 5
5106 21
5107 11
5108 16
5109 29
5110 12
5111 16
5112 12
5113 10
5114 8
5115 5
5116 60
5117 131
5118 1
5119 38
5120 23
5121 27
5122 25
5123 38
5124 37
5125 24
5126 45
5127 1
5128 36
5129 27
5130 31
5131 2
5132 67
5133 1
5134 17
5135 46
5136 0
5137 16
5138 7
5139 23
5140 1
5141 38
5142 3
5143 16
5144 29
5145 13
5146 10
5147 22
5148 35
5149 0
5150 14
5151 37
5152 18
5153 2
5154 1
5155 65
5156 98
5157 38
5158 7
5159 24
5160 28
5161 17
5162 82
5163 83
5164 0
5165 45
5166 30
5167 36
5168 7
5169 83
5170 13
5171 62
5172 2
5173 4
5174 70
5175 15
5176 22
5177 66
5178 4
5179 2
5180 45
5181 42
5182 21
5183 33
5184 5
5185 2
5186 17
5187 13
5188 45
5189 69
5190 64
5191 18
5192 5
5193 8
5194 3
5195 6
5196 6
5197 5
5198 26
5199 3
5200 4
5201 41
5202 21
5203 17
5204 35
5205 4
5206 21
5207 99
5208 68
5209 7
5210 6
5211 40
5212 60
5213 21
5214 48
5215 40
5216 4
5217 5
5218 12
5219 26
5220 15
5221 17
5222 1
5223 8
5224 45
5225 0
5226 22
5227 26
5228 23
5229 76
5230 0
5231 12
5232 44
5233 4
5234 18
5235 23
5236 6
5237 6
5238 32
5239 5
5240 46
5241 48
5242 65
5243 8
5244 55
5245 21
5246 65
5247 7
5248 7
5249 1
5250 21
5251 18
5252 0
5253 9
5254 58
5255 40
5256 21
5257 80
5258 27
5259 1
5260 2
5261 6
5262 90
5263 11
5264 35
5265 76
5266 42
5267 30
5268 22
5269 0
5270 33
5271 62
5272 4
5273 84
5274 18
5275 1
5276 3
5277 12
5278 39
5279 26
5280 21
5281 33
5282 35
5283 16
5284 7
5285 8
5286 79
5287 31
5288 7
5289 64
5290 62
5291 2
5292 16
5293 46
5294 40
5295 3
5296 5
5297 5
5298 5
5299 6
5300 9
5301 3
5302 50
5303 3
5304 6
5305 102
5306 2
5307 20
5308 1
5309 12
5310 8
5311 75
5312 7
5313 95
5314 35
5315 5
5316 80
5317 39
5318 132
5319 32
5320 7
5321 9
5322 3
5323 6
5324 6
5325 18
5326 9
5327 51
5328 7
5329 26
5330 1
5331 8
5332 34
5333 7
5334 50
5335 2
5336 1
5337 60
5338 46
5339 2
5340 41
5341 4
5342 24
5343 34
5344 7
5345 19
5346 63
5347 36
5348 0
5349 63
5350 0
5351 34
5352 0
5353 58
5354 1
5355 18
5356 0
5357 54
5358 98
5359 79
5360 3
5361 22
5362 47
5363 36
5364 98
5365 33
5366 82
5367 25
5368 14
5369 4
5370 2
5371 4
5372 31
5373 17
5374 96
5375 23
5376 5
5377 5
5378 18
5379 18
5380 1
5381 6
5382 80
5383 43
5384 1
5385 0
5386 5
5387 42
5388 8
5389 8
5390 32
5391 26
5392 8
5393 6
5394 24
5395 59
5396 36
5397 21
5398 74
5399 28
5400 24
5401 2
5402 29
5403 49
5404 1
5405 21
5406 5
5407 21
5408 16
5409 27
5410 133
5411 5
5412 37
5413 64
5414 17
5415 8
5416 6
5417 23
5418 24
5419 4
5420 5
5421 25
5422 12
5423 12
5424 10
5425 6
5426 12
5427 20
5428 3
5429 21
5430 8
5431 4
5432 26
5433 43
5434 25
5435 63
5436 52
5437 8
5438 17
5439 1
5440 4
5441 60
5442 17
5443 29
5444 84
5445 18
5446 55
5447 12
5448 4
5449 53
5450 38
5451 34
5452 19
5453 10
5454 36
5455 28
5456 28
5457 3
5458 10
5459 18
5460 49
5461 49
5462 44
5463 6
5464 6
5465 8
5466 23
5467 69
5468 8
5469 26
5470 52
5471 23
5472 12
5473 5
5474 0
5475 5
5476 59
5477 4
5478 40
5479 41
5480 5
5481 53
5482 36
5483 10
5484 1
5485 68
5486 31
5487 7
5488 9
5489 40
5490 9
5491 4
5492 31
5493 17
5494 64
5495 12
5496 76
5497 69
5498 33
5499 33
5500 31
5501 32
5502 2
5503 61
5504 37
5505 98
5506 94
5507 60
5508 3
5509 83
5510 33
5511 8
5512 1
5513 24
5514 27
5515 22
5516 3
5517 37
5518 47
5519 12
5520 23
5521 1
5522 11
5523 3
5524 0
5525 13
5526 38
5527 11
5528 2
5529 58
5530 12
5531 52
5532 29
5533 10
5534 40
5535 5
5536 9
5537 93
5538 13
5539 14
5540 26
5541 28
5542 12
5543 35
5544 10
5545 57
5546 13
5547 6
5548 40
5549 37
5550 15
5551 56
5552 7
5553 8
5554 29
5555 30
5556 4
5557 7
5558 11
5559 22
5560 43
5561 43
5562 29
5563 52
5564 1
5565 20
5566 8
5567 30
5568 27
5569 44
5570 16
5571 39
5572 0
5573 17
5574 21
5575 71
5576 53
5577 56
5578 24
5579 17
5580 5
5581 53
5582 11
5583 41
5584 20
5585 27
5586 7
5587 7
5588 39
5589 4
5590 9
5591 9
5592 8
5593 12
5594 19
5595 30
5596 6
5597 7
5598 14
5599 13
5600 19
5601 60
5602 5
5603 1
5604 17
5605 40
5606 18
5607 91
5608 2
5609 32
5610 37
5611 9
5612 11
5613 18
5614 58
5615 1
5616 44
5617 12
5618 18
5619 76
5620 25
5621 82
5622 42
5623 86
5624 6
5625 11
5626 10
5627 14
5628 13
5629 20
5630 23
5631 47
5632 7
5633 11
5634 44
5635 29
5636 42
5637 11
5638 23
5639 43
5640 2
5641 77
5642 1
5643 0
5644 8
5645 12
5646 41
5647 31
5648 2
5649 39
5650 3
5651 13
5652 2
5653 17
5654 42
5655 75
5656 67
5657 42
5658 0
5659 51
5660 83
5661 8
5662 17
5663 52
5664 2
5665 31
5666 72
5667 14
5668 68
5669 0
5670 38
5671 51
5672 0
5673 2
5674 45
5675 16
5676 17
5677 1
5678 96
5679 52
5680 1
5681 38
5682 2
5683 0
5684 57
5685 30
5686 57
5687 36
5688 3
5689 1
5690 4
5691 58
5692 88
5693 58
5694 61
5695 5
5696 2
5697 46
5698 42
5699 3
5700 19
5701 53
5702 4
5703 3
5704 22
5705 7
5706 51
5707 3
5708 2
5709 44
5710 1
5711 7
5712 0
5713 14
5714 12
5715 8
5716 0
5717 17
5718 5
5719 56
5720 15
5721 16
5722 19
5723 77
5724 19
5725 3
5726 20
5727 20
5728 30
5729 4
5730 61
5731 14
5732 26
5733 25
5734 15
5735 13
5736 5
5737 2
5738 3
5739 7
5740 23
5741 7
5742 18
5743 17
5744 28
5745 9
5746 2
5747 59
5748 97
5749 69
5750 14
5751 6
5752 0
5753 0
5754 18
5755 85
5756 48
5757 7
5758 1
5759 3
5760 6
5761 33
5762 19
5763 6
5764 2
5765 24
5766 4
5767 20
5768 55
5769 59
5770 10
5771 69
5772 65
5773 23
5774 6
5775 9
5776 9
5777 19
5778 11
5779 3
5780 20
5781 39
5782 20
5783 5
5784 23
5785 27
5786 89
5787 11
5788 2
5789 16
5790 9
5791 49
5792 3
5793 0
5794 73
5795 22
5796 1
5797 39
5798 40
5799 1
5800 81
5801 3
5802 6
5803 10
5804 34
5805 9
5806 47
5807 9
5808 10
5809 13
5810 22
5811 8
5812 30
5813 12
5814 54
5815 8
5816 11
5817 14
5818 10
5819 10
5820 13
5821 11
5822 27
5823 4
5824 0
5825 0
5826 47
5827 35
5828 13
5829 1
5830 4
5831 11
5832 4
5833 20
5834 13
5835 3
5836 33
5837 11
5838 94
5839 6
5840 4
5841 11
5842 22
5843 0
5844 38
5845 33
5846 28
5847 0
5848 6
5849 1
5850 14
5851 23
5852 9
5853 4
5854 8
5855 6
5856 11
5857 86
5858 13
5859 26
5860 33
5861 9
5862 32
5863 62
5864 20
5865 75
5866 9
5867 24
5868 71
5869 23
5870 28
5871 1
5872 7
5873 2
5874 7
5875 36
5876 9
5877 92
5878 7
5879 43
5880 37
5881 22
5882 22
5883 11
5884 7
5885 39
5886 5
5887 39
5888 0
5889 50
5890 33
5891 2
5892 21
5893 9
5894 16
5895 6
5896 6
5897 4
5898 48
5899 9
5900 20
5901 2
5902 32
5903 4
5904 10
5905 12
5906 7
5907 7
5908 20
5909 45
5910 6
5911 9
5912 33
5913 9
5914 3
5915 11
5916 5
5917 11
5918 64
5919 43
5920 46
5921 37
5922 11
5923 18
5924 56
5925 72
5926 39
5927 52
5928 16
5929 17
5930 38
5931 6
5932 8
5933 17
5934 12
5935 8
5936 22
5937 1
5938 0
5939 6
5940 4
5941 38
5942 22
5943 9
5944 16
5945 1
5946 4
5947 61
5948 9
5949 3
5950 21
5951 22
5952 101
5953 16
5954 134
5955 7
5956 3
5957 22
5958 5
5959 15
5960 7
5961 11
5962 11
5963 10
5964 47
5965 33
5966 0
5967 7
5968 1
5969 5
5970 12
5971 28
5972 3
5973 41
5974 38
5975 20
5976 6
5977 13
5978 1
5979 8
5980 18
5981 22
5982 2
5983 20
5984 15
5985 8
5986 7
5987 34
5988 15
5989 46
5990 10
5991 40
5992 20
5993 1
5994 19
5995 8
5996 16
5997 17
5998 40
5999 23
6000 25
6001 13
6002 36
6003 24
6004 9
6005 8
6006 1
6007 21
6008 15
6009 21
6010 26
6011 6
6012 25
6013 2
6014 10
6015 2
6016 11
6017 9
6018 41
6019 6
6020 35
6021 5
6022 40
6023 25
6024 28
6025 19
6026 14
6027 9
6028 4
6029 6
6030 19
6031 13
6032 33
6033 18
6034 18
6035 1
6036 18
6037 23
6038 42
6039 12
6040 1
6041 2
6042 53
6043 16
6044 12
6045 26
6046 4
6047 10
6048 22
6049 4
6050 30
6051 12
6052 10
6053 14
6054 32
6055 33
6056 7
6057 2
6058 15
6059 13
6060 0
6061 1
6062 40
6063 1
6064 34
6065 46
6066 24
6067 17
6068 75
6069 18
6070 3
6071 10
6072 18
6073 135
6074 25
6075 0
6076 7
6077 20
6078 6
6079 30
6080 10
6081 21
6082 56
6083 136
6084 9
6085 7
6086 12
6087 4
6088 3
6089 19
6090 4
6091 2
6092 2
6093 15
6094 44
6095 45
6096 56
6097 32
6098 17
6099 16
6100 9
6101 18
6102 9
6103 13
6104 20
6105 21
6106 4
6107 9
6108 15
6109 5
6110 8
6111 16
6112 16
6113 35
6114 9
6115 8
6116 55
6117 1
6118 137
6119 19
6120 11
6121 45
6122 6
6123 3
6124 1
6125 14
6126 30
6127 22
6128 72
6129 2
6130 30
6131 1
6132 18
6133 3
6134 11
6135 8
6136 18
6137 15
6138 19
6139 34
6140 3
6141 22
6142 7
6143 4
6144 11
6145 7
6146 30
6147 31
6148 16
6149 85
6150 13
6151 0
6152 19
6153 11
6154 30
6155 48
6156 0
6157 18
6158 21
6159 17
6160 50
6161 72
6162 32
6163 59
6164 7
6165 51
6166 39
6167 12
6168 41
6169 58
6170 25
6171 32
6172 4
6173 40
6174 31
6175 36
6176 3
6177 0
6178 19
6179 53
6180 38
6181 72
6182 51
6183 0
6184 30
6185 37
6186 19
6187 32
6188 40
6189 0
6190 102
6191 3
6192 39
6193 27
6194 31
6195 15
6196 3
6197 66
6198 51
6199 16
6200 42
6201 37
6202 35
6203 71
6204 73
6205 40
6206 29
6207 56
6208 32
6209 3
6210 0
6211 19
6212 69
6213 24
6214 59
6215 31
6216 14
6217 31
6218 61
6219 53
6220 12
6221 45
6222 18
6223 33
6224 18
6225 18
6226 19
6227 80
6228 23
6229 52
6230 59
6231 30
6232 29
6233 78
6234 55
6235 138
6236 32
6237 26
6238 61
6239 26
6240 15
6241 48
6242 3
6243 24
6244 38
6245 58
6246 40
6247 72
6248 89
6249 43
6250 24
6251 76
6252 17
6253 41
6254 48
6255 31
6256 39
6257 23
6258 29
6259 101
6260 15
6261 64
6262 139
6263 32
6264 41
6265 42
6266 60
6267 15
6268 24
6269 53
6270 45
6271 4
6272 41
6273 65
6274 42
6275 49
6276 8
6277 39
6278 40
6279 80
6280 26
6281 44
6282 26
6283 93
6284 11
6285 15
6286 61
6287 47
6288 26
6289 33
6290 33
6291 46
6292 68
6293 0
6294 74
6295 27
6296 70
6297 15
6298 84
6299 28
6300 6
6301 39
6302 76
6303 87
6304 0
6305 24
6306 54
6307 54
6308 57
6309 51
6310 60
6311 32
6312 16
6313 18
6314 35
6315 47
6316 69
6317 55
6318 43
6319 3
6320 14
6321 50
6322 35
6323 56
6324 66
6325 46
6326 74
6327 40
6328 17
6329 70
6330 35
6331 14
6332 68
6333 78
6334 39
6335 58
6336 45
6337 13
6338 38
6339 83
6340 64
6341 21
6342 44
6343 57
6344 47
6345 27
6346 88
6347 19
6348 8
6349 28
6350 74
6351 27
6352 1
6353 21
6354 26
6355 1
6356 62
6357 46
6358 3
6359 45
6360 15
6361 14
6362 74
6363 23
6364 24
6365 48
6366 77
6367 51
6368 23
6369 36
6370 0
6371 50
6372 20
6373 65
6374 60
6375 77
6376 42
6377 21
6378 23
6379 1
6380 71
6381 22
6382 15
6383 49
6384 26
6385 46
6386 45
6387 39
6388 17
6389 100
6390 62
6391 24
6392 81
6393 25
6394 23
6395 5
6396 1
6397 66
6398 53
6399 43
6400 28
6401 7
6402 61
6403 6
6404 5
6405 48
6406 81
6407 53
6408 32
6409 24
6410 53
6411 65
6412 34
6413 16
6414 55
6415 25
6416 35
6417 92
6418 58
6419 27
6420 17
6421 8
6422 25
6423 38
6424 14
6425 17
6426 37
6427 32
6428 54
6429 140
6430 8
6431 0
6432 8
6433 23
6434 6
6435 20
6436 1
6437 30
6438 27
6439 0
6440 6
6441 47
6442 30
6443 25
6444 0
6445 5
6446 73
6447 65
6448 54
6449 25
6450 1
6451 75
6452 12
6453 71
6454 38
6455 71
6456 14
6457 56
6458 1
6459 6
6460 25
6461 51
6462 19
6463 5
6464 42
6465 30
6466 5
6467 82
6468 6
6469 14
6470 39
6471 30
6472 43
6473 17
6474 47
6475 58
6476 54
6477 45
6478 32
6479 77
6480 39
6481 21
6482 25
6483 41
6484 25
6485 31
6486 7
6487 25
6488 9
6489 0
6490 64
6491 102
6492 10
6493 14
6494 8
6495 28
6496 10
6497 1
6498 10
6499 52
6500 20
6501 80
6502 31
6503 28
6504 23
6505 30
6506 5
6507 49
6508 12
6509 27
6510 12
6511 37
6512 17
6513 68
6514 5
6515 44
6516 46
6517 65
6518 10
6519 1
6520 25
6521 9
6522 8
6523 61
6524 36
6525 63
6526 8
6527 10
6528 29
6529 46
6530 15
6531 40
6532 20
6533 30
6534 53
6535 55
6536 83
6537 11
6538 30
6539 61
6540 43
6541 8
6542 84
6543 24
6544 0
6545 30
6546 102
6547 22
6548 1
6549 30
6550 12
6551 32
6552 28
6553 39
6554 29
6555 9
6556 24
6557 9
6558 5
6559 73
6560 34
6561 70
6562 9
6563 23
6564 63
6565 10
6566 89
6567 36
6568 8
6569 1
6570 0
6571 8
6572 10
6573 9
6574 33
6575 35
6576 79
6577 11
6578 9
6579 3
6580 12
6581 12
6582 56
6583 5
6584 13
6585 17
6586 34
6587 1
6588 2
6589 6
6590 65
6591 57
6592 3
6593 0
6594 5
6595 0
6596 28
6597 1
6598 52
6599 2
6600 41
6601 61
6602 11
6603 37
6604 10
6605 1
6606 0
6607 1
6608 52
6609 8
6610 141
6611 3
6612 27
6613 11
6614 40
6615 20
6616 9
6617 12
6618 30
6619 35
6620 11
6621 59
6622 5
6623 30
6624 28
6625 55
6626 17
6627 25
6628 21
6629 24
6630 20
6631 78
6632 2
6633 86
6634 1
6635 6
6636 18
6637 6
6638 37
6639 3
6640 3
6641 12
6642 4
6643 2
6644 56
6645 26
6646 42
6647 47
6648 45
6649 16
6650 9
6651 49
6652 53
6653 25
6654 24
6655 85
6656 17
6657 0
6658 64
6659 32
6660 27
6661 23
6662 35
6663 64
6664 1
6665 142
6666 82
6667 17
6668 64
6669 13
6670 100
6671 25
6672 143
6673 0
6674 2
6675 1
6676 1
6677 47
6678 11
6679 40
6680 14
6681 8
6682 1
6683 10
6684 44
6685 4
6686 14
6687 0
6688 31
6689 53
6690 20
6691 2
6692 25
6693 22
6694 72
6695 76
6696 59
6697 80
6698 16
6699 4
6700 21
6701 34
6702 22
6703 40
6704 64
6705 38
6706 3
6707 32
6708 38
6709 35
6710 41
6711 44
6712 21
6713 6
6714 42
6715 78
6716 22
6717 6
6718 80
6719 47
6720 56
6721 28
6722 37
6723 2
6724 6
6725 14
6726 2
6727 11
6728 1
6729 29
6730 59
6731 28
6732 28
6733 19
6734 20
6735 50
6736 6
6737 25
6738 5
6739 69
6740 8
6741 16
6742 5
6743 26
6744 38
6745 15
6746 4
6747 5
6748 3
6749 9
6750 8
6751 22
6752 22
6753 53
6754 2
6755 11
6756 42
6757 8
6758 29
6759 37
6760 6
6761 53
6762 16
6763 23
6764 5
6765 4
6766 2
6767 6
6768 5
6769 1
6770 6
6771 16
6772 42
6773 24
6774 15
6775 9
6776 35
6777 19
6778 14
6779 1
6780 20
6781 23
6782 2
6783 1
6784 61
6785 44
6786 4
6787 41
6788 48
6789 33
6790 4
6791 2
6792 69
6793 1
6794 3
6795 11
6796 9
6797 11
6798 45
6799 39
6800 30
6801 0
6802 33
6803 24
6804 84
6805 72
6806 28
6807 39
6808 15
6809 1
6810 29
6811 1
6812 34
6813 20
6814 31
6815 1
6816 26
6817 34
6818 4
6819 18
6820 49
6821 4
6822 60
6823 1
6824 8
6825 12
6826 39
6827 60
6828 45
6829 47
6830 4
6831 19
6832 2
6833 17
6834 44
6835 39
6836 95
6837 34
6838 16
6839 0
6840 70
6841 1
6842 13
6843 0
6844 27
6845 1
6846 2
6847 20
6848 0
6849 78
6850 26
6851 13
6852 30
6853 2
6854 23
6855 39
6856 26
6857 49
6858 5
6859 21
6860 6
6861 1
6862 12
6863 30
6864 26
6865 0
6866 9
6867 50
6868 53
6869 0
6870 2
6871 58
6872 17
6873 36
6874 36
6875 28
6876 50
6877 62
6878 13
6879 41
6880 14
6881 1
6882 60
6883 8
6884 58
6885 42
6886 9
6887 2
6888 50
6889 34
6890 8
6891 5
6892 19
6893 8
6894 49
6895 12
6896 20
6897 55
6898 12
6899 15
6900 8
6901 23
6902 11
6903 49
6904 34
6905 28
6906 2
6907 50
6908 28
6909 9
6910 13
6911 46
6912 39
6913 9
6914 9
6915 11
6916 7
6917 12
6918 0
6919 64
6920 7
6921 17
6922 3
6923 52
6924 6
6925 11
6926 21
6927 41
6928 43
6929 20
6930 9
6931 16
6932 7
6933 5
6934 4
6935 8
6936 3
6937 62
6938 16
6939 3
6940 15
6941 2
6942 144
6943 0
6944 12
6945 7
6946 35
6947 20
6948 54
6949 16
6950 12
6951 16
6952 54
6953 26
6954 145
6955 13
6956 16
6957 16
6958 22
6959 11
6960 9
6961 44
6962 20
6963 6
6964 12
6965 20
6966 15
6967 5
6968 24
6969 90
6970 1
6971 52
6972 30
6973 8
6974 22
6975 0
6976 25
6977 27
6978 7
6979 13
6980 24
6981 52
6982 67
6983 7
6984 1
6985 11
6986 37
6987 2
6988 34
6989 16
6990 8
6991 51
6992 18
6993 12
6994 20
6995 9
6996 86
6997 4
6998 59
6999 13
7000 15
7001 45
7002 4
7003 6
7004 27
7005 10
7006 98
7007 16
7008 10
7009 3
7010 15
7011 9
7012 41
7013 41
7014 14
7015 46
7016 10
7017 0
7018 7
7019 10
7020 17
7021 63
7022 8
7023 8
7024 36
7025 60
7026 15
7027 16
7028 1
7029 12
7030 12
7031 13
7032 57
7033 41
7034 2
7035 3
7036 0
7037 25
7038 14
7039 3
7040 13
7041 5
7042 19
7043 30
7044 15
7045 17
7046 2
7047 22
7048 22
7049 0
7050 4
7051 9
7052 50
7053 68
7054 18
7055 6
7056 20
7057 20
7058 5
7059 16
7060 2
7061 15
7062 47
7063 3
7064 23
7065 7
7066 16
7067 10
7068 40
7069 61
7070 9
7071 9
7072 30
7073 4
7074 54
7075 0
7076 12
7077 10
7078 8
7079 5
7080 22
7081 34
7082 52
7083 21
7084 4
7085 8
7086 6
7087 27
7088 12
7089 7
7090 7
7091 18
7092 30
7093 63
7094 11
7095 3
7096 37
7097 58
7098 4
7099 22
7100 0
7101 18
7102 35
7103 19
7104 2
7105 3
7106 45
7107 7
7108 7
7109 16
7110 0
7111 4
7112 42
7113 9
7114 4
7115 12
7116 18
7117 2
7118 16
7119 21
7120 10
7121 33
7122 63
7123 7
7124 7
7125 25
7126 15
7127 2
7128 66
7129 30
7130 3
7131 4
7132 2
7133 21
7134 25
7135 22
7136 16
7137 1
7138 29
7139 6
7140 5
7141 43
7142 11
7143 4
7144 36
7145 2
7146 13
7147 15
7148 2
7149 11
7150 8
7151 146
7152 12
7153 21
7154 11
7155 6
7156 44
7157 2
7158 8
7159 8
7160 19
7161 11
7162 8
7163 5
7164 32
7165 29
7166 23
7167 16
7168 18
7169 21
7170 15
7171 50
7172 22
7173 22
7174 47
7175 13
7176 17
7177 15
7178 15
7179 44
7180 38
7181 8
7182 17
7183 21
7184 13
7185 75
7186 9
7187 12
7188 45
7189 74
7190 1
7191 54
7192 17
7193 1
7194 51
7195 4
7196 32
7197 40
7198 2
7199 5
7200 42
7201 35
7202 2
7203 39
7204 1
7205 28
7206 13
7207 15
7208 22
7209 2
7210 11
7211 49
7212 22
7213 7
7214 30
7215 33
7216 24
7217 0
7218 17
7219 21
7220 3
7221 2
7222 6
7223 11
7224 44
7225 6
7226 2
7227 2
7228 1
7229 0
7230 0
7231 12
7232 44
7233 14
7234 22
7235 14
7236 5
7237 17
7238 7
7239 57
7240 10
7241 88
7242 77
7243 9
7244 42
7245 7
7246 31
7247 30
7248 9
7249 14
7250 35
7251 8
7252 37
7253 2
7254 20
7255 54
7256 46
7257 4
7258 0
7259 55
7260 44
7261 50
7262 23
7263 1
7264 2
7265 15
7266 25
7267 1
7268 1
7269 13
7270 7
7271 36
7272 38
7273 4
7274 6
7275 5
7276 26
7277 45
7278 15
7279 31
7280 8
7281 26
7282 11
7283 21
7284 32
7285 18
7286 19
7287 0
7288 1
7289 25
7290 0
7291 14
7292 77
7293 4
7294 5
7295 29
7296 31
7297 11
7298 76
7299 8
7300 0
7301 2
7302 26
7303 69
7304 3
7305 49
7306 4
7307 12
7308 35
7309 9
7310 7
7311 21
7312 147
7313 18
7314 3
7315 21
7316 49
7317 61
7318 1
7319 31
7320 25
7321 55
7322 14
7323 0
7324 7
7325 70
7326 6
7327 22
7328 5
7329 4
7330 24
7331 21
7332 21
7333 8
7334 3
7335 23
7336 34
7337 1
7338 1
7339 9
7340 59
7341 24
7342 54
7343 95
7344 2
7345 33
7346 4
7347 65
7348 23
7349 49
7350 7
7351 15
7352 26
7353 8
7354 50
7355 33
7356 44
7357 50
7358 34
7359 57
7360 12
7361 23
7362 3
7363 16
7364 87
7365 8
7366 33
7367 75
7368 71
7369 8
7370 49
7371 7
7372 27
7373 27
7374 5
7375 4
7376 24
7377 6
7378 26
7379 39
7380 3
7381 7
7382 12
7383 35
7384 33
7385 6
7386 24
7387 8
7388 6
7389 12
7390 7
7391 22
7392 4
7393 12
7394 22
7395 2
7396 50
7397 8
7398 6
7399 23
7400 28
7401 29
7402 0
7403 29
7404 24
7405 79
7406 58
7407 37
7408 19
7409 21
7410 12
7411 18
7412 4
7413 52
7414 3
7415 48
7416 25
7417 44
7418 13
7419 36
7420 4
7421 49
7422 13
7423 5
7424 5
7425 47
7426 6
7427 7
7428 44
7429 19
7430 11
7431 31
7432 59
7433 16
7434 16
7435 17
7436 31
7437 17
7438 1
7439 21
7440 29
7441 6
7442 14
7443 7
7444 1
7445 27
7446 0
7447 54
7448 67
7449 70
7450 7
7451 3
7452 17
7453 7
7454 26
7455 7
7456 23
7457 64
7458 18
7459 39
7460 34
7461 73
7462 1
7463 4
7464 36
7465 18
7466 52
7467 10
7468 33
7469 67
7470 68
7471 3
7472 94
7473 65
7474 3
7475 1
7476 43
7477 0
7478 3
7479 5
7480 18
7481 36
7482 10
7483 25
7484 36
7485 44
7486 49
7487 14
7488 31
7489 38
7490 49
7491 14
7492 6
7493 31
7494 17
7495 3
7496 26
7497 11
7498 49
7499 68
7500 28
7501 6
7502 34
7503 63
7504 28
7505 1
7506 0
7507 8
7508 3
7509 2
7510 0
7511 10
7512 10
7513 30
7514 37
7515 27
7516 5
7517 46
7518 14
7519 6
7520 91
7521 12
7522 6
7523 67
7524 2
7525 23
7526 2
7527 41
7528 0
7529 10
7530 40
7531 84
7532 5
7533 4
7534 94
7535 30
7536 7
7537 63
7538 1
7539 41
7540 9
7541 27
7542 53
7543 55
7544 32
7545 55
7546 10
7547 23
7548 38
7549 53
7550 8
7551 65
7552 4
7553 76
7554 2
7555 32
7556 12
7557 31
7558 34
7559 6
7560 37
7561 36
7562 17
7563 6
7564 9
7565 101
7566 2
7567 21
7568 27
7569 7
7570 9
7571 37
7572 13
7573 4
7574 11
7575 42
7576 55
7577 42
7578 17
7579 60
7580 42
7581 9
7582 29
7583 13
7584 42
7585 42
7586 10
7587 3
7588 3
7589 39
7590 87
7591 6
7592 11
7593 69
7594 9
7595 12
7596 4
7597 7
7598 36
7599 14
7600 81
7601 15
7602 89
7603 57
7604 3
7605 40
7606 63
7607 61
7608 2
7609 5
7610 38
7611 42
7612 12
7613 90
7614 5
7615 2
7616 27
7617 2
7618 4
7619 1
7620 16
7621 28
7622 20
7623 50
7624 1
7625 82
7626 10
7627 1
7628 50
7629 3
7630 12
7631 6
7632 78
7633 4
7634 15
7635 7
7636 1
7637 11
7638 19
7639 29
7640 65
7641 148
7642 19
7643 32
7644 5
7645 0
7646 57
7647 36
7648 6
7649 14
7650 25
7651 19
7652 10
7653 57
7654 8
7655 11
7656 12
7657 5
7658 0
7659 13
7660 0
7661 13
7662 3
7663 20
7664 49
7665 6
7666 0
7667 53
7668 7
7669 30
7670 11
7671 57
7672 31
7673 7
7674 0
7675 24
7676 4
7677 20
7678 2
7679 56
7680 37
7681 17
7682 17
7683 20
7684 45
7685 32
7686 149
7687 16
7688 20
7689 5
7690 8
7691 0
7692 20
7693 2
7694 37
7695 42
7696 88
7697 7
7698 17
7699 83
7700 31
7701 9
7702 33
7703 2
7704 59
7705 17
7706 53
7707 52
7708 38
7709 29
7710 22
7711 1
7712 20
7713 64
7714 19
7715 47
7716 28
7717 28
7718 52
7719 0
7720 38
7721 45
7722 0
7723 70
7724 48
7725 31
7726 34
7727 3
7728 1
7729 48
7730 2
7731 2
7732 7
7733 0
7734 14
7735 38
7736 7
7737 19
7738 6
7739 29
7740 3
7741 0
7742 7
7743 10
7744 10
7745 1
7746 15
7747 5
7748 22
7749 10
7750 45
7751 20
7752 9
7753 18
7754 43
7755 48
7756 4
7757 18
7758 8
7759 14
7760 150
7761 3
7762 0
7763 1
7764 35
7765 15
7766 45
7767 23
7768 14
7769 25
7770 60
7771 25
7772 20
7773 8
7774 7
7775 52
7776 11
7777 8
7778 1
7779 55
7780 35
7781 59
7782 19
7783 4
7784 6
7785 67
7786 19
7787 3
7788 51
7789 3
7790 6
7791 30
7792 5
7793 71
7794 15
7795 0
7796 17
7797 28
7798 8
7799 16
7800 95
7801 33
7802 10
7803 1
7804 12
7805 29
7806 12
7807 17
7808 55
7809 7
7810 4
7811 96
7812 2
7813 33
7814 2
7815 19
7816 7
7817 4
7818 1
7819 8
7820 0
7821 1
7822 49
7823 23
7824 2
7825 19
7826 8
7827 35
7828 6
7829 38
7830 42
7831 26
7832 4
7833 45
7834 16
7835 65
7836 11
7837 2
7838 30
7839 2
7840 10
7841 1
7842 13
7843 41
7844 5
7845 26
7846 34
7847 25
7848 11
7849 29
7850 7
7851 10
7852 2
7853 38
7854 48
7855 4
7856 41
7857 7
7858 73
7859 13
7860 11
7861 45
7862 44
7863 24
7864 12
7865 65
7866 7
7867 46
7868 18
7869 13
7870 56
7871 8
7872 4
7873 44
7874 32
7875 34
7876 91
7877 49
7878 8
7879 9
7880 10
7881 36
7882 14
7883 11
7884 3
7885 70
7886 1
7887 34
7888 22
7889 10
7890 1
7891 45
7892 5
7893 59
7894 1
7895 21
7896 19
7897 1
7898 7
7899 17
7900 50
7901 7
7902 8
7903 21
7904 0
7905 46
7906 27
7907 1
7908 36
7909 13
7910 46
7911 4
7912 30
7913 0
7914 35
7915 3
7916 4
7917 7
7918 66
7919 37
7920 63
7921 0
7922 1
7923 10
7924 14
7925 12
7926 11
7927 100
7928 21
7929 31
7930 37
7931 13
7932 9
7933 42
7934 6
7935 12
7936 22
7937 52
7938 53
7939 0
7940 13
7941 7
7942 64
7943 14
7944 21
7945 14
7946 14
7947 19
7948 5
7949 4
7950 14
7951 4
7952 16
7953 2
7954 24
7955 1
7956 47
7957 3
7958 25
7959 2
7960 61
7961 2
7962 19
7963 20
7964 12
7965 37
7966 5
7967 0
7968 5
7969 151
7970 16
7971 10
7972 53
7973 16
7974 27
7975 52
7976 11
7977 8
7978 23
7979 19
7980 1
7981 24
7982 38
7983 13
7984 32
7985 8
7986 43
7987 13
7988 15
7989 20
7990 20
7991 15
7992 61
7993 3
7994 38
7995 11
7996 34
7997 14
7998 33
7999 15
8000 14
8001 35
8002 17
8003 12
8004 10
8005 10
8006 20
8007 0
8008 30
8009 39
8010 152
8011 60
8012 7
8013 2
8014 38
8015 18
8016 20
8017 0
8018 50
8019 22
8020 31
8021 62
8022 4
8023 23
8024 25
8025 1
8026 5
8027 15
8028 6
8029 5
8030 10
8031 91
8032 18
8033 24
8034 14
8035 20
8036 3
8037 21
8038 1
8039 20
8040 36
8041 15
8042 13
8043 11
8044 0
8045 41
8046 18
8047 3
8048 22
8049 3
8050 10
8051 25
8052 10
8053 11
8054 20
8055 7
8056 37
8057 12
8058 11
8059 4
8060 9
8061 52
8062 7
8063 16
8064 8
8065 26
8066 12
8067 4
8068 20
8069 3
8070 13
8071 8
8072 40
8073 20
8074 11
8075 15
8076 10
8077 41
8078 22
8079 5
8080 18
8081 26
8082 5
8083 57
8084 29
8085 21
8086 7
8087 13
8088 6
8089 29
8090 99
8091 4
8092 49
8093 23
8094 6
8095 32
8096 22
8097 32
8098 9
8099 15
8100 10
8101 58
8102 56
8103 12
8104 3
8105 3
8106 15
8107 10
8108 29
8109 0
8110 20
8111 36
8112 13
8113 3
8114 2
8115 30
8116 25
8117 10
8118 1
8119 22
8120 9
8121 11
8122 11
8123 11
8124 72
8125 13
8126 28
8127 54
8128 6
8129 32
8130 11
8131 39
8132 3
8133 23
8134 3
8135 0
8136 6
8137 153
8138 14
8139 22
8140 25
8141 19
8142 4
8143 13
8144 12
8145 16
8146 16
8147 15
8148 13
8149 34
8150 40
8151 61
8152 5
8153 45
8154 0
8155 30
8156 38
8157 45
8158 5
8159 19
8160 15
8161 20
8162 20
8163 4
8164 21
8165 3
8166 11
8167 0
8168 21
8169 47
8170 19
8171 34
8172 2
8173 11
8174 73
8175 48
8176 19
8177 11
8178 6
8179 44
8180 21
8181 21
8182 46
8183 9
8184 44
8185 4
8186 9
8187 16
8188 1
8189 11
8190 6
8191 0
8192 18
8193 31
8194 41
8195 30
8196 3
8197 87
8198 36
8199 36
8200 7
8201 21
8202 10
8203 0
8204 51
8205 44
8206 48
8207 29
8208 48
8209 41
8210 0
8211 46
8212 48
8213 25
8214 89
8215 40
8216 44
8217 59
8218 16
8219 41
8220 35
8221 13
8222 56
8223 21
8224 39
8225 0
8226 24
8227 98
8228 0
8229 36
8230 40
8231 9
8232 34
8233 11
8234 64
8235 36
8236 40
8237 30
8238 35
8239 2
8240 41
8241 20
8242 3
8243 40
8244 31
8245 6
8246 68
8247 68
8248 0
8249 59
8250 14
8251 43
8252 25
8253 0
8254 37
8255 38
8256 14
8257 78
8258 35
8259 29
8260 10
8261 14
8262 11
8263 20
8264 35
8265 25
8266 30
8267 102
8268 26
8269 14
8270 18
8271 22
8272 43
8273 77
8274 68
8275 14
8276 22
8277 48
8278 12
8279 71
8280 63
8281 35
8282 6
8283 19
8284 23
8285 21
8286 7
8287 64
8288 32
8289 24
8290 22
8291 42
8292 30
8293 31
8294 29
8295 2
8296 79
8297 32
8298 37
8299 15
8300 82
8301 32
8302 5
8303 13
8304 26
8305 55
8306 43
8307 70
8308 0
8309 39
8310 16
8311 86
8312 21
8313 43
8314 0
8315 19
8316 17
8317 0
8318 51
8319 33
8320 24
8321 21
8322 43
8323 39
8324 27
8325 0
8326 93
8327 57
8328 21
8329 18
8330 61
8331 33
8332 15
8333 16
8334 27
8335 22
8336 7
8337 14
8338 25
8339 15
8340 0
8341 57
8342 11
8343 49
8344 15
8345 30
8346 37
8347 69
8348 24
8349 18
8350 26
8351 34
8352 10
8353 23
8354 40
8355 55
8356 30
8357 0
8358 0
8359 9
8360 27
8361 49
8362 34
8363 21
8364 89
8365 23
8366 16
8367 90
8368 23
8369 29
8370 21
8371 21
8372 58
8373 10
8374 91
8375 69
8376 43
8377 21
8378 38
8379 34
8380 23
8381 26
8382 25
8383 33
8384 56
8385 15
8386 60
8387 18
8388 31
8389 21
8390 3
8391 38
8392 43
8393 81
8394 16
8395 24
8396 34
8397 43
8398 1
8399 46
8400 11
8401 22
8402 66
8403 43
8404 77
8405 21
8406 47
8407 2
8408 50
8409 99
8410 29
8411 33
8412 26
8413 154
8414 27
8415 24
8416 66
8417 1
8418 7
8419 0
8420 43
8421 2
8422 76
8423 14
8424 3
8425 42
8426 155
8427 24
8428 60
8429 33
8430 7
8431 62
8432 44
8433 15
8434 35
8435 72
8436 77
8437 57
8438 10
8439 25
8440 19
8441 97
8442 0
8443 19
8444 0
8445 18
8446 28
8447 1
8448 6
8449 49
8450 66
8451 81
8452 21
8453 24
8454 86
8455 11
8456 35
8457 25
8458 8
8459 47
8460 30
8461 5
8462 58
8463 64
8464 74
8465 39
8466 5
8467 50
8468 48
8469 56
8470 15
8471 58
8472 25
8473 8
8474 36
8475 0
8476 1
8477 50
8478 6
8479 67
8480 16
8481 156
8482 8
8483 25
8484 7
8485 36
8486 63
8487 9
8488 50
8489 17
8490 31
8491 1
8492 52
8493 48
8494 23
8495 8
8496 27
8497 28
8498 28
8499 23
8500 68
8501 31
8502 0
8503 87
8504 68
8505 11
8506 0
8507 29
8508 86
8509 17
8510 78
8511 51
8512 30
8513 10
8514 85
8515 0
8516 25
8517 61
8518 16
8519 101
8520 100
8521 46
8522 35
8523 0
8524 36
8525 3
8526 9
8527 38
8528 12
8529 0
8530 8
8531 7
8532 81
8533 26
8534 12
8535 69
8536 21
8537 48
8538 1
8539 78
8540 11
8541 38
8542 54
8543 30
8544 36
8545 23
8546 39
8547 24
8548 10
8549 0
8550 5
8551 9
8552 40
8553 12
8554 32
8555 66
8556 92
8557 43
8558 32
8559 8
8560 10
8561 14
8562 12
8563 50
8564 60
8565 8
8566 6
8567 52
8568 12
8569 69
8570 1
8571 78
8572 5
8573 78
8574 7
8575 12
8576 12
8577 5
8578 28
8579 25
8580 17
8581 33
8582 78
8583 43
8584 0
8585 22
8586 6
8587 10
8588 5
8589 23
8590 96
8591 66
8592 41
8593 5
8594 10
8595 38
8596 17
8597 27
8598 58
8599 0
8600 6
8601 48
8602 8
8603 3
8604 13
8605 1
8606 42
8607 46
8608 62
8609 9
8610 56
8611 76
8612 12
8613 9
8614 74
8615 44
8616 8
8617 62
8618 18
8619 12
8620 9
8621 62
8622 46
8623 3
8624 95
8625 1
8626 31
8627 27
8628 80
8629 6
8630 36
8631 41
8632 3
8633 29
8634 33
8635 6
8636 10
8637 24
8638 11
8639 58
8640 157
8641 10
8642 1
8643 59
8644 12
8645 3
8646 35
8647 35
8648 36
8649 8
8650 25
8651 9
8652 43
8653 13
8654 3
8655 56
8656 29
8657 8
8658 71
8659 44
8660 5
8661 9
8662 36
8663 5
8664 39
8665 4
8666 35
8667 29
8668 2
8669 12
8670 17
8671 88
8672 38
8673 36
8674 41
8675 10
8676 28
8677 29
8678 71
8679 43
8680 60
8681 2
8682 18
8683 20
8684 2
8685 45
8686 4
8687 18
8688 5
8689 2
8690 8
8691 0
8692 20
8693 13
8694 17
8695 8
8696 19
8697 1
8698 13
8699 3
8700 24
8701 41
8702 39
8703 3
8704 42
8705 57
8706 40
8707 20
8708 83
8709 19
8710 41
8711 82
8712 2
8713 79
8714 43
8715 31
8716 70
8717 0
8718 19
8719 1
8720 3
8721 79
8722 30
8723 16
8724 44
8725 16
8726 22
8727 9
8728 48
8729 31
8730 8
8731 29
8732 28
8733 28
8734 16
8735 10
8736 12
8737 12
8738 3
8739 22
8740 48
8741 29
8742 73
8743 1
8744 19
8745 14
8746 2
8747 18
8748 17
8749 20
8750 26
8751 2
8752 19
8753 32
8754 56
8755 86
8756 57
8757 12
8758 16
8759 17
8760 19
8761 47
8762 2
8763 44
8764 11
8765 11
8766 75
8767 5
8768 19
8769 67
8770 22
8771 5
8772 1
8773 3
8774 5
8775 37
8776 4
8777 35
8778 7
8779 72
8780 4
8781 22
8782 24
8783 77
8784 24
8785 28
8786 43
8787 18
8788 19
8789 96
8790 28
8791 31
8792 8
8793 6
8794 13
8795 16
8796 20
8797 43
8798 0
8799 24
8800 16
8801 15
8802 69
8803 17
8804 74
8805 66
8806 37
8807 93
8808 53
8809 6
8810 98
8811 5
8812 4
8813 11
8814 2
8815 3
8816 8
8817 2
8818 12
8819 19
8820 39
8821 60
8822 17
8823 5
8824 46
8825 14
8826 3
8827 4
8828 0
8829 6
8830 24
8831 21
8832 80
8833 23
8834 8
8835 9
8836 41
8837 5
8838 9
8839 2
8840 47
8841 3
8842 24
8843 31
8844 6
8845 31
8846 6
8847 27
8848 1
8849 47
8850 3
8851 5
8852 0
8853 3
8854 42
8855 0
8856 58
8857 69
8858 5
8859 18
8860 1
8861 1
8862 34
8863 5
8864 33
8865 3
8866 22
8867 1
8868 1
8869 13
8870 1
8871 6
8872 33
8873 2
8874 2
8875 4
8876 13
8877 54
8878 5
8879 5
8880 9
8881 1
8882 9
8883 3
8884 54
8885 34
8886 28
8887 11
8888 29
8889 50
8890 8
8891 5
8892 62
8893 34
8894 0
8895 36
8896 2
8897 2
8898 66
8899 63
8900 12
8901 6
8902 15
8903 32
8904 6
8905 18
8906 0
8907 9
8908 4
8909 21
8910 2
8911 54
8912 1
8913 49
8914 9
8915 28
8916 17
8917 28
8918 36
8919 17
8920 6
8921 11
8922 0
8923 26
8924 3
8925 39
8926 3
8927 8
8928 18
8929 12
8930 54
8931 60
8932 60
8933 14
8934 34
8935 1
8936 35
8937 8
8938 34
8939 13
8940 21
8941 48
8942 14
8943 8
8944 11
8945 8
8946 12
8947 24
8948 9
8949 5
8950 12
8951 31
8952 17
8953 17
8954 3
8955 17
8956 17
8957 19
8958 8
8959 21
8960 0
8961 4
8962 12
8963 12
8964 12
8965 0
8966 31
8967 5
8968 24
8969 8
8970 51
8971 6
8972 15
8973 24
8974 17
8975 43
8976 4
8977 26
8978 21
8979 2
8980 11
8981 8
8982 50
8983 53
8984 11
8985 16
8986 21
8987 2
8988 3
8989 7
8990 0
8991 10
8992 2
8993 7
8994 23
8995 7
8996 6
8997 4
8998 67
8999 0
9000 5
9001 11
9002 5
9003 22
9004 94
9005 20
9006 50
9007 64
9008 27
9009 0
9010 61
9011 56
9012 7
9013 7
9014 25
9015 0
9016 1
9017 9
9018 3
9019 20
9020 38
9021 46
9022 22
9023 7
9024 15
9025 13
9026 25
9027 15
9028 3
9029 21
9030 5
9031 9
9032 10
9033 11
9034 24
9035 7
9036 3
9037 1
9038 7
9039 0
9040 82
9041 17
9042 39
9043 33
9044 4
9045 13
9046 27
9047 5
9048 55
9049 41
9050 18
9051 7
9052 16
9053 11
9054 9
9055 14
9056 16
9057 4
9058 40
9059 41
9060 11
9061 1
9062 18
9063 60
9064 10
9065 53
9066 6
9067 18
9068 9
9069 9
9070 0
9071 45
9072 7
9073 9
9074 6
9075 20
9076 21
9077 30
9078 3
9079 37
9080 4
9081 12
9082 9
9083 33
9084 6
9085 12
9086 31
9087 30
9088 12
9089 29
9090 55
9091 6
9092 34
9093 4
9094 25
9095 5
9096 8
9097 0
9098 20
9099 22
9100 13
9101 20
9102 16
9103 9
9104 20
9105 0
9106 1
9107 11
9108 53
9109 10
9110 29
9111 58
9112 34
9113 21
9114 36
9115 13
9116 22
9117 74
9118 6
9119 21
9120 6
9121 13
9122 12
9123 31
9124 53
9125 42
9126 20
9127 1
9128 15
9129 10
9130 15
9131 11
9132 6
9133 51
9134 9
9135 47
9136 62
9137 21
9138 3
9139 21
9140 20
9141 1
9142 3
9143 34
9144 35
9145 18
9146 40
9147 44
9148 24
9149 45
9150 51
9151 44
9152 1
9153 14
9154 0
9155 10
9156 43
9157 12
9158 36
9159 8
9160 2
9161 58
9162 1
9163 5
9164 0
9165 44
9166 25
9167 7
9168 4
9169 4
9170 9
9171 19
9172 21
9173 7
9174 59
9175 12
9176 4
9177 81
9178 13
9179 13
9180 20
9181 11
9182 15
9183 13
9184 12
9185 6
9186 44
9187 11
9188 23
9189 25
9190 22
9191 10
9192 27
9193 6
9194 7
9195 7
9196 9
9197 2
9198 2
9199 65
9200 13
9201 51
9202 9
9203 32
9204 31
9205 5
9206 0
9207 58
9208 24
9209 18
9210 15
9211 66
9212 16
9213 29
9214 11
9215 5
9216 0
9217 44
9218 58
9219 2
9220 40
9221 44
9222 65
9223 41
9224 14
9225 16
9226 47
9227 66
9228 2
9229 37
9230 29
9231 28
9232 22
9233 2
9234 44
9235 18
9236 20
9237 101
9238 34
9239 25
9240 67
9241 31
9242 14
9243 21
9244 44
9245 45
9246 31
9247 13
9248 0
9249 2
9250 36
9251 22
9252 51
9253 1
9254 0
9255 7
9256 4
9257 0
9258 48
9259 63
9260 9
9261 87
9262 41
9263 158
9264 1
9265 4
9266 12
9267 21
9268 27
9269 3
9270 64
9271 41
9272 14
9273 72
9274 5
9275 9
9276 7
9277 101
9278 29
9279 14
9280 15
9281 18
9282 33
9283 51
9284 18
9285 18
9286 3
9287 21
9288 39
9289 1
9290 4
9291 15
9292 1
9293 5
9294 55
9295 18
9296 19
9297 35
9298 7
9299 21
9300 32
9301 35
9302 1
9303 15
9304 0
9305 45
9306 7
9307 100
9308 0
9309 17
9310 5
9311 92
9312 42
9313 21
9314 17
9315 55
9316 5
9317 9
9318 7
9319 2
9320 9
9321 4
9322 29
9323 26
9324 22
9325 45
9326 40
9327 6
9328 6
9329 28
9330 5
9331 94
9332 40
9333 23
9334 3
9335 30
9336 3
9337 90
9338 84
9339 49
9340 46
9341 20
9342 0
9343 26
9344 55
9345 33
9346 1
9347 46
9348 0
9349 3
9350 44
9351 29
9352 26
9353 61
9354 4
9355 84
9356 57
9357 32
9358 31
9359 88
9360 6
9361 14
9362 5
9363 0
9364 54
9365 65
9366 60
9367 30
9368 23
9369 3
9370 29
9371 0
9372 4
9373 28
9374 8
9375 6
9376 29
9377 28
9378 9
9379 45
9380 6
9381 5
9382 22
9383 27
9384 29
9385 75
9386 8
9387 27
9388 0
9389 61
9390 32
9391 4
9392 27
9393 3
9394 23
9395 46
9396 0
9397 4
9398 7
9399 9
9400 3
9401 33
9402 35
9403 28
9404 55
9405 36
9406 0
9407 0
9408 80
9409 3
9410 3
9411 18
9412 15
9413 39
9414 7
9415 7
9416 6
9417 50
9418 1
9419 3
9420 3
9421 39
9422 5
9423 14
9424 50
9425 6
9426 23
9427 42
9428 36
9429 24
9430 16
9431 24
9432 2
9433 44
9434 62
9435 32
9436 34
9437 7
9438 7
9439 58
9440 0
9441 34
9442 21
9443 16
9444 6
9445 24
9446 30
9447 99
9448 6
9449 7
9450 50
9451 6
9452 29
9453 88
9454 15
9455 17
9456 51
9457 7
9458 57
9459 4
9460 33
9461 18
9462 24
9463 4
9464 49
9465 31
9466 4
9467 0
9468 8
9469 6
9470 36
9471 8
9472 4
9473 34
9474 8
9475 8
9476 45
9477 17
9478 25
9479 4
9480 6
9481 5
9482 2
9483 4
9484 24
9485 48
9486 22
9487 5
9488 65
9489 0
9490 39
9491 70
9492 18
9493 11
9494 7
9495 22
9496 52
9497 2
9498 33
9499 3
9500 6
9501 51
9502 7
9503 47
9504 8
9505 56
9506 87
9507 3
9508 36
9509 0
9510 16
9511 50
9512 3
9513 8
9514 40
9515 8
9516 74
9517 159
9518 39
9519 12
9520 5
9521 82
9522 10
9523 0
9524 6
9525 36
9526 52
9527 17
9528 7
9529 3
9530 23
9531 90
9532 7
9533 3
9534 100
9535 2
9536 2
9537 33
9538 16
9539 27
9540 30
9541 0
9542 30
9543 46
9544 95
9545 4
9546 62
9547 61
9548 43
9549 60
9550 3
9551 5
9552 12
9553 12
9554 27
9555 1
9556 8
9557 12
9558 41
9559 5
9560 38
9561 17
9562 63
9563 9
9564 71
9565 30
9566 27
9567 23
9568 11
9569 160
9570 48
9571 5
9572 51
9573 35
9574 12
9575 3
9576 2
9577 17
9578 5
9579 24
9580 9
9581 38
9582 10
9583 26
9584 12
9585 9
9586 9
9587 23
9588 50
9589 41
9590 0
9591 40
9592 27
9593 2
9594 57
9595 17
9596 28
9597 41
9598 41
9599 3
9600 21
9601 9
9602 30
9603 31
9604 12
9605 10
9606 59
9607 11
9608 10
9609 14
9610 61
9611 4
9612 9
9613 78
9614 37
9615 161
9616 7
9617 57
9618 6
9619 11
9620 70
9621 5
9622 42
9623 5
9624 41
9625 0
9626 70
9627 9
9628 7
9629 0
9630 40
9631 0
9632 10
9633 6
9634 70
9635 1
9636 17
9637 0
9638 54
9639 53
9640 90
9641 37
9642 70
9643 11
9644 1
9645 52
9646 11
9647 4
9648 41
9649 12
9650 7
9651 26
9652 13
9653 58
9654 30
9655 5
9656 13
9657 4
9658 44
9659 11
9660 20
9661 8
9662 101
9663 88
9664 56
9665 3
9666 3
9667 11
9668 56
9669 8
9670 86
9671 66
9672 9
9673 12
9674 63
9675 12
9676 27
9677 7
9678 19
9679 5
9680 9
9681 11
9682 27
9683 24
9684 13
9685 3
9686 57
9687 0
9688 75
9689 38
9690 1
9691 20
9692 4
9693 10
9694 40
9695 13
9696 7
9697 12
9698 1
9699 56
9700 10
9701 1
9702 44
9703 20
9704 12
9705 24
9706 81
9707 42
9708 3
9709 23
9710 50
9711 16
9712 88
9713 5
9714 36
9715 20
9716 19
9717 63
9718 91
9719 37
9720 8
9721 8
9722 35
9723 32
9724 16
9725 59
9726 19
9727 29
9728 32
9729 31
9730 25
9731 12
9732 25
9733 61
9734 34
9735 19
9736 59
9737 64
9738 72
9739 20
9740 19
9741 6
9742 1
9743 7
9744 37
9745 28
9746 32
9747 0
9748 2
9749 14
9750 17
9751 2
9752 22
9753 10
9754 45
9755 74
9756 0
9757 16
9758 41
9759 45
9760 42
9761 31
9762 32
9763 31
9764 14
9765 101
9766 4
9767 14
9768 1
9769 1
9770 0
9771 68
9772 1
9773 19
9774 9
9775 35
9776 48
9777 4
9778 25
9779 8
9780 14
9781 12
9782 0
9783 4
9784 51
9785 57
9786 3
9787 3
9788 80
9789 22
9790 29
9791 68
9792 0
9793 22
9794 16
9795 20
9796 11
9797 3
9798 8
9799 19
9800 74
9801 6
9802 7
9803 1
9804 0
9805 17
9806 2
9807 4
9808 8
9809 86
9810 32
9811 7
9812 45
9813 12
9814 62
9815 2
9816 37
9817 33
9818 18
9819 32
9820 6
9821 20
9822 42
9823 37
9824 48
9825 8
9826 17
9827 1
9828 26
9829 5
9830 61
9831 60
9832 7
9833 24
9834 17
9835 2
9836 55
9837 1
9838 23
9839 16
9840 3
9841 12
9842 6
9843 6
9844 9
9845 14
9846 7
9847 25
9848 8
9849 33
9850 20
9851 24
9852 9
9853 1
9854 10
9855 4
9856 26
9857 55
9858 46
9859 14
9860 18
9861 24
9862 5
9863 7
9864 23
9865 87
9866 20
9867 5
9868 57
9869 65
9870 29
9871 10
9872 30
9873 16
9874 5
9875 28
9876 37
9877 79
9878 15
9879 8
9880 9
9881 3
9882 11
9883 13
9884 1
9885 14
9886 13
9887 10
9888 10
9889 0
9890 13
9891 41
9892 0
9893 6
9894 13
9895 3
9896 18
9897 34
9898 11
9899 0
9900 12
9901 11
9902 11
9903 43
9904 8
9905 0
9906 46
9907 27
9908 12
9909 9
9910 12
9911 46
9912 3
9913 9
9914 24
9915 0
9916 7
9917 13
9918 13
9919 11
9920 3
9921 43
9922 7
9923 47
9924 10
9925 69
9926 7
9927 25
9928 13
9929 4
9930 69
9931 63
9932 3
9933 71
9934 11
9935 15
9936 46
9937 3
9938 62
9939 12
9940 74
9941 40
9942 0
9943 7
9944 5
9945 39
9946 0
9947 13
9948 0
9949 20
9950 5
9951 6
9952 4
9953 9
9954 13
9955 17
9956 22
9957 0
9958 84
9959 2
9960 43
9961 8
9962 10
9963 12
9964 26
9965 10
9966 14
9967 13
9968 0
9969 10
9970 5
9971 10
9972 27
9973 84
9974 9
9975 95
9976 17
9977 27
9978 4
9979 10
9980 2
9981 0
9982 28
9983 27
9984 9
9985 26
9986 26
9987 6
9988 17
9989 10
9990 8
9991 65
9992 48
9993 58
9994 16
9995 8
9996 14
9997 7
9998 1
9999 14
