0 41
1 32
2 3
3 13
4 35
5 2
6 36
7 52
8 28
9 27
10 28
11 51
12 0
13 41
14 32
15 37
16 56
17 32
18 31
19 6
20 17
21 28
22 19
23 16
24 4
25 50
26 8
27 24
28 65
29 32
30 36
31 19
32 20
33 59
34 31
35 25
36 33
37 37
38 41
39 33
40 45
41 53
42 44
43 7
44 2
45 26
46 17
47 31
48 4
49 20
50 22
51 49
52 0
53 61
54 41
55 35
56 22
57 18
58 22
59 41
60 62
61 42
62 44
63 29
64 21
65 16
66 50
67 48
68 15
69 48
70 2
71 29
72 49
73 35
74 15
75 32
76 63
77 61
78 23
79 33
80 46
81 7
82 22
83 22
84 58
85 39
86 63
87 5
88 17
89 3
90 44
91 48
92 31
93 54
94 37
95 35
96 37
97 54
98 13
99 25
100 67
101 18
102 14
103 14
104 24
105 16
106 40
107 3
108 62
109 13
110 4
111 42
112 46
113 32
114 17
115 50
116 41
117 18
118 40
119 48
120 7
121 48
122 48
123 4
124 66
125 34
126 55
127 2
128 14
129 42
130 19
131 24
132 9
133 45
134 23
135 57
136 36
137 12
138 31
139 26
140 18
141 18
142 34
143 0
144 50
145 27
146 0
147 37
148 30
149 40
150 32
151 60
152 52
153 24
154 17
155 12
156 31
157 65
158 65
159 16
160 56
161 37
162 37
163 35
164 16
165 23
166 49
167 53
168 57
169 34
170 35
171 33
172 23
173 16
174 13
175 55
176 51
177 24
178 53
179 56
180 6
181 37
182 25
183 49
184 35
185 0
186 42
187 40
188 18
189 47
190 21
191 56
192 13
193 15
194 40
195 60
196 35
197 16
198 60
199 11
200 27
201 34
202 18
203 24
204 30
205 35
206 61
207 36
208 51
209 1
210 14
211 23
212 23
213 45
214 26
215 1
216 35
217 27
218 25
219 49
220 30
221 26
222 65
223 30
224 20
225 24
226 59
227 1
228 19
229 19
230 45
231 36
232 54
233 64
234 34
235 59
236 24
237 59
238 69
239 44
240 36
241 38
242 27
243 49
244 66
245 65
246 5
247 20
248 18
249 50
250 5
251 68
252 21
253 23
254 20
255 69
256 13
257 13
258 37
259 18
260 45
261 29
262 18
263 24
264 3
265 30
266 4
267 58
268 43
269 26
270 38
271 1
272 57
273 53
274 24
275 23
276 43
277 4
278 36
279 36
280 52
281 6
282 23
283 47
284 17
285 66
286 66
287 43
288 66
289 34
290 23
291 48
292 29
293 13
294 28
295 55
296 15
297 27
298 58
299 29
300 19
301 14
302 29
303 29
304 38
305 6
306 18
307 35
308 6
309 11
310 51
311 4
312 34
313 1
314 56
315 26
316 8
317 50
318 31
319 17
320 18
321 52
322 56
323 22
324 13
325 23
326 55
327 42
328 12
329 58
330 17
331 38
332 43
333 35
334 50
335 18
336 4
337 0
338 16
339 34
340 17
341 39
342 9
343 17
344 32
345 9
346 46
347 31
348 7
349 43
350 0
351 23
352 9
353 17
354 1
355 55
356 17
357 18
358 29
359 37
360 4
361 9
362 42
363 63
364 17
365 27
366 45
367 4
368 43
369 2
370 26
371 68
372 56
373 68
374 8
375 23
376 58
377 10
378 1
379 1
380 62
381 29
382 17
383 46
384 10
385 29
386 6
387 43
388 58
389 28
390 19
391 1
392 18
393 38
394 36
395 49
396 23
397 29
398 46
399 14
400 26
401 6
402 23
403 51
404 7
405 24
406 29
407 18
408 24
409 25
410 38
411 9
412 12
413 26
414 43
415 53
416 53
417 44
418 17
419 9
420 53
421 32
422 6
423 34
424 1
425 56
426 0
427 36
428 50
429 27
430 26
431 27
432 27
433 34
434 57
435 64
436 27
437 53
438 8
439 14
440 60
441 34
442 11
443 9
444 11
445 50
446 14
447 34
448 54
449 52
450 52
451 37
452 35
453 14
454 55
455 26
456 10
457 41
458 17
459 42
460 34
461 4
462 0
463 1
464 31
465 32
466 39
467 27
468 4
469 41
470 37
471 33
472 3
473 16
474 53
475 3
476 48
477 39
478 11
479 26
480 64
481 49
482 15
483 16
484 26
485 14
486 39
487 26
488 0
489 32
490 46
491 3
492 39
493 40
494 19
495 8
496 14
497 10
498 40
499 1
500 6
501 48
502 12
503 8
504 43
505 3
506 2
507 9
508 13
509 15
510 3
511 42
512 35
513 0
514 27
515 35
516 37
517 9
518 13
519 9
520 16
521 53
522 15
523 11
524 9
525 3
526 23
527 5
528 0
529 21
530 12
531 11
532 28
533 38
534 17
535 20
536 33
537 62
538 52
539 20
540 1
541 20
542 22
543 35
544 36
545 51
546 41
547 14
548 16
549 22
550 53
551 6
552 14
553 57
554 14
555 32
556 19
557 3
558 13
559 20
560 3
561 11
562 21
563 22
564 3
565 68
566 48
567 22
568 5
569 53
570 13
571 59
572 45
573 70
574 51
575 1
576 44
577 2
578 33
579 58
580 63
581 43
582 8
583 32
584 26
585 10
586 61
587 2
588 34
589 17
590 34
591 3
592 0
593 66
594 5
595 56
596 50
597 18
598 25
599 54
600 1
601 47
602 4
603 30
604 49
605 47
606 18
607 63
608 44
609 39
610 18
611 51
612 27
613 18
614 15
615 35
616 4
617 8
618 6
619 67
620 51
621 9
622 6
623 52
624 23
625 16
626 25
627 4
628 13
629 46
630 59
631 5
632 45
633 11
634 47
635 37
636 54
637 30
638 16
639 15
640 12
641 37
642 9
643 6
644 55
645 22
646 44
647 25
648 56
649 30
650 3
651 28
652 4
653 25
654 9
655 8
656 28
657 43
658 6
659 33
660 15
661 45
662 18
663 31
664 30
665 57
666 54
667 9
668 14
669 9
670 50
671 9
672 46
673 3
674 22
675 4
676 26
677 10
678 39
679 0
680 54
681 21
682 53
683 38
684 32
685 4
686 55
687 30
688 53
689 31
690 3
691 45
692 25
693 11
694 9
695 56
696 37
697 42
698 12
699 18
700 9
701 52
702 62
703 38
704 68
705 18
706 14
707 17
708 56
709 18
710 28
711 41
712 47
713 3
714 10
715 5
716 6
717 1
718 38
719 50
720 18
721 12
722 36
723 3
724 50
725 34
726 16
727 38
728 6
729 32
730 10
731 13
732 19
733 6
734 54
735 32
736 18
737 38
738 3
739 67
740 11
741 10
742 51
743 38
744 54
745 69
746 45
747 2
748 7
749 61
750 41
751 67
752 14
753 39
754 11
755 17
756 7
757 36
758 18
759 3
760 5
761 43
762 11
763 47
764 5
765 7
766 56
767 25
768 5
769 61
770 53
771 64
772 1
773 14
774 11
775 49
776 50
777 2
778 61
779 67
780 32
781 15
782 20
783 1
784 58
785 26
786 10
787 15
788 36
789 6
790 19
791 29
792 5
793 63
794 36
795 51
796 28
797 29
798 19
799 31
800 4
801 29
802 4
803 52
804 8
805 8
806 46
807 3
808 26
809 9
810 11
811 15
812 1
813 2
814 10
815 45
816 20
817 9
818 24
819 26
820 21
821 7
822 30
823 7
824 62
825 34
826 29
827 0
828 19
829 31
830 49
831 1
832 16
833 2
834 65
835 0
836 11
837 44
838 27
839 47
840 26
841 12
842 67
843 25
844 26
845 21
846 14
847 18
848 66
849 35
850 19
851 23
852 44
853 32
854 18
855 19
856 11
857 13
858 22
859 25
860 0
861 22
862 38
863 28
864 5
865 25
866 17
867 11
868 1
869 21
870 18
871 12
872 18
873 31
874 1
875 12
876 11
877 4
878 22
879 18
880 24
881 11
882 35
883 44
884 17
885 3
886 66
887 17
888 26
889 31
890 13
891 24
892 14
893 60
894 5
895 3
896 13
897 9
898 29
899 10
900 0
901 36
902 41
903 65
904 22
905 52
906 18
907 3
908 13
909 29
910 63
911 52
912 46
913 16
914 15
915 10
916 28
917 5
918 29
919 11
920 3
921 20
922 4
923 10
924 54
925 58
926 2
927 63
928 23
929 68
930 51
931 32
932 5
933 16
934 59
935 65
936 4
937 30
938 10
939 2
940 44
941 24
942 2
943 5
944 25
945 2
946 42
947 23
948 0
949 20
950 10
951 7
952 29
953 37
954 54
955 4
956 11
957 1
958 1
959 60
960 6
961 16
962 1
963 48
964 25
965 9
966 16
967 38
968 0
969 12
970 28
971 21
972 42
973 41
974 9
975 0
976 42
977 31
978 2
979 36
980 41
981 13
982 4
983 26
984 9
985 47
986 29
987 4
988 34
989 34
990 19
991 28
992 24
993 20
994 14
995 2
996 11
997 27
998 11
999 0
1000 2
1001 5
1002 59
1003 54
1004 42
1005 57
1006 40
1007 13
1008 27
1009 39
1010 6
1011 36
1012 20
1013 10
1014 36
1015 54
1016 24
1017 9
1018 22
1019 2
1020 34
1021 47
1022 29
1023 49
1024 15
1025 25
1026 20
1027 10
1028 30
1029 15
1030 39
1031 12
1032 13
1033 35
1034 15
1035 47
1036 14
1037 54
1038 24
1039 14
1040 1
1041 19
1042 3
1043 36
1044 41
1045 1
1046 24
1047 24
1048 37
1049 64
1050 62
1051 13
1052 36
1053 61
1054 14
1055 25
1056 58
1057 18
1058 19
1059 46
1060 22
1061 29
1062 22
1063 9
1064 37
1065 39
1066 17
1067 39
1068 0
1069 13
1070 1
1071 46
1072 33
1073 14
1074 17
1075 15
1076 20
1077 40
1078 44
1079 38
1080 13
1081 0
1082 19
1083 24
1084 47
1085 59
1086 50
1087 35
1088 22
1089 42
1090 13
1091 5
1092 8
1093 52
1094 56
1095 35
1096 29
1097 31
1098 4
1099 3
1100 17
1101 22
1102 21
1103 35
1104 16
1105 40
1106 1
1107 24
1108 18
1109 11
1110 32
1111 0
1112 19
1113 12
1114 41
1115 16
1116 21
1117 6
1118 1
1119 8
1120 18
1121 15
1122 1
1123 67
1124 35
1125 23
1126 6
1127 50
1128 13
1129 19
1130 8
1131 7
1132 1
1133 18
1134 45
1135 17
1136 24
1137 2
1138 0
1139 63
1140 16
1141 3
1142 4
1143 19
1144 33
1145 3
1146 5
1147 4
1148 3
1149 36
1150 20
1151 24
1152 36
1153 30
1154 30
1155 1
1156 35
1157 39
1158 16
1159 62
1160 62
1161 48
1162 23
1163 45
1164 3
1165 9
1166 0
1167 23
1168 9
1169 18
1170 20
1171 6
1172 64
1173 53
1174 15
1175 9
1176 56
1177 18
1178 14
1179 31
1180 28
1181 57
1182 17
1183 60
1184 16
1185 0
1186 8
1187 0
1188 31
1189 3
1190 29
1191 25
1192 14
1193 51
1194 31
1195 7
1196 4
1197 19
1198 35
1199 20
1200 6
1201 53
1202 38
1203 60
1204 17
1205 24
1206 23
1207 28
1208 51
1209 47
1210 4
1211 37
1212 23
1213 59
1214 25
1215 42
1216 3
1217 7
1218 47
1219 16
1220 45
1221 26
1222 2
1223 13
1224 35
1225 64
1226 35
1227 34
1228 26
1229 5
1230 38
1231 0
1232 39
1233 17
1234 17
1235 14
1236 6
1237 7
1238 49
1239 57
1240 18
1241 15
1242 35
1243 2
1244 4
1245 17
1246 8
1247 38
1248 59
1249 16
1250 5
1251 1
1252 54
1253 66
1254 51
1255 8
1256 59
1257 30
1258 64
1259 27
1260 26
1261 48
1262 33
1263 30
1264 0
1265 54
1266 2
1267 26
1268 31
1269 20
1270 30
1271 42
1272 2
1273 20
1274 23
1275 18
1276 6
1277 2
1278 2
1279 17
1280 17
1281 16
1282 1
1283 22
1284 5
1285 6
1286 19
1287 21
1288 28
1289 26
1290 17
1291 20
1292 26
1293 31
1294 19
1295 18
1296 28
1297 4
1298 23
1299 43
1300 47
1301 26
1302 5
1303 0
1304 45
1305 39
1306 68
1307 10
1308 27
1309 24
1310 58
1311 62
1312 5
1313 45
1314 44
1315 1
1316 17
1317 44
1318 4
1319 43
1320 66
1321 18
1322 24
1323 59
1324 10
1325 63
1326 6
1327 10
1328 55
1329 1
1330 8
1331 30
1332 19
1333 42
1334 47
1335 4
1336 5
1337 34
1338 2
1339 10
1340 10
1341 49
1342 26
1343 32
1344 10
1345 35
1346 43
1347 63
1348 45
1349 32
1350 30
1351 6
1352 12
1353 3
1354 5
1355 30
1356 13
1357 40
1358 10
1359 0
1360 19
1361 1
1362 19
1363 27
1364 23
1365 12
1366 16
1367 58
1368 1
1369 4
1370 48
1371 30
1372 10
1373 5
1374 31
1375 4
1376 41
1377 26
1378 23
1379 12
1380 10
1381 34
1382 31
1383 4
1384 2
1385 46
1386 9
1387 40
1388 5
1389 43
1390 6
1391 57
1392 61
1393 51
1394 3
1395 19
1396 41
1397 65
1398 63
1399 3
1400 34
1401 29
1402 27
1403 53
1404 15
1405 23
1406 33
1407 5
1408 28
1409 41
1410 36
1411 6
1412 0
1413 35
1414 49
1415 23
1416 9
1417 35
1418 51
1419 65
1420 36
1421 13
1422 19
1423 26
1424 33
1425 17
1426 33
1427 7
1428 32
1429 19
1430 11
1431 11
1432 0
1433 33
1434 43
1435 4
1436 53
1437 27
1438 55
1439 47
1440 41
1441 35
1442 5
1443 59
1444 9
1445 8
1446 4
1447 40
1448 51
1449 2
1450 38
1451 6
1452 12
1453 7
1454 3
1455 43
1456 43
1457 8
1458 2
1459 19
1460 53
1461 13
1462 26
1463 1
1464 29
1465 18
1466 17
1467 35
1468 34
1469 28
1470 4
1471 0
1472 38
1473 53
1474 1
1475 63
1476 53
1477 7
1478 56
1479 2
1480 12
1481 42
1482 30
1483 57
1484 57
1485 7
1486 5
1487 16
1488 0
1489 54
1490 10
1491 4
1492 5
1493 0
1494 56
1495 34
1496 13
1497 11
1498 39
1499 28
1500 15
1501 27
1502 33
1503 43
1504 38
1505 21
1506 52
1507 64
1508 10
1509 3
1510 67
1511 4
1512 12
1513 28
1514 37
1515 7
1516 7
1517 24
1518 11
1519 1
1520 10
1521 8
1522 17
1523 40
1524 12
1525 10
1526 18
1527 64
1528 27
1529 14
1530 6
1531 15
1532 16
1533 23
1534 54
1535 22
1536 44
1537 52
1538 2
1539 17
1540 19
1541 16
1542 20
1543 59
1544 19
1545 16
1546 39
1547 23
1548 1
1549 32
1550 57
1551 35
1552 26
1553 0
1554 46
1555 10
1556 62
1557 27
1558 35
1559 61
1560 3
1561 22
1562 46
1563 22
1564 1
1565 14
1566 55
1567 50
1568 27
1569 41
1570 29
1571 14
1572 10
1573 19
1574 6
1575 49
1576 62
1577 21
1578 62
1579 33
1580 17
1581 1
1582 20
1583 7
1584 20
1585 15
1586 54
1587 2
1588 13
1589 21
1590 5
1591 41
1592 0
1593 7
1594 36
1595 47
1596 16
1597 9
1598 3
1599 15
1600 46
1601 17
1602 5
1603 15
1604 11
1605 8
1606 51
1607 0
1608 17
1609 39
1610 38
1611 1
1612 0
1613 6
1614 61
1615 30
1616 29
1617 2
1618 6
1619 33
1620 33
1621 15
1622 16
1623 0
1624 13
1625 43
1626 16
1627 5
1628 15
1629 2
1630 0
1631 19
1632 50
1633 29
1634 53
1635 39
1636 8
1637 33
1638 51
1639 41
1640 40
1641 23
1642 7
1643 1
1644 17
1645 41
1646 2
1647 0
1648 1
1649 16
1650 22
1651 60
1652 22
1653 2
1654 15
1655 64
1656 5
1657 7
1658 29
1659 33
1660 4
1661 17
1662 47
1663 4
1664 29
1665 2
1666 12
1667 17
1668 47
1669 8
1670 27
1671 17
1672 46
1673 50
1674 30
1675 22
1676 44
1677 9
1678 28
1679 31
1680 16
1681 3
1682 5
1683 7
1684 14
1685 28
1686 0
1687 48
1688 30
1689 8
1690 38
1691 18
1692 50
1693 3
1694 28
1695 33
1696 0
1697 22
1698 6
1699 7
1700 3
1701 49
1702 35
1703 25
1704 14
1705 1
1706 5
1707 14
1708 53
1709 5
1710 1
1711 0
1712 28
1713 9
1714 28
1715 4
1716 48
1717 13
1718 30
1719 32
1720 64
1721 41
1722 6
1723 41
1724 11
1725 3
1726 8
1727 11
1728 4
1729 2
1730 0
1731 31
1732 0
1733 36
1734 13
1735 51
1736 1
1737 28
1738 64
1739 18
1740 7
1741 13
1742 35
1743 16
1744 23
1745 46
1746 18
1747 14
1748 11
1749 14
1750 0
1751 1
1752 49
1753 17
1754 8
1755 32
1756 71
1757 14
1758 26
1759 27
1760 8
1761 5
1762 6
1763 4
1764 28
1765 28
1766 40
1767 69
1768 21
1769 0
1770 64
1771 39
1772 28
1773 20
1774 23
1775 5
1776 31
1777 10
1778 3
1779 1
1780 20
1781 22
1782 17
1783 5
1784 7
1785 22
1786 42
1787 22
1788 10
1789 14
1790 7
1791 13
1792 2
1793 12
1794 29
1795 42
1796 4
1797 30
1798 1
1799 1
1800 25
1801 28
1802 17
1803 10
1804 19
1805 7
1806 27
1807 21
1808 0
1809 57
1810 0
1811 18
1812 3
1813 63
1814 20
1815 56
1816 11
1817 32
1818 32
1819 1
1820 5
1821 26
1822 10
1823 7
1824 14
1825 0
1826 7
1827 44
1828 28
1829 0
1830 17
1831 36
1832 25
1833 30
1834 21
1835 12
1836 11
1837 30
1838 8
1839 7
1840 20
1841 52
1842 19
1843 36
1844 33
1845 25
1846 21
1847 19
1848 3
1849 17
1850 34
1851 1
1852 27
1853 0
1854 5
1855 21
1856 8
1857 44
1858 9
1859 6
1860 52
1861 26
1862 23
1863 8
1864 3
1865 9
1866 19
1867 56
1868 4
1869 3
1870 43
1871 25
1872 31
1873 32
1874 15
1875 11
1876 3
1877 11
1878 15
1879 49
1880 7
1881 6
1882 9
1883 7
1884 32
1885 11
1886 4
1887 0
1888 14
1889 20
1890 43
1891 47
1892 13
1893 4
1894 21
1895 7
1896 50
1897 10
1898 27
1899 54
1900 8
1901 29
1902 29
1903 31
1904 0
1905 7
1906 20
1907 11
1908 31
1909 22
1910 9
1911 45
1912 12
1913 42
1914 26
1915 32
1916 10
1917 39
1918 8
1919 5
1920 1
1921 36
1922 1
1923 25
1924 0
1925 38
1926 18
1927 33
1928 16
1929 23
1930 2
1931 29
1932 38
1933 0
1934 7
1935 25
1936 1
1937 5
1938 10
1939 24
1940 34
1941 8
1942 29
1943 10
1944 12
1945 10
1946 8
1947 8
1948 11
1949 9
1950 43
1951 17
1952 21
1953 59
1954 21
1955 43
1956 10
1957 11
1958 10
1959 6
1960 57
1961 15
1962 13
1963 16
1964 10
1965 4
1966 63
1967 8
1968 13
1969 15
1970 12
1971 1
1972 43
1973 45
1974 7
1975 12
1976 8
1977 44
1978 9
1979 44
1980 10
1981 34
1982 58
1983 12
1984 25
1985 4
1986 21
1987 37
1988 16
1989 4
1990 1
1991 28
1992 1
1993 16
1994 15
1995 64
1996 29
1997 1
1998 20
1999 24
2000 16
2001 37
2002 25
2003 16
2004 0
2005 43
2006 18
2007 39
2008 11
2009 59
2010 60
2011 8
2012 54
2013 13
2014 2
2015 13
2016 0
2017 14
2018 39
2019 9
2020 20
2021 3
2022 37
2023 7
2024 36
2025 2
2026 12
2027 14
2028 9
2029 36
2030 54
2031 0
2032 20
2033 6
2034 15
2035 10
2036 33
2037 3
2038 16
2039 21
2040 15
2041 41
2042 10
2043 6
2044 3
2045 3
2046 22
2047 31
2048 55
2049 39
2050 5
2051 12
2052 41
2053 20
2054 21
2055 11
2056 66
2057 30
2058 38
2059 11
2060 21
2061 22
2062 54
2063 17
2064 55
2065 8
2066 10
2067 47
2068 29
2069 28
2070 15
2071 16
2072 58
2073 42
2074 24
2075 22
2076 61
2077 12
2078 24
2079 68
2080 43
2081 54
2082 37
2083 16
2084 24
2085 17
2086 11
2087 58
2088 16
2089 6
2090 37
2091 35
2092 66
2093 68
2094 21
2095 21
2096 7
2097 34
2098 2
2099 67
2100 53
2101 0
2102 66
2103 59
2104 22
2105 14
2106 40
2107 16
2108 21
2109 14
2110 13
2111 20
2112 25
2113 17
2114 18
2115 23
2116 13
2117 37
2118 37
2119 13
2120 30
2121 32
2122 13
2123 25
2124 52
2125 32
2126 16
2127 7
2128 64
2129 6
2130 13
2131 27
2132 9
2133 24
2134 35
2135 32
2136 26
2137 52
2138 44
2139 39
2140 26
2141 20
2142 25
2143 24
2144 9
2145 49
2146 41
2147 37
2148 23
2149 21
2150 33
2151 44
2152 23
2153 30
2154 18
2155 23
2156 0
2157 18
2158 55
2159 14
2160 17
2161 13
2162 42
2163 26
2164 51
2165 60
2166 26
2167 14
2168 10
2169 41
2170 15
2171 10
2172 17
2173 52
2174 24
2175 35
2176 18
2177 18
2178 0
2179 69
2180 61
2181 40
2182 0
2183 48
2184 26
2185 18
2186 30
2187 39
2188 62
2189 13
2190 10
2191 25
2192 50
2193 21
2194 28
2195 21
2196 55
2197 54
2198 56
2199 47
2200 18
2201 35
2202 31
2203 62
2204 18
2205 16
2206 3
2207 36
2208 47
2209 18
2210 18
2211 36
2212 28
2213 53
2214 13
2215 48
2216 52
2217 15
2218 3
2219 2
2220 40
2221 22
2222 69
2223 62
2224 31
2225 36
2226 18
2227 22
2228 11
2229 5
2230 39
2231 51
2232 16
2233 0
2234 13
2235 47
2236 5
2237 42
2238 12
2239 13
2240 45
2241 50
2242 45
2243 30
2244 42
2245 23
2246 67
2247 39
2248 33
2249 52
2250 31
2251 31
2252 51
2253 58
2254 2
2255 44
2256 18
2257 49
2258 23
2259 28
2260 26
2261 30
2262 1
2263 52
2264 0
2265 17
2266 61
2267 47
2268 22
2269 32
2270 62
2271 17
2272 30
2273 28
2274 56
2275 38
2276 34
2277 21
2278 9
2279 13
2280 61
2281 65
2282 19
2283 34
2284 59
2285 23
2286 1
2287 20
2288 13
2289 52
2290 28
2291 36
2292 3
2293 27
2294 1
2295 62
2296 17
2297 57
2298 19
2299 59
2300 62
2301 19
2302 29
2303 4
2304 27
2305 18
2306 29
2307 54
2308 24
2309 62
2310 50
2311 63
2312 0
2313 65
2314 60
2315 11
2316 4
2317 0
2318 7
2319 13
2320 54
2321 62
2322 66
2323 19
2324 62
2325 19
2326 30
2327 4
2328 33
2329 23
2330 36
2331 7
2332 57
2333 60
2334 19
2335 45
2336 10
2337 33
2338 18
2339 38
2340 42
2341 28
2342 13
2343 33
2344 15
2345 4
2346 0
2347 19
2348 56
2349 17
2350 27
2351 22
2352 28
2353 19
2354 28
2355 17
2356 6
2357 49
2358 8
2359 6
2360 13
2361 44
2362 14
2363 28
2364 26
2365 24
2366 19
2367 35
2368 23
2369 43
2370 53
2371 6
2372 12
2373 32
2374 17
2375 36
2376 22
2377 6
2378 33
2379 56
2380 63
2381 34
2382 9
2383 47
2384 0
2385 38
2386 34
2387 54
2388 0
2389 17
2390 48
2391 1
2392 19
2393 26
2394 8
2395 8
2396 39
2397 8
2398 10
2399 41
2400 61
2401 58
2402 1
2403 46
2404 6
2405 6
2406 41
2407 8
2408 1
2409 13
2410 0
2411 45
2412 8
2413 28
2414 59
2415 13
2416 30
2417 18
2418 0
2419 10
2420 4
2421 67
2422 17
2423 47
2424 36
2425 8
2426 51
2427 32
2428 44
2429 34
2430 10
2431 50
2432 8
2433 0
2434 60
2435 9
2436 19
2437 16
2438 31
2439 22
2440 24
2441 31
2442 24
2443 13
2444 11
2445 41
2446 6
2447 1
2448 29
2449 23
2450 25
2451 41
2452 33
2453 4
2454 17
2455 30
2456 16
2457 23
2458 0
2459 2
2460 18
2461 8
2462 22
2463 0
2464 18
2465 10
2466 53
2467 30
2468 49
2469 31
2470 59
2471 29
2472 27
2473 51
2474 7
2475 64
2476 28
2477 60
2478 44
2479 8
2480 32
2481 12
2482 60
2483 11
2484 5
2485 33
2486 33
2487 65
2488 0
2489 14
2490 10
2491 38
2492 6
2493 11
2494 16
2495 14
2496 65
2497 10
2498 0
2499 4
2500 3
2501 19
2502 16
2503 0
2504 48
2505 10
2506 10
2507 16
2508 23
2509 31
2510 41
2511 35
2512 35
2513 49
2514 15
2515 60
2516 19
2517 30
2518 38
2519 49
2520 14
2521 14
2522 48
2523 8
2524 2
2525 41
2526 9
2527 13
2528 18
2529 52
2530 41
2531 20
2532 36
2533 15
2534 21
2535 9
2536 3
2537 37
2538 3
2539 20
2540 10
2541 62
2542 0
2543 0
2544 60
2545 68
2546 38
2547 12
2548 21
2549 19
2550 14
2551 9
2552 4
2553 2
2554 32
2555 21
2556 3
2557 26
2558 5
2559 35
2560 19
2561 33
2562 49
2563 68
2564 16
2565 19
2566 43
2567 34
2568 46
2569 34
2570 29
2571 14
2572 69
2573 46
2574 39
2575 51
2576 15
2577 30
2578 38
2579 35
2580 43
2581 8
2582 0
2583 61
2584 17
2585 55
2586 21
2587 52
2588 31
2589 11
2590 2
2591 3
2592 21
2593 28
2594 0
2595 3
2596 53
2597 57
2598 59
2599 15
2600 26
2601 66
2602 16
2603 59
2604 41
2605 50
2606 32
2607 21
2608 16
2609 2
2610 60
2611 49
2612 60
2613 25
2614 0
2615 4
2616 6
2617 17
2618 5
2619 37
2620 3
2621 56
2622 46
2623 1
2624 16
2625 22
2626 5
2627 1
2628 34
2629 51
2630 34
2631 48
2632 11
2633 20
2634 35
2635 21
2636 34
2637 20
2638 2
2639 33
2640 5
2641 9
2642 22
2643 48
2644 9
2645 32
2646 52
2647 53
2648 1
2649 39
2650 30
2651 61
2652 2
2653 63
2654 57
2655 21
2656 42
2657 5
2658 64
2659 23
2660 22
2661 3
2662 33
2663 33
2664 38
2665 1
2666 26
2667 28
2668 33
2669 3
2670 40
2671 13
2672 21
2673 43
2674 19
2675 34
2676 39
2677 14
2678 30
2679 25
2680 8
2681 36
2682 15
2683 28
2684 9
2685 65
2686 9
2687 56
2688 17
2689 4
2690 16
2691 4
2692 28
2693 31
2694 5
2695 30
2696 30
2697 16
2698 0
2699 9
2700 17
2701 16
2702 23
2703 0
2704 5
2705 14
2706 9
2707 10
2708 6
2709 13
2710 22
2711 40
2712 23
2713 54
2714 31
2715 46
2716 22
2717 2
2718 1
2719 38
2720 3
2721 63
2722 6
2723 8
2724 18
2725 0
2726 33
2727 47
2728 40
2729 3
2730 23
2731 13
2732 57
2733 38
2734 57
2735 50
2736 56
2737 20
2738 20
2739 6
2740 9
2741 3
2742 35
2743 6
2744 48
2745 1
2746 37
2747 40
2748 59
2749 4
2750 4
2751 8
2752 0
2753 49
2754 6
2755 33
2756 54
2757 9
2758 26
2759 34
2760 56
2761 31
2762 6
2763 9
2764 10
2765 5
2766 14
2767 49
2768 27
2769 46
2770 6
2771 45
2772 28
2773 34
2774 10
2775 67
2776 9
2777 10
2778 9
2779 0
2780 38
2781 11
2782 14
2783 23
2784 10
2785 2
2786 32
2787 61
2788 9
2789 0
2790 28
2791 20
2792 20
2793 58
2794 51
2795 58
2796 13
2797 38
2798 13
2799 16
2800 25
2801 22
2802 29
2803 22
2804 9
2805 43
2806 5
2807 0
2808 0
2809 10
2810 7
2811 5
2812 1
2813 27
2814 9
2815 32
2816 14
2817 43
2818 10
2819 64
2820 10
2821 1
2822 27
2823 56
2824 12
2825 3
2826 10
2827 21
2828 12
2829 27
2830 16
2831 22
2832 27
2833 14
2834 12
2835 4
2836 66
2837 5
2838 10
2839 21
2840 38
2841 29
2842 27
2843 15
2844 3
2845 8
2846 25
2847 12
2848 14
2849 18
2850 22
2851 9
2852 15
2853 38
2854 7
2855 4
2856 5
2857 0
2858 29
2859 13
2860 44
2861 23
2862 2
2863 10
2864 44
2865 33
2866 15
2867 27
2868 26
2869 46
2870 17
2871 17
2872 22
2873 49
2874 12
2875 15
2876 19
2877 37
2878 30
2879 63
2880 12
2881 0
2882 13
2883 18
2884 5
2885 2
2886 0
2887 0
2888 25
2889 5
2890 22
2891 21
2892 12
2893 10
2894 42
2895 5
2896 21
2897 44
2898 6
2899 10
2900 17
2901 14
2902 11
2903 18
2904 2
2905 0
2906 52
2907 36
2908 6
2909 7
2910 14
2911 3
2912 24
2913 34
2914 14
2915 24
2916 17
2917 13
2918 28
2919 8
2920 10
2921 29
2922 3
2923 12
2924 14
2925 11
2926 16
2927 16
2928 62
2929 68
2930 7
2931 32
2932 4
2933 16
2934 11
2935 29
2936 24
2937 9
2938 2
2939 13
2940 11
2941 39
2942 25
2943 7
2944 4
2945 1
2946 26
2947 12
2948 67
2949 15
2950 5
2951 24
2952 13
2953 20
2954 36
2955 6
2956 9
2957 9
2958 6
2959 6
2960 21
2961 24
2962 34
2963 41
2964 27
2965 14
2966 4
2967 16
2968 14
2969 24
2970 23
2971 20
2972 56
2973 20
2974 30
2975 33
2976 4
2977 11
2978 35
2979 57
2980 11
2981 14
2982 15
2983 44
2984 20
2985 3
2986 46
2987 40
2988 25
2989 5
2990 16
2991 6
2992 25
2993 2
2994 5
2995 6
2996 65
2997 2
2998 38
2999 11
3000 21
3001 13
3002 59
3003 3
3004 3
3005 14
3006 4
3007 8
3008 4
3009 58
3010 7
3011 24
3012 13
3013 6
3014 36
3015 43
3016 14
3017 1
3018 2
3019 13
3020 16
3021 32
3022 27
3023 10
3024 15
3025 3
3026 10
3027 13
3028 6
3029 13
3030 42
3031 8
3032 12
3033 31
3034 68
3035 29
3036 21
3037 5
3038 21
3039 27
3040 8
3041 36
3042 3
3043 5
3044 20
3045 4
3046 14
3047 53
3048 48
3049 48
3050 8
3051 24
3052 20
3053 43
3054 10
3055 11
3056 40
3057 11
3058 20
3059 15
3060 6
3061 13
3062 8
3063 5
3064 25
3065 1
3066 27
3067 20
3068 15
3069 22
3070 48
3071 1
3072 57
3073 32
3074 40
3075 28
3076 1
3077 68
3078 9
3079 60
3080 27
3081 35
3082 0
3083 13
3084 48
3085 20
3086 15
3087 33
3088 61
3089 4
3090 1
3091 27
3092 39
3093 0
3094 37
3095 46
3096 0
3097 23
3098 12
3099 35
3100 46
3101 50
3102 37
3103 5
3104 54
3105 6
3106 35
3107 55
3108 1
3109 5
3110 27
3111 19
3112 32
3113 5
3114 12
3115 3
3116 0
3117 5
3118 23
3119 6
3120 0
3121 2
3122 10
3123 24
3124 9
3125 7
3126 2
3127 3
3128 1
3129 18
3130 50
3131 2
3132 15
3133 3
3134 7
3135 20
3136 53
3137 22
3138 22
3139 24
3140 66
3141 62
3142 59
3143 9
3144 49
3145 17
3146 2
3147 29
3148 13
3149 56
3150 40
3151 67
3152 27
3153 52
3154 40
3155 3
3156 30
3157 25
3158 23
3159 5
3160 11
3161 15
3162 17
3163 5
3164 4
3165 14
3166 42
3167 7
3168 35
3169 63
3170 10
3171 36
3172 22
3173 26
3174 7
3175 7
3176 45
3177 8
3178 8
3179 50
3180 8
3181 1
3182 45
3183 16
3184 6
3185 12
3186 4
3187 20
3188 1
3189 25
3190 45
3191 24
3192 58
3193 19
3194 8
3195 15
3196 35
3197 2
3198 61
3199 1
3200 7
3201 39
3202 39
3203 5
3204 62
3205 3
3206 2
3207 33
3208 9
3209 60
3210 68
3211 46
3212 33
3213 31
3214 47
3215 47
3216 15
3217 20
3218 18
3219 21
3220 0
3221 35
3222 22
3223 24
3224 45
3225 8
3226 7
3227 41
3228 14
3229 21
3230 19
3231 4
3232 23
3233 53
3234 45
3235 8
3236 30
3237 67
3238 8
3239 2
3240 53
3241 4
3242 59
3243 1
3244 27
3245 2
3246 32
3247 23
3248 52
3249 32
3250 49
3251 22
3252 15
3253 53
3254 30
3255 8
3256 53
3257 36
3258 3
3259 59
3260 4
3261 57
3262 28
3263 37
3264 25
3265 49
3266 26
3267 27
3268 0
3269 8
3270 31
3271 8
3272 30
3273 31
3274 45
3275 31
3276 15
3277 30
3278 31
3279 28
3280 17
3281 61
3282 3
3283 48
3284 0
3285 40
3286 15
3287 13
3288 28
3289 1
3290 3
3291 7
3292 64
3293 7
3294 7
3295 33
3296 45
3297 9
3298 22
3299 25
3300 6
3301 26
3302 20
3303 23
3304 27
3305 37
3306 7
3307 2
3308 18
3309 56
3310 1
3311 3
3312 39
3313 7
3314 21
3315 2
3316 20
3317 9
3318 13
3319 29
3320 24
3321 7
3322 0
3323 5
3324 47
3325 25
3326 2
3327 43
3328 33
3329 44
3330 31
3331 1
3332 7
3333 49
3334 3
3335 1
3336 0
3337 8
3338 5
3339 5
3340 8
3341 69
3342 68
3343 6
3344 28
3345 3
3346 1
3347 28
3348 7
3349 4
3350 42
3351 55
3352 3
3353 57
3354 4
3355 22
3356 4
3357 25
3358 66
3359 3
3360 36
3361 10
3362 61
3363 3
3364 6
3365 13
3366 5
3367 53
3368 32
3369 32
3370 13
3371 2
3372 5
3373 8
3374 4
3375 14
3376 12
3377 40
3378 33
3379 34
3380 43
3381 7
3382 17
3383 47
3384 1
3385 22
3386 10
3387 11
3388 5
3389 17
3390 23
3391 67
3392 7
3393 7
3394 44
3395 58
3396 9
3397 6
3398 7
3399 23
3400 15
3401 20
3402 54
3403 13
3404 10
3405 50
3406 23
3407 22
3408 10
3409 4
3410 22
3411 1
3412 0
3413 1
3414 66
3415 47
3416 22
3417 4
3418 17
3419 6
3420 9
3421 30
3422 10
3423 23
3424 7
3425 3
3426 66
3427 0
3428 0
3429 50
3430 67
3431 19
3432 3
3433 40
3434 42
3435 16
3436 12
3437 5
3438 10
3439 34
3440 8
3441 61
3442 4
3443 53
3444 3
3445 13
3446 6
3447 36
3448 1
3449 1
3450 13
3451 36
3452 49
3453 6
3454 31
3455 12
3456 7
3457 3
3458 32
3459 4
3460 68
3461 4
3462 23
3463 4
3464 5
3465 28
3466 23
3467 5
3468 5
3469 33
3470 0
3471 62
3472 53
3473 63
3474 14
3475 9
3476 38
3477 20
3478 0
3479 46
3480 11
3481 42
3482 2
3483 52
3484 2
3485 30
3486 14
3487 32
3488 14
3489 4
3490 5
3491 57
3492 32
3493 48
3494 32
3495 1
3496 7
3497 10
3498 4
3499 28
3500 43
3501 67
3502 25
3503 46
3504 49
3505 5
3506 40
3507 50
3508 1
3509 52
3510 6
3511 9
3512 5
3513 4
3514 19
3515 5
3516 7
3517 19
3518 3
3519 3
3520 61
3521 31
3522 1
3523 48
3524 40
3525 17
3526 2
3527 27
3528 44
3529 44
3530 10
3531 2
3532 15
3533 14
3534 2
3535 37
3536 11
3537 1
3538 8
3539 0
3540 7
3541 11
3542 36
3543 4
3544 26
3545 39
3546 7
3547 1
3548 11
3549 7
3550 48
3551 36
3552 61
3553 56
3554 37
3555 12
3556 42
3557 2
3558 9
3559 20
3560 40
3561 2
3562 12
3563 2
3564 0
3565 16
3566 27
3567 14
3568 37
3569 27
3570 14
3571 2
3572 37
3573 0
3574 2
3575 4
3576 31
3577 69
3578 5
3579 42
3580 27
3581 20
3582 20
3583 50
3584 29
3585 19
3586 46
3587 24
3588 11
3589 3
3590 8
3591 20
3592 33
3593 19
3594 35
3595 40
3596 3
3597 19
3598 40
3599 16
3600 27
3601 16
3602 22
3603 18
3604 35
3605 19
3606 1
3607 19
3608 32
3609 12
3610 23
3611 47
3612 3
3613 42
3614 41
3615 14
3616 62
3617 18
3618 29
3619 58
3620 9
3621 43
3622 34
3623 40
3624 33
3625 7
3626 15
3627 23
3628 27
3629 45
3630 62
3631 3
3632 30
3633 31
3634 5
3635 2
3636 42
3637 57
3638 1
3639 31
3640 72
3641 4
3642 58
3643 33
3644 35
3645 49
3646 17
3647 48
3648 12
3649 14
3650 3
3651 39
3652 2
3653 1
3654 3
3655 12
3656 2
3657 40
3658 5
3659 7
3660 2
3661 16
3662 8
3663 8
3664 51
3665 17
3666 49
3667 45
3668 4
3669 46
3670 22
3671 6
3672 0
3673 31
3674 15
3675 2
3676 39
3677 7
3678 0
3679 13
3680 13
3681 0
3682 32
3683 7
3684 58
3685 4
3686 33
3687 3
3688 18
3689 30
3690 11
3691 33
3692 1
3693 13
3694 48
3695 10
3696 2
3697 51
3698 13
3699 12
3700 25
3701 8
3702 17
3703 52
3704 9
3705 15
3706 6
3707 35
3708 6
3709 2
3710 3
3711 1
3712 46
3713 10
3714 10
3715 10
3716 31
3717 47
3718 20
3719 13
3720 3
3721 9
3722 3
3723 37
3724 2
3725 26
3726 44
3727 23
3728 0
3729 30
3730 31
3731 23
3732 6
3733 9
3734 55
3735 33
3736 2
3737 3
3738 5
3739 31
3740 8
3741 33
3742 26
3743 16
3744 18
3745 8
3746 31
3747 63
3748 7
3749 56
3750 8
3751 62
3752 0
3753 43
3754 10
3755 43
3756 3
3757 12
3758 7
3759 9
3760 12
3761 7
3762 64
3763 41
3764 15
3765 5
3766 31
3767 18
3768 10
3769 21
3770 8
3771 27
3772 34
3773 26
3774 53
3775 7
3776 11
3777 1
3778 32
3779 57
3780 47
3781 39
3782 24
3783 42
3784 9
3785 8
3786 8
3787 9
3788 5
3789 31
3790 7
3791 33
3792 38
3793 7
3794 51
3795 12
3796 10
3797 10
3798 9
3799 33
3800 2
3801 0
3802 9
3803 31
3804 57
3805 14
3806 30
3807 14
3808 3
3809 53
3810 0
3811 3
3812 0
3813 1
3814 9
3815 1
3816 10
3817 38
3818 9
3819 1
3820 7
3821 45
3822 9
3823 3
3824 7
3825 3
3826 7
3827 11
3828 13
3829 11
3830 8
3831 36
3832 68
3833 48
3834 0
3835 26
3836 8
3837 0
3838 60
3839 64
3840 61
3841 45
3842 5
3843 18
3844 26
3845 12
3846 49
3847 7
3848 51
3849 9
3850 7
3851 5
3852 22
3853 11
3854 2
3855 21
3856 10
3857 19
3858 0
3859 21
3860 1
3861 15
3862 31
3863 9
3864 15
3865 54
3866 15
3867 12
3868 4
3869 7
3870 6
3871 7
3872 3
3873 14
3874 15
3875 7
3876 24
3877 47
3878 9
3879 2
3880 12
3881 55
3882 21
3883 36
3884 11
3885 59
3886 39
3887 49
3888 0
3889 17
3890 9
3891 25
3892 1
3893 21
3894 17
3895 49
3896 6
3897 4
3898 15
3899 11
3900 8
3901 51
3902 44
3903 17
3904 0
3905 29
3906 25
3907 21
3908 14
3909 28
3910 23
3911 4
3912 28
3913 17
3914 10
3915 9
3916 20
3917 58
3918 14
3919 0
3920 7
3921 10
3922 14
3923 4
3924 7
3925 6
3926 2
3927 15
3928 56
3929 19
3930 15
3931 38
3932 21
3933 25
3934 0
3935 12
3936 20
3937 24
3938 6
3939 31
3940 12
3941 3
3942 34
3943 5
3944 19
3945 9
3946 1
3947 7
3948 20
3949 28
3950 3
3951 15
3952 29
3953 3
3954 4
3955 47
3956 11
3957 11
3958 7
3959 47
3960 14
3961 25
3962 32
3963 9
3964 3
3965 20
3966 21
3967 25
3968 16
3969 28
3970 0
3971 61
3972 27
3973 24
3974 9
3975 9
3976 43
3977 29
3978 25
3979 22
3980 5
3981 21
3982 10
3983 9
3984 8
3985 20
3986 16
3987 11
3988 15
3989 7
3990 14
3991 41
3992 18
3993 14
3994 11
3995 29
3996 14
3997 29
3998 21
3999 2
4000 9
4001 10
4002 50
4003 27
4004 12
4005 1
4006 20
4007 5
4008 13
4009 40
4010 8
4011 58
4012 1
4013 33
4014 11
4015 5
4016 37
4017 50
4018 5
4019 9
4020 33
4021 3
4022 41
4023 51
4024 4
4025 25
4026 2
4027 10
4028 44
4029 9
4030 8
4031 20
4032 7
4033 34
4034 0
4035 21
4036 11
4037 9
4038 24
4039 10
4040 0
4041 54
4042 28
4043 6
4044 31
4045 25
4046 31
4047 1
4048 50
4049 15
4050 5
4051 53
4052 12
4053 3
4054 13
4055 52
4056 12
4057 3
4058 60
4059 8
4060 32
4061 25
4062 24
4063 21
4064 0
4065 8
4066 4
4067 25
4068 8
4069 5
4070 2
4071 17
4072 46
4073 3
4074 21
4075 2
4076 31
4077 15
4078 32
4079 33
4080 0
4081 17
4082 6
4083 20
4084 25
4085 41
4086 4
4087 4
4088 5
4089 31
4090 44
4091 51
4092 62
4093 2
4094 24
4095 69
4096 50
4097 58
4098 41
4099 50
4100 7
4101 44
4102 14
4103 22
4104 0
4105 15
4106 29
4107 22
4108 39
4109 13
4110 55
4111 48
4112 24
4113 40
4114 35
4115 2
4116 0
4117 50
4118 46
4119 40
4120 51
4121 10
4122 29
4123 29
4124 13
4125 15
4126 36
4127 50
4128 27
4129 48
4130 19
4131 0
4132 12
4133 20
4134 40
4135 7
4136 45
4137 25
4138 45
4139 25
4140 2
4141 40
4142 20
4143 2
4144 38
4145 15
4146 0
4147 0
4148 40
4149 25
4150 16
4151 69
4152 40
4153 60
4154 0
4155 33
4156 48
4157 25
4158 20
4159 11
4160 24
4161 51
4162 33
4163 16
4164 12
4165 25
4166 23
4167 26
4168 17
4169 3
4170 1
4171 24
4172 24
4173 30
4174 11
4175 13
4176 37
4177 24
4178 39
4179 11
4180 55
4181 15
4182 18
4183 35
4184 7
4185 33
4186 32
4187 14
4188 30
4189 26
4190 4
4191 0
4192 40
4193 37
4194 15
4195 24
4196 9
4197 36
4198 58
4199 52
4200 18
4201 41
4202 35
4203 40
4204 11
4205 23
4206 52
4207 18
4208 13
4209 73
4210 18
4211 13
4212 15
4213 32
4214 21
4215 16
4216 28
4217 2
4218 23
4219 17
4220 41
4221 26
4222 60
4223 15
4224 0
4225 54
4226 9
4227 47
4228 18
4229 8
4230 0
4231 50
4232 22
4233 44
4234 25
4235 50
4236 58
4237 25
4238 35
4239 0
4240 11
4241 56
4242 16
4243 51
4244 33
4245 25
4246 14
4247 14
4248 20
4249 14
4250 56
4251 60
4252 14
4253 10
4254 30
4255 22
4256 15
4257 0
4258 46
4259 6
4260 0
4261 33
4262 23
4263 13
4264 0
4265 0
4266 65
4267 69
4268 29
4269 22
4270 34
4271 53
4272 53
4273 49
4274 25
4275 46
4276 28
4277 11
4278 45
4279 11
4280 23
4281 36
4282 57
4283 14
4284 27
4285 57
4286 47
4287 26
4288 44
4289 20
4290 59
4291 20
4292 35
4293 2
4294 46
4295 37
4296 42
4297 31
4298 40
4299 40
4300 14
4301 44
4302 28
4303 55
4304 43
4305 37
4306 33
4307 25
4308 20
4309 31
4310 1
4311 46
4312 39
4313 55
4314 53
4315 26
4316 31
4317 50
4318 30
4319 27
4320 30
4321 45
4322 24
4323 27
4324 26
4325 5
4326 21
4327 38
4328 23
4329 22
4330 54
4331 0
4332 13
4333 20
4334 64
4335 11
4336 43
4337 13
4338 32
4339 0
4340 4
4341 19
4342 44
4343 38
4344 24
4345 29
4346 35
4347 40
4348 60
4349 15
4350 42
4351 17
4352 64
4353 32
4354 20
4355 29
4356 3
4357 1
4358 38
4359 48
4360 2
4361 12
4362 32
4363 28
4364 30
4365 8
4366 27
4367 17
4368 1
4369 25
4370 22
4371 53
4372 52
4373 63
4374 37
4375 13
4376 27
4377 46
4378 21
4379 17
4380 18
4381 58
4382 1
4383 22
4384 4
4385 31
4386 44
4387 29
4388 35
4389 22
4390 47
4391 0
4392 10
4393 26
4394 40
4395 10
4396 18
4397 6
4398 60
4399 16
4400 4
4401 31
4402 1
4403 7
4404 61
4405 47
4406 19
4407 12
4408 0
4409 58
4410 32
4411 7
4412 19
4413 1
4414 22
4415 6
4416 58
4417 39
4418 25
4419 28
4420 12
4421 31
4422 2
4423 1
4424 42
4425 38
4426 24
4427 51
4428 10
4429 38
4430 58
4431 50
4432 23
4433 0
4434 2
4435 16
4436 10
4437 12
4438 8
4439 15
4440 22
4441 8
4442 6
4443 42
4444 30
4445 46
4446 34
4447 24
4448 1
4449 20
4450 12
4451 30
4452 12
4453 35
4454 30
4455 4
4456 22
4457 55
4458 17
4459 46
4460 13
4461 23
4462 0
4463 1
4464 22
4465 27
4466 46
4467 45
4468 62
4469 39
4470 12
4471 18
4472 67
4473 58
4474 49
4475 27
4476 1
4477 1
4478 17
4479 46
4480 66
4481 52
4482 10
4483 26
4484 17
4485 39
4486 28
4487 19
4488 0
4489 12
4490 18
4491 24
4492 11
4493 11
4494 34
4495 1
4496 1
4497 4
4498 37
4499 6
4500 43
4501 36
4502 30
4503 10
4504 44
4505 2
4506 48
4507 17
4508 12
4509 2
4510 18
4511 54
4512 9
4513 2
4514 23
4515 4
4516 24
4517 22
4518 23
4519 4
4520 12
4521 18
4522 24
4523 6
4524 12
4525 26
4526 1
4527 48
4528 23
4529 57
4530 10
4531 4
4532 9
4533 11
4534 41
4535 1
4536 14
4537 65
4538 28
4539 48
4540 20
4541 21
4542 0
4543 12
4544 20
4545 3
4546 21
4547 43
4548 2
4549 2
4550 4
4551 15
4552 8
4553 28
4554 43
4555 8
4556 53
4557 16
4558 6
4559 5
4560 59
4561 51
4562 9
4563 5
4564 36
4565 31
4566 26
4567 61
4568 11
4569 54
4570 1
4571 49
4572 1
4573 37
4574 1
4575 27
4576 2
4577 8
4578 41
4579 21
4580 65
4581 0
4582 8
4583 5
4584 6
4585 1
4586 48
4587 43
4588 10
4589 13
4590 3
4591 11
4592 10
4593 18
4594 10
4595 3
4596 40
4597 16
4598 11
4599 15
4600 8
4601 56
4602 15
4603 0
4604 40
4605 18
4606 42
4607 14
4608 19
4609 18
4610 23
4611 4
4612 4
4613 12
4614 63
4615 14
4616 1
4617 22
4618 16
4619 42
4620 27
4621 49
4622 35
4623 54
4624 48
4625 14
4626 29
4627 55
4628 22
4629 16
4630 25
4631 57
4632 49
4633 0
4634 22
4635 16
4636 0
4637 51
4638 1
4639 55
4640 42
4641 16
4642 55
4643 0
4644 0
4645 34
4646 34
4647 36
4648 1
4649 53
4650 29
4651 41
4652 27
4653 14
4654 20
4655 16
4656 50
4657 12
4658 39
4659 55
4660 6
4661 51
4662 6
4663 34
4664 3
4665 25
4666 5
4667 2
4668 0
4669 15
4670 10
4671 15
4672 25
4673 4
4674 4
4675 43
4676 61
4677 52
4678 20
4679 13
4680 21
4681 25
4682 22
4683 5
4684 0
4685 6
4686 5
4687 29
4688 32
4689 43
4690 39
4691 2
4692 30
4693 13
4694 6
4695 15
4696 11
4697 37
4698 0
4699 36
4700 2
4701 3
4702 14
4703 15
4704 1
4705 16
4706 16
4707 42
4708 30
4709 42
4710 25
4711 32
4712 26
4713 21
4714 9
4715 1
4716 50
4717 29
4718 1
4719 10
4720 62
4721 6
4722 5
4723 4
4724 45
4725 36
4726 3
4727 18
4728 1
4729 25
4730 37
4731 38
4732 10
4733 5
4734 5
4735 36
4736 1
4737 1
4738 16
4739 69
4740 29
4741 26
4742 4
4743 30
4744 13
4745 24
4746 60
4747 68
4748 37
4749 41
4750 8
4751 0
4752 0
4753 55
4754 36
4755 55
4756 2
4757 16
4758 9
4759 57
4760 0
4761 44
4762 38
4763 14
4764 44
4765 2
4766 56
4767 56
4768 52
4769 6
4770 8
4771 39
4772 4
4773 8
4774 2
4775 27
4776 54
4777 14
4778 8
4779 5
4780 5
4781 10
4782 8
4783 10
4784 0
4785 28
4786 38
4787 28
4788 56
4789 55
4790 40
4791 5
4792 28
4793 16
4794 26
4795 14
4796 42
4797 4
4798 4
4799 23
4800 5
4801 3
4802 3
4803 2
4804 38
4805 14
4806 0
4807 12
4808 1
4809 5
4810 9
4811 3
4812 3
4813 48
4814 8
4815 1
4816 5
4817 17
4818 50
4819 4
4820 16
4821 30
4822 61
4823 12
4824 0
4825 6
4826 4
4827 17
4828 19
4829 39
4830 18
4831 10
4832 7
4833 19
4834 14
4835 4
4836 8
4837 10
4838 7
4839 47
4840 11
4841 5
4842 11
4843 23
4844 10
4845 37
4846 6
4847 3
4848 18
4849 23
4850 14
4851 17
4852 4
4853 5
4854 29
4855 13
4856 11
4857 8
4858 5
4859 23
4860 29
4861 25
4862 1
4863 10
4864 36
4865 6
4866 1
4867 6
4868 10
4869 9
4870 1
4871 42
4872 36
4873 21
4874 20
4875 4
4876 3
4877 17
4878 0
4879 1
4880 5
4881 37
4882 19
4883 16
4884 7
4885 48
4886 26
4887 38
4888 3
4889 7
4890 42
4891 19
4892 6
4893 33
4894 12
4895 10
4896 5
4897 1
4898 7
4899 43
4900 38
4901 0
4902 3
4903 31
4904 12
4905 6
4906 11
4907 13
4908 4
4909 42
4910 45
4911 22
4912 42
4913 34
4914 4
4915 18
4916 8
4917 47
4918 44
4919 5
4920 6
4921 1
4922 30
4923 13
4924 13
4925 3
4926 14
4927 18
4928 0
4929 25
4930 49
4931 37
4932 42
4933 4
4934 5
4935 31
4936 11
4937 12
4938 11
4939 26
4940 37
4941 25
4942 10
4943 38
4944 23
4945 13
4946 2
4947 26
4948 49
4949 2
4950 15
4951 5
4952 54
4953 0
4954 24
4955 14
4956 1
4957 45
4958 3
4959 0
4960 32
4961 0
4962 24
4963 32
4964 10
4965 45
4966 51
4967 14
4968 9
4969 21
4970 4
4971 47
4972 10
4973 46
4974 14
4975 25
4976 21
4977 11
4978 6
4979 34
4980 12
4981 44
4982 28
4983 14
4984 14
4985 25
4986 30
4987 20
4988 3
4989 20
4990 22
4991 45
4992 7
4993 33
4994 4
4995 4
4996 24
4997 14
4998 16
4999 16
5000 0
5001 44
5002 3
5003 8
5004 41
5005 16
5006 43
5007 7
5008 9
5009 5
5010 0
5011 30
5012 5
5013 8
5014 16
5015 9
5016 11
5017 12
5018 30
5019 25
5020 33
5021 43
5022 34
5023 24
5024 25
5025 16
5026 11
5027 43
5028 27
5029 6
5030 16
5031 52
5032 4
5033 16
5034 15
5035 32
5036 21
5037 19
5038 6
5039 15
5040 59
5041 5
5042 50
5043 12
5044 13
5045 21
5046 13
5047 64
5048 3
5049 25
5050 13
5051 21
5052 3
5053 55
5054 13
5055 21
5056 0
5057 30
5058 1
5059 24
5060 14
5061 43
5062 12
5063 45
5064 37
5065 35
5066 43
5067 19
5068 8
5069 12
5070 12
5071 10
5072 9
5073 28
5074 21
5075 9
5076 13
5077 37
5078 2
5079 4
5080 7
5081 14
5082 5
5083 25
5084 20
5085 27
5086 2
5087 10
5088 32
5089 44
5090 8
5091 1
5092 25
5093 5
5094 6
5095 3
5096 32
5097 8
5098 25
5099 8
5100 58
5101 0
5102 21
5103 6
5104 50
5105 4
5106 24
5107 11
5108 15
5109 33
5110 12
5111 15
5112 12
5113 10
5114 8
5115 4
5116 26
5117 27
5118 1
5119 44
5120 18
5121 31
5122 29
5123 44
5124 43
5125 23
5126 39
5127 1
5128 26
5129 31
5130 22
5131 3
5132 62
5133 1
5134 19
5135 47
5136 0
5137 15
5138 7
5139 18
5140 1
5141 44
5142 2
5143 15
5144 33
5145 14
5146 10
5147 25
5148 37
5149 0
5150 17
5151 43
5152 20
5153 3
5154 1
5155 65
5156 42
5157 44
5158 7
5159 23
5160 32
5161 19
5162 22
5163 35
5164 0
5165 39
5166 34
5167 26
5168 7
5169 35
5170 14
5171 54
5172 3
5173 5
5174 28
5175 13
5176 25
5177 64
5178 5
5179 3
5180 39
5181 48
5182 24
5183 28
5184 4
5185 3
5186 19
5187 14
5188 39
5189 51
5190 55
5191 20
5192 4
5193 8
5194 2
5195 6
5196 6
5197 4
5198 30
5199 2
5200 5
5201 46
5202 24
5203 19
5204 37
5205 5
5206 24
5207 22
5208 66
5209 7
5210 6
5211 41
5212 26
5213 24
5214 35
5215 41
5216 5
5217 4
5218 12
5219 30
5220 13
5221 19
5222 1
5223 8
5224 39
5225 0
5226 25
5227 30
5228 18
5229 39
5230 0
5231 12
5232 40
5233 5
5234 20
5235 18
5236 6
5237 6
5238 36
5239 4
5240 47
5241 35
5242 65
5243 8
5244 52
5245 24
5246 65
5247 7
5248 7
5249 1
5250 24
5251 20
5252 0
5253 9
5254 57
5255 41
5256 24
5257 52
5258 31
5259 1
5260 3
5261 6
5262 16
5263 11
5264 37
5265 39
5266 48
5267 34
5268 25
5269 0
5270 28
5271 54
5272 5
5273 27
5274 20
5275 1
5276 2
5277 12
5278 45
5279 30
5280 24
5281 28
5282 37
5283 15
5284 7
5285 8
5286 69
5287 22
5288 7
5289 55
5290 54
5291 3
5292 15
5293 47
5294 41
5295 2
5296 4
5297 4
5298 4
5299 6
5300 9
5301 2
5302 27
5303 2
5304 6
5305 54
5306 3
5307 21
5308 1
5309 12
5310 8
5311 22
5312 7
5313 47
5314 37
5315 4
5316 52
5317 45
5318 27
5319 36
5320 7
5321 9
5322 2
5323 6
5324 6
5325 20
5326 9
5327 50
5328 7
5329 30
5330 1
5331 8
5332 38
5333 7
5334 27
5335 3
5336 1
5337 26
5338 47
5339 3
5340 46
5341 5
5342 23
5343 38
5344 7
5345 16
5346 51
5347 26
5348 0
5349 51
5350 0
5351 38
5352 0
5353 57
5354 1
5355 20
5356 0
5357 27
5358 42
5359 69
5360 2
5361 25
5362 53
5363 26
5364 42
5365 28
5366 22
5367 29
5368 17
5369 5
5370 3
5371 5
5372 22
5373 19
5374 2
5375 18
5376 4
5377 4
5378 20
5379 20
5380 1
5381 6
5382 52
5383 49
5384 1
5385 0
5386 4
5387 48
5388 8
5389 8
5390 36
5391 30
5392 8
5393 6
5394 23
5395 61
5396 26
5397 24
5398 55
5399 32
5400 23
5401 3
5402 33
5403 56
5404 1
5405 24
5406 4
5407 24
5408 15
5409 31
5410 42
5411 4
5412 43
5413 55
5414 19
5415 8
5416 6
5417 18
5418 23
5419 5
5420 4
5421 29
5422 12
5423 12
5424 10
5425 6
5426 12
5427 21
5428 2
5429 24
5430 8
5431 5
5432 30
5433 49
5434 29
5435 51
5436 58
5437 8
5438 19
5439 1
5440 5
5441 26
5442 19
5443 33
5444 27
5445 20
5446 52
5447 12
5448 5
5449 42
5450 44
5451 38
5452 16
5453 10
5454 26
5455 32
5456 32
5457 2
5458 10
5459 20
5460 56
5461 56
5462 40
5463 6
5464 6
5465 8
5466 18
5467 51
5468 8
5469 30
5470 58
5471 18
5472 12
5473 4
5474 0
5475 4
5476 61
5477 5
5478 41
5479 46
5480 4
5481 42
5482 26
5483 10
5484 1
5485 66
5486 22
5487 7
5488 9
5489 41
5490 9
5491 5
5492 22
5493 19
5494 55
5495 12
5496 39
5497 51
5498 28
5499 28
5500 22
5501 36
5502 3
5503 63
5504 43
5505 42
5506 41
5507 26
5508 2
5509 35
5510 28
5511 8
5512 1
5513 23
5514 31
5515 25
5516 2
5517 43
5518 53
5519 12
5520 18
5521 1
5522 11
5523 2
5524 0
5525 14
5526 44
5527 11
5528 3
5529 57
5530 12
5531 58
5532 33
5533 10
5534 41
5535 4
5536 9
5537 13
5538 14
5539 17
5540 30
5541 32
5542 12
5543 37
5544 10
5545 60
5546 14
5547 6
5548 41
5549 43
5550 13
5551 59
5552 7
5553 8
5554 33
5555 34
5556 5
5557 7
5558 11
5559 25
5560 49
5561 49
5562 33
5563 58
5564 1
5565 21
5566 8
5567 34
5568 31
5569 40
5570 15
5571 45
5572 0
5573 19
5574 24
5575 35
5576 42
5577 59
5578 23
5579 19
5580 4
5581 42
5582 11
5583 46
5584 21
5585 31
5586 7
5587 7
5588 45
5589 5
5590 9
5591 9
5592 8
5593 12
5594 16
5595 34
5596 6
5597 7
5598 17
5599 14
5600 16
5601 26
5602 4
5603 1
5604 19
5605 41
5606 20
5607 15
5608 3
5609 36
5610 43
5611 9
5612 11
5613 20
5614 57
5615 1
5616 40
5617 12
5618 20
5619 39
5620 29
5621 22
5622 48
5623 13
5624 6
5625 11
5626 10
5627 17
5628 14
5629 21
5630 18
5631 53
5632 7
5633 11
5634 40
5635 33
5636 48
5637 11
5638 18
5639 49
5640 3
5641 50
5642 1
5643 0
5644 8
5645 12
5646 46
5647 22
5648 3
5649 45
5650 2
5651 14
5652 3
5653 19
5654 48
5655 22
5656 62
5657 48
5658 0
5659 50
5660 35
5661 8
5662 19
5663 58
5664 3
5665 22
5666 42
5667 17
5668 66
5669 0
5670 44
5671 50
5672 0
5673 3
5674 39
5675 15
5676 19
5677 1
5678 2
5679 58
5680 1
5681 44
5682 3
5683 0
5684 60
5685 34
5686 60
5687 26
5688 2
5689 1
5690 5
5691 57
5692 62
5693 57
5694 63
5695 4
5696 3
5697 47
5698 48
5699 2
5700 16
5701 42
5702 5
5703 2
5704 25
5705 7
5706 50
5707 2
5708 3
5709 40
5710 1
5711 7
5712 0
5713 17
5714 12
5715 8
5716 0
5717 19
5718 4
5719 59
5720 13
5721 15
5722 16
5723 50
5724 16
5725 2
5726 21
5727 21
5728 34
5729 5
5730 63
5731 17
5732 30
5733 29
5734 13
5735 14
5736 4
5737 3
5738 2
5739 7
5740 18
5741 7
5742 20
5743 19
5744 32
5745 9
5746 3
5747 61
5748 4
5749 51
5750 17
5751 6
5752 0
5753 0
5754 20
5755 40
5756 35
5757 7
5758 1
5759 2
5760 6
5761 28
5762 16
5763 6
5764 3
5765 23
5766 5
5767 21
5768 52
5769 61
5770 10
5771 51
5772 65
5773 18
5774 6
5775 9
5776 9
5777 16
5778 11
5779 2
5780 21
5781 45
5782 21
5783 4
5784 18
5785 31
5786 57
5787 11
5788 3
5789 15
5790 9
5791 56
5792 2
5793 0
5794 68
5795 25
5796 1
5797 45
5798 41
5799 1
5800 67
5801 2
5802 6
5803 10
5804 38
5805 9
5806 53
5807 9
5808 10
5809 14
5810 25
5811 8
5812 34
5813 12
5814 27
5815 8
5816 11
5817 17
5818 10
5819 10
5820 14
5821 11
5822 31
5823 5
5824 0
5825 0
5826 53
5827 37
5828 14
5829 1
5830 5
5831 11
5832 5
5833 21
5834 14
5835 2
5836 28
5837 11
5838 41
5839 6
5840 5
5841 11
5842 25
5843 0
5844 44
5845 28
5846 32
5847 0
5848 6
5849 1
5850 17
5851 18
5852 9
5853 5
5854 8
5855 6
5856 11
5857 13
5858 14
5859 30
5860 28
5861 9
5862 36
5863 54
5864 21
5865 22
5866 9
5867 23
5868 35
5869 18
5870 32
5871 1
5872 7
5873 3
5874 7
5875 26
5876 9
5877 67
5878 7
5879 49
5880 43
5881 25
5882 25
5883 11
5884 7
5885 45
5886 4
5887 45
5888 0
5889 27
5890 28
5891 3
5892 24
5893 9
5894 15
5895 6
5896 6
5897 5
5898 35
5899 9
5900 21
5901 3
5902 36
5903 5
5904 10
5905 12
5906 7
5907 7
5908 21
5909 39
5910 6
5911 9
5912 28
5913 9
5914 2
5915 11
5916 4
5917 11
5918 55
5919 49
5920 47
5921 43
5922 11
5923 20
5924 59
5925 42
5926 45
5927 58
5928 15
5929 19
5930 44
5931 6
5932 8
5933 19
5934 12
5935 8
5936 25
5937 1
5938 0
5939 6
5940 5
5941 44
5942 25
5943 9
5944 15
5945 1
5946 5
5947 63
5948 9
5949 2
5950 24
5951 25
5952 23
5953 15
5954 59
5955 7
5956 2
5957 25
5958 4
5959 13
5960 7
5961 11
5962 11
5963 10
5964 53
5965 28
5966 0
5967 7
5968 1
5969 4
5970 12
5971 32
5972 2
5973 46
5974 44
5975 21
5976 6
5977 14
5978 1
5979 8
5980 20
5981 25
5982 3
5983 21
5984 13
5985 8
5986 7
5987 38
5988 13
5989 47
5990 10
5991 41
5992 21
5993 1
5994 16
5995 8
5996 15
5997 19
5998 41
5999 18
6000 29
6001 14
6002 26
6003 23
6004 9
6005 8
6006 1
6007 24
6008 13
6009 24
6010 30
6011 6
6012 29
6013 3
6014 10
6015 3
6016 11
6017 9
6018 46
6019 6
6020 37
6021 4
6022 41
6023 29
6024 32
6025 16
6026 17
6027 9
6028 5
6029 6
6030 16
6031 14
6032 28
6033 20
6034 20
6035 1
6036 20
6037 18
6038 48
6039 12
6040 1
6041 3
6042 42
6043 15
6044 12
6045 30
6046 5
6047 10
6048 25
6049 5
6050 34
6051 12
6052 10
6053 17
6054 36
6055 28
6056 7
6057 3
6058 13
6059 14
6060 0
6061 1
6062 41
6063 1
6064 38
6065 47
6066 23
6067 19
6068 22
6069 20
6070 2
6071 10
6072 20
6073 24
6074 29
6075 0
6076 7
6077 21
6078 6
6079 34
6080 10
6081 24
6082 59
6083 42
6084 9
6085 7
6086 12
6087 5
6088 2
6089 16
6090 5
6091 3
6092 3
6093 13
6094 40
6095 39
6096 59
6097 36
6098 19
6099 15
6100 9
6101 20
6102 9
6103 14
6104 21
6105 24
6106 5
6107 9
6108 13
6109 4
6110 8
6111 15
6112 15
6113 37
6114 9
6115 8
6116 52
6117 1
6118 61
6119 16
6120 11
6121 39
6122 6
6123 2
6124 1
6125 17
6126 34
6127 25
6128 42
6129 3
6130 34
6131 1
6132 20
6133 2
6134 11
6135 8
6136 20
6137 13
6138 16
6139 38
6140 2
6141 25
6142 7
6143 5
6144 11
6145 7
6146 34
6147 22
6148 15
6149 40
6150 14
6151 0
6152 16
6153 11
6154 34
6155 35
6156 0
6157 20
6158 24
6159 19
6160 27
6161 42
6162 36
6163 61
6164 7
6165 50
6166 45
6167 12
6168 46
6169 57
6170 29
6171 36
6172 5
6173 41
6174 22
6175 26
6176 2
6177 0
6178 16
6179 42
6180 44
6181 42
6182 50
6183 0
6184 34
6185 43
6186 16
6187 36
6188 41
6189 0
6190 54
6191 2
6192 45
6193 31
6194 22
6195 13
6196 2
6197 64
6198 50
6199 15
6200 48
6201 43
6202 37
6203 35
6204 68
6205 41
6206 33
6207 59
6208 36
6209 2
6210 0
6211 16
6212 51
6213 23
6214 61
6215 22
6216 17
6217 22
6218 63
6219 42
6220 12
6221 39
6222 20
6223 28
6224 20
6225 20
6226 16
6227 52
6228 18
6229 58
6230 61
6231 34
6232 33
6233 18
6234 52
6235 52
6236 36
6237 30
6238 63
6239 30
6240 13
6241 35
6242 2
6243 23
6244 44
6245 57
6246 41
6247 42
6248 57
6249 49
6250 23
6251 39
6252 19
6253 46
6254 35
6255 22
6256 45
6257 18
6258 33
6259 23
6260 13
6261 55
6262 69
6263 36
6264 46
6265 48
6266 26
6267 13
6268 23
6269 42
6270 39
6271 5
6272 46
6273 65
6274 48
6275 56
6276 8
6277 45
6278 41
6279 52
6280 30
6281 40
6282 30
6283 13
6284 11
6285 13
6286 63
6287 53
6288 30
6289 28
6290 28
6291 47
6292 66
6293 0
6294 55
6295 31
6296 28
6297 13
6298 27
6299 32
6300 6
6301 45
6302 39
6303 54
6304 0
6305 23
6306 27
6307 27
6308 60
6309 50
6310 26
6311 36
6312 15
6313 20
6314 37
6315 53
6316 51
6317 52
6318 49
6319 2
6320 17
6321 27
6322 37
6323 59
6324 64
6325 47
6326 55
6327 41
6328 19
6329 28
6330 37
6331 17
6332 66
6333 18
6334 45
6335 57
6336 39
6337 14
6338 44
6339 35
6340 55
6341 24
6342 40
6343 60
6344 53
6345 31
6346 62
6347 16
6348 8
6349 32
6350 55
6351 31
6352 1
6353 24
6354 30
6355 1
6356 54
6357 47
6358 2
6359 39
6360 13
6361 17
6362 55
6363 18
6364 23
6365 35
6366 50
6367 50
6368 18
6369 26
6370 0
6371 27
6372 21
6373 65
6374 26
6375 50
6376 48
6377 24
6378 18
6379 1
6380 35
6381 25
6382 13
6383 56
6384 30
6385 47
6386 39
6387 45
6388 19
6389 36
6390 54
6391 23
6392 67
6393 29
6394 18
6395 4
6396 1
6397 64
6398 42
6399 49
6400 32
6401 7
6402 63
6403 6
6404 4
6405 35
6406 67
6407 42
6408 36
6409 23
6410 42
6411 65
6412 38
6413 15
6414 52
6415 29
6416 37
6417 67
6418 57
6419 31
6420 19
6421 8
6422 29
6423 44
6424 17
6425 19
6426 43
6427 36
6428 27
6429 58
6430 8
6431 0
6432 8
6433 18
6434 6
6435 21
6436 1
6437 34
6438 31
6439 0
6440 6
6441 53
6442 34
6443 29
6444 0
6445 4
6446 68
6447 65
6448 27
6449 29
6450 1
6451 22
6452 12
6453 35
6454 44
6455 35
6456 17
6457 59
6458 1
6459 6
6460 29
6461 50
6462 16
6463 4
6464 48
6465 34
6466 4
6467 22
6468 6
6469 17
6470 45
6471 34
6472 49
6473 19
6474 53
6475 57
6476 27
6477 39
6478 36
6479 50
6480 45
6481 24
6482 29
6483 46
6484 29
6485 22
6486 7
6487 29
6488 9
6489 0
6490 55
6491 54
6492 10
6493 17
6494 8
6495 32
6496 10
6497 1
6498 10
6499 58
6500 21
6501 52
6502 22
6503 32
6504 18
6505 34
6506 4
6507 56
6508 12
6509 31
6510 12
6511 43
6512 19
6513 66
6514 4
6515 40
6516 47
6517 65
6518 10
6519 1
6520 29
6521 9
6522 8
6523 63
6524 26
6525 51
6526 8
6527 10
6528 33
6529 47
6530 13
6531 41
6532 21
6533 34
6534 42
6535 52
6536 35
6537 11
6538 34
6539 63
6540 49
6541 8
6542 27
6543 23
6544 0
6545 34
6546 54
6547 25
6548 1
6549 34
6550 12
6551 36
6552 32
6553 45
6554 33
6555 9
6556 23
6557 9
6558 4
6559 68
6560 38
6561 28
6562 9
6563 18
6564 51
6565 10
6566 57
6567 26
6568 8
6569 1
6570 0
6571 8
6572 10
6573 9
6574 28
6575 37
6576 69
6577 11
6578 9
6579 2
6580 12
6581 12
6582 59
6583 4
6584 14
6585 19
6586 38
6587 1
6588 3
6589 6
6590 65
6591 60
6592 2
6593 0
6594 4
6595 0
6596 32
6597 1
6598 58
6599 3
6600 46
6601 63
6602 11
6603 43
6604 10
6605 1
6606 0
6607 1
6608 58
6609 8
6610 2
6611 2
6612 31
6613 11
6614 41
6615 21
6616 9
6617 12
6618 34
6619 37
6620 11
6621 61
6622 4
6623 34
6624 32
6625 52
6626 19
6627 29
6628 24
6629 23
6630 21
6631 18
6632 3
6633 13
6634 1
6635 6
6636 20
6637 6
6638 43
6639 2
6640 2
6641 12
6642 5
6643 3
6644 59
6645 30
6646 48
6647 53
6648 39
6649 15
6650 9
6651 56
6652 42
6653 29
6654 23
6655 40
6656 19
6657 0
6658 55
6659 36
6660 31
6661 18
6662 37
6663 55
6664 1
6665 50
6666 22
6667 19
6668 55
6669 14
6670 36
6671 29
6672 62
6673 0
6674 3
6675 1
6676 1
6677 53
6678 11
6679 41
6680 17
6681 8
6682 1
6683 10
6684 40
6685 5
6686 17
6687 0
6688 22
6689 42
6690 21
6691 3
6692 29
6693 25
6694 42
6695 39
6696 61
6697 52
6698 15
6699 5
6700 24
6701 38
6702 25
6703 41
6704 55
6705 44
6706 2
6707 36
6708 44
6709 37
6710 46
6711 40
6712 24
6713 6
6714 48
6715 18
6716 25
6717 6
6718 52
6719 53
6720 59
6721 32
6722 43
6723 3
6724 6
6725 17
6726 3
6727 11
6728 1
6729 33
6730 61
6731 32
6732 32
6733 16
6734 21
6735 27
6736 6
6737 29
6738 4
6739 51
6740 8
6741 15
6742 4
6743 30
6744 44
6745 13
6746 5
6747 4
6748 2
6749 9
6750 8
6751 25
6752 25
6753 42
6754 3
6755 11
6756 48
6757 8
6758 33
6759 43
6760 6
6761 42
6762 15
6763 18
6764 4
6765 5
6766 3
6767 6
6768 4
6769 1
6770 6
6771 15
6772 48
6773 23
6774 13
6775 9
6776 37
6777 16
6778 17
6779 1
6780 21
6781 18
6782 3
6783 1
6784 63
6785 40
6786 5
6787 46
6788 35
6789 28
6790 5
6791 3
6792 51
6793 1
6794 2
6795 11
6796 9
6797 11
6798 39
6799 45
6800 34
6801 0
6802 28
6803 23
6804 27
6805 42
6806 32
6807 45
6808 13
6809 1
6810 33
6811 1
6812 38
6813 21
6814 22
6815 1
6816 30
6817 38
6818 5
6819 20
6820 56
6821 5
6822 26
6823 1
6824 8
6825 12
6826 45
6827 26
6828 39
6829 53
6830 5
6831 16
6832 3
6833 19
6834 40
6835 45
6836 47
6837 38
6838 15
6839 0
6840 28
6841 1
6842 14
6843 0
6844 31
6845 1
6846 3
6847 21
6848 0
6849 18
6850 30
6851 14
6852 34
6853 3
6854 18
6855 45
6856 30
6857 56
6858 4
6859 24
6860 6
6861 1
6862 12
6863 34
6864 30
6865 0
6866 9
6867 27
6868 42
6869 0
6870 3
6871 57
6872 19
6873 26
6874 26
6875 32
6876 27
6877 54
6878 14
6879 46
6880 17
6881 1
6882 26
6883 8
6884 57
6885 48
6886 9
6887 3
6888 27
6889 38
6890 8
6891 4
6892 16
6893 8
6894 56
6895 12
6896 21
6897 52
6898 12
6899 13
6900 8
6901 18
6902 11
6903 56
6904 38
6905 32
6906 3
6907 27
6908 32
6909 9
6910 14
6911 47
6912 45
6913 9
6914 9
6915 11
6916 7
6917 12
6918 0
6919 55
6920 7
6921 19
6922 2
6923 58
6924 6
6925 11
6926 24
6927 39
6928 49
6929 21
6930 9
6931 15
6932 7
6933 4
6934 5
6935 8
6936 2
6937 54
6938 15
6939 2
6940 13
6941 3
6942 55
6943 0
6944 12
6945 7
6946 37
6947 21
6948 27
6949 15
6950 12
6951 15
6952 27
6953 30
6954 47
6955 14
6956 15
6957 15
6958 25
6959 11
6960 9
6961 40
6962 21
6963 6
6964 12
6965 21
6966 13
6967 4
6968 23
6969 16
6970 1
6971 58
6972 34
6973 8
6974 25
6975 0
6976 29
6977 31
6978 7
6979 14
6980 23
6981 58
6982 62
6983 7
6984 1
6985 11
6986 43
6987 3
6988 38
6989 15
6990 8
6991 50
6992 20
6993 12
6994 21
6995 9
6996 13
6997 5
6998 61
6999 14
7000 13
7001 39
7002 5
7003 6
7004 31
7005 10
7006 42
7007 15
7008 10
7009 2
7010 13
7011 9
7012 46
7013 46
7014 17
7015 47
7016 10
7017 0
7018 7
7019 10
7020 19
7021 51
7022 8
7023 8
7024 26
7025 26
7026 13
7027 15
7028 1
7029 12
7030 12
7031 14
7032 60
7033 46
7034 3
7035 2
7036 0
7037 29
7038 17
7039 2
7040 14
7041 4
7042 16
7043 34
7044 13
7045 19
7046 3
7047 25
7048 25
7049 0
7050 5
7051 9
7052 27
7053 66
7054 20
7055 6
7056 21
7057 21
7058 4
7059 15
7060 3
7061 13
7062 53
7063 2
7064 18
7065 7
7066 15
7067 10
7068 41
7069 63
7070 9
7071 9
7072 34
7073 5
7074 27
7075 0
7076 12
7077 10
7078 8
7079 4
7080 25
7081 38
7082 58
7083 24
7084 5
7085 8
7086 6
7087 31
7088 12
7089 7
7090 7
7091 20
7092 34
7093 51
7094 11
7095 2
7096 43
7097 57
7098 5
7099 25
7100 0
7101 20
7102 37
7103 16
7104 3
7105 2
7106 39
7107 7
7108 7
7109 15
7110 0
7111 5
7112 48
7113 9
7114 5
7115 12
7116 20
7117 3
7118 15
7119 24
7120 10
7121 28
7122 51
7123 7
7124 7
7125 29
7126 13
7127 3
7128 64
7129 34
7130 2
7131 5
7132 3
7133 24
7134 29
7135 25
7136 15
7137 1
7138 33
7139 6
7140 4
7141 49
7142 11
7143 5
7144 26
7145 3
7146 14
7147 13
7148 3
7149 11
7150 8
7151 36
7152 12
7153 24
7154 11
7155 6
7156 40
7157 3
7158 8
7159 8
7160 16
7161 11
7162 8
7163 4
7164 36
7165 33
7166 18
7167 15
7168 20
7169 24
7170 13
7171 27
7172 25
7173 25
7174 53
7175 14
7176 19
7177 13
7178 13
7179 40
7180 44
7181 8
7182 19
7183 24
7184 14
7185 22
7186 9
7187 12
7188 39
7189 55
7190 1
7191 27
7192 19
7193 1
7194 50
7195 5
7196 36
7197 41
7198 3
7199 4
7200 48
7201 37
7202 3
7203 45
7204 1
7205 32
7206 14
7207 13
7208 25
7209 3
7210 11
7211 56
7212 25
7213 7
7214 34
7215 28
7216 23
7217 0
7218 19
7219 24
7220 2
7221 3
7222 6
7223 11
7224 40
7225 6
7226 3
7227 3
7228 1
7229 0
7230 0
7231 12
7232 40
7233 17
7234 25
7235 17
7236 4
7237 19
7238 7
7239 60
7240 10
7241 62
7242 50
7243 9
7244 48
7245 7
7246 22
7247 34
7248 9
7249 17
7250 37
7251 8
7252 43
7253 3
7254 21
7255 27
7256 47
7257 5
7258 0
7259 52
7260 40
7261 27
7262 18
7263 1
7264 3
7265 13
7266 29
7267 1
7268 1
7269 14
7270 7
7271 26
7272 44
7273 5
7274 6
7275 4
7276 30
7277 39
7278 13
7279 22
7280 8
7281 30
7282 11
7283 24
7284 36
7285 20
7286 16
7287 0
7288 1
7289 29
7290 0
7291 17
7292 50
7293 5
7294 4
7295 33
7296 22
7297 11
7298 39
7299 8
7300 0
7301 3
7302 30
7303 51
7304 2
7305 56
7306 5
7307 12
7308 37
7309 9
7310 7
7311 24
7312 32
7313 20
7314 2
7315 24
7316 56
7317 63
7318 1
7319 22
7320 29
7321 52
7322 17
7323 0
7324 7
7325 28
7326 6
7327 25
7328 4
7329 5
7330 23
7331 24
7332 24
7333 8
7334 2
7335 18
7336 38
7337 1
7338 1
7339 9
7340 61
7341 23
7342 27
7343 47
7344 3
7345 28
7346 5
7347 65
7348 18
7349 56
7350 7
7351 13
7352 30
7353 8
7354 27
7355 28
7356 40
7357 27
7358 38
7359 60
7360 12
7361 18
7362 2
7363 15
7364 54
7365 8
7366 28
7367 22
7368 35
7369 8
7370 56
7371 7
7372 31
7373 31
7374 4
7375 5
7376 23
7377 6
7378 30
7379 45
7380 2
7381 7
7382 12
7383 37
7384 28
7385 6
7386 23
7387 8
7388 6
7389 12
7390 7
7391 25
7392 5
7393 12
7394 25
7395 3
7396 27
7397 8
7398 6
7399 18
7400 32
7401 33
7402 0
7403 33
7404 23
7405 69
7406 57
7407 43
7408 16
7409 24
7410 12
7411 20
7412 5
7413 58
7414 2
7415 35
7416 29
7417 40
7418 14
7419 26
7420 5
7421 56
7422 14
7423 4
7424 4
7425 53
7426 6
7427 7
7428 40
7429 16
7430 11
7431 22
7432 61
7433 15
7434 15
7435 19
7436 22
7437 19
7438 1
7439 24
7440 33
7441 6
7442 17
7443 7
7444 1
7445 31
7446 0
7447 27
7448 62
7449 28
7450 7
7451 2
7452 19
7453 7
7454 30
7455 7
7456 18
7457 55
7458 20
7459 45
7460 38
7461 68
7462 1
7463 5
7464 26
7465 20
7466 58
7467 10
7468 28
7469 62
7470 66
7471 2
7472 41
7473 65
7474 2
7475 1
7476 49
7477 0
7478 2
7479 4
7480 20
7481 26
7482 10
7483 29
7484 26
7485 40
7486 56
7487 17
7488 22
7489 44
7490 56
7491 17
7492 6
7493 22
7494 19
7495 2
7496 30
7497 11
7498 56
7499 66
7500 32
7501 6
7502 38
7503 51
7504 32
7505 1
7506 0
7507 8
7508 2
7509 3
7510 0
7511 10
7512 10
7513 34
7514 43
7515 31
7516 4
7517 47
7518 17
7519 6
7520 15
7521 12
7522 6
7523 62
7524 3
7525 18
7526 3
7527 46
7528 0
7529 10
7530 41
7531 27
7532 4
7533 5
7534 41
7535 34
7536 7
7537 51
7538 1
7539 46
7540 9
7541 31
7542 42
7543 52
7544 36
7545 52
7546 10
7547 18
7548 44
7549 42
7550 8
7551 65
7552 5
7553 39
7554 3
7555 36
7556 12
7557 22
7558 38
7559 6
7560 43
7561 26
7562 19
7563 6
7564 9
7565 23
7566 3
7567 24
7568 31
7569 7
7570 9
7571 43
7572 14
7573 5
7574 11
7575 48
7576 52
7577 48
7578 19
7579 26
7580 48
7581 9
7582 33
7583 14
7584 48
7585 48
7586 10
7587 2
7588 2
7589 45
7590 54
7591 6
7592 11
7593 51
7594 9
7595 12
7596 5
7597 7
7598 26
7599 17
7600 67
7601 13
7602 57
7603 60
7604 2
7605 41
7606 51
7607 63
7608 3
7609 4
7610 44
7611 48
7612 12
7613 16
7614 4
7615 3
7616 31
7617 3
7618 5
7619 1
7620 15
7621 32
7622 21
7623 27
7624 1
7625 22
7626 10
7627 1
7628 27
7629 2
7630 12
7631 6
7632 18
7633 5
7634 13
7635 7
7636 1
7637 11
7638 16
7639 33
7640 65
7641 27
7642 16
7643 36
7644 4
7645 0
7646 60
7647 26
7648 6
7649 17
7650 29
7651 16
7652 10
7653 60
7654 8
7655 11
7656 12
7657 4
7658 0
7659 14
7660 0
7661 14
7662 2
7663 21
7664 56
7665 6
7666 0
7667 42
7668 7
7669 34
7670 11
7671 60
7672 22
7673 7
7674 0
7675 23
7676 5
7677 21
7678 3
7679 59
7680 43
7681 19
7682 19
7683 21
7684 39
7685 36
7686 60
7687 15
7688 21
7689 4
7690 8
7691 0
7692 21
7693 3
7694 43
7695 48
7696 62
7697 7
7698 19
7699 35
7700 22
7701 9
7702 28
7703 3
7704 61
7705 19
7706 42
7707 58
7708 44
7709 33
7710 25
7711 1
7712 21
7713 55
7714 16
7715 53
7716 32
7717 32
7718 58
7719 0
7720 44
7721 39
7722 0
7723 28
7724 35
7725 22
7726 38
7727 2
7728 1
7729 35
7730 3
7731 3
7732 7
7733 0
7734 17
7735 44
7736 7
7737 16
7738 6
7739 33
7740 2
7741 0
7742 7
7743 10
7744 10
7745 1
7746 13
7747 4
7748 25
7749 10
7750 39
7751 21
7752 9
7753 20
7754 49
7755 35
7756 5
7757 20
7758 8
7759 17
7760 35
7761 2
7762 0
7763 1
7764 37
7765 13
7766 39
7767 18
7768 17
7769 29
7770 26
7771 29
7772 21
7773 8
7774 7
7775 58
7776 11
7777 8
7778 1
7779 52
7780 37
7781 61
7782 16
7783 5
7784 6
7785 62
7786 16
7787 2
7788 50
7789 2
7790 6
7791 34
7792 4
7793 35
7794 13
7795 0
7796 19
7797 32
7798 8
7799 15
7800 47
7801 28
7802 10
7803 1
7804 12
7805 33
7806 12
7807 19
7808 52
7809 7
7810 5
7811 2
7812 3
7813 28
7814 3
7815 16
7816 7
7817 5
7818 1
7819 8
7820 0
7821 1
7822 56
7823 18
7824 3
7825 16
7826 8
7827 37
7828 6
7829 44
7830 48
7831 30
7832 5
7833 39
7834 15
7835 65
7836 11
7837 3
7838 34
7839 3
7840 10
7841 1
7842 14
7843 46
7844 4
7845 30
7846 38
7847 29
7848 11
7849 33
7850 7
7851 10
7852 3
7853 44
7854 35
7855 5
7856 46
7857 7
7858 68
7859 14
7860 11
7861 39
7862 40
7863 23
7864 12
7865 65
7866 7
7867 47
7868 20
7869 14
7870 59
7871 8
7872 5
7873 40
7874 36
7875 38
7876 15
7877 56
7878 8
7879 9
7880 10
7881 26
7882 17
7883 11
7884 2
7885 28
7886 1
7887 38
7888 25
7889 10
7890 1
7891 39
7892 4
7893 61
7894 1
7895 24
7896 16
7897 1
7898 7
7899 19
7900 27
7901 7
7902 8
7903 24
7904 0
7905 47
7906 31
7907 1
7908 26
7909 14
7910 47
7911 5
7912 34
7913 0
7914 37
7915 2
7916 5
7917 7
7918 64
7919 43
7920 51
7921 0
7922 1
7923 10
7924 17
7925 12
7926 11
7927 36
7928 24
7929 22
7930 43
7931 14
7932 9
7933 48
7934 6
7935 12
7936 25
7937 58
7938 42
7939 0
7940 14
7941 7
7942 55
7943 17
7944 24
7945 17
7946 17
7947 16
7948 4
7949 5
7950 17
7951 5
7952 15
7953 3
7954 23
7955 1
7956 53
7957 2
7958 29
7959 3
7960 63
7961 3
7962 16
7963 21
7964 12
7965 43
7966 4
7967 0
7968 4
7969 13
7970 15
7971 10
7972 42
7973 15
7974 31
7975 58
7976 11
7977 8
7978 18
7979 16
7980 1
7981 23
7982 44
7983 14
7984 36
7985 8
7986 49
7987 14
7988 13
7989 21
7990 21
7991 13
7992 63
7993 2
7994 44
7995 11
7996 38
7997 17
7998 28
7999 13
8000 17
8001 37
8002 19
8003 12
8004 10
8005 10
8006 21
8007 0
8008 34
8009 45
8010 22
8011 26
8012 7
8013 3
8014 44
8015 20
8016 21
8017 0
8018 27
8019 25
8020 22
8021 54
8022 5
8023 18
8024 29
8025 1
8026 4
8027 13
8028 6
8029 4
8030 10
8031 15
8032 20
8033 23
8034 17
8035 21
8036 2
8037 24
8038 1
8039 21
8040 26
8041 13
8042 14
8043 11
8044 0
8045 46
8046 20
8047 2
8048 25
8049 2
8050 10
8051 29
8052 10
8053 11
8054 21
8055 7
8056 43
8057 12
8058 11
8059 5
8060 9
8061 58
8062 7
8063 15
8064 8
8065 30
8066 12
8067 5
8068 21
8069 2
8070 14
8071 8
8072 41
8073 21
8074 11
8075 13
8076 10
8077 46
8078 25
8079 4
8080 20
8081 30
8082 4
8083 60
8084 33
8085 24
8086 7
8087 14
8088 6
8089 33
8090 22
8091 5
8092 56
8093 18
8094 6
8095 36
8096 25
8097 36
8098 9
8099 13
8100 10
8101 57
8102 59
8103 12
8104 2
8105 2
8106 13
8107 10
8108 33
8109 0
8110 21
8111 26
8112 14
8113 2
8114 3
8115 34
8116 29
8117 10
8118 1
8119 25
8120 9
8121 11
8122 11
8123 11
8124 42
8125 14
8126 32
8127 27
8128 6
8129 36
8130 11
8131 45
8132 2
8133 18
8134 2
8135 0
8136 6
8137 40
8138 17
8139 25
8140 29
8141 16
8142 5
8143 14
8144 12
8145 15
8146 15
8147 13
8148 14
8149 38
8150 41
8151 63
8152 4
8153 39
8154 0
8155 34
8156 44
8157 39
8158 4
8159 16
8160 13
8161 21
8162 21
8163 5
8164 24
8165 2
8166 11
8167 0
8168 24
8169 53
8170 16
8171 38
8172 3
8173 11
8174 68
8175 35
8176 16
8177 11
8178 6
8179 40
8180 24
8181 24
8182 47
8183 9
8184 40
8185 5
8186 9
8187 15
8188 1
8189 11
8190 6
8191 0
8192 20
8193 22
8194 46
8195 34
8196 2
8197 54
8198 26
8199 26
8200 7
8201 24
8202 10
8203 0
8204 50
8205 40
8206 35
8207 33
8208 35
8209 46
8210 0
8211 47
8212 35
8213 29
8214 57
8215 41
8216 40
8217 61
8218 15
8219 46
8220 37
8221 14
8222 59
8223 24
8224 45
8225 0
8226 23
8227 42
8228 0
8229 26
8230 41
8231 9
8232 38
8233 11
8234 55
8235 26
8236 41
8237 34
8238 37
8239 3
8240 46
8241 21
8242 2
8243 41
8244 22
8245 6
8246 66
8247 66
8248 0
8249 61
8250 17
8251 49
8252 29
8253 0
8254 43
8255 44
8256 17
8257 18
8258 37
8259 33
8260 10
8261 17
8262 11
8263 21
8264 37
8265 29
8266 34
8267 54
8268 30
8269 17
8270 20
8271 25
8272 49
8273 50
8274 66
8275 17
8276 25
8277 35
8278 12
8279 35
8280 51
8281 37
8282 6
8283 16
8284 18
8285 24
8286 7
8287 55
8288 36
8289 23
8290 25
8291 48
8292 34
8293 22
8294 33
8295 3
8296 69
8297 36
8298 43
8299 13
8300 22
8301 36
8302 4
8303 14
8304 30
8305 52
8306 49
8307 28
8308 0
8309 45
8310 15
8311 13
8312 24
8313 49
8314 0
8315 16
8316 19
8317 0
8318 50
8319 28
8320 23
8321 24
8322 49
8323 45
8324 31
8325 0
8326 13
8327 60
8328 24
8329 20
8330 63
8331 28
8332 13
8333 15
8334 31
8335 25
8336 7
8337 17
8338 29
8339 13
8340 0
8341 60
8342 11
8343 56
8344 13
8345 34
8346 43
8347 51
8348 23
8349 20
8350 30
8351 38
8352 10
8353 18
8354 41
8355 52
8356 34
8357 0
8358 0
8359 9
8360 31
8361 56
8362 38
8363 24
8364 57
8365 18
8366 15
8367 16
8368 18
8369 33
8370 24
8371 24
8372 57
8373 10
8374 15
8375 51
8376 49
8377 24
8378 44
8379 38
8380 18
8381 30
8382 29
8383 28
8384 59
8385 13
8386 26
8387 20
8388 22
8389 24
8390 2
8391 44
8392 49
8393 67
8394 15
8395 23
8396 38
8397 49
8398 1
8399 47
8400 11
8401 25
8402 64
8403 49
8404 50
8405 24
8406 53
8407 3
8408 27
8409 22
8410 33
8411 28
8412 30
8413 27
8414 31
8415 23
8416 64
8417 1
8418 7
8419 0
8420 49
8421 3
8422 39
8423 17
8424 2
8425 48
8426 45
8427 23
8428 26
8429 28
8430 7
8431 54
8432 40
8433 13
8434 37
8435 42
8436 50
8437 60
8438 10
8439 29
8440 16
8441 4
8442 0
8443 16
8444 0
8445 20
8446 32
8447 1
8448 6
8449 56
8450 64
8451 67
8452 24
8453 23
8454 13
8455 11
8456 37
8457 29
8458 8
8459 53
8460 34
8461 4
8462 57
8463 55
8464 55
8465 45
8466 4
8467 27
8468 35
8469 59
8470 13
8471 57
8472 29
8473 8
8474 26
8475 0
8476 1
8477 27
8478 6
8479 62
8480 15
8481 54
8482 8
8483 29
8484 7
8485 26
8486 51
8487 9
8488 27
8489 19
8490 22
8491 1
8492 58
8493 35
8494 18
8495 8
8496 31
8497 32
8498 32
8499 18
8500 66
8501 22
8502 0
8503 54
8504 66
8505 11
8506 0
8507 33
8508 13
8509 19
8510 18
8511 50
8512 34
8513 10
8514 40
8515 0
8516 29
8517 63
8518 15
8519 23
8520 36
8521 47
8522 37
8523 0
8524 26
8525 2
8526 9
8527 44
8528 12
8529 0
8530 8
8531 7
8532 67
8533 30
8534 12
8535 51
8536 24
8537 35
8538 1
8539 18
8540 11
8541 44
8542 27
8543 34
8544 26
8545 18
8546 45
8547 23
8548 10
8549 0
8550 4
8551 9
8552 41
8553 12
8554 36
8555 64
8556 67
8557 49
8558 36
8559 8
8560 10
8561 17
8562 12
8563 27
8564 26
8565 8
8566 6
8567 58
8568 12
8569 51
8570 1
8571 18
8572 4
8573 18
8574 7
8575 12
8576 12
8577 4
8578 32
8579 29
8580 19
8581 28
8582 18
8583 49
8584 0
8585 25
8586 6
8587 10
8588 4
8589 18
8590 2
8591 64
8592 46
8593 4
8594 10
8595 44
8596 19
8597 31
8598 57
8599 0
8600 6
8601 35
8602 8
8603 2
8604 14
8605 1
8606 48
8607 47
8608 54
8609 9
8610 59
8611 39
8612 12
8613 9
8614 55
8615 40
8616 8
8617 54
8618 20
8619 12
8620 9
8621 54
8622 47
8623 2
8624 47
8625 1
8626 22
8627 31
8628 52
8629 6
8630 26
8631 46
8632 2
8633 33
8634 28
8635 6
8636 10
8637 23
8638 11
8639 57
8640 51
8641 10
8642 1
8643 61
8644 12
8645 2
8646 37
8647 37
8648 26
8649 8
8650 29
8651 9
8652 49
8653 14
8654 2
8655 59
8656 33
8657 8
8658 35
8659 40
8660 4
8661 9
8662 26
8663 4
8664 45
8665 5
8666 37
8667 33
8668 3
8669 12
8670 19
8671 62
8672 44
8673 26
8674 46
8675 10
8676 32
8677 33
8678 35
8679 49
8680 26
8681 3
8682 20
8683 21
8684 3
8685 39
8686 5
8687 20
8688 4
8689 3
8690 8
8691 0
8692 21
8693 14
8694 19
8695 8
8696 16
8697 1
8698 14
8699 2
8700 23
8701 46
8702 45
8703 2
8704 48
8705 60
8706 41
8707 21
8708 35
8709 16
8710 46
8711 22
8712 3
8713 69
8714 49
8715 22
8716 28
8717 0
8718 16
8719 1
8720 2
8721 69
8722 34
8723 15
8724 40
8725 15
8726 25
8727 9
8728 35
8729 22
8730 8
8731 33
8732 32
8733 32
8734 15
8735 10
8736 12
8737 12
8738 2
8739 25
8740 35
8741 33
8742 68
8743 1
8744 16
8745 17
8746 3
8747 20
8748 19
8749 21
8750 30
8751 3
8752 16
8753 36
8754 59
8755 13
8756 60
8757 12
8758 15
8759 19
8760 16
8761 53
8762 3
8763 40
8764 11
8765 11
8766 22
8767 4
8768 16
8769 62
8770 25
8771 4
8772 1
8773 2
8774 4
8775 43
8776 5
8777 37
8778 7
8779 42
8780 5
8781 25
8782 23
8783 50
8784 23
8785 32
8786 49
8787 20
8788 16
8789 2
8790 32
8791 22
8792 8
8793 6
8794 14
8795 15
8796 21
8797 49
8798 0
8799 23
8800 15
8801 13
8802 51
8803 19
8804 55
8805 64
8806 43
8807 13
8808 42
8809 6
8810 42
8811 4
8812 5
8813 11
8814 3
8815 2
8816 8
8817 3
8818 12
8819 16
8820 45
8821 26
8822 19
8823 4
8824 47
8825 17
8826 2
8827 5
8828 0
8829 6
8830 23
8831 24
8832 52
8833 18
8834 8
8835 9
8836 46
8837 4
8838 9
8839 3
8840 53
8841 2
8842 23
8843 22
8844 6
8845 22
8846 6
8847 31
8848 1
8849 53
8850 2
8851 4
8852 0
8853 2
8854 48
8855 0
8856 57
8857 51
8858 4
8859 20
8860 1
8861 1
8862 38
8863 4
8864 28
8865 2
8866 25
8867 1
8868 1
8869 14
8870 1
8871 6
8872 28
8873 3
8874 3
8875 5
8876 14
8877 27
8878 4
8879 4
8880 9
8881 1
8882 9
8883 2
8884 27
8885 38
8886 32
8887 11
8888 33
8889 27
8890 8
8891 4
8892 54
8893 38
8894 0
8895 26
8896 3
8897 3
8898 64
8899 51
8900 12
8901 6
8902 13
8903 36
8904 6
8905 20
8906 0
8907 9
8908 5
8909 24
8910 3
8911 27
8912 1
8913 56
8914 9
8915 32
8916 19
8917 32
8918 26
8919 19
8920 6
8921 11
8922 0
8923 30
8924 2
8925 45
8926 2
8927 8
8928 20
8929 12
8930 27
8931 26
8932 26
8933 17
8934 38
8935 1
8936 37
8937 8
8938 38
8939 14
8940 24
8941 35
8942 17
8943 8
8944 11
8945 8
8946 12
8947 23
8948 9
8949 4
8950 12
8951 22
8952 19
8953 19
8954 2
8955 19
8956 19
8957 16
8958 8
8959 24
8960 0
8961 5
8962 12
8963 12
8964 12
8965 0
8966 22
8967 4
8968 23
8969 8
8970 50
8971 6
8972 13
8973 23
8974 19
8975 49
8976 5
8977 30
8978 24
8979 3
8980 11
8981 8
8982 27
8983 42
8984 11
8985 15
8986 24
8987 3
8988 2
8989 7
8990 0
8991 10
8992 3
8993 7
8994 18
8995 7
8996 6
8997 5
8998 62
8999 0
9000 4
9001 11
9002 4
9003 25
9004 41
9005 21
9006 27
9007 55
9008 31
9009 0
9010 63
9011 59
9012 7
9013 7
9014 29
9015 0
9016 1
9017 9
9018 2
9019 21
9020 44
9021 47
9022 25
9023 7
9024 13
9025 14
9026 29
9027 13
9028 2
9029 24
9030 4
9031 9
9032 10
9033 11
9034 23
9035 7
9036 2
9037 1
9038 7
9039 0
9040 22
9041 19
9042 45
9043 28
9044 5
9045 14
9046 31
9047 4
9048 52
9049 46
9050 20
9051 7
9052 15
9053 11
9054 9
9055 17
9056 15
9057 5
9058 41
9059 46
9060 11
9061 1
9062 20
9063 26
9064 10
9065 42
9066 6
9067 20
9068 9
9069 9
9070 0
9071 39
9072 7
9073 9
9074 6
9075 21
9076 24
9077 34
9078 2
9079 43
9080 5
9081 12
9082 9
9083 28
9084 6
9085 12
9086 22
9087 34
9088 12
9089 33
9090 52
9091 6
9092 38
9093 5
9094 29
9095 4
9096 8
9097 0
9098 21
9099 25
9100 14
9101 21
9102 15
9103 9
9104 21
9105 0
9106 1
9107 11
9108 42
9109 10
9110 33
9111 57
9112 38
9113 24
9114 26
9115 14
9116 25
9117 55
9118 6
9119 24
9120 6
9121 14
9122 12
9123 22
9124 42
9125 48
9126 21
9127 1
9128 13
9129 10
9130 13
9131 11
9132 6
9133 50
9134 9
9135 53
9136 54
9137 24
9138 2
9139 24
9140 21
9141 1
9142 2
9143 38
9144 37
9145 20
9146 41
9147 40
9148 23
9149 39
9150 50
9151 40
9152 1
9153 17
9154 0
9155 10
9156 49
9157 12
9158 26
9159 8
9160 3
9161 57
9162 1
9163 4
9164 0
9165 40
9166 29
9167 7
9168 5
9169 5
9170 9
9171 16
9172 24
9173 7
9174 61
9175 12
9176 5
9177 67
9178 14
9179 14
9180 21
9181 11
9182 13
9183 14
9184 12
9185 6
9186 40
9187 11
9188 18
9189 29
9190 25
9191 10
9192 31
9193 6
9194 7
9195 7
9196 9
9197 3
9198 3
9199 65
9200 14
9201 50
9202 9
9203 36
9204 22
9205 4
9206 0
9207 57
9208 23
9209 20
9210 13
9211 64
9212 15
9213 33
9214 11
9215 4
9216 0
9217 40
9218 57
9219 3
9220 41
9221 40
9222 65
9223 46
9224 17
9225 15
9226 53
9227 64
9228 3
9229 43
9230 33
9231 32
9232 25
9233 3
9234 40
9235 20
9236 21
9237 23
9238 38
9239 29
9240 62
9241 22
9242 17
9243 24
9244 40
9245 39
9246 22
9247 14
9248 0
9249 3
9250 26
9251 25
9252 50
9253 1
9254 0
9255 7
9256 5
9257 0
9258 35
9259 51
9260 9
9261 54
9262 46
9263 3
9264 1
9265 5
9266 12
9267 24
9268 31
9269 2
9270 55
9271 46
9272 17
9273 42
9274 4
9275 9
9276 7
9277 23
9278 33
9279 17
9280 13
9281 20
9282 28
9283 50
9284 20
9285 20
9286 2
9287 24
9288 45
9289 1
9290 5
9291 13
9292 1
9293 4
9294 52
9295 20
9296 16
9297 37
9298 7
9299 24
9300 36
9301 37
9302 1
9303 13
9304 0
9305 39
9306 7
9307 36
9308 0
9309 19
9310 4
9311 67
9312 48
9313 24
9314 19
9315 52
9316 4
9317 9
9318 7
9319 3
9320 9
9321 5
9322 33
9323 30
9324 25
9325 39
9326 41
9327 6
9328 6
9329 32
9330 4
9331 41
9332 41
9333 18
9334 2
9335 34
9336 2
9337 16
9338 27
9339 56
9340 47
9341 21
9342 0
9343 30
9344 52
9345 28
9346 1
9347 47
9348 0
9349 2
9350 40
9351 33
9352 30
9353 63
9354 5
9355 27
9356 60
9357 36
9358 22
9359 62
9360 6
9361 17
9362 4
9363 0
9364 27
9365 65
9366 26
9367 34
9368 18
9369 2
9370 33
9371 0
9372 5
9373 32
9374 8
9375 6
9376 33
9377 32
9378 9
9379 39
9380 6
9381 4
9382 25
9383 31
9384 33
9385 22
9386 8
9387 31
9388 0
9389 63
9390 36
9391 5
9392 31
9393 2
9394 18
9395 47
9396 0
9397 5
9398 7
9399 9
9400 2
9401 28
9402 37
9403 32
9404 52
9405 26
9406 0
9407 0
9408 52
9409 2
9410 2
9411 20
9412 13
9413 45
9414 7
9415 7
9416 6
9417 27
9418 1
9419 2
9420 2
9421 45
9422 4
9423 17
9424 27
9425 6
9426 18
9427 48
9428 26
9429 23
9430 15
9431 23
9432 3
9433 40
9434 54
9435 36
9436 38
9437 7
9438 7
9439 57
9440 0
9441 38
9442 24
9443 15
9444 6
9445 23
9446 34
9447 22
9448 6
9449 7
9450 27
9451 6
9452 33
9453 62
9454 13
9455 19
9456 50
9457 7
9458 60
9459 5
9460 28
9461 20
9462 23
9463 5
9464 56
9465 22
9466 5
9467 0
9468 8
9469 6
9470 26
9471 8
9472 5
9473 38
9474 8
9475 8
9476 39
9477 19
9478 29
9479 5
9480 6
9481 4
9482 3
9483 5
9484 23
9485 35
9486 25
9487 4
9488 65
9489 0
9490 45
9491 28
9492 20
9493 11
9494 7
9495 25
9496 58
9497 3
9498 28
9499 2
9500 6
9501 50
9502 7
9503 53
9504 8
9505 59
9506 54
9507 2
9508 26
9509 0
9510 15
9511 27
9512 2
9513 8
9514 41
9515 8
9516 55
9517 19
9518 45
9519 12
9520 4
9521 22
9522 10
9523 0
9524 6
9525 26
9526 58
9527 19
9528 7
9529 2
9530 18
9531 16
9532 7
9533 2
9534 36
9535 3
9536 3
9537 28
9538 15
9539 31
9540 34
9541 0
9542 34
9543 47
9544 47
9545 5
9546 54
9547 63
9548 49
9549 26
9550 2
9551 4
9552 12
9553 12
9554 31
9555 1
9556 8
9557 12
9558 46
9559 4
9560 44
9561 19
9562 51
9563 9
9564 35
9565 34
9566 31
9567 18
9568 11
9569 55
9570 35
9571 4
9572 50
9573 37
9574 12
9575 2
9576 3
9577 19
9578 4
9579 23
9580 9
9581 44
9582 10
9583 30
9584 12
9585 9
9586 9
9587 18
9588 27
9589 46
9590 0
9591 41
9592 31
9593 3
9594 60
9595 19
9596 32
9597 46
9598 46
9599 2
9600 24
9601 9
9602 34
9603 22
9604 12
9605 10
9606 61
9607 11
9608 10
9609 17
9610 63
9611 5
9612 9
9613 18
9614 43
9615 40
9616 7
9617 60
9618 6
9619 11
9620 28
9621 4
9622 48
9623 4
9624 46
9625 0
9626 28
9627 9
9628 7
9629 0
9630 41
9631 0
9632 10
9633 6
9634 28
9635 1
9636 19
9637 0
9638 27
9639 42
9640 16
9641 43
9642 28
9643 11
9644 1
9645 58
9646 11
9647 5
9648 46
9649 12
9650 7
9651 30
9652 14
9653 57
9654 34
9655 4
9656 14
9657 5
9658 40
9659 11
9660 21
9661 8
9662 23
9663 62
9664 59
9665 2
9666 2
9667 11
9668 59
9669 8
9670 13
9671 64
9672 9
9673 12
9674 51
9675 12
9676 31
9677 7
9678 16
9679 4
9680 9
9681 11
9682 31
9683 23
9684 14
9685 2
9686 60
9687 0
9688 22
9689 44
9690 1
9691 21
9692 5
9693 10
9694 41
9695 14
9696 7
9697 12
9698 1
9699 59
9700 10
9701 1
9702 40
9703 21
9704 12
9705 23
9706 67
9707 48
9708 2
9709 18
9710 27
9711 15
9712 62
9713 4
9714 26
9715 21
9716 16
9717 51
9718 15
9719 43
9720 8
9721 8
9722 37
9723 36
9724 15
9725 61
9726 16
9727 33
9728 36
9729 22
9730 29
9731 12
9732 29
9733 63
9734 38
9735 16
9736 61
9737 55
9738 42
9739 21
9740 16
9741 6
9742 1
9743 7
9744 43
9745 32
9746 36
9747 0
9748 3
9749 17
9750 19
9751 3
9752 25
9753 10
9754 39
9755 55
9756 0
9757 15
9758 46
9759 39
9760 48
9761 22
9762 36
9763 22
9764 17
9765 23
9766 5
9767 17
9768 1
9769 1
9770 0
9771 66
9772 1
9773 16
9774 9
9775 37
9776 35
9777 5
9778 29
9779 8
9780 17
9781 12
9782 0
9783 5
9784 50
9785 60
9786 2
9787 2
9788 52
9789 25
9790 33
9791 66
9792 0
9793 25
9794 15
9795 21
9796 11
9797 2
9798 8
9799 16
9800 55
9801 6
9802 7
9803 1
9804 0
9805 19
9806 3
9807 5
9808 8
9809 13
9810 36
9811 7
9812 39
9813 12
9814 54
9815 3
9816 43
9817 28
9818 20
9819 36
9820 6
9821 21
9822 48
9823 43
9824 35
9825 8
9826 19
9827 1
9828 30
9829 4
9830 63
9831 26
9832 7
9833 23
9834 19
9835 3
9836 52
9837 1
9838 18
9839 15
9840 2
9841 12
9842 6
9843 6
9844 9
9845 17
9846 7
9847 29
9848 8
9849 28
9850 21
9851 23
9852 9
9853 1
9854 10
9855 5
9856 30
9857 52
9858 47
9859 17
9860 20
9861 23
9862 4
9863 7
9864 18
9865 54
9866 21
9867 4
9868 60
9869 65
9870 33
9871 10
9872 34
9873 15
9874 4
9875 32
9876 43
9877 69
9878 13
9879 8
9880 9
9881 2
9882 11
9883 14
9884 1
9885 17
9886 14
9887 10
9888 10
9889 0
9890 14
9891 46
9892 0
9893 6
9894 14
9895 2
9896 20
9897 38
9898 11
9899 0
9900 12
9901 11
9902 11
9903 49
9904 8
9905 0
9906 47
9907 31
9908 12
9909 9
9910 12
9911 47
9912 2
9913 9
9914 23
9915 0
9916 7
9917 14
9918 14
9919 11
9920 2
9921 49
9922 7
9923 53
9924 10
9925 51
9926 7
9927 29
9928 14
9929 5
9930 51
9931 51
9932 2
9933 35
9934 11
9935 13
9936 47
9937 2
9938 54
9939 12
9940 55
9941 41
9942 0
9943 7
9944 4
9945 45
9946 0
9947 14
9948 0
9949 21
9950 4
9951 6
9952 5
9953 9
9954 14
9955 19
9956 25
9957 0
9958 27
9959 3
9960 49
9961 8
9962 10
9963 12
9964 30
9965 10
9966 17
9967 14
9968 0
9969 10
9970 4
9971 10
9972 31
9973 27
9974 9
9975 47
9976 19
9977 31
9978 5
9979 10
9980 3
9981 0
9982 32
9983 31
9984 9
9985 30
9986 30
9987 6
9988 19
9989 10
9990 8
9991 65
9992 35
9993 57
9994 15
9995 8
9996 17
9997 7
9998 1
9999 17
