0 42
1 31
2 3
3 16
4 34
5 2
6 35
7 50
8 26
9 48
10 26
11 45
12 0
13 42
14 31
15 37
16 53
17 31
18 30
19 6
20 15
21 26
22 14
23 22
24 5
25 44
26 8
27 20
28 63
29 31
30 35
31 14
32 18
33 59
34 30
35 21
36 32
37 37
38 42
39 32
40 40
41 52
42 39
43 7
44 2
45 25
46 15
47 30
48 5
49 18
50 28
51 46
52 0
53 68
54 42
55 34
56 28
57 74
58 28
59 42
60 66
61 70
62 39
63 27
64 19
65 22
66 44
67 43
68 17
69 43
70 2
71 27
72 46
73 34
74 17
75 31
76 61
77 68
78 24
79 32
80 41
81 7
82 65
83 65
84 56
85 49
86 61
87 4
88 15
89 3
90 39
91 43
92 30
93 55
94 37
95 34
96 37
97 55
98 16
99 21
100 1
101 23
102 13
103 13
104 20
105 77
106 47
107 3
108 66
109 16
110 5
111 57
112 41
113 31
114 15
115 44
116 42
117 23
118 47
119 43
120 7
121 43
122 43
123 83
124 67
125 33
126 72
127 2
128 13
129 57
130 14
131 20
132 9
133 40
134 24
135 54
136 35
137 12
138 30
139 25
140 23
141 23
142 33
143 0
144 44
145 48
146 0
147 37
148 29
149 47
150 31
151 60
152 50
153 20
154 15
155 12
156 30
157 63
158 63
159 22
160 53
161 37
162 37
163 34
164 22
165 24
166 46
167 52
168 54
169 33
170 34
171 32
172 24
173 22
174 69
175 62
176 45
177 20
178 52
179 53
180 6
181 37
182 21
183 46
184 34
185 0
186 57
187 47
188 23
189 51
190 19
191 53
192 16
193 17
194 47
195 60
196 34
197 22
198 60
199 11
200 48
201 33
202 23
203 20
204 29
205 34
206 78
207 35
208 45
209 1
210 13
211 24
212 24
213 40
214 25
215 1
216 34
217 58
218 21
219 46
220 29
221 25
222 63
223 29
224 18
225 20
226 59
227 1
228 14
229 14
230 40
231 35
232 55
233 64
234 33
235 59
236 20
237 59
238 75
239 39
240 35
241 36
242 48
243 46
244 67
245 63
246 4
247 18
248 23
249 44
250 4
251 71
252 19
253 24
254 18
255 75
256 16
257 16
258 37
259 23
260 40
261 27
262 23
263 20
264 3
265 29
266 5
267 56
268 38
269 25
270 36
271 1
272 54
273 52
274 20
275 24
276 38
277 5
278 35
279 35
280 50
281 6
282 24
283 51
284 15
285 67
286 67
287 38
288 67
289 33
290 24
291 43
292 27
293 16
294 26
295 62
296 17
297 48
298 56
299 27
300 14
301 13
302 27
303 27
304 36
305 6
306 23
307 34
308 6
309 11
310 45
311 83
312 33
313 1
314 53
315 25
316 8
317 44
318 30
319 15
320 23
321 50
322 53
323 28
324 16
325 24
326 72
327 57
328 12
329 56
330 15
331 36
332 38
333 34
334 44
335 23
336 5
337 0
338 22
339 33
340 15
341 49
342 9
343 15
344 31
345 9
346 41
347 30
348 7
349 38
350 0
351 24
352 9
353 15
354 1
355 72
356 15
357 74
358 27
359 37
360 5
361 9
362 57
363 61
364 15
365 48
366 40
367 5
368 38
369 2
370 25
371 71
372 53
373 71
374 8
375 24
376 56
377 10
378 1
379 1
380 66
381 27
382 15
383 41
384 10
385 27
386 6
387 38
388 56
389 26
390 14
391 1
392 23
393 36
394 35
395 46
396 24
397 27
398 41
399 13
400 25
401 6
402 85
403 45
404 7
405 20
406 27
407 23
408 20
409 21
410 36
411 9
412 12
413 25
414 38
415 52
416 52
417 39
418 15
419 9
420 52
421 31
422 6
423 33
424 1
425 53
426 0
427 35
428 44
429 58
430 25
431 48
432 58
433 33
434 54
435 64
436 58
437 52
438 8
439 13
440 60
441 33
442 11
443 9
444 11
445 44
446 13
447 33
448 55
449 50
450 50
451 37
452 34
453 13
454 62
455 25
456 10
457 42
458 15
459 102
460 33
461 5
462 0
463 1
464 30
465 31
466 101
467 58
468 5
469 42
470 37
471 32
472 3
473 22
474 52
475 3
476 43
477 49
478 11
479 25
480 64
481 46
482 28
483 22
484 25
485 13
486 49
487 25
488 0
489 31
490 41
491 3
492 49
493 47
494 14
495 8
496 13
497 10
498 47
499 1
500 6
501 43
502 12
503 8
504 38
505 3
506 2
507 9
508 16
509 17
510 3
511 57
512 34
513 0
514 48
515 34
516 37
517 9
518 16
519 9
520 22
521 52
522 17
523 11
524 9
525 3
526 24
527 4
528 0
529 19
530 12
531 11
532 26
533 36
534 15
535 18
536 32
537 66
538 50
539 18
540 1
541 18
542 28
543 34
544 35
545 45
546 42
547 13
548 22
549 28
550 52
551 6
552 13
553 54
554 13
555 31
556 14
557 3
558 16
559 18
560 3
561 11
562 19
563 65
564 3
565 71
566 43
567 65
568 4
569 52
570 16
571 59
572 40
573 95
574 45
575 1
576 39
577 2
578 32
579 56
580 61
581 38
582 8
583 31
584 25
585 10
586 68
587 2
588 33
589 15
590 33
591 3
592 0
593 67
594 4
595 53
596 44
597 23
598 21
599 55
600 1
601 45
602 83
603 29
604 46
605 51
606 23
607 61
608 39
609 49
610 23
611 45
612 58
613 23
614 17
615 34
616 5
617 8
618 6
619 76
620 45
621 9
622 6
623 50
624 24
625 22
626 21
627 5
628 16
629 41
630 59
631 4
632 40
633 11
634 51
635 37
636 55
637 29
638 22
639 17
640 12
641 37
642 9
643 6
644 62
645 28
646 39
647 21
648 53
649 29
650 3
651 26
652 5
653 21
654 9
655 8
656 26
657 38
658 6
659 32
660 17
661 40
662 23
663 30
664 29
665 54
666 55
667 9
668 13
669 9
670 44
671 9
672 41
673 3
674 84
675 5
676 25
677 10
678 49
679 0
680 55
681 19
682 52
683 36
684 31
685 5
686 62
687 29
688 52
689 30
690 3
691 40
692 21
693 11
694 9
695 53
696 37
697 70
698 12
699 23
700 9
701 50
702 66
703 36
704 71
705 23
706 13
707 15
708 53
709 23
710 26
711 42
712 51
713 3
714 10
715 4
716 6
717 1
718 36
719 44
720 23
721 12
722 35
723 3
724 44
725 33
726 77
727 36
728 6
729 31
730 10
731 16
732 14
733 6
734 55
735 31
736 23
737 36
738 3
739 76
740 11
741 10
742 45
743 36
744 55
745 75
746 40
747 2
748 7
749 68
750 42
751 1
752 13
753 49
754 11
755 15
756 7
757 35
758 23
759 3
760 4
761 38
762 11
763 51
764 4
765 7
766 53
767 21
768 4
769 78
770 52
771 64
772 1
773 13
774 11
775 46
776 44
777 2
778 68
779 44
780 31
781 17
782 18
783 1
784 56
785 25
786 10
787 17
788 35
789 6
790 14
791 27
792 4
793 61
794 35
795 45
796 26
797 27
798 14
799 30
800 5
801 27
802 5
803 50
804 8
805 8
806 41
807 3
808 25
809 9
810 11
811 17
812 1
813 2
814 10
815 40
816 18
817 9
818 20
819 25
820 19
821 7
822 29
823 7
824 66
825 33
826 27
827 0
828 14
829 30
830 46
831 1
832 22
833 2
834 63
835 0
836 11
837 39
838 48
839 51
840 31
841 12
842 76
843 21
844 25
845 19
846 13
847 74
848 67
849 34
850 14
851 24
852 39
853 31
854 23
855 14
856 11
857 16
858 84
859 21
860 0
861 28
862 36
863 26
864 4
865 21
866 15
867 11
868 1
869 19
870 23
871 12
872 23
873 30
874 1
875 12
876 11
877 5
878 65
879 23
880 20
881 11
882 34
883 39
884 15
885 3
886 67
887 15
888 25
889 30
890 16
891 20
892 13
893 60
894 4
895 3
896 16
897 9
898 27
899 10
900 0
901 35
902 14
903 63
904 28
905 50
906 23
907 3
908 16
909 27
910 61
911 50
912 41
913 22
914 17
915 10
916 26
917 4
918 27
919 11
920 3
921 18
922 5
923 10
924 86
925 56
926 2
927 61
928 24
929 71
930 45
931 31
932 4
933 22
934 59
935 63
936 5
937 29
938 10
939 2
940 39
941 20
942 2
943 4
944 21
945 2
946 57
947 24
948 0
949 18
950 10
951 7
952 27
953 37
954 55
955 5
956 11
957 1
958 1
959 60
960 6
961 22
962 1
963 43
964 21
965 9
966 22
967 36
968 0
969 12
970 26
971 19
972 82
973 42
974 9
975 0
976 70
977 30
978 2
979 35
980 42
981 16
982 5
983 25
984 9
985 51
986 113
987 5
988 33
989 33
990 14
991 26
992 20
993 18
994 13
995 2
996 11
997 58
998 11
999 0
1000 2
1001 4
1002 59
1003 55
1004 82
1005 54
1006 79
1007 16
1008 48
1009 49
1010 6
1011 35
1012 18
1013 10
1014 35
1015 55
1016 20
1017 9
1018 65
1019 2
1020 33
1021 51
1022 27
1023 46
1024 17
1025 21
1026 18
1027 10
1028 29
1029 17
1030 49
1031 12
1032 16
1033 34
1034 17
1035 51
1036 13
1037 55
1038 20
1039 13
1040 1
1041 14
1042 3
1043 35
1044 42
1045 1
1046 20
1047 20
1048 37
1049 64
1050 66
1051 16
1052 35
1053 68
1054 13
1055 21
1056 56
1057 23
1058 14
1059 41
1060 28
1061 27
1062 84
1063 9
1064 37
1065 49
1066 15
1067 49
1068 0
1069 16
1070 1
1071 41
1072 32
1073 13
1074 15
1075 28
1076 18
1077 47
1078 39
1079 36
1080 16
1081 0
1082 14
1083 20
1084 81
1085 59
1086 44
1087 34
1088 28
1089 70
1090 69
1091 4
1092 8
1093 50
1094 53
1095 34
1096 27
1097 30
1098 5
1099 3
1100 15
1101 28
1102 19
1103 34
1104 22
1105 79
1106 1
1107 20
1108 23
1109 11
1110 31
1111 0
1112 14
1113 12
1114 42
1115 22
1116 19
1117 6
1118 1
1119 8
1120 23
1121 17
1122 1
1123 1
1124 34
1125 24
1126 6
1127 44
1128 16
1129 14
1130 8
1131 7
1132 1
1133 23
1134 40
1135 15
1136 20
1137 2
1138 0
1139 61
1140 22
1141 3
1142 5
1143 14
1144 32
1145 3
1146 4
1147 5
1148 3
1149 35
1150 18
1151 20
1152 35
1153 29
1154 29
1155 1
1156 34
1157 49
1158 22
1159 66
1160 66
1161 43
1162 85
1163 40
1164 3
1165 9
1166 0
1167 24
1168 9
1169 23
1170 18
1171 6
1172 64
1173 52
1174 17
1175 9
1176 53
1177 23
1178 13
1179 30
1180 26
1181 54
1182 15
1183 60
1184 22
1185 0
1186 8
1187 0
1188 30
1189 3
1190 27
1191 21
1192 13
1193 45
1194 30
1195 7
1196 5
1197 14
1198 34
1199 18
1200 6
1201 52
1202 36
1203 60
1204 15
1205 20
1206 24
1207 26
1208 45
1209 51
1210 5
1211 37
1212 24
1213 59
1214 21
1215 70
1216 3
1217 7
1218 51
1219 22
1220 40
1221 25
1222 2
1223 16
1224 34
1225 64
1226 34
1227 33
1228 25
1229 4
1230 36
1231 0
1232 49
1233 15
1234 15
1235 13
1236 6
1237 7
1238 46
1239 54
1240 74
1241 17
1242 34
1243 2
1244 5
1245 15
1246 8
1247 36
1248 59
1249 22
1250 4
1251 1
1252 55
1253 67
1254 45
1255 8
1256 59
1257 29
1258 64
1259 48
1260 25
1261 43
1262 32
1263 29
1264 0
1265 55
1266 2
1267 25
1268 30
1269 18
1270 29
1271 70
1272 2
1273 18
1274 24
1275 23
1276 6
1277 2
1278 2
1279 15
1280 15
1281 77
1282 1
1283 28
1284 4
1285 6
1286 14
1287 19
1288 26
1289 25
1290 15
1291 18
1292 117
1293 30
1294 14
1295 23
1296 26
1297 5
1298 24
1299 38
1300 51
1301 25
1302 4
1303 0
1304 40
1305 49
1306 71
1307 10
1308 48
1309 20
1310 56
1311 66
1312 4
1313 40
1314 39
1315 1
1316 15
1317 39
1318 5
1319 38
1320 67
1321 23
1322 20
1323 59
1324 10
1325 61
1326 6
1327 10
1328 62
1329 1
1330 8
1331 29
1332 14
1333 57
1334 51
1335 5
1336 4
1337 33
1338 2
1339 10
1340 10
1341 46
1342 25
1343 31
1344 10
1345 34
1346 38
1347 61
1348 40
1349 31
1350 29
1351 6
1352 12
1353 3
1354 4
1355 29
1356 16
1357 79
1358 10
1359 0
1360 14
1361 1
1362 14
1363 58
1364 24
1365 12
1366 22
1367 56
1368 1
1369 5
1370 43
1371 29
1372 10
1373 4
1374 30
1375 5
1376 42
1377 25
1378 24
1379 12
1380 10
1381 33
1382 30
1383 5
1384 2
1385 41
1386 9
1387 79
1388 4
1389 38
1390 6
1391 54
1392 54
1393 45
1394 3
1395 14
1396 42
1397 63
1398 61
1399 3
1400 33
1401 27
1402 48
1403 52
1404 17
1405 24
1406 32
1407 4
1408 26
1409 42
1410 35
1411 6
1412 0
1413 34
1414 46
1415 24
1416 9
1417 34
1418 45
1419 63
1420 35
1421 16
1422 14
1423 25
1424 32
1425 15
1426 32
1427 7
1428 31
1429 14
1430 11
1431 11
1432 0
1433 32
1434 38
1435 5
1436 52
1437 58
1438 72
1439 51
1440 42
1441 34
1442 4
1443 59
1444 9
1445 8
1446 5
1447 47
1448 45
1449 2
1450 36
1451 6
1452 12
1453 7
1454 3
1455 38
1456 38
1457 8
1458 2
1459 14
1460 52
1461 16
1462 25
1463 1
1464 27
1465 23
1466 15
1467 34
1468 33
1469 26
1470 5
1471 0
1472 36
1473 52
1474 1
1475 61
1476 52
1477 7
1478 53
1479 2
1480 12
1481 57
1482 29
1483 54
1484 54
1485 7
1486 4
1487 22
1488 0
1489 55
1490 10
1491 5
1492 4
1493 0
1494 53
1495 33
1496 69
1497 11
1498 49
1499 26
1500 17
1501 58
1502 32
1503 38
1504 36
1505 19
1506 50
1507 64
1508 10
1509 3
1510 76
1511 5
1512 12
1513 26
1514 37
1515 7
1516 7
1517 20
1518 11
1519 1
1520 10
1521 8
1522 15
1523 47
1524 12
1525 10
1526 23
1527 64
1528 48
1529 13
1530 6
1531 17
1532 22
1533 24
1534 55
1535 65
1536 39
1537 50
1538 2
1539 15
1540 14
1541 22
1542 18
1543 59
1544 14
1545 22
1546 49
1547 24
1548 1
1549 31
1550 54
1551 34
1552 25
1553 0
1554 41
1555 10
1556 66
1557 58
1558 34
1559 68
1560 3
1561 28
1562 41
1563 28
1564 1
1565 13
1566 62
1567 44
1568 58
1569 42
1570 27
1571 13
1572 10
1573 14
1574 6
1575 46
1576 66
1577 19
1578 66
1579 32
1580 15
1581 1
1582 18
1583 7
1584 18
1585 17
1586 55
1587 2
1588 16
1589 19
1590 4
1591 42
1592 0
1593 7
1594 35
1595 51
1596 22
1597 9
1598 3
1599 17
1600 41
1601 15
1602 4
1603 17
1604 11
1605 8
1606 45
1607 0
1608 15
1609 49
1610 36
1611 1
1612 0
1613 6
1614 78
1615 29
1616 27
1617 2
1618 6
1619 32
1620 32
1621 17
1622 22
1623 0
1624 16
1625 38
1626 22
1627 4
1628 17
1629 2
1630 0
1631 14
1632 44
1633 27
1634 52
1635 49
1636 8
1637 32
1638 45
1639 42
1640 47
1641 24
1642 7
1643 1
1644 15
1645 14
1646 2
1647 0
1648 1
1649 22
1650 28
1651 60
1652 28
1653 2
1654 28
1655 64
1656 4
1657 7
1658 27
1659 32
1660 5
1661 15
1662 51
1663 5
1664 27
1665 2
1666 12
1667 15
1668 51
1669 8
1670 48
1671 15
1672 41
1673 44
1674 29
1675 28
1676 39
1677 9
1678 26
1679 30
1680 22
1681 3
1682 4
1683 7
1684 13
1685 26
1686 0
1687 43
1688 29
1689 8
1690 36
1691 23
1692 44
1693 3
1694 26
1695 32
1696 0
1697 65
1698 6
1699 7
1700 3
1701 91
1702 34
1703 21
1704 13
1705 1
1706 4
1707 13
1708 52
1709 4
1710 1
1711 0
1712 26
1713 9
1714 94
1715 5
1716 43
1717 16
1718 29
1719 31
1720 64
1721 42
1722 6
1723 42
1724 11
1725 3
1726 8
1727 11
1728 5
1729 2
1730 0
1731 30
1732 0
1733 35
1734 16
1735 45
1736 1
1737 26
1738 64
1739 23
1740 7
1741 16
1742 34
1743 22
1744 24
1745 41
1746 23
1747 13
1748 11
1749 13
1750 0
1751 1
1752 46
1753 15
1754 8
1755 31
1756 63
1757 13
1758 25
1759 48
1760 8
1761 4
1762 6
1763 5
1764 26
1765 26
1766 47
1767 75
1768 19
1769 0
1770 64
1771 73
1772 26
1773 18
1774 24
1775 4
1776 30
1777 10
1778 3
1779 1
1780 18
1781 65
1782 15
1783 4
1784 7
1785 28
1786 57
1787 28
1788 10
1789 13
1790 7
1791 16
1792 2
1793 12
1794 27
1795 82
1796 5
1797 29
1798 1
1799 1
1800 21
1801 26
1802 15
1803 10
1804 14
1805 7
1806 58
1807 19
1808 0
1809 54
1810 0
1811 23
1812 3
1813 61
1814 18
1815 53
1816 11
1817 31
1818 31
1819 1
1820 4
1821 25
1822 10
1823 7
1824 13
1825 0
1826 7
1827 39
1828 26
1829 0
1830 15
1831 35
1832 21
1833 29
1834 19
1835 12
1836 11
1837 29
1838 8
1839 7
1840 18
1841 50
1842 14
1843 35
1844 32
1845 21
1846 19
1847 14
1848 3
1849 15
1850 33
1851 1
1852 48
1853 0
1854 4
1855 19
1856 8
1857 39
1858 9
1859 6
1860 50
1861 25
1862 24
1863 8
1864 3
1865 9
1866 14
1867 53
1868 5
1869 3
1870 38
1871 21
1872 30
1873 31
1874 17
1875 11
1876 3
1877 11
1878 17
1879 46
1880 7
1881 6
1882 9
1883 7
1884 31
1885 11
1886 5
1887 0
1888 13
1889 18
1890 38
1891 51
1892 69
1893 5
1894 19
1895 7
1896 44
1897 10
1898 48
1899 55
1900 8
1901 27
1902 27
1903 30
1904 0
1905 7
1906 18
1907 11
1908 30
1909 28
1910 9
1911 40
1912 12
1913 57
1914 25
1915 31
1916 10
1917 73
1918 8
1919 4
1920 1
1921 35
1922 1
1923 21
1924 0
1925 36
1926 23
1927 32
1928 22
1929 24
1930 2
1931 27
1932 36
1933 0
1934 7
1935 21
1936 1
1937 4
1938 10
1939 20
1940 33
1941 8
1942 27
1943 10
1944 12
1945 10
1946 8
1947 8
1948 11
1949 9
1950 38
1951 15
1952 19
1953 59
1954 19
1955 38
1956 10
1957 11
1958 10
1959 6
1960 54
1961 17
1962 16
1963 22
1964 10
1965 5
1966 61
1967 8
1968 16
1969 17
1970 12
1971 1
1972 38
1973 40
1974 7
1975 12
1976 8
1977 39
1978 9
1979 39
1980 10
1981 33
1982 56
1983 12
1984 21
1985 5
1986 19
1987 37
1988 77
1989 5
1990 1
1991 26
1992 1
1993 22
1994 17
1995 64
1996 27
1997 1
1998 18
1999 20
2000 22
2001 37
2002 21
2003 22
2004 0
2005 38
2006 74
2007 49
2008 11
2009 59
2010 60
2011 8
2012 55
2013 16
2014 2
2015 69
2016 0
2017 13
2018 49
2019 9
2020 18
2021 3
2022 37
2023 7
2024 35
2025 2
2026 12
2027 13
2028 9
2029 35
2030 55
2031 0
2032 18
2033 6
2034 17
2035 10
2036 32
2037 3
2038 22
2039 19
2040 17
2041 42
2042 10
2043 6
2044 3
2045 3
2046 65
2047 30
2048 62
2049 49
2050 4
2051 12
2052 42
2053 18
2054 19
2055 11
2056 67
2057 29
2058 36
2059 11
2060 19
2061 28
2062 55
2063 15
2064 62
2065 8
2066 10
2067 51
2068 27
2069 26
2070 17
2071 22
2072 56
2073 57
2074 20
2075 28
2076 68
2077 12
2078 20
2079 71
2080 38
2081 55
2082 37
2083 22
2084 20
2085 15
2086 11
2087 56
2088 22
2089 6
2090 37
2091 34
2092 67
2093 71
2094 19
2095 19
2096 7
2097 33
2098 2
2099 1
2100 52
2101 0
2102 67
2103 59
2104 28
2105 13
2106 79
2107 22
2108 19
2109 13
2110 69
2111 18
2112 21
2113 15
2114 74
2115 24
2116 16
2117 37
2118 37
2119 16
2120 29
2121 31
2122 16
2123 21
2124 50
2125 31
2126 77
2127 7
2128 64
2129 6
2130 16
2131 58
2132 9
2133 20
2134 34
2135 31
2136 25
2137 50
2138 39
2139 73
2140 25
2141 18
2142 21
2143 20
2144 9
2145 46
2146 14
2147 37
2148 24
2149 19
2150 32
2151 39
2152 24
2153 29
2154 23
2155 24
2156 0
2157 23
2158 62
2159 13
2160 15
2161 16
2162 70
2163 25
2164 45
2165 60
2166 25
2167 13
2168 10
2169 42
2170 17
2171 10
2172 15
2173 50
2174 20
2175 34
2176 23
2177 23
2178 0
2179 75
2180 68
2181 79
2182 0
2183 43
2184 25
2185 23
2186 29
2187 73
2188 66
2189 16
2190 10
2191 21
2192 44
2193 19
2194 26
2195 19
2196 62
2197 86
2198 53
2199 51
2200 23
2201 34
2202 30
2203 66
2204 23
2205 22
2206 3
2207 35
2208 51
2209 23
2210 23
2211 35
2212 26
2213 52
2214 69
2215 43
2216 50
2217 28
2218 3
2219 2
2220 47
2221 28
2222 75
2223 66
2224 30
2225 35
2226 23
2227 28
2228 11
2229 4
2230 49
2231 45
2232 22
2233 0
2234 16
2235 51
2236 4
2237 57
2238 12
2239 16
2240 40
2241 44
2242 40
2243 29
2244 70
2245 24
2246 76
2247 49
2248 32
2249 50
2250 30
2251 30
2252 45
2253 56
2254 2
2255 39
2256 74
2257 46
2258 24
2259 26
2260 25
2261 29
2262 1
2263 50
2264 0
2265 15
2266 68
2267 51
2268 84
2269 31
2270 80
2271 15
2272 29
2273 26
2274 53
2275 36
2276 33
2277 19
2278 9
2279 16
2280 78
2281 63
2282 14
2283 33
2284 59
2285 24
2286 1
2287 18
2288 69
2289 50
2290 26
2291 35
2292 3
2293 58
2294 1
2295 66
2296 15
2297 54
2298 14
2299 59
2300 80
2301 14
2302 27
2303 83
2304 58
2305 23
2306 27
2307 55
2308 20
2309 80
2310 44
2311 61
2312 0
2313 63
2314 60
2315 11
2316 5
2317 0
2318 7
2319 16
2320 55
2321 66
2322 67
2323 14
2324 66
2325 14
2326 29
2327 5
2328 32
2329 24
2330 35
2331 7
2332 54
2333 60
2334 14
2335 40
2336 10
2337 32
2338 23
2339 36
2340 57
2341 26
2342 69
2343 32
2344 17
2345 5
2346 0
2347 14
2348 53
2349 15
2350 48
2351 28
2352 26
2353 14
2354 26
2355 15
2356 6
2357 46
2358 8
2359 6
2360 16
2361 39
2362 13
2363 26
2364 25
2365 20
2366 14
2367 34
2368 24
2369 38
2370 52
2371 6
2372 12
2373 31
2374 15
2375 35
2376 28
2377 6
2378 32
2379 53
2380 61
2381 33
2382 9
2383 51
2384 0
2385 36
2386 33
2387 55
2388 0
2389 15
2390 43
2391 1
2392 14
2393 25
2394 8
2395 8
2396 73
2397 8
2398 10
2399 42
2400 78
2401 56
2402 1
2403 41
2404 6
2405 6
2406 14
2407 8
2408 1
2409 16
2410 0
2411 40
2412 8
2413 26
2414 59
2415 16
2416 29
2417 23
2418 0
2419 10
2420 5
2421 76
2422 15
2423 51
2424 35
2425 8
2426 45
2427 31
2428 39
2429 33
2430 10
2431 44
2432 8
2433 0
2434 60
2435 9
2436 14
2437 77
2438 30
2439 28
2440 20
2441 30
2442 20
2443 16
2444 11
2445 42
2446 6
2447 1
2448 27
2449 24
2450 21
2451 42
2452 32
2453 5
2454 15
2455 29
2456 77
2457 24
2458 0
2459 2
2460 23
2461 8
2462 28
2463 0
2464 23
2465 10
2466 52
2467 29
2468 46
2469 30
2470 59
2471 27
2472 58
2473 45
2474 7
2475 64
2476 26
2477 60
2478 39
2479 8
2480 31
2481 12
2482 60
2483 11
2484 4
2485 32
2486 32
2487 63
2488 0
2489 13
2490 10
2491 36
2492 6
2493 11
2494 22
2495 13
2496 63
2497 10
2498 0
2499 5
2500 3
2501 14
2502 77
2503 0
2504 43
2505 10
2506 10
2507 22
2508 24
2509 30
2510 42
2511 34
2512 34
2513 46
2514 17
2515 60
2516 14
2517 29
2518 36
2519 46
2520 13
2521 13
2522 43
2523 8
2524 2
2525 42
2526 9
2527 16
2528 23
2529 50
2530 42
2531 18
2532 35
2533 17
2534 19
2535 9
2536 3
2537 37
2538 3
2539 18
2540 10
2541 80
2542 0
2543 0
2544 60
2545 71
2546 36
2547 12
2548 19
2549 14
2550 13
2551 9
2552 5
2553 2
2554 31
2555 19
2556 3
2557 25
2558 4
2559 34
2560 14
2561 32
2562 46
2563 71
2564 22
2565 14
2566 38
2567 33
2568 41
2569 33
2570 27
2571 13
2572 75
2573 41
2574 73
2575 45
2576 17
2577 29
2578 36
2579 34
2580 38
2581 8
2582 0
2583 68
2584 15
2585 62
2586 19
2587 50
2588 30
2589 11
2590 2
2591 3
2592 19
2593 26
2594 0
2595 3
2596 52
2597 54
2598 59
2599 17
2600 25
2601 67
2602 22
2603 59
2604 42
2605 44
2606 31
2607 19
2608 22
2609 2
2610 60
2611 46
2612 60
2613 21
2614 0
2615 5
2616 6
2617 15
2618 4
2619 37
2620 3
2621 53
2622 41
2623 1
2624 22
2625 65
2626 4
2627 1
2628 33
2629 45
2630 33
2631 43
2632 11
2633 18
2634 34
2635 19
2636 33
2637 18
2638 2
2639 32
2640 4
2641 9
2642 28
2643 43
2644 9
2645 31
2646 50
2647 52
2648 1
2649 49
2650 29
2651 68
2652 2
2653 61
2654 54
2655 19
2656 57
2657 4
2658 64
2659 24
2660 28
2661 3
2662 32
2663 32
2664 36
2665 1
2666 25
2667 26
2668 32
2669 3
2670 47
2671 69
2672 19
2673 38
2674 14
2675 33
2676 73
2677 13
2678 29
2679 21
2680 8
2681 35
2682 17
2683 26
2684 9
2685 63
2686 9
2687 53
2688 15
2689 5
2690 22
2691 5
2692 26
2693 30
2694 4
2695 29
2696 29
2697 22
2698 0
2699 9
2700 15
2701 22
2702 24
2703 0
2704 4
2705 13
2706 9
2707 10
2708 6
2709 16
2710 28
2711 47
2712 24
2713 86
2714 30
2715 41
2716 28
2717 2
2718 1
2719 36
2720 3
2721 61
2722 6
2723 8
2724 23
2725 0
2726 32
2727 51
2728 47
2729 3
2730 24
2731 16
2732 54
2733 36
2734 54
2735 44
2736 53
2737 18
2738 18
2739 6
2740 9
2741 3
2742 34
2743 6
2744 43
2745 1
2746 37
2747 47
2748 59
2749 5
2750 5
2751 8
2752 0
2753 46
2754 6
2755 32
2756 55
2757 9
2758 25
2759 33
2760 53
2761 30
2762 6
2763 9
2764 10
2765 4
2766 13
2767 46
2768 58
2769 41
2770 6
2771 40
2772 26
2773 33
2774 10
2775 1
2776 9
2777 10
2778 9
2779 0
2780 36
2781 11
2782 13
2783 24
2784 10
2785 2
2786 31
2787 78
2788 9
2789 0
2790 26
2791 18
2792 18
2793 56
2794 45
2795 56
2796 16
2797 36
2798 16
2799 77
2800 21
2801 28
2802 27
2803 65
2804 9
2805 38
2806 4
2807 0
2808 0
2809 10
2810 7
2811 4
2812 1
2813 58
2814 9
2815 31
2816 13
2817 38
2818 10
2819 64
2820 10
2821 1
2822 48
2823 53
2824 12
2825 3
2826 10
2827 19
2828 12
2829 48
2830 77
2831 28
2832 58
2833 13
2834 12
2835 5
2836 67
2837 4
2838 10
2839 19
2840 36
2841 27
2842 48
2843 17
2844 3
2845 8
2846 21
2847 12
2848 13
2849 23
2850 28
2851 9
2852 17
2853 36
2854 7
2855 5
2856 4
2857 0
2858 27
2859 16
2860 39
2861 24
2862 2
2863 10
2864 39
2865 32
2866 28
2867 48
2868 25
2869 41
2870 15
2871 15
2872 28
2873 46
2874 12
2875 17
2876 14
2877 37
2878 29
2879 61
2880 12
2881 0
2882 16
2883 23
2884 4
2885 2
2886 0
2887 0
2888 21
2889 4
2890 65
2891 19
2892 12
2893 10
2894 57
2895 4
2896 19
2897 39
2898 6
2899 10
2900 15
2901 13
2902 11
2903 23
2904 2
2905 0
2906 50
2907 35
2908 6
2909 7
2910 13
2911 3
2912 20
2913 33
2914 13
2915 20
2916 15
2917 16
2918 26
2919 8
2920 10
2921 27
2922 3
2923 12
2924 13
2925 11
2926 22
2927 22
2928 66
2929 71
2930 7
2931 31
2932 5
2933 22
2934 11
2935 27
2936 20
2937 9
2938 2
2939 16
2940 11
2941 49
2942 21
2943 7
2944 5
2945 1
2946 25
2947 12
2948 76
2949 17
2950 4
2951 20
2952 16
2953 18
2954 35
2955 6
2956 9
2957 9
2958 6
2959 6
2960 19
2961 20
2962 33
2963 42
2964 58
2965 13
2966 5
2967 22
2968 13
2969 20
2970 24
2971 18
2972 53
2973 18
2974 29
2975 32
2976 5
2977 11
2978 34
2979 54
2980 11
2981 13
2982 17
2983 39
2984 18
2985 3
2986 41
2987 47
2988 21
2989 4
2990 22
2991 6
2992 21
2993 2
2994 4
2995 6
2996 63
2997 2
2998 36
2999 11
3000 19
3001 16
3002 59
3003 3
3004 3
3005 13
3006 5
3007 8
3008 5
3009 56
3010 7
3011 20
3012 16
3013 6
3014 35
3015 38
3016 13
3017 1
3018 2
3019 16
3020 22
3021 31
3022 58
3023 10
3024 17
3025 3
3026 10
3027 16
3028 6
3029 16
3030 57
3031 8
3032 12
3033 30
3034 71
3035 27
3036 19
3037 4
3038 19
3039 58
3040 8
3041 35
3042 3
3043 4
3044 18
3045 5
3046 13
3047 52
3048 43
3049 43
3050 8
3051 20
3052 18
3053 38
3054 10
3055 11
3056 47
3057 11
3058 18
3059 17
3060 6
3061 16
3062 8
3063 4
3064 21
3065 1
3066 48
3067 18
3068 17
3069 65
3070 43
3071 1
3072 54
3073 31
3074 47
3075 26
3076 1
3077 71
3078 9
3079 60
3080 48
3081 34
3082 0
3083 16
3084 43
3085 18
3086 17
3087 32
3088 68
3089 5
3090 1
3091 48
3092 49
3093 0
3094 37
3095 41
3096 0
3097 24
3098 12
3099 34
3100 41
3101 44
3102 37
3103 4
3104 55
3105 6
3106 34
3107 62
3108 1
3109 4
3110 58
3111 14
3112 31
3113 4
3114 12
3115 3
3116 0
3117 4
3118 24
3119 6
3120 0
3121 2
3122 10
3123 20
3124 9
3125 7
3126 2
3127 3
3128 1
3129 23
3130 44
3131 2
3132 17
3133 3
3134 7
3135 18
3136 52
3137 28
3138 28
3139 20
3140 67
3141 66
3142 59
3143 9
3144 46
3145 15
3146 2
3147 27
3148 16
3149 53
3150 79
3151 76
3152 58
3153 50
3154 79
3155 3
3156 29
3157 21
3158 24
3159 4
3160 11
3161 17
3162 15
3163 4
3164 5
3165 13
3166 70
3167 7
3168 34
3169 61
3170 10
3171 35
3172 28
3173 25
3174 7
3175 7
3176 40
3177 8
3178 8
3179 44
3180 8
3181 1
3182 40
3183 22
3184 6
3185 12
3186 5
3187 18
3188 1
3189 21
3190 40
3191 20
3192 56
3193 14
3194 8
3195 17
3196 34
3197 2
3198 78
3199 1
3200 7
3201 73
3202 49
3203 4
3204 80
3205 3
3206 2
3207 32
3208 9
3209 60
3210 71
3211 41
3212 32
3213 30
3214 51
3215 81
3216 17
3217 18
3218 23
3219 19
3220 0
3221 34
3222 28
3223 20
3224 40
3225 8
3226 7
3227 14
3228 13
3229 19
3230 14
3231 5
3232 24
3233 52
3234 40
3235 8
3236 29
3237 1
3238 8
3239 2
3240 52
3241 5
3242 59
3243 1
3244 58
3245 2
3246 31
3247 24
3248 50
3249 31
3250 46
3251 28
3252 17
3253 52
3254 29
3255 8
3256 52
3257 35
3258 3
3259 59
3260 5
3261 54
3262 26
3263 37
3264 21
3265 46
3266 25
3267 48
3268 0
3269 8
3270 30
3271 8
3272 29
3273 30
3274 40
3275 30
3276 36
3277 29
3278 30
3279 26
3280 15
3281 78
3282 3
3283 43
3284 0
3285 79
3286 17
3287 16
3288 26
3289 1
3290 3
3291 7
3292 64
3293 7
3294 7
3295 32
3296 40
3297 9
3298 28
3299 21
3300 6
3301 25
3302 18
3303 24
3304 48
3305 37
3306 7
3307 2
3308 23
3309 53
3310 1
3311 3
3312 73
3313 7
3314 19
3315 2
3316 18
3317 9
3318 16
3319 27
3320 20
3321 7
3322 0
3323 4
3324 51
3325 21
3326 2
3327 38
3328 32
3329 39
3330 30
3331 1
3332 7
3333 46
3334 3
3335 1
3336 0
3337 8
3338 4
3339 4
3340 8
3341 75
3342 71
3343 6
3344 26
3345 3
3346 1
3347 26
3348 7
3349 5
3350 57
3351 62
3352 3
3353 54
3354 5
3355 28
3356 5
3357 21
3358 67
3359 3
3360 35
3361 10
3362 78
3363 3
3364 6
3365 16
3366 4
3367 52
3368 31
3369 31
3370 16
3371 2
3372 4
3373 8
3374 5
3375 13
3376 12
3377 47
3378 32
3379 33
3380 38
3381 7
3382 15
3383 51
3384 1
3385 65
3386 10
3387 11
3388 4
3389 15
3390 24
3391 1
3392 7
3393 7
3394 39
3395 56
3396 9
3397 6
3398 7
3399 24
3400 28
3401 18
3402 55
3403 16
3404 10
3405 44
3406 24
3407 28
3408 10
3409 83
3410 28
3411 1
3412 0
3413 1
3414 67
3415 51
3416 28
3417 5
3418 15
3419 6
3420 9
3421 29
3422 10
3423 24
3424 7
3425 3
3426 67
3427 0
3428 0
3429 44
3430 76
3431 14
3432 3
3433 47
3434 70
3435 22
3436 12
3437 4
3438 10
3439 33
3440 8
3441 78
3442 5
3443 52
3444 3
3445 16
3446 6
3447 35
3448 1
3449 1
3450 69
3451 35
3452 46
3453 6
3454 30
3455 12
3456 7
3457 3
3458 31
3459 5
3460 71
3461 5
3462 24
3463 5
3464 4
3465 26
3466 24
3467 4
3468 4
3469 32
3470 0
3471 66
3472 52
3473 61
3474 13
3475 9
3476 36
3477 18
3478 0
3479 41
3480 11
3481 57
3482 2
3483 50
3484 2
3485 29
3486 13
3487 31
3488 13
3489 5
3490 4
3491 54
3492 31
3493 43
3494 31
3495 1
3496 7
3497 10
3498 5
3499 26
3500 38
3501 76
3502 21
3503 41
3504 46
3505 4
3506 47
3507 44
3508 1
3509 50
3510 6
3511 9
3512 4
3513 5
3514 14
3515 4
3516 7
3517 14
3518 3
3519 3
3520 55
3521 30
3522 1
3523 43
3524 47
3525 15
3526 2
3527 58
3528 39
3529 39
3530 10
3531 2
3532 17
3533 13
3534 2
3535 37
3536 11
3537 1
3538 8
3539 0
3540 7
3541 11
3542 35
3543 5
3544 25
3545 49
3546 7
3547 1
3548 11
3549 7
3550 43
3551 35
3552 68
3553 53
3554 37
3555 12
3556 57
3557 2
3558 9
3559 18
3560 47
3561 2
3562 12
3563 2
3564 0
3565 22
3566 58
3567 13
3568 37
3569 58
3570 13
3571 2
3572 37
3573 0
3574 2
3575 5
3576 30
3577 75
3578 4
3579 70
3580 58
3581 18
3582 18
3583 44
3584 27
3585 14
3586 41
3587 20
3588 11
3589 3
3590 8
3591 18
3592 32
3593 14
3594 34
3595 47
3596 3
3597 14
3598 47
3599 22
3600 48
3601 22
3602 28
3603 23
3604 34
3605 14
3606 1
3607 14
3608 31
3609 12
3610 24
3611 51
3612 3
3613 57
3614 42
3615 13
3616 66
3617 23
3618 27
3619 56
3620 9
3621 38
3622 33
3623 47
3624 32
3625 7
3626 17
3627 24
3628 58
3629 40
3630 66
3631 3
3632 29
3633 30
3634 4
3635 2
3636 57
3637 54
3638 1
3639 30
3640 51
3641 83
3642 56
3643 32
3644 34
3645 46
3646 15
3647 43
3648 12
3649 13
3650 3
3651 49
3652 2
3653 1
3654 3
3655 12
3656 2
3657 47
3658 4
3659 7
3660 2
3661 22
3662 8
3663 8
3664 45
3665 15
3666 46
3667 40
3668 5
3669 41
3670 65
3671 6
3672 0
3673 30
3674 17
3675 2
3676 49
3677 7
3678 0
3679 16
3680 16
3681 0
3682 31
3683 7
3684 56
3685 5
3686 32
3687 3
3688 23
3689 29
3690 11
3691 32
3692 1
3693 16
3694 43
3695 10
3696 2
3697 45
3698 16
3699 12
3700 21
3701 8
3702 15
3703 50
3704 9
3705 28
3706 6
3707 34
3708 6
3709 2
3710 3
3711 1
3712 41
3713 10
3714 10
3715 10
3716 30
3717 81
3718 18
3719 110
3720 3
3721 9
3722 3
3723 37
3724 2
3725 25
3726 39
3727 24
3728 0
3729 29
3730 30
3731 24
3732 6
3733 9
3734 62
3735 32
3736 2
3737 3
3738 4
3739 30
3740 8
3741 32
3742 25
3743 22
3744 23
3745 8
3746 30
3747 61
3748 7
3749 53
3750 8
3751 66
3752 0
3753 38
3754 10
3755 38
3756 3
3757 12
3758 7
3759 9
3760 12
3761 7
3762 64
3763 42
3764 17
3765 4
3766 30
3767 23
3768 10
3769 19
3770 8
3771 48
3772 33
3773 25
3774 52
3775 7
3776 11
3777 1
3778 31
3779 54
3780 51
3781 49
3782 20
3783 57
3784 9
3785 8
3786 8
3787 9
3788 4
3789 30
3790 7
3791 32
3792 36
3793 7
3794 45
3795 12
3796 10
3797 10
3798 9
3799 32
3800 2
3801 0
3802 9
3803 30
3804 54
3805 13
3806 29
3807 13
3808 3
3809 52
3810 0
3811 3
3812 0
3813 1
3814 9
3815 1
3816 10
3817 36
3818 9
3819 1
3820 7
3821 40
3822 9
3823 3
3824 7
3825 3
3826 7
3827 11
3828 16
3829 11
3830 8
3831 35
3832 71
3833 43
3834 0
3835 25
3836 8
3837 0
3838 60
3839 64
3840 68
3841 40
3842 4
3843 23
3844 25
3845 12
3846 46
3847 7
3848 45
3849 9
3850 7
3851 4
3852 28
3853 11
3854 2
3855 19
3856 10
3857 14
3858 0
3859 19
3860 1
3861 17
3862 30
3863 9
3864 17
3865 55
3866 17
3867 12
3868 5
3869 7
3870 6
3871 7
3872 3
3873 13
3874 17
3875 7
3876 20
3877 51
3878 9
3879 2
3880 12
3881 62
3882 19
3883 35
3884 11
3885 59
3886 49
3887 46
3888 0
3889 15
3890 9
3891 21
3892 1
3893 19
3894 15
3895 46
3896 6
3897 5
3898 17
3899 11
3900 8
3901 45
3902 39
3903 15
3904 0
3905 27
3906 21
3907 19
3908 13
3909 26
3910 24
3911 5
3912 26
3913 15
3914 10
3915 9
3916 18
3917 56
3918 13
3919 0
3920 7
3921 10
3922 13
3923 5
3924 7
3925 6
3926 2
3927 17
3928 53
3929 14
3930 17
3931 36
3932 19
3933 21
3934 0
3935 12
3936 18
3937 20
3938 6
3939 30
3940 12
3941 3
3942 33
3943 4
3944 14
3945 9
3946 1
3947 7
3948 18
3949 26
3950 3
3951 17
3952 27
3953 3
3954 5
3955 51
3956 11
3957 11
3958 7
3959 51
3960 13
3961 21
3962 31
3963 9
3964 3
3965 18
3966 19
3967 21
3968 22
3969 26
3970 0
3971 68
3972 48
3973 20
3974 9
3975 9
3976 38
3977 27
3978 21
3979 65
3980 4
3981 19
3982 10
3983 9
3984 8
3985 18
3986 22
3987 11
3988 17
3989 7
3990 13
3991 42
3992 23
3993 13
3994 11
3995 27
3996 13
3997 27
3998 19
3999 2
4000 9
4001 10
4002 44
4003 48
4004 12
4005 1
4006 18
4007 4
4008 16
4009 47
4010 8
4011 56
4012 1
4013 32
4014 11
4015 4
4016 37
4017 44
4018 4
4019 9
4020 32
4021 3
4022 42
4023 45
4024 5
4025 21
4026 2
4027 10
4028 39
4029 9
4030 8
4031 18
4032 7
4033 33
4034 0
4035 19
4036 11
4037 9
4038 20
4039 10
4040 0
4041 55
4042 26
4043 6
4044 30
4045 21
4046 30
4047 1
4048 44
4049 17
4050 4
4051 52
4052 12
4053 3
4054 16
4055 50
4056 12
4057 3
4058 60
4059 8
4060 31
4061 21
4062 20
4063 19
4064 0
4065 8
4066 5
4067 21
4068 8
4069 4
4070 2
4071 15
4072 41
4073 3
4074 19
4075 2
4076 30
4077 17
4078 31
4079 32
4080 0
4081 15
4082 6
4083 18
4084 21
4085 42
4086 5
4087 5
4088 4
4089 30
4090 39
4091 45
4092 66
4093 2
4094 20
4095 75
4096 44
4097 56
4098 42
4099 44
4100 7
4101 39
4102 13
4103 65
4104 0
4105 17
4106 27
4107 65
4108 49
4109 16
4110 72
4111 43
4112 20
4113 79
4114 34
4115 2
4116 0
4117 44
4118 41
4119 47
4120 45
4121 10
4122 27
4123 27
4124 16
4125 17
4126 35
4127 44
4128 48
4129 43
4130 14
4131 0
4132 12
4133 18
4134 47
4135 7
4136 40
4137 21
4138 40
4139 21
4140 2
4141 47
4142 18
4143 2
4144 36
4145 17
4146 0
4147 0
4148 79
4149 21
4150 22
4151 75
4152 79
4153 60
4154 0
4155 32
4156 43
4157 21
4158 18
4159 11
4160 20
4161 45
4162 32
4163 22
4164 12
4165 21
4166 24
4167 25
4168 15
4169 3
4170 1
4171 20
4172 20
4173 29
4174 11
4175 16
4176 37
4177 20
4178 49
4179 11
4180 62
4181 17
4182 23
4183 34
4184 7
4185 32
4186 31
4187 13
4188 29
4189 25
4190 83
4191 0
4192 47
4193 37
4194 17
4195 20
4196 9
4197 35
4198 56
4199 50
4200 23
4201 42
4202 34
4203 47
4204 11
4205 24
4206 50
4207 23
4208 16
4209 106
4210 74
4211 16
4212 17
4213 31
4214 19
4215 22
4216 26
4217 2
4218 24
4219 15
4220 42
4221 25
4222 60
4223 17
4224 0
4225 55
4226 9
4227 81
4228 23
4229 8
4230 0
4231 44
4232 28
4233 39
4234 21
4235 44
4236 56
4237 21
4238 34
4239 0
4240 11
4241 53
4242 22
4243 45
4244 32
4245 21
4246 13
4247 13
4248 18
4249 13
4250 53
4251 60
4252 13
4253 10
4254 29
4255 28
4256 17
4257 0
4258 41
4259 6
4260 0
4261 32
4262 24
4263 69
4264 0
4265 0
4266 63
4267 75
4268 27
4269 28
4270 33
4271 52
4272 52
4273 46
4274 21
4275 41
4276 26
4277 11
4278 40
4279 11
4280 24
4281 35
4282 54
4283 13
4284 58
4285 54
4286 51
4287 25
4288 39
4289 18
4290 59
4291 18
4292 34
4293 2
4294 41
4295 37
4296 57
4297 30
4298 47
4299 79
4300 13
4301 39
4302 26
4303 62
4304 38
4305 37
4306 32
4307 21
4308 18
4309 30
4310 1
4311 41
4312 73
4313 93
4314 52
4315 25
4316 30
4317 44
4318 29
4319 58
4320 29
4321 40
4322 20
4323 48
4324 25
4325 4
4326 19
4327 36
4328 24
4329 28
4330 55
4331 0
4332 69
4333 18
4334 64
4335 11
4336 38
4337 16
4338 31
4339 0
4340 83
4341 14
4342 39
4343 36
4344 20
4345 27
4346 34
4347 47
4348 60
4349 17
4350 57
4351 15
4352 64
4353 31
4354 18
4355 27
4356 3
4357 1
4358 36
4359 43
4360 2
4361 12
4362 31
4363 26
4364 29
4365 8
4366 48
4367 15
4368 1
4369 21
4370 28
4371 52
4372 50
4373 61
4374 37
4375 16
4376 48
4377 41
4378 19
4379 15
4380 23
4381 56
4382 1
4383 28
4384 5
4385 30
4386 39
4387 27
4388 34
4389 28
4390 51
4391 0
4392 10
4393 25
4394 47
4395 10
4396 23
4397 6
4398 60
4399 22
4400 5
4401 30
4402 1
4403 7
4404 68
4405 51
4406 14
4407 12
4408 0
4409 56
4410 31
4411 7
4412 14
4413 1
4414 65
4415 6
4416 56
4417 73
4418 21
4419 26
4420 12
4421 30
4422 2
4423 1
4424 70
4425 36
4426 20
4427 45
4428 10
4429 36
4430 56
4431 44
4432 24
4433 0
4434 2
4435 22
4436 10
4437 12
4438 8
4439 17
4440 84
4441 8
4442 6
4443 57
4444 29
4445 41
4446 33
4447 20
4448 1
4449 18
4450 12
4451 29
4452 12
4453 34
4454 29
4455 83
4456 28
4457 62
4458 15
4459 41
4460 16
4461 24
4462 0
4463 1
4464 28
4465 58
4466 41
4467 40
4468 66
4469 49
4470 12
4471 23
4472 1
4473 56
4474 46
4475 48
4476 1
4477 1
4478 15
4479 41
4480 67
4481 50
4482 10
4483 25
4484 15
4485 49
4486 26
4487 14
4488 0
4489 12
4490 23
4491 20
4492 11
4493 11
4494 33
4495 1
4496 1
4497 5
4498 37
4499 6
4500 38
4501 35
4502 29
4503 10
4504 39
4505 2
4506 43
4507 15
4508 12
4509 2
4510 23
4511 55
4512 9
4513 2
4514 24
4515 5
4516 20
4517 28
4518 24
4519 5
4520 12
4521 23
4522 20
4523 6
4524 12
4525 25
4526 1
4527 43
4528 24
4529 54
4530 10
4531 5
4532 9
4533 11
4534 14
4535 1
4536 13
4537 63
4538 26
4539 43
4540 18
4541 19
4542 0
4543 12
4544 18
4545 3
4546 19
4547 38
4548 2
4549 2
4550 5
4551 17
4552 8
4553 26
4554 38
4555 8
4556 52
4557 22
4558 6
4559 4
4560 59
4561 45
4562 9
4563 4
4564 35
4565 30
4566 25
4567 78
4568 11
4569 55
4570 1
4571 46
4572 1
4573 37
4574 1
4575 58
4576 2
4577 8
4578 42
4579 19
4580 63
4581 0
4582 8
4583 4
4584 6
4585 1
4586 43
4587 38
4588 10
4589 69
4590 3
4591 11
4592 10
4593 23
4594 10
4595 3
4596 47
4597 111
4598 11
4599 17
4600 50
4601 53
4602 17
4603 0
4604 47
4605 74
4606 57
4607 13
4608 14
4609 23
4610 24
4611 5
4612 5
4613 12
4614 61
4615 13
4616 1
4617 28
4618 22
4619 70
4620 58
4621 46
4622 34
4623 55
4624 43
4625 13
4626 27
4627 62
4628 28
4629 22
4630 21
4631 54
4632 46
4633 0
4634 65
4635 22
4636 0
4637 45
4638 1
4639 62
4640 82
4641 22
4642 62
4643 0
4644 0
4645 33
4646 33
4647 35
4648 1
4649 52
4650 27
4651 42
4652 58
4653 13
4654 18
4655 22
4656 44
4657 12
4658 73
4659 72
4660 6
4661 45
4662 6
4663 33
4664 3
4665 21
4666 4
4667 2
4668 0
4669 17
4670 10
4671 17
4672 21
4673 5
4674 5
4675 38
4676 68
4677 50
4678 18
4679 16
4680 19
4681 21
4682 28
4683 4
4684 0
4685 6
4686 4
4687 27
4688 31
4689 38
4690 49
4691 2
4692 29
4693 16
4694 6
4695 17
4696 11
4697 37
4698 0
4699 35
4700 2
4701 3
4702 13
4703 17
4704 1
4705 22
4706 22
4707 70
4708 29
4709 57
4710 21
4711 31
4712 25
4713 19
4714 9
4715 1
4716 44
4717 27
4718 1
4719 10
4720 80
4721 6
4722 4
4723 5
4724 40
4725 35
4726 3
4727 23
4728 1
4729 21
4730 37
4731 36
4732 10
4733 4
4734 4
4735 35
4736 1
4737 1
4738 22
4739 75
4740 27
4741 25
4742 5
4743 29
4744 16
4745 20
4746 60
4747 71
4748 37
4749 42
4750 8
4751 0
4752 0
4753 72
4754 35
4755 72
4756 2
4757 22
4758 9
4759 54
4760 0
4761 39
4762 36
4763 13
4764 39
4765 2
4766 53
4767 53
4768 50
4769 6
4770 8
4771 49
4772 5
4773 8
4774 2
4775 58
4776 55
4777 13
4778 8
4779 4
4780 4
4781 10
4782 8
4783 10
4784 0
4785 26
4786 36
4787 26
4788 53
4789 62
4790 79
4791 4
4792 26
4793 22
4794 25
4795 13
4796 70
4797 5
4798 5
4799 24
4800 4
4801 3
4802 3
4803 2
4804 36
4805 13
4806 0
4807 12
4808 1
4809 4
4810 9
4811 3
4812 3
4813 43
4814 8
4815 1
4816 4
4817 15
4818 44
4819 5
4820 22
4821 29
4822 78
4823 12
4824 0
4825 6
4826 5
4827 15
4828 14
4829 49
4830 23
4831 10
4832 7
4833 14
4834 13
4835 5
4836 8
4837 10
4838 7
4839 51
4840 11
4841 4
4842 11
4843 24
4844 10
4845 37
4846 6
4847 3
4848 23
4849 24
4850 13
4851 15
4852 5
4853 4
4854 27
4855 16
4856 11
4857 8
4858 4
4859 24
4860 27
4861 21
4862 1
4863 10
4864 35
4865 6
4866 1
4867 6
4868 10
4869 9
4870 1
4871 45
4872 35
4873 19
4874 18
4875 5
4876 3
4877 15
4878 0
4879 1
4880 4
4881 37
4882 14
4883 22
4884 7
4885 43
4886 25
4887 36
4888 3
4889 7
4890 57
4891 14
4892 6
4893 32
4894 12
4895 10
4896 4
4897 1
4898 7
4899 38
4900 36
4901 0
4902 3
4903 30
4904 12
4905 6
4906 11
4907 16
4908 5
4909 57
4910 40
4911 84
4912 57
4913 33
4914 5
4915 23
4916 8
4917 51
4918 39
4919 4
4920 6
4921 1
4922 29
4923 16
4924 16
4925 3
4926 13
4927 23
4928 0
4929 21
4930 46
4931 37
4932 57
4933 5
4934 4
4935 30
4936 11
4937 12
4938 11
4939 25
4940 37
4941 21
4942 10
4943 36
4944 24
4945 16
4946 2
4947 25
4948 46
4949 2
4950 17
4951 4
4952 86
4953 0
4954 20
4955 13
4956 1
4957 40
4958 3
4959 0
4960 31
4961 0
4962 20
4963 31
4964 10
4965 40
4966 45
4967 13
4968 9
4969 19
4970 5
4971 51
4972 10
4973 41
4974 13
4975 21
4976 19
4977 11
4978 6
4979 33
4980 12
4981 39
4982 26
4983 13
4984 13
4985 21
4986 29
4987 18
4988 3
4989 18
4990 28
4991 40
4992 7
4993 32
4994 5
4995 5
4996 20
4997 13
4998 22
4999 22
5000 0
5001 39
5002 3
5003 8
5004 42
5005 22
5006 38
5007 7
5008 9
5009 4
5010 0
5011 29
5012 4
5013 8
5014 22
5015 9
5016 11
5017 12
5018 29
5019 21
5020 32
5021 38
5022 33
5023 20
5024 21
5025 22
5026 11
5027 38
5028 48
5029 6
5030 22
5031 50
5032 5
5033 22
5034 17
5035 31
5036 19
5037 14
5038 6
5039 17
5040 59
5041 4
5042 44
5043 12
5044 16
5045 19
5046 16
5047 64
5048 3
5049 21
5050 16
5051 19
5052 3
5053 72
5054 16
5055 19
5056 0
5057 29
5058 1
5059 20
5060 13
5061 38
5062 12
5063 40
5064 37
5065 34
5066 38
5067 14
5068 8
5069 12
5070 12
5071 10
5072 9
5073 26
5074 19
5075 9
5076 16
5077 37
5078 2
5079 5
5080 7
5081 13
5082 4
5083 21
5084 18
5085 58
5086 2
5087 10
5088 31
5089 39
5090 8
5091 1
5092 21
5093 4
5094 6
5095 3
5096 31
5097 8
5098 21
5099 8
5100 56
5101 0
5102 19
5103 6
5104 44
5105 5
5106 20
5107 11
5108 17
5109 32
5110 12
5111 17
5112 12
5113 10
5114 8
5115 5
5116 25
5117 116
5118 1
5119 39
5120 23
5121 30
5122 27
5123 39
5124 38
5125 24
5126 49
5127 1
5128 25
5129 30
5130 28
5131 3
5132 66
5133 1
5134 14
5135 51
5136 0
5137 17
5138 7
5139 23
5140 1
5141 39
5142 2
5143 17
5144 32
5145 13
5146 10
5147 21
5148 37
5149 0
5150 15
5151 38
5152 18
5153 3
5154 1
5155 63
5156 82
5157 39
5158 7
5159 24
5160 31
5161 14
5162 28
5163 34
5164 0
5165 49
5166 33
5167 25
5168 7
5169 34
5170 13
5171 55
5172 3
5173 4
5174 26
5175 16
5176 21
5177 64
5178 4
5179 3
5180 49
5181 43
5182 20
5183 26
5184 5
5185 3
5186 14
5187 13
5188 49
5189 45
5190 62
5191 18
5192 5
5193 8
5194 2
5195 6
5196 6
5197 5
5198 29
5199 2
5200 4
5201 41
5202 20
5203 14
5204 37
5205 4
5206 20
5207 84
5208 67
5209 7
5210 6
5211 42
5212 25
5213 20
5214 34
5215 42
5216 4
5217 5
5218 12
5219 29
5220 16
5221 14
5222 1
5223 8
5224 49
5225 0
5226 21
5227 29
5228 23
5229 73
5230 0
5231 12
5232 47
5233 4
5234 18
5235 23
5236 6
5237 6
5238 35
5239 5
5240 51
5241 34
5242 63
5243 8
5244 50
5245 20
5246 63
5247 7
5248 7
5249 1
5250 20
5251 18
5252 0
5253 9
5254 54
5255 42
5256 20
5257 50
5258 30
5259 1
5260 3
5261 6
5262 22
5263 11
5264 37
5265 73
5266 43
5267 33
5268 21
5269 0
5270 26
5271 55
5272 4
5273 48
5274 18
5275 1
5276 2
5277 12
5278 40
5279 29
5280 20
5281 26
5282 37
5283 17
5284 7
5285 8
5286 75
5287 65
5288 7
5289 62
5290 55
5291 3
5292 17
5293 51
5294 42
5295 2
5296 5
5297 5
5298 5
5299 6
5300 9
5301 2
5302 48
5303 2
5304 6
5305 86
5306 3
5307 19
5308 1
5309 12
5310 8
5311 28
5312 7
5313 81
5314 37
5315 5
5316 50
5317 40
5318 99
5319 35
5320 7
5321 9
5322 2
5323 6
5324 6
5325 18
5326 9
5327 44
5328 7
5329 29
5330 1
5331 8
5332 36
5333 7
5334 48
5335 3
5336 1
5337 25
5338 51
5339 3
5340 41
5341 4
5342 24
5343 36
5344 7
5345 22
5346 45
5347 25
5348 0
5349 45
5350 0
5351 36
5352 0
5353 54
5354 1
5355 18
5356 0
5357 58
5358 82
5359 75
5360 2
5361 21
5362 52
5363 25
5364 82
5365 26
5366 28
5367 27
5368 15
5369 4
5370 3
5371 4
5372 65
5373 14
5374 2
5375 23
5376 5
5377 5
5378 18
5379 18
5380 1
5381 6
5382 50
5383 46
5384 1
5385 0
5386 5
5387 43
5388 8
5389 8
5390 35
5391 29
5392 8
5393 6
5394 24
5395 68
5396 25
5397 20
5398 72
5399 31
5400 24
5401 3
5402 32
5403 53
5404 1
5405 20
5406 5
5407 20
5408 17
5409 30
5410 107
5411 5
5412 38
5413 62
5414 14
5415 8
5416 6
5417 23
5418 24
5419 4
5420 5
5421 27
5422 12
5423 12
5424 10
5425 6
5426 12
5427 19
5428 2
5429 20
5430 8
5431 4
5432 29
5433 46
5434 27
5435 45
5436 56
5437 8
5438 14
5439 1
5440 4
5441 25
5442 14
5443 32
5444 48
5445 18
5446 50
5447 12
5448 4
5449 57
5450 39
5451 36
5452 77
5453 10
5454 25
5455 31
5456 31
5457 2
5458 10
5459 18
5460 53
5461 53
5462 47
5463 6
5464 6
5465 8
5466 23
5467 45
5468 8
5469 29
5470 56
5471 23
5472 12
5473 5
5474 0
5475 5
5476 68
5477 4
5478 42
5479 41
5480 5
5481 57
5482 25
5483 10
5484 1
5485 67
5486 28
5487 7
5488 9
5489 42
5490 9
5491 4
5492 65
5493 14
5494 62
5495 12
5496 73
5497 45
5498 26
5499 26
5500 28
5501 35
5502 3
5503 61
5504 38
5505 82
5506 14
5507 25
5508 2
5509 34
5510 26
5511 8
5512 1
5513 24
5514 30
5515 21
5516 2
5517 38
5518 52
5519 12
5520 23
5521 1
5522 11
5523 2
5524 0
5525 13
5526 39
5527 11
5528 3
5529 54
5530 12
5531 56
5532 32
5533 10
5534 42
5535 5
5536 9
5537 69
5538 13
5539 15
5540 29
5541 31
5542 12
5543 37
5544 10
5545 60
5546 13
5547 6
5548 42
5549 38
5550 16
5551 59
5552 7
5553 8
5554 32
5555 33
5556 4
5557 7
5558 11
5559 21
5560 46
5561 46
5562 32
5563 56
5564 1
5565 19
5566 8
5567 33
5568 30
5569 47
5570 17
5571 40
5572 0
5573 14
5574 20
5575 34
5576 57
5577 59
5578 24
5579 14
5580 5
5581 57
5582 11
5583 41
5584 19
5585 30
5586 7
5587 7
5588 40
5589 4
5590 9
5591 9
5592 8
5593 12
5594 22
5595 33
5596 6
5597 7
5598 15
5599 13
5600 22
5601 25
5602 5
5603 1
5604 14
5605 42
5606 18
5607 28
5608 3
5609 35
5610 38
5611 9
5612 11
5613 18
5614 54
5615 1
5616 47
5617 12
5618 18
5619 73
5620 27
5621 28
5622 43
5623 69
5624 6
5625 11
5626 10
5627 15
5628 13
5629 19
5630 23
5631 52
5632 7
5633 11
5634 47
5635 32
5636 43
5637 11
5638 23
5639 46
5640 3
5641 44
5642 1
5643 0
5644 8
5645 12
5646 41
5647 28
5648 3
5649 40
5650 2
5651 13
5652 3
5653 14
5654 43
5655 28
5656 66
5657 43
5658 0
5659 44
5660 34
5661 8
5662 14
5663 56
5664 3
5665 28
5666 70
5667 15
5668 67
5669 0
5670 39
5671 44
5672 0
5673 3
5674 49
5675 17
5676 14
5677 1
5678 2
5679 56
5680 1
5681 39
5682 3
5683 0
5684 60
5685 33
5686 60
5687 25
5688 2
5689 1
5690 4
5691 54
5692 80
5693 54
5694 61
5695 5
5696 3
5697 51
5698 43
5699 2
5700 77
5701 57
5702 4
5703 2
5704 21
5705 7
5706 44
5707 2
5708 3
5709 47
5710 1
5711 7
5712 0
5713 15
5714 12
5715 8
5716 0
5717 14
5718 5
5719 59
5720 16
5721 17
5722 22
5723 44
5724 22
5725 2
5726 19
5727 19
5728 33
5729 4
5730 61
5731 15
5732 29
5733 27
5734 16
5735 13
5736 5
5737 3
5738 2
5739 7
5740 23
5741 7
5742 18
5743 14
5744 31
5745 9
5746 3
5747 68
5748 83
5749 45
5750 15
5751 6
5752 0
5753 0
5754 18
5755 79
5756 34
5757 7
5758 1
5759 2
5760 6
5761 26
5762 22
5763 6
5764 3
5765 24
5766 4
5767 19
5768 50
5769 68
5770 10
5771 45
5772 63
5773 23
5774 6
5775 9
5776 9
5777 22
5778 11
5779 2
5780 19
5781 40
5782 19
5783 5
5784 23
5785 30
5786 54
5787 11
5788 3
5789 17
5790 9
5791 53
5792 2
5793 0
5794 71
5795 21
5796 1
5797 40
5798 42
5799 1
5800 76
5801 2
5802 6
5803 10
5804 36
5805 9
5806 52
5807 9
5808 10
5809 13
5810 21
5811 8
5812 33
5813 12
5814 58
5815 8
5816 11
5817 15
5818 10
5819 10
5820 13
5821 11
5822 30
5823 4
5824 0
5825 0
5826 52
5827 37
5828 13
5829 1
5830 4
5831 11
5832 4
5833 19
5834 13
5835 2
5836 26
5837 11
5838 14
5839 6
5840 4
5841 11
5842 21
5843 0
5844 39
5845 26
5846 31
5847 0
5848 6
5849 1
5850 15
5851 23
5852 9
5853 4
5854 8
5855 6
5856 11
5857 69
5858 13
5859 29
5860 26
5861 9
5862 35
5863 55
5864 19
5865 28
5866 9
5867 24
5868 34
5869 23
5870 31
5871 1
5872 7
5873 3
5874 7
5875 25
5876 9
5877 1
5878 7
5879 46
5880 38
5881 21
5882 21
5883 11
5884 7
5885 40
5886 5
5887 40
5888 0
5889 48
5890 26
5891 3
5892 20
5893 9
5894 17
5895 6
5896 6
5897 4
5898 34
5899 9
5900 19
5901 3
5902 35
5903 4
5904 10
5905 12
5906 7
5907 7
5908 19
5909 49
5910 6
5911 9
5912 26
5913 9
5914 2
5915 11
5916 5
5917 11
5918 62
5919 46
5920 51
5921 38
5922 11
5923 18
5924 59
5925 70
5926 40
5927 56
5928 17
5929 14
5930 39
5931 6
5932 8
5933 14
5934 12
5935 8
5936 21
5937 1
5938 0
5939 6
5940 4
5941 39
5942 21
5943 9
5944 17
5945 1
5946 4
5947 61
5948 9
5949 2
5950 20
5951 21
5952 85
5953 17
5954 59
5955 7
5956 2
5957 21
5958 5
5959 16
5960 7
5961 11
5962 11
5963 10
5964 52
5965 26
5966 0
5967 7
5968 1
5969 5
5970 12
5971 31
5972 2
5973 41
5974 39
5975 19
5976 6
5977 13
5978 1
5979 8
5980 18
5981 21
5982 3
5983 19
5984 16
5985 8
5986 7
5987 36
5988 16
5989 51
5990 10
5991 42
5992 19
5993 1
5994 22
5995 8
5996 17
5997 14
5998 42
5999 23
6000 27
6001 13
6002 25
6003 24
6004 9
6005 8
6006 1
6007 20
6008 16
6009 20
6010 29
6011 6
6012 27
6013 3
6014 10
6015 3
6016 11
6017 9
6018 41
6019 6
6020 37
6021 5
6022 42
6023 27
6024 31
6025 22
6026 15
6027 9
6028 4
6029 6
6030 22
6031 13
6032 26
6033 18
6034 18
6035 1
6036 18
6037 23
6038 43
6039 12
6040 1
6041 3
6042 57
6043 17
6044 12
6045 29
6046 4
6047 10
6048 21
6049 4
6050 89
6051 12
6052 10
6053 15
6054 35
6055 26
6056 7
6057 3
6058 16
6059 13
6060 0
6061 1
6062 42
6063 1
6064 36
6065 51
6066 24
6067 14
6068 28
6069 18
6070 2
6071 10
6072 18
6073 45
6074 27
6075 0
6076 7
6077 19
6078 6
6079 33
6080 10
6081 20
6082 59
6083 92
6084 9
6085 7
6086 12
6087 4
6088 2
6089 22
6090 4
6091 3
6092 3
6093 16
6094 47
6095 49
6096 59
6097 35
6098 14
6099 17
6100 9
6101 18
6102 9
6103 13
6104 19
6105 20
6106 4
6107 9
6108 16
6109 5
6110 8
6111 17
6112 17
6113 37
6114 9
6115 8
6116 50
6117 1
6118 103
6119 22
6120 11
6121 49
6122 6
6123 2
6124 1
6125 15
6126 33
6127 21
6128 70
6129 3
6130 33
6131 1
6132 18
6133 2
6134 11
6135 8
6136 18
6137 16
6138 22
6139 36
6140 2
6141 21
6142 7
6143 4
6144 11
6145 7
6146 33
6147 28
6148 17
6149 79
6150 13
6151 0
6152 22
6153 11
6154 33
6155 34
6156 0
6157 18
6158 20
6159 14
6160 48
6161 70
6162 35
6163 68
6164 7
6165 44
6166 40
6167 12
6168 41
6169 54
6170 27
6171 35
6172 4
6173 42
6174 28
6175 25
6176 2
6177 0
6178 22
6179 57
6180 39
6181 70
6182 44
6183 0
6184 33
6185 38
6186 22
6187 35
6188 42
6189 0
6190 86
6191 2
6192 40
6193 30
6194 28
6195 16
6196 2
6197 64
6198 44
6199 17
6200 43
6201 38
6202 37
6203 34
6204 71
6205 42
6206 32
6207 59
6208 35
6209 2
6210 0
6211 22
6212 45
6213 24
6214 68
6215 65
6216 15
6217 28
6218 61
6219 57
6220 12
6221 49
6222 18
6223 26
6224 18
6225 18
6226 22
6227 50
6228 23
6229 56
6230 68
6231 33
6232 32
6233 74
6234 50
6235 50
6236 35
6237 29
6238 61
6239 29
6240 16
6241 34
6242 2
6243 24
6244 39
6245 54
6246 42
6247 70
6248 54
6249 46
6250 24
6251 73
6252 14
6253 41
6254 34
6255 28
6256 40
6257 23
6258 32
6259 85
6260 16
6261 62
6262 115
6263 35
6264 41
6265 43
6266 25
6267 16
6268 24
6269 57
6270 49
6271 4
6272 41
6273 63
6274 43
6275 53
6276 8
6277 40
6278 42
6279 50
6280 29
6281 47
6282 29
6283 69
6284 11
6285 16
6286 61
6287 52
6288 29
6289 26
6290 26
6291 51
6292 67
6293 0
6294 72
6295 30
6296 26
6297 16
6298 48
6299 31
6300 6
6301 40
6302 73
6303 55
6304 0
6305 24
6306 58
6307 58
6308 60
6309 44
6310 25
6311 35
6312 17
6313 18
6314 37
6315 52
6316 45
6317 50
6318 46
6319 2
6320 15
6321 48
6322 37
6323 59
6324 64
6325 51
6326 72
6327 42
6328 14
6329 26
6330 37
6331 15
6332 67
6333 74
6334 40
6335 54
6336 49
6337 13
6338 39
6339 34
6340 62
6341 20
6342 47
6343 60
6344 52
6345 30
6346 80
6347 22
6348 8
6349 31
6350 72
6351 30
6352 1
6353 20
6354 29
6355 1
6356 55
6357 51
6358 2
6359 49
6360 16
6361 15
6362 72
6363 23
6364 24
6365 34
6366 44
6367 44
6368 23
6369 25
6370 0
6371 48
6372 19
6373 63
6374 25
6375 44
6376 43
6377 20
6378 23
6379 1
6380 34
6381 21
6382 16
6383 53
6384 29
6385 51
6386 49
6387 40
6388 14
6389 35
6390 55
6391 24
6392 76
6393 27
6394 23
6395 5
6396 1
6397 64
6398 57
6399 46
6400 31
6401 7
6402 61
6403 6
6404 5
6405 34
6406 76
6407 57
6408 35
6409 24
6410 57
6411 63
6412 36
6413 17
6414 50
6415 27
6416 37
6417 1
6418 54
6419 30
6420 14
6421 8
6422 27
6423 39
6424 15
6425 14
6426 38
6427 35
6428 58
6429 56
6430 8
6431 0
6432 8
6433 23
6434 6
6435 19
6436 1
6437 33
6438 30
6439 0
6440 6
6441 52
6442 33
6443 27
6444 0
6445 5
6446 71
6447 63
6448 58
6449 27
6450 1
6451 28
6452 12
6453 34
6454 39
6455 34
6456 15
6457 59
6458 1
6459 6
6460 27
6461 44
6462 22
6463 5
6464 43
6465 33
6466 5
6467 28
6468 6
6469 15
6470 40
6471 33
6472 46
6473 14
6474 52
6475 54
6476 58
6477 49
6478 35
6479 44
6480 40
6481 20
6482 27
6483 41
6484 27
6485 28
6486 7
6487 27
6488 9
6489 0
6490 62
6491 86
6492 10
6493 15
6494 8
6495 31
6496 10
6497 1
6498 10
6499 56
6500 19
6501 50
6502 65
6503 31
6504 23
6505 33
6506 5
6507 53
6508 12
6509 30
6510 12
6511 38
6512 14
6513 67
6514 5
6515 47
6516 51
6517 63
6518 10
6519 1
6520 27
6521 9
6522 8
6523 61
6524 25
6525 45
6526 8
6527 10
6528 32
6529 51
6530 16
6531 42
6532 19
6533 33
6534 57
6535 50
6536 34
6537 11
6538 33
6539 61
6540 46
6541 8
6542 48
6543 24
6544 0
6545 33
6546 86
6547 21
6548 1
6549 33
6550 12
6551 35
6552 31
6553 40
6554 32
6555 9
6556 24
6557 9
6558 5
6559 71
6560 36
6561 26
6562 9
6563 23
6564 45
6565 10
6566 54
6567 25
6568 8
6569 1
6570 0
6571 8
6572 10
6573 9
6574 26
6575 37
6576 75
6577 11
6578 9
6579 2
6580 12
6581 12
6582 59
6583 5
6584 13
6585 14
6586 36
6587 1
6588 3
6589 6
6590 63
6591 60
6592 2
6593 0
6594 5
6595 0
6596 31
6597 1
6598 56
6599 3
6600 41
6601 61
6602 11
6603 38
6604 10
6605 1
6606 0
6607 1
6608 56
6609 8
6610 112
6611 2
6612 30
6613 11
6614 42
6615 19
6616 9
6617 12
6618 33
6619 37
6620 11
6621 68
6622 5
6623 33
6624 31
6625 50
6626 14
6627 27
6628 20
6629 24
6630 19
6631 74
6632 3
6633 69
6634 1
6635 6
6636 18
6637 6
6638 38
6639 2
6640 2
6641 12
6642 4
6643 3
6644 59
6645 29
6646 43
6647 52
6648 49
6649 17
6650 9
6651 53
6652 57
6653 27
6654 24
6655 79
6656 14
6657 0
6658 62
6659 35
6660 30
6661 23
6662 37
6663 62
6664 1
6665 45
6666 28
6667 14
6668 62
6669 13
6670 35
6671 27
6672 100
6673 0
6674 3
6675 1
6676 1
6677 52
6678 11
6679 42
6680 15
6681 8
6682 1
6683 10
6684 47
6685 4
6686 15
6687 0
6688 65
6689 57
6690 19
6691 3
6692 27
6693 21
6694 70
6695 73
6696 68
6697 50
6698 17
6699 4
6700 20
6701 36
6702 21
6703 42
6704 62
6705 39
6706 2
6707 35
6708 39
6709 37
6710 41
6711 47
6712 20
6713 6
6714 43
6715 74
6716 21
6717 6
6718 50
6719 52
6720 59
6721 31
6722 38
6723 3
6724 6
6725 15
6726 3
6727 11
6728 1
6729 32
6730 78
6731 31
6732 31
6733 22
6734 19
6735 48
6736 6
6737 27
6738 5
6739 45
6740 8
6741 17
6742 5
6743 29
6744 39
6745 16
6746 4
6747 5
6748 2
6749 9
6750 8
6751 21
6752 21
6753 57
6754 3
6755 11
6756 43
6757 8
6758 32
6759 38
6760 6
6761 57
6762 17
6763 23
6764 5
6765 4
6766 3
6767 6
6768 5
6769 1
6770 6
6771 17
6772 43
6773 24
6774 16
6775 9
6776 37
6777 22
6778 15
6779 1
6780 19
6781 23
6782 3
6783 1
6784 61
6785 47
6786 4
6787 41
6788 34
6789 26
6790 4
6791 3
6792 45
6793 1
6794 2
6795 11
6796 9
6797 11
6798 49
6799 40
6800 33
6801 0
6802 26
6803 24
6804 48
6805 70
6806 31
6807 40
6808 16
6809 1
6810 32
6811 1
6812 36
6813 19
6814 28
6815 1
6816 29
6817 36
6818 4
6819 18
6820 53
6821 4
6822 25
6823 1
6824 8
6825 12
6826 40
6827 25
6828 49
6829 52
6830 4
6831 22
6832 3
6833 14
6834 47
6835 40
6836 81
6837 36
6838 17
6839 0
6840 26
6841 1
6842 13
6843 0
6844 30
6845 1
6846 3
6847 19
6848 0
6849 74
6850 29
6851 13
6852 33
6853 3
6854 23
6855 40
6856 29
6857 53
6858 5
6859 20
6860 6
6861 1
6862 12
6863 33
6864 29
6865 0
6866 9
6867 48
6868 57
6869 0
6870 3
6871 54
6872 14
6873 25
6874 25
6875 31
6876 48
6877 55
6878 13
6879 41
6880 15
6881 1
6882 25
6883 8
6884 54
6885 43
6886 9
6887 3
6888 48
6889 36
6890 8
6891 5
6892 22
6893 8
6894 53
6895 12
6896 19
6897 50
6898 12
6899 16
6900 8
6901 23
6902 11
6903 53
6904 36
6905 31
6906 3
6907 48
6908 31
6909 9
6910 13
6911 51
6912 40
6913 9
6914 9
6915 11
6916 7
6917 12
6918 0
6919 62
6920 7
6921 14
6922 2
6923 56
6924 6
6925 11
6926 20
6927 49
6928 46
6929 19
6930 9
6931 17
6932 7
6933 5
6934 4
6935 8
6936 2
6937 55
6938 17
6939 2
6940 16
6941 3
6942 104
6943 0
6944 12
6945 7
6946 37
6947 19
6948 58
6949 17
6950 12
6951 17
6952 58
6953 29
6954 51
6955 13
6956 17
6957 17
6958 21
6959 11
6960 9
6961 47
6962 19
6963 6
6964 12
6965 19
6966 16
6967 5
6968 24
6969 22
6970 1
6971 56
6972 33
6973 8
6974 21
6975 0
6976 27
6977 30
6978 7
6979 13
6980 24
6981 56
6982 66
6983 7
6984 1
6985 11
6986 38
6987 3
6988 36
6989 17
6990 8
6991 44
6992 18
6993 12
6994 19
6995 9
6996 69
6997 4
6998 68
6999 13
7000 16
7001 49
7002 4
7003 6
7004 30
7005 10
7006 82
7007 17
7008 10
7009 2
7010 16
7011 9
7012 41
7013 41
7014 15
7015 51
7016 10
7017 0
7018 7
7019 10
7020 14
7021 45
7022 8
7023 8
7024 25
7025 25
7026 16
7027 17
7028 1
7029 12
7030 12
7031 13
7032 60
7033 41
7034 3
7035 2
7036 0
7037 27
7038 15
7039 2
7040 13
7041 5
7042 22
7043 33
7044 16
7045 14
7046 3
7047 21
7048 21
7049 0
7050 4
7051 9
7052 48
7053 67
7054 18
7055 6
7056 19
7057 19
7058 5
7059 17
7060 3
7061 16
7062 52
7063 2
7064 23
7065 7
7066 17
7067 10
7068 42
7069 61
7070 9
7071 9
7072 33
7073 4
7074 58
7075 0
7076 12
7077 10
7078 8
7079 5
7080 21
7081 36
7082 56
7083 20
7084 4
7085 8
7086 6
7087 30
7088 25
7089 7
7090 7
7091 18
7092 33
7093 45
7094 11
7095 2
7096 38
7097 54
7098 4
7099 21
7100 0
7101 18
7102 37
7103 22
7104 3
7105 2
7106 49
7107 7
7108 7
7109 17
7110 0
7111 4
7112 43
7113 9
7114 4
7115 12
7116 18
7117 3
7118 17
7119 20
7120 10
7121 26
7122 45
7123 7
7124 7
7125 27
7126 16
7127 3
7128 64
7129 33
7130 2
7131 4
7132 3
7133 20
7134 27
7135 21
7136 17
7137 1
7138 32
7139 6
7140 5
7141 46
7142 11
7143 4
7144 25
7145 3
7146 13
7147 16
7148 3
7149 11
7150 8
7151 96
7152 12
7153 20
7154 11
7155 6
7156 47
7157 3
7158 8
7159 8
7160 22
7161 11
7162 8
7163 5
7164 35
7165 32
7166 23
7167 17
7168 18
7169 20
7170 16
7171 48
7172 21
7173 21
7174 52
7175 13
7176 14
7177 16
7178 16
7179 47
7180 39
7181 8
7182 14
7183 20
7184 13
7185 28
7186 9
7187 12
7188 49
7189 72
7190 1
7191 58
7192 14
7193 1
7194 44
7195 4
7196 35
7197 42
7198 3
7199 5
7200 43
7201 37
7202 3
7203 40
7204 1
7205 31
7206 13
7207 16
7208 21
7209 3
7210 11
7211 53
7212 21
7213 7
7214 33
7215 26
7216 24
7217 0
7218 14
7219 20
7220 2
7221 3
7222 6
7223 11
7224 47
7225 6
7226 3
7227 3
7228 1
7229 0
7230 0
7231 12
7232 47
7233 15
7234 21
7235 15
7236 5
7237 14
7238 7
7239 60
7240 10
7241 80
7242 44
7243 9
7244 43
7245 7
7246 28
7247 33
7248 9
7249 15
7250 37
7251 8
7252 38
7253 3
7254 19
7255 58
7256 51
7257 4
7258 0
7259 50
7260 47
7261 48
7262 23
7263 1
7264 3
7265 16
7266 27
7267 1
7268 1
7269 13
7270 7
7271 25
7272 39
7273 4
7274 6
7275 5
7276 29
7277 49
7278 16
7279 28
7280 8
7281 29
7282 11
7283 20
7284 35
7285 18
7286 77
7287 0
7288 1
7289 27
7290 0
7291 15
7292 44
7293 4
7294 5
7295 32
7296 28
7297 11
7298 73
7299 8
7300 0
7301 3
7302 29
7303 45
7304 2
7305 53
7306 4
7307 12
7308 37
7309 9
7310 7
7311 20
7312 52
7313 18
7314 2
7315 20
7316 53
7317 61
7318 1
7319 28
7320 27
7321 50
7322 15
7323 0
7324 7
7325 26
7326 6
7327 21
7328 5
7329 4
7330 24
7331 20
7332 20
7333 8
7334 2
7335 23
7336 36
7337 1
7338 1
7339 9
7340 78
7341 24
7342 58
7343 81
7344 3
7345 26
7346 4
7347 63
7348 23
7349 53
7350 7
7351 16
7352 29
7353 8
7354 48
7355 26
7356 47
7357 48
7358 36
7359 60
7360 12
7361 23
7362 2
7363 17
7364 55
7365 8
7366 26
7367 28
7368 34
7369 8
7370 53
7371 7
7372 30
7373 30
7374 5
7375 4
7376 24
7377 6
7378 29
7379 40
7380 2
7381 7
7382 12
7383 37
7384 26
7385 6
7386 24
7387 8
7388 6
7389 12
7390 7
7391 21
7392 4
7393 12
7394 21
7395 3
7396 48
7397 8
7398 6
7399 23
7400 31
7401 32
7402 0
7403 32
7404 24
7405 75
7406 54
7407 38
7408 22
7409 20
7410 12
7411 18
7412 4
7413 56
7414 2
7415 34
7416 27
7417 47
7418 13
7419 25
7420 4
7421 53
7422 13
7423 5
7424 5
7425 52
7426 6
7427 7
7428 47
7429 22
7430 11
7431 28
7432 78
7433 17
7434 17
7435 14
7436 65
7437 14
7438 1
7439 20
7440 32
7441 6
7442 15
7443 7
7444 1
7445 30
7446 0
7447 58
7448 66
7449 26
7450 7
7451 2
7452 14
7453 7
7454 29
7455 7
7456 23
7457 62
7458 18
7459 40
7460 36
7461 71
7462 1
7463 4
7464 25
7465 18
7466 56
7467 10
7468 26
7469 66
7470 67
7471 2
7472 14
7473 63
7474 2
7475 1
7476 46
7477 0
7478 2
7479 5
7480 18
7481 25
7482 10
7483 27
7484 25
7485 47
7486 53
7487 15
7488 28
7489 39
7490 53
7491 15
7492 6
7493 28
7494 14
7495 2
7496 29
7497 11
7498 53
7499 67
7500 31
7501 6
7502 36
7503 45
7504 31
7505 1
7506 0
7507 8
7508 2
7509 3
7510 0
7511 10
7512 10
7513 33
7514 38
7515 30
7516 5
7517 51
7518 15
7519 6
7520 28
7521 12
7522 6
7523 66
7524 3
7525 23
7526 3
7527 41
7528 0
7529 10
7530 42
7531 48
7532 5
7533 4
7534 14
7535 33
7536 7
7537 45
7538 1
7539 41
7540 9
7541 30
7542 57
7543 50
7544 35
7545 50
7546 10
7547 23
7548 39
7549 57
7550 8
7551 63
7552 4
7553 73
7554 3
7555 35
7556 12
7557 28
7558 36
7559 6
7560 38
7561 25
7562 14
7563 6
7564 9
7565 85
7566 3
7567 20
7568 30
7569 7
7570 9
7571 38
7572 13
7573 4
7574 11
7575 43
7576 50
7577 43
7578 14
7579 25
7580 43
7581 9
7582 32
7583 13
7584 43
7585 43
7586 10
7587 2
7588 2
7589 40
7590 55
7591 6
7592 11
7593 45
7594 9
7595 12
7596 4
7597 7
7598 25
7599 15
7600 76
7601 16
7602 54
7603 60
7604 2
7605 42
7606 45
7607 61
7608 3
7609 5
7610 39
7611 43
7612 12
7613 22
7614 5
7615 3
7616 30
7617 3
7618 4
7619 1
7620 17
7621 31
7622 19
7623 48
7624 1
7625 28
7626 10
7627 1
7628 48
7629 2
7630 12
7631 6
7632 74
7633 4
7634 16
7635 7
7636 1
7637 11
7638 22
7639 32
7640 63
7641 48
7642 22
7643 35
7644 5
7645 0
7646 60
7647 25
7648 6
7649 15
7650 27
7651 22
7652 10
7653 60
7654 8
7655 11
7656 12
7657 5
7658 0
7659 13
7660 0
7661 13
7662 2
7663 19
7664 53
7665 6
7666 0
7667 57
7668 7
7669 33
7670 11
7671 60
7672 28
7673 7
7674 0
7675 24
7676 4
7677 19
7678 3
7679 59
7680 38
7681 14
7682 14
7683 19
7684 49
7685 35
7686 60
7687 17
7688 19
7689 5
7690 8
7691 0
7692 19
7693 3
7694 38
7695 43
7696 80
7697 7
7698 14
7699 34
7700 28
7701 9
7702 26
7703 3
7704 68
7705 14
7706 57
7707 56
7708 39
7709 32
7710 21
7711 1
7712 19
7713 62
7714 22
7715 52
7716 31
7717 31
7718 56
7719 0
7720 39
7721 49
7722 0
7723 26
7724 34
7725 65
7726 36
7727 2
7728 1
7729 34
7730 3
7731 3
7732 7
7733 0
7734 15
7735 39
7736 7
7737 22
7738 6
7739 32
7740 2
7741 0
7742 7
7743 10
7744 10
7745 1
7746 16
7747 5
7748 21
7749 10
7750 49
7751 19
7752 9
7753 18
7754 46
7755 34
7756 4
7757 18
7758 8
7759 15
7760 88
7761 2
7762 0
7763 1
7764 37
7765 16
7766 49
7767 23
7768 15
7769 27
7770 25
7771 27
7772 19
7773 8
7774 7
7775 56
7776 11
7777 8
7778 1
7779 50
7780 37
7781 78
7782 22
7783 4
7784 6
7785 66
7786 22
7787 2
7788 44
7789 2
7790 6
7791 33
7792 5
7793 34
7794 16
7795 0
7796 14
7797 31
7798 8
7799 17
7800 81
7801 26
7802 10
7803 1
7804 12
7805 32
7806 12
7807 14
7808 50
7809 7
7810 4
7811 2
7812 3
7813 26
7814 3
7815 22
7816 7
7817 4
7818 1
7819 8
7820 0
7821 1
7822 53
7823 23
7824 3
7825 22
7826 8
7827 37
7828 6
7829 39
7830 43
7831 29
7832 4
7833 49
7834 17
7835 63
7836 11
7837 3
7838 33
7839 3
7840 10
7841 1
7842 13
7843 41
7844 5
7845 29
7846 36
7847 27
7848 11
7849 32
7850 7
7851 10
7852 3
7853 39
7854 34
7855 4
7856 41
7857 7
7858 71
7859 13
7860 11
7861 49
7862 47
7863 24
7864 12
7865 63
7866 7
7867 51
7868 18
7869 13
7870 59
7871 8
7872 4
7873 47
7874 35
7875 36
7876 28
7877 53
7878 8
7879 9
7880 10
7881 25
7882 15
7883 11
7884 2
7885 26
7886 1
7887 36
7888 21
7889 10
7890 1
7891 49
7892 5
7893 68
7894 1
7895 20
7896 22
7897 1
7898 7
7899 14
7900 48
7901 7
7902 8
7903 20
7904 0
7905 51
7906 30
7907 1
7908 25
7909 13
7910 51
7911 4
7912 33
7913 0
7914 37
7915 2
7916 4
7917 7
7918 64
7919 38
7920 45
7921 0
7922 1
7923 10
7924 15
7925 12
7926 11
7927 35
7928 20
7929 28
7930 38
7931 13
7932 9
7933 43
7934 6
7935 12
7936 21
7937 56
7938 57
7939 0
7940 13
7941 7
7942 62
7943 15
7944 20
7945 15
7946 15
7947 77
7948 5
7949 4
7950 15
7951 4
7952 17
7953 3
7954 24
7955 1
7956 52
7957 2
7958 27
7959 3
7960 61
7961 3
7962 22
7963 19
7964 12
7965 38
7966 5
7967 0
7968 5
7969 97
7970 17
7971 10
7972 57
7973 17
7974 30
7975 56
7976 11
7977 8
7978 23
7979 22
7980 1
7981 24
7982 39
7983 13
7984 35
7985 8
7986 46
7987 13
7988 16
7989 19
7990 19
7991 16
7992 61
7993 2
7994 39
7995 11
7996 36
7997 15
7998 26
7999 16
8000 15
8001 37
8002 14
8003 12
8004 10
8005 10
8006 19
8007 0
8008 33
8009 40
8010 90
8011 25
8012 7
8013 3
8014 39
8015 18
8016 19
8017 0
8018 48
8019 21
8020 65
8021 55
8022 4
8023 23
8024 27
8025 1
8026 5
8027 16
8028 6
8029 5
8030 10
8031 28
8032 18
8033 24
8034 15
8035 19
8036 2
8037 20
8038 1
8039 19
8040 25
8041 16
8042 13
8043 11
8044 0
8045 41
8046 18
8047 2
8048 21
8049 2
8050 10
8051 27
8052 10
8053 11
8054 19
8055 7
8056 38
8057 12
8058 11
8059 4
8060 9
8061 56
8062 7
8063 17
8064 8
8065 29
8066 12
8067 4
8068 19
8069 2
8070 13
8071 8
8072 42
8073 19
8074 11
8075 16
8076 10
8077 41
8078 21
8079 5
8080 18
8081 29
8082 5
8083 60
8084 32
8085 20
8086 7
8087 13
8088 6
8089 32
8090 84
8091 4
8092 53
8093 23
8094 6
8095 35
8096 21
8097 35
8098 9
8099 16
8100 10
8101 54
8102 59
8103 12
8104 2
8105 2
8106 16
8107 10
8108 32
8109 0
8110 19
8111 25
8112 13
8113 2
8114 3
8115 33
8116 27
8117 10
8118 1
8119 21
8120 9
8121 11
8122 11
8123 11
8124 70
8125 13
8126 31
8127 58
8128 6
8129 35
8130 11
8131 40
8132 2
8133 23
8134 2
8135 0
8136 6
8137 105
8138 15
8139 21
8140 27
8141 22
8142 4
8143 13
8144 12
8145 17
8146 17
8147 16
8148 13
8149 36
8150 42
8151 61
8152 5
8153 49
8154 0
8155 33
8156 39
8157 49
8158 5
8159 22
8160 16
8161 19
8162 19
8163 4
8164 20
8165 2
8166 11
8167 0
8168 20
8169 52
8170 22
8171 36
8172 3
8173 11
8174 71
8175 34
8176 22
8177 11
8178 6
8179 47
8180 20
8181 20
8182 51
8183 9
8184 47
8185 4
8186 9
8187 17
8188 1
8189 11
8190 6
8191 0
8192 18
8193 28
8194 41
8195 33
8196 2
8197 55
8198 25
8199 25
8200 7
8201 20
8202 10
8203 0
8204 44
8205 47
8206 34
8207 32
8208 34
8209 41
8210 0
8211 51
8212 34
8213 27
8214 54
8215 42
8216 47
8217 68
8218 17
8219 41
8220 37
8221 13
8222 59
8223 20
8224 40
8225 0
8226 24
8227 82
8228 0
8229 25
8230 42
8231 9
8232 36
8233 11
8234 62
8235 25
8236 42
8237 33
8238 37
8239 3
8240 41
8241 19
8242 2
8243 42
8244 28
8245 6
8246 67
8247 67
8248 0
8249 68
8250 15
8251 46
8252 27
8253 0
8254 38
8255 39
8256 15
8257 74
8258 37
8259 32
8260 10
8261 15
8262 11
8263 19
8264 37
8265 27
8266 33
8267 86
8268 29
8269 15
8270 18
8271 21
8272 46
8273 44
8274 67
8275 15
8276 21
8277 34
8278 12
8279 34
8280 45
8281 37
8282 6
8283 22
8284 23
8285 20
8286 7
8287 62
8288 35
8289 24
8290 21
8291 43
8292 33
8293 65
8294 32
8295 3
8296 75
8297 35
8298 38
8299 16
8300 28
8301 35
8302 5
8303 13
8304 29
8305 50
8306 46
8307 26
8308 0
8309 40
8310 17
8311 69
8312 20
8313 46
8314 0
8315 22
8316 14
8317 0
8318 44
8319 26
8320 24
8321 20
8322 46
8323 40
8324 30
8325 0
8326 69
8327 60
8328 20
8329 18
8330 61
8331 26
8332 16
8333 17
8334 30
8335 21
8336 7
8337 15
8338 27
8339 16
8340 0
8341 60
8342 11
8343 53
8344 16
8345 33
8346 38
8347 45
8348 24
8349 18
8350 29
8351 36
8352 10
8353 23
8354 42
8355 50
8356 33
8357 0
8358 0
8359 9
8360 30
8361 53
8362 36
8363 20
8364 54
8365 23
8366 17
8367 22
8368 23
8369 32
8370 20
8371 20
8372 54
8373 10
8374 28
8375 45
8376 46
8377 20
8378 39
8379 36
8380 23
8381 29
8382 27
8383 26
8384 59
8385 16
8386 25
8387 18
8388 28
8389 20
8390 2
8391 39
8392 46
8393 76
8394 17
8395 24
8396 36
8397 46
8398 1
8399 51
8400 11
8401 21
8402 64
8403 46
8404 44
8405 20
8406 52
8407 3
8408 48
8409 84
8410 32
8411 26
8412 29
8413 48
8414 30
8415 24
8416 64
8417 1
8418 7
8419 0
8420 46
8421 3
8422 73
8423 15
8424 2
8425 43
8426 108
8427 24
8428 25
8429 26
8430 7
8431 55
8432 47
8433 16
8434 37
8435 70
8436 44
8437 60
8438 10
8439 27
8440 22
8441 83
8442 0
8443 77
8444 0
8445 18
8446 31
8447 1
8448 6
8449 53
8450 64
8451 76
8452 20
8453 24
8454 69
8455 11
8456 37
8457 27
8458 8
8459 52
8460 33
8461 5
8462 54
8463 62
8464 72
8465 40
8466 5
8467 48
8468 34
8469 59
8470 16
8471 54
8472 27
8473 8
8474 25
8475 0
8476 1
8477 48
8478 6
8479 66
8480 17
8481 118
8482 8
8483 27
8484 7
8485 25
8486 45
8487 9
8488 48
8489 14
8490 65
8491 1
8492 56
8493 34
8494 23
8495 8
8496 30
8497 31
8498 31
8499 23
8500 67
8501 28
8502 0
8503 55
8504 67
8505 11
8506 0
8507 32
8508 69
8509 14
8510 74
8511 44
8512 33
8513 10
8514 79
8515 0
8516 27
8517 61
8518 17
8519 85
8520 35
8521 51
8522 37
8523 0
8524 25
8525 2
8526 9
8527 39
8528 12
8529 0
8530 8
8531 7
8532 76
8533 29
8534 12
8535 45
8536 20
8537 34
8538 1
8539 74
8540 11
8541 39
8542 58
8543 33
8544 25
8545 23
8546 40
8547 24
8548 10
8549 0
8550 5
8551 9
8552 42
8553 12
8554 35
8555 64
8556 1
8557 46
8558 35
8559 8
8560 10
8561 15
8562 12
8563 48
8564 25
8565 8
8566 6
8567 56
8568 12
8569 45
8570 1
8571 74
8572 5
8573 74
8574 7
8575 12
8576 12
8577 5
8578 31
8579 27
8580 14
8581 26
8582 74
8583 46
8584 0
8585 21
8586 6
8587 10
8588 5
8589 23
8590 2
8591 64
8592 41
8593 5
8594 10
8595 39
8596 14
8597 30
8598 54
8599 0
8600 6
8601 34
8602 8
8603 2
8604 13
8605 1
8606 43
8607 51
8608 55
8609 9
8610 59
8611 73
8612 12
8613 9
8614 72
8615 47
8616 8
8617 55
8618 18
8619 12
8620 9
8621 55
8622 51
8623 2
8624 81
8625 1
8626 65
8627 30
8628 50
8629 6
8630 25
8631 41
8632 2
8633 32
8634 26
8635 6
8636 10
8637 24
8638 11
8639 54
8640 45
8641 10
8642 1
8643 78
8644 12
8645 2
8646 37
8647 37
8648 25
8649 109
8650 27
8651 9
8652 46
8653 13
8654 2
8655 59
8656 32
8657 8
8658 34
8659 47
8660 5
8661 9
8662 25
8663 5
8664 40
8665 4
8666 37
8667 32
8668 3
8669 12
8670 14
8671 80
8672 39
8673 25
8674 41
8675 10
8676 31
8677 32
8678 34
8679 46
8680 25
8681 3
8682 18
8683 19
8684 3
8685 49
8686 4
8687 18
8688 5
8689 3
8690 8
8691 0
8692 19
8693 13
8694 14
8695 8
8696 77
8697 1
8698 13
8699 2
8700 24
8701 41
8702 40
8703 2
8704 43
8705 60
8706 42
8707 19
8708 34
8709 22
8710 41
8711 28
8712 3
8713 75
8714 46
8715 28
8716 26
8717 0
8718 22
8719 1
8720 2
8721 75
8722 33
8723 17
8724 47
8725 17
8726 21
8727 9
8728 34
8729 28
8730 8
8731 32
8732 31
8733 31
8734 17
8735 10
8736 12
8737 12
8738 2
8739 21
8740 34
8741 32
8742 71
8743 1
8744 22
8745 15
8746 3
8747 18
8748 14
8749 19
8750 29
8751 3
8752 22
8753 35
8754 59
8755 69
8756 60
8757 12
8758 17
8759 14
8760 22
8761 52
8762 3
8763 47
8764 11
8765 11
8766 28
8767 5
8768 22
8769 66
8770 21
8771 5
8772 1
8773 2
8774 5
8775 38
8776 4
8777 37
8778 7
8779 70
8780 4
8781 21
8782 24
8783 44
8784 24
8785 31
8786 46
8787 18
8788 22
8789 2
8790 31
8791 65
8792 8
8793 6
8794 13
8795 17
8796 19
8797 46
8798 0
8799 24
8800 17
8801 16
8802 45
8803 14
8804 72
8805 64
8806 38
8807 69
8808 57
8809 6
8810 82
8811 5
8812 4
8813 11
8814 3
8815 2
8816 8
8817 3
8818 12
8819 77
8820 40
8821 25
8822 14
8823 5
8824 51
8825 15
8826 2
8827 4
8828 0
8829 6
8830 24
8831 20
8832 50
8833 23
8834 8
8835 9
8836 41
8837 5
8838 9
8839 3
8840 52
8841 2
8842 24
8843 28
8844 6
8845 28
8846 6
8847 30
8848 1
8849 52
8850 2
8851 5
8852 0
8853 2
8854 43
8855 0
8856 54
8857 45
8858 5
8859 18
8860 1
8861 1
8862 36
8863 5
8864 26
8865 2
8866 21
8867 1
8868 1
8869 13
8870 1
8871 6
8872 26
8873 3
8874 3
8875 4
8876 13
8877 58
8878 5
8879 5
8880 9
8881 1
8882 9
8883 2
8884 58
8885 36
8886 31
8887 11
8888 32
8889 48
8890 8
8891 5
8892 55
8893 36
8894 0
8895 25
8896 3
8897 3
8898 64
8899 45
8900 12
8901 6
8902 16
8903 35
8904 6
8905 18
8906 0
8907 9
8908 4
8909 20
8910 3
8911 58
8912 1
8913 53
8914 9
8915 31
8916 14
8917 31
8918 25
8919 14
8920 6
8921 11
8922 0
8923 29
8924 2
8925 40
8926 2
8927 8
8928 18
8929 12
8930 58
8931 25
8932 25
8933 15
8934 36
8935 1
8936 37
8937 8
8938 36
8939 13
8940 20
8941 34
8942 15
8943 8
8944 11
8945 8
8946 12
8947 24
8948 9
8949 5
8950 12
8951 65
8952 14
8953 14
8954 2
8955 14
8956 14
8957 22
8958 8
8959 20
8960 0
8961 4
8962 12
8963 12
8964 12
8965 0
8966 65
8967 5
8968 24
8969 8
8970 44
8971 6
8972 16
8973 24
8974 14
8975 46
8976 4
8977 29
8978 20
8979 3
8980 11
8981 8
8982 48
8983 57
8984 11
8985 17
8986 20
8987 3
8988 2
8989 7
8990 0
8991 10
8992 3
8993 7
8994 23
8995 7
8996 6
8997 4
8998 66
8999 0
9000 5
9001 11
9002 5
9003 21
9004 14
9005 19
9006 48
9007 62
9008 30
9009 0
9010 61
9011 59
9012 7
9013 7
9014 27
9015 0
9016 1
9017 9
9018 2
9019 19
9020 39
9021 51
9022 21
9023 7
9024 16
9025 13
9026 27
9027 16
9028 2
9029 20
9030 5
9031 9
9032 10
9033 11
9034 24
9035 7
9036 2
9037 1
9038 7
9039 0
9040 28
9041 14
9042 40
9043 26
9044 4
9045 13
9046 30
9047 5
9048 50
9049 41
9050 18
9051 7
9052 17
9053 11
9054 9
9055 15
9056 17
9057 4
9058 42
9059 41
9060 11
9061 1
9062 18
9063 25
9064 10
9065 57
9066 6
9067 18
9068 9
9069 9
9070 0
9071 49
9072 7
9073 9
9074 6
9075 19
9076 20
9077 33
9078 2
9079 38
9080 4
9081 12
9082 9
9083 26
9084 6
9085 12
9086 28
9087 33
9088 12
9089 32
9090 50
9091 6
9092 36
9093 4
9094 27
9095 5
9096 8
9097 0
9098 19
9099 21
9100 13
9101 19
9102 17
9103 9
9104 19
9105 0
9106 1
9107 11
9108 57
9109 10
9110 32
9111 54
9112 36
9113 20
9114 25
9115 13
9116 21
9117 72
9118 6
9119 20
9120 6
9121 13
9122 12
9123 28
9124 57
9125 43
9126 19
9127 1
9128 16
9129 10
9130 16
9131 11
9132 6
9133 44
9134 9
9135 52
9136 55
9137 20
9138 2
9139 20
9140 19
9141 1
9142 2
9143 36
9144 37
9145 18
9146 42
9147 47
9148 24
9149 49
9150 44
9151 47
9152 1
9153 15
9154 0
9155 10
9156 46
9157 12
9158 25
9159 8
9160 3
9161 54
9162 1
9163 5
9164 0
9165 47
9166 27
9167 7
9168 4
9169 4
9170 9
9171 22
9172 20
9173 7
9174 68
9175 12
9176 4
9177 76
9178 13
9179 13
9180 19
9181 11
9182 16
9183 13
9184 12
9185 6
9186 47
9187 11
9188 23
9189 27
9190 21
9191 10
9192 30
9193 6
9194 7
9195 7
9196 9
9197 3
9198 3
9199 63
9200 13
9201 44
9202 9
9203 35
9204 65
9205 5
9206 0
9207 54
9208 24
9209 18
9210 16
9211 64
9212 17
9213 32
9214 11
9215 5
9216 0
9217 47
9218 54
9219 3
9220 42
9221 47
9222 63
9223 41
9224 15
9225 17
9226 52
9227 64
9228 3
9229 38
9230 32
9231 31
9232 21
9233 3
9234 47
9235 18
9236 19
9237 85
9238 36
9239 27
9240 66
9241 28
9242 15
9243 20
9244 47
9245 49
9246 28
9247 13
9248 0
9249 3
9250 25
9251 21
9252 44
9253 1
9254 0
9255 7
9256 4
9257 0
9258 34
9259 45
9260 9
9261 55
9262 41
9263 87
9264 1
9265 4
9266 12
9267 20
9268 30
9269 2
9270 62
9271 41
9272 15
9273 70
9274 5
9275 9
9276 7
9277 85
9278 32
9279 15
9280 16
9281 18
9282 26
9283 44
9284 18
9285 18
9286 2
9287 20
9288 40
9289 1
9290 4
9291 16
9292 1
9293 5
9294 50
9295 18
9296 22
9297 37
9298 7
9299 20
9300 35
9301 37
9302 1
9303 16
9304 0
9305 49
9306 7
9307 35
9308 0
9309 14
9310 5
9311 1
9312 43
9313 20
9314 14
9315 50
9316 5
9317 9
9318 7
9319 3
9320 9
9321 4
9322 32
9323 29
9324 21
9325 49
9326 42
9327 6
9328 6
9329 31
9330 5
9331 14
9332 42
9333 23
9334 2
9335 33
9336 2
9337 22
9338 48
9339 53
9340 51
9341 19
9342 0
9343 29
9344 50
9345 26
9346 1
9347 51
9348 0
9349 2
9350 47
9351 32
9352 29
9353 61
9354 4
9355 48
9356 60
9357 35
9358 65
9359 80
9360 6
9361 15
9362 5
9363 0
9364 58
9365 63
9366 25
9367 33
9368 23
9369 2
9370 32
9371 0
9372 4
9373 31
9374 8
9375 6
9376 32
9377 31
9378 9
9379 49
9380 6
9381 5
9382 21
9383 30
9384 32
9385 28
9386 8
9387 30
9388 0
9389 61
9390 35
9391 4
9392 30
9393 2
9394 23
9395 51
9396 0
9397 4
9398 7
9399 9
9400 2
9401 26
9402 37
9403 31
9404 50
9405 25
9406 0
9407 0
9408 50
9409 2
9410 2
9411 18
9412 16
9413 40
9414 7
9415 7
9416 6
9417 48
9418 1
9419 2
9420 2
9421 40
9422 5
9423 15
9424 48
9425 6
9426 23
9427 43
9428 25
9429 24
9430 17
9431 24
9432 3
9433 47
9434 55
9435 35
9436 36
9437 7
9438 7
9439 54
9440 0
9441 36
9442 20
9443 17
9444 6
9445 24
9446 33
9447 84
9448 6
9449 7
9450 48
9451 6
9452 32
9453 80
9454 16
9455 14
9456 44
9457 7
9458 60
9459 4
9460 26
9461 18
9462 24
9463 4
9464 53
9465 65
9466 4
9467 0
9468 8
9469 6
9470 25
9471 8
9472 4
9473 36
9474 8
9475 8
9476 49
9477 14
9478 27
9479 4
9480 6
9481 5
9482 3
9483 4
9484 24
9485 34
9486 21
9487 5
9488 63
9489 0
9490 40
9491 26
9492 18
9493 11
9494 7
9495 21
9496 56
9497 3
9498 26
9499 2
9500 6
9501 44
9502 7
9503 52
9504 8
9505 59
9506 55
9507 2
9508 25
9509 0
9510 17
9511 48
9512 2
9513 8
9514 42
9515 8
9516 72
9517 119
9518 40
9519 12
9520 5
9521 28
9522 10
9523 0
9524 6
9525 25
9526 56
9527 14
9528 7
9529 2
9530 23
9531 22
9532 7
9533 2
9534 35
9535 3
9536 3
9537 26
9538 17
9539 30
9540 33
9541 0
9542 33
9543 51
9544 81
9545 4
9546 55
9547 61
9548 46
9549 25
9550 2
9551 5
9552 12
9553 12
9554 30
9555 1
9556 8
9557 12
9558 41
9559 5
9560 39
9561 14
9562 45
9563 9
9564 34
9565 33
9566 30
9567 23
9568 11
9569 98
9570 34
9571 5
9572 44
9573 37
9574 12
9575 2
9576 3
9577 14
9578 5
9579 24
9580 9
9581 39
9582 10
9583 29
9584 12
9585 9
9586 9
9587 23
9588 48
9589 41
9590 0
9591 42
9592 30
9593 3
9594 60
9595 14
9596 31
9597 41
9598 41
9599 2
9600 20
9601 9
9602 33
9603 28
9604 12
9605 10
9606 78
9607 11
9608 10
9609 15
9610 61
9611 4
9612 9
9613 74
9614 38
9615 114
9616 7
9617 60
9618 6
9619 11
9620 26
9621 5
9622 43
9623 5
9624 41
9625 0
9626 26
9627 9
9628 7
9629 0
9630 42
9631 0
9632 10
9633 6
9634 26
9635 1
9636 14
9637 0
9638 58
9639 57
9640 22
9641 38
9642 26
9643 11
9644 1
9645 56
9646 11
9647 4
9648 41
9649 12
9650 7
9651 29
9652 13
9653 54
9654 33
9655 5
9656 13
9657 4
9658 47
9659 11
9660 19
9661 8
9662 85
9663 80
9664 59
9665 2
9666 2
9667 11
9668 59
9669 8
9670 69
9671 64
9672 9
9673 12
9674 45
9675 12
9676 30
9677 7
9678 22
9679 5
9680 9
9681 11
9682 30
9683 24
9684 13
9685 2
9686 60
9687 0
9688 28
9689 39
9690 1
9691 19
9692 4
9693 10
9694 42
9695 13
9696 7
9697 12
9698 1
9699 59
9700 10
9701 1
9702 47
9703 19
9704 12
9705 24
9706 76
9707 43
9708 2
9709 23
9710 48
9711 17
9712 80
9713 5
9714 25
9715 19
9716 22
9717 45
9718 28
9719 38
9720 8
9721 8
9722 37
9723 35
9724 17
9725 68
9726 22
9727 32
9728 35
9729 28
9730 27
9731 12
9732 27
9733 61
9734 36
9735 22
9736 68
9737 62
9738 70
9739 19
9740 22
9741 6
9742 1
9743 7
9744 38
9745 31
9746 35
9747 0
9748 3
9749 15
9750 14
9751 3
9752 21
9753 10
9754 49
9755 72
9756 0
9757 17
9758 41
9759 49
9760 43
9761 28
9762 35
9763 28
9764 15
9765 85
9766 4
9767 15
9768 1
9769 1
9770 0
9771 67
9772 1
9773 22
9774 9
9775 37
9776 34
9777 4
9778 27
9779 8
9780 15
9781 12
9782 0
9783 4
9784 44
9785 60
9786 2
9787 2
9788 50
9789 21
9790 32
9791 67
9792 0
9793 21
9794 17
9795 19
9796 11
9797 2
9798 8
9799 77
9800 72
9801 6
9802 7
9803 1
9804 0
9805 14
9806 3
9807 4
9808 8
9809 69
9810 35
9811 7
9812 49
9813 12
9814 55
9815 3
9816 38
9817 26
9818 18
9819 35
9820 6
9821 19
9822 43
9823 38
9824 34
9825 8
9826 14
9827 1
9828 29
9829 5
9830 61
9831 25
9832 7
9833 24
9834 14
9835 3
9836 50
9837 1
9838 23
9839 17
9840 2
9841 12
9842 6
9843 6
9844 9
9845 15
9846 7
9847 27
9848 8
9849 26
9850 19
9851 24
9852 9
9853 1
9854 10
9855 4
9856 29
9857 50
9858 51
9859 15
9860 18
9861 24
9862 5
9863 7
9864 23
9865 55
9866 19
9867 5
9868 60
9869 63
9870 32
9871 10
9872 33
9873 17
9874 5
9875 31
9876 38
9877 75
9878 16
9879 8
9880 9
9881 2
9882 11
9883 13
9884 1
9885 15
9886 13
9887 10
9888 10
9889 0
9890 13
9891 41
9892 0
9893 6
9894 13
9895 2
9896 18
9897 36
9898 11
9899 0
9900 12
9901 11
9902 11
9903 46
9904 8
9905 0
9906 51
9907 30
9908 12
9909 9
9910 12
9911 51
9912 2
9913 9
9914 24
9915 0
9916 7
9917 13
9918 13
9919 11
9920 2
9921 46
9922 7
9923 52
9924 10
9925 45
9926 7
9927 27
9928 13
9929 4
9930 45
9931 45
9932 2
9933 34
9934 11
9935 120
9936 51
9937 2
9938 55
9939 12
9940 72
9941 42
9942 0
9943 7
9944 5
9945 40
9946 0
9947 13
9948 0
9949 19
9950 5
9951 6
9952 4
9953 9
9954 13
9955 14
9956 21
9957 0
9958 48
9959 3
9960 46
9961 8
9962 10
9963 12
9964 29
9965 10
9966 15
9967 13
9968 0
9969 10
9970 5
9971 10
9972 30
9973 48
9974 9
9975 81
9976 14
9977 30
9978 4
9979 10
9980 3
9981 0
9982 31
9983 30
9984 9
9985 29
9986 29
9987 6
9988 14
9989 10
9990 8
9991 63
9992 34
9993 54
9994 17
9995 8
9996 15
9997 7
9998 1
9999 15
