0 37
1 28
2 2
3 21
4 73
5 3
6 29
7 53
8 72
9 113
10 72
11 46
12 0
13 37
14 28
15 31
16 50
17 28
18 26
19 7
20 14
21 72
22 27
23 17
24 5
25 41
26 8
27 19
28 63
29 28
30 29
31 27
32 16
33 56
34 26
35 20
36 44
37 31
38 37
39 44
40 36
41 48
42 35
43 6
44 3
45 60
46 14
47 26
48 5
49 16
50 74
51 43
52 0
53 69
54 37
55 49
56 59
57 82
58 79
59 37
60 66
61 75
62 35
63 24
64 18
65 17
66 41
67 40
68 15
69 40
70 3
71 24
72 43
73 73
74 15
75 28
76 67
77 69
78 23
79 44
80 38
81 6
82 65
83 65
84 52
85 45
86 67
87 4
88 14
89 2
90 35
91 40
92 26
93 70
94 31
95 49
96 31
97 70
98 21
99 20
100 103
101 22
102 12
103 12
104 19
105 17
106 42
107 2
108 66
109 21
110 5
111 54
112 38
113 28
114 14
115 41
116 37
117 22
118 42
119 40
120 6
121 40
122 40
123 107
124 68
125 39
126 80
127 3
128 12
129 54
130 27
131 19
132 9
133 36
134 23
135 58
136 29
137 13
138 26
139 60
140 22
141 22
142 39
143 0
144 41
145 51
146 0
147 31
148 25
149 42
150 28
151 57
152 85
153 19
154 14
155 13
156 26
157 63
158 63
159 17
160 50
161 31
162 31
163 121
164 17
165 23
166 43
167 48
168 58
169 71
170 49
171 44
172 23
173 17
174 77
175 62
176 46
177 19
178 48
179 50
180 7
181 31
182 20
183 43
184 87
185 0
186 54
187 42
188 22
189 47
190 18
191 50
192 21
193 15
194 42
195 57
196 49
197 17
198 57
199 11
200 51
201 71
202 22
203 19
204 25
205 49
206 86
207 29
208 46
209 1
210 12
211 23
212 23
213 36
214 33
215 1
216 49
217 55
218 20
219 43
220 25
221 33
222 63
223 25
224 16
225 19
226 56
227 1
228 27
229 27
230 36
231 29
232 70
233 64
234 39
235 56
236 19
237 56
238 81
239 35
240 29
241 32
242 51
243 43
244 68
245 63
246 4
247 16
248 22
249 41
250 4
251 76
252 18
253 23
254 16
255 81
256 21
257 21
258 31
259 22
260 36
261 24
262 22
263 19
264 2
265 25
266 5
267 52
268 34
269 33
270 32
271 1
272 58
273 48
274 19
275 23
276 34
277 5
278 29
279 29
280 53
281 7
282 23
283 47
284 14
285 68
286 68
287 34
288 68
289 71
290 23
291 40
292 24
293 21
294 30
295 62
296 15
297 51
298 52
299 24
300 27
301 12
302 24
303 24
304 32
305 7
306 22
307 73
308 7
309 11
310 46
311 107
312 39
313 1
314 50
315 33
316 8
317 41
318 26
319 14
320 22
321 53
322 50
323 59
324 21
325 23
326 80
327 54
328 95
329 52
330 14
331 32
332 34
333 49
334 41
335 22
336 5
337 0
338 17
339 39
340 14
341 45
342 9
343 14
344 28
345 9
346 38
347 26
348 6
349 34
350 0
351 23
352 9
353 14
354 1
355 80
356 14
357 82
358 24
359 31
360 5
361 9
362 54
363 67
364 14
365 51
366 36
367 5
368 34
369 3
370 60
371 76
372 50
373 76
374 8
375 23
376 52
377 10
378 1
379 1
380 66
381 24
382 14
383 38
384 10
385 24
386 7
387 34
388 52
389 30
390 27
391 1
392 22
393 32
394 29
395 43
396 23
397 24
398 38
399 12
400 33
401 7
402 108
403 46
404 6
405 19
406 24
407 22
408 19
409 20
410 32
411 9
412 13
413 60
414 34
415 48
416 48
417 35
418 14
419 9
420 48
421 28
422 7
423 71
424 1
425 50
426 0
427 29
428 41
429 55
430 33
431 51
432 55
433 39
434 58
435 64
436 55
437 48
438 8
439 12
440 57
441 39
442 11
443 9
444 11
445 41
446 12
447 39
448 70
449 53
450 53
451 31
452 73
453 12
454 62
455 33
456 10
457 37
458 14
459 133
460 39
461 5
462 0
463 1
464 26
465 28
466 45
467 55
468 5
469 37
470 31
471 44
472 2
473 17
474 48
475 2
476 40
477 45
478 11
479 33
480 64
481 43
482 98
483 17
484 33
485 12
486 45
487 33
488 0
489 28
490 38
491 2
492 45
493 42
494 61
495 8
496 12
497 10
498 42
499 1
500 7
501 40
502 13
503 8
504 34
505 2
506 106
507 9
508 21
509 15
510 2
511 54
512 73
513 0
514 51
515 87
516 31
517 9
518 97
519 9
520 17
521 48
522 15
523 11
524 9
525 2
526 23
527 4
528 0
529 18
530 13
531 11
532 30
533 32
534 14
535 16
536 44
537 66
538 53
539 16
540 1
541 16
542 79
543 49
544 29
545 46
546 37
547 12
548 17
549 74
550 48
551 7
552 12
553 58
554 12
555 28
556 61
557 2
558 97
559 16
560 2
561 11
562 18
563 65
564 2
565 76
566 40
567 65
568 4
569 48
570 21
571 56
572 36
573 123
574 46
575 1
576 35
577 106
578 101
579 52
580 67
581 34
582 8
583 28
584 60
585 10
586 69
587 3
588 71
589 14
590 39
591 2
592 0
593 68
594 4
595 50
596 41
597 22
598 20
599 93
600 1
601 120
602 107
603 25
604 43
605 47
606 22
607 67
608 35
609 45
610 22
611 141
612 55
613 22
614 15
615 49
616 5
617 8
618 7
619 84
620 46
621 9
622 7
623 53
624 23
625 17
626 20
627 5
628 97
629 38
630 56
631 4
632 36
633 11
634 47
635 31
636 90
637 25
638 17
639 15
640 13
641 31
642 9
643 7
644 62
645 59
646 35
647 20
648 50
649 25
650 2
651 30
652 5
653 20
654 9
655 8
656 30
657 34
658 7
659 44
660 15
661 36
662 22
663 26
664 25
665 58
666 90
667 9
668 12
669 9
670 41
671 9
672 38
673 2
674 110
675 5
676 60
677 10
678 45
679 0
680 70
681 18
682 48
683 32
684 28
685 5
686 62
687 25
688 48
689 26
690 2
691 36
692 20
693 11
694 9
695 50
696 31
697 75
698 13
699 22
700 9
701 53
702 66
703 32
704 76
705 22
706 12
707 14
708 50
709 22
710 30
711 37
712 47
713 2
714 10
715 4
716 7
717 1
718 32
719 41
720 22
721 13
722 29
723 2
724 41
725 39
726 17
727 32
728 7
729 28
730 10
731 21
732 27
733 7
734 90
735 28
736 22
737 32
738 2
739 84
740 11
741 10
742 46
743 32
744 70
745 81
746 36
747 3
748 6
749 69
750 37
751 103
752 12
753 45
754 11
755 14
756 6
757 29
758 22
759 2
760 4
761 34
762 11
763 47
764 4
765 6
766 50
767 20
768 4
769 86
770 48
771 64
772 1
773 12
774 11
775 43
776 41
777 3
778 69
779 41
780 28
781 15
782 16
783 1
784 52
785 33
786 10
787 15
788 29
789 7
790 27
791 24
792 4
793 94
794 29
795 46
796 30
797 24
798 27
799 26
800 5
801 24
802 5
803 85
804 8
805 8
806 38
807 2
808 33
809 9
810 11
811 15
812 1
813 3
814 10
815 36
816 16
817 9
818 19
819 33
820 18
821 6
822 25
823 6
824 66
825 39
826 24
827 0
828 27
829 26
830 43
831 1
832 17
833 3
834 63
835 0
836 11
837 35
838 51
839 47
840 145
841 13
842 84
843 20
844 60
845 18
846 12
847 82
848 68
849 73
850 27
851 23
852 35
853 28
854 22
855 27
856 11
857 21
858 110
859 20
860 0
861 59
862 32
863 30
864 4
865 20
866 14
867 11
868 1
869 18
870 22
871 13
872 22
873 26
874 1
875 13
876 11
877 5
878 65
879 22
880 19
881 11
882 73
883 35
884 14
885 2
886 68
887 14
888 33
889 26
890 21
891 19
892 12
893 57
894 4
895 2
896 21
897 9
898 24
899 10
900 0
901 29
902 102
903 63
904 74
905 53
906 22
907 2
908 21
909 24
910 94
911 53
912 38
913 17
914 15
915 10
916 30
917 4
918 24
919 11
920 2
921 16
922 5
923 10
924 111
925 52
926 3
927 67
928 23
929 76
930 46
931 28
932 4
933 17
934 56
935 63
936 5
937 25
938 10
939 3
940 35
941 19
942 3
943 4
944 20
945 3
946 54
947 23
948 0
949 16
950 10
951 6
952 24
953 31
954 70
955 5
956 11
957 1
958 1
959 57
960 7
961 17
962 1
963 40
964 20
965 9
966 17
967 32
968 0
969 13
970 30
971 18
972 104
973 37
974 9
975 0
976 75
977 26
978 3
979 29
980 37
981 21
982 5
983 33
984 9
985 47
986 151
987 5
988 39
989 39
990 27
991 30
992 19
993 16
994 12
995 3
996 11
997 55
998 11
999 0
1000 3
1001 4
1002 56
1003 93
1004 104
1005 58
1006 89
1007 21
1008 51
1009 45
1010 7
1011 29
1012 16
1013 10
1014 29
1015 90
1016 19
1017 9
1018 65
1019 3
1020 39
1021 47
1022 24
1023 43
1024 15
1025 20
1026 16
1027 10
1028 25
1029 15
1030 45
1031 13
1032 21
1033 49
1034 15
1035 47
1036 12
1037 93
1038 19
1039 12
1040 1
1041 27
1042 2
1043 29
1044 37
1045 1
1046 19
1047 19
1048 31
1049 64
1050 66
1051 21
1052 29
1053 69
1054 12
1055 20
1056 52
1057 22
1058 27
1059 38
1060 83
1061 24
1062 110
1063 9
1064 31
1065 45
1066 14
1067 45
1068 0
1069 21
1070 1
1071 38
1072 44
1073 12
1074 14
1075 98
1076 16
1077 42
1078 35
1079 32
1080 21
1081 0
1082 61
1083 19
1084 105
1085 56
1086 41
1087 73
1088 59
1089 75
1090 77
1091 4
1092 8
1093 53
1094 50
1095 49
1096 24
1097 26
1098 5
1099 2
1100 14
1101 59
1102 18
1103 49
1104 17
1105 89
1106 1
1107 19
1108 22
1109 11
1110 28
1111 0
1112 27
1113 13
1114 37
1115 17
1116 18
1117 7
1118 1
1119 8
1120 22
1121 15
1122 1
1123 103
1124 49
1125 23
1126 7
1127 41
1128 21
1129 27
1130 8
1131 6
1132 1
1133 22
1134 36
1135 14
1136 19
1137 3
1138 0
1139 67
1140 17
1141 2
1142 5
1143 27
1144 44
1145 2
1146 4
1147 5
1148 2
1149 29
1150 16
1151 19
1152 29
1153 25
1154 25
1155 1
1156 87
1157 45
1158 17
1159 66
1160 66
1161 40
1162 108
1163 36
1164 2
1165 9
1166 0
1167 23
1168 9
1169 22
1170 16
1171 7
1172 64
1173 48
1174 15
1175 9
1176 50
1177 22
1178 12
1179 26
1180 30
1181 58
1182 14
1183 57
1184 17
1185 0
1186 8
1187 0
1188 26
1189 2
1190 24
1191 20
1192 12
1193 46
1194 26
1195 6
1196 5
1197 27
1198 49
1199 16
1200 7
1201 48
1202 32
1203 57
1204 14
1205 19
1206 23
1207 30
1208 46
1209 47
1210 5
1211 31
1212 23
1213 56
1214 20
1215 75
1216 2
1217 6
1218 47
1219 17
1220 36
1221 33
1222 3
1223 21
1224 73
1225 64
1226 49
1227 39
1228 33
1229 4
1230 32
1231 0
1232 45
1233 14
1234 14
1235 12
1236 7
1237 6
1238 43
1239 58
1240 82
1241 15
1242 73
1243 3
1244 5
1245 14
1246 8
1247 32
1248 56
1249 17
1250 4
1251 1
1252 70
1253 68
1254 46
1255 8
1256 56
1257 25
1258 64
1259 51
1260 33
1261 40
1262 44
1263 25
1264 0
1265 70
1266 3
1267 33
1268 26
1269 16
1270 25
1271 75
1272 3
1273 16
1274 23
1275 22
1276 7
1277 3
1278 3
1279 14
1280 14
1281 17
1282 1
1283 74
1284 4
1285 7
1286 27
1287 18
1288 72
1289 33
1290 14
1291 16
1292 156
1293 26
1294 27
1295 22
1296 30
1297 5
1298 23
1299 34
1300 47
1301 33
1302 4
1303 0
1304 36
1305 45
1306 76
1307 10
1308 51
1309 19
1310 52
1311 66
1312 4
1313 36
1314 35
1315 1
1316 14
1317 35
1318 5
1319 34
1320 68
1321 22
1322 19
1323 56
1324 10
1325 94
1326 7
1327 10
1328 62
1329 1
1330 8
1331 25
1332 27
1333 54
1334 47
1335 5
1336 4
1337 39
1338 3
1339 10
1340 10
1341 43
1342 33
1343 28
1344 10
1345 73
1346 34
1347 94
1348 36
1349 28
1350 25
1351 7
1352 13
1353 2
1354 4
1355 25
1356 21
1357 89
1358 10
1359 0
1360 27
1361 1
1362 27
1363 55
1364 23
1365 13
1366 17
1367 52
1368 1
1369 5
1370 40
1371 25
1372 10
1373 4
1374 26
1375 5
1376 37
1377 60
1378 23
1379 13
1380 10
1381 39
1382 26
1383 5
1384 3
1385 38
1386 9
1387 89
1388 4
1389 34
1390 7
1391 99
1392 157
1393 46
1394 2
1395 27
1396 37
1397 63
1398 67
1399 2
1400 39
1401 24
1402 88
1403 48
1404 15
1405 23
1406 44
1407 4
1408 30
1409 37
1410 29
1411 7
1412 0
1413 87
1414 43
1415 23
1416 9
1417 49
1418 46
1419 63
1420 29
1421 21
1422 27
1423 33
1424 44
1425 14
1426 101
1427 6
1428 28
1429 27
1430 11
1431 11
1432 0
1433 44
1434 34
1435 5
1436 48
1437 55
1438 80
1439 47
1440 37
1441 87
1442 4
1443 56
1444 9
1445 8
1446 5
1447 42
1448 46
1449 3
1450 32
1451 7
1452 13
1453 6
1454 2
1455 34
1456 34
1457 8
1458 3
1459 27
1460 48
1461 21
1462 33
1463 1
1464 24
1465 22
1466 14
1467 87
1468 39
1469 72
1470 5
1471 0
1472 32
1473 48
1474 1
1475 67
1476 48
1477 6
1478 50
1479 3
1480 13
1481 54
1482 25
1483 99
1484 58
1485 6
1486 4
1487 17
1488 0
1489 93
1490 10
1491 5
1492 4
1493 0
1494 50
1495 71
1496 77
1497 11
1498 45
1499 72
1500 15
1501 55
1502 101
1503 34
1504 32
1505 18
1506 53
1507 64
1508 10
1509 2
1510 84
1511 5
1512 13
1513 30
1514 31
1515 6
1516 6
1517 19
1518 11
1519 1
1520 10
1521 8
1522 14
1523 42
1524 13
1525 10
1526 22
1527 64
1528 51
1529 12
1530 7
1531 15
1532 17
1533 23
1534 90
1535 65
1536 35
1537 85
1538 3
1539 14
1540 27
1541 17
1542 16
1543 56
1544 61
1545 17
1546 45
1547 23
1548 1
1549 28
1550 58
1551 49
1552 135
1553 0
1554 38
1555 10
1556 66
1557 55
1558 49
1559 69
1560 2
1561 59
1562 38
1563 59
1564 1
1565 12
1566 62
1567 41
1568 55
1569 37
1570 24
1571 12
1572 10
1573 61
1574 7
1575 43
1576 66
1577 18
1578 66
1579 44
1580 14
1581 1
1582 16
1583 6
1584 16
1585 15
1586 70
1587 3
1588 21
1589 18
1590 4
1591 37
1592 0
1593 6
1594 29
1595 47
1596 17
1597 9
1598 2
1599 15
1600 38
1601 14
1602 4
1603 15
1604 11
1605 8
1606 46
1607 0
1608 14
1609 45
1610 32
1611 1
1612 0
1613 7
1614 86
1615 25
1616 24
1617 3
1618 7
1619 91
1620 44
1621 15
1622 17
1623 0
1624 21
1625 34
1626 17
1627 4
1628 15
1629 3
1630 0
1631 27
1632 41
1633 24
1634 48
1635 45
1636 8
1637 96
1638 46
1639 37
1640 42
1641 23
1642 6
1643 1
1644 14
1645 102
1646 106
1647 0
1648 1
1649 17
1650 59
1651 57
1652 74
1653 3
1654 98
1655 64
1656 4
1657 6
1658 24
1659 44
1660 5
1661 14
1662 47
1663 5
1664 24
1665 3
1666 13
1667 14
1668 47
1669 8
1670 88
1671 14
1672 38
1673 41
1674 25
1675 83
1676 35
1677 9
1678 30
1679 26
1680 17
1681 2
1682 4
1683 6
1684 12
1685 30
1686 0
1687 40
1688 25
1689 8
1690 32
1691 22
1692 41
1693 2
1694 30
1695 44
1696 0
1697 65
1698 7
1699 6
1700 2
1701 116
1702 49
1703 20
1704 12
1705 1
1706 4
1707 12
1708 48
1709 4
1710 1
1711 0
1712 30
1713 9
1714 122
1715 5
1716 40
1717 21
1718 25
1719 28
1720 64
1721 37
1722 7
1723 37
1724 11
1725 2
1726 8
1727 11
1728 5
1729 3
1730 0
1731 26
1732 0
1733 29
1734 21
1735 46
1736 1
1737 30
1738 64
1739 22
1740 6
1741 21
1742 49
1743 17
1744 23
1745 38
1746 22
1747 12
1748 11
1749 12
1750 0
1751 1
1752 43
1753 14
1754 8
1755 28
1756 129
1757 12
1758 33
1759 51
1760 8
1761 4
1762 7
1763 5
1764 30
1765 30
1766 42
1767 81
1768 18
1769 0
1770 64
1771 78
1772 30
1773 16
1774 23
1775 4
1776 26
1777 10
1778 2
1779 1
1780 16
1781 65
1782 14
1783 4
1784 6
1785 74
1786 54
1787 59
1788 10
1789 12
1790 6
1791 21
1792 3
1793 13
1794 24
1795 104
1796 5
1797 25
1798 1
1799 1
1800 20
1801 30
1802 14
1803 10
1804 27
1805 6
1806 55
1807 18
1808 0
1809 58
1810 0
1811 22
1812 2
1813 94
1814 16
1815 50
1816 11
1817 28
1818 28
1819 1
1820 4
1821 33
1822 10
1823 6
1824 12
1825 0
1826 6
1827 35
1828 30
1829 0
1830 14
1831 109
1832 20
1833 25
1834 18
1835 13
1836 11
1837 25
1838 8
1839 6
1840 16
1841 85
1842 27
1843 29
1844 91
1845 20
1846 18
1847 27
1848 2
1849 14
1850 39
1851 1
1852 51
1853 0
1854 4
1855 18
1856 8
1857 35
1858 9
1859 7
1860 53
1861 33
1862 23
1863 8
1864 2
1865 9
1866 61
1867 50
1868 5
1869 2
1870 34
1871 20
1872 26
1873 28
1874 15
1875 11
1876 2
1877 11
1878 15
1879 43
1880 6
1881 7
1882 9
1883 6
1884 28
1885 11
1886 5
1887 0
1888 12
1889 16
1890 34
1891 47
1892 77
1893 5
1894 18
1895 6
1896 41
1897 10
1898 51
1899 70
1900 8
1901 24
1902 24
1903 26
1904 0
1905 6
1906 16
1907 11
1908 26
1909 83
1910 9
1911 36
1912 13
1913 54
1914 60
1915 28
1916 10
1917 78
1918 8
1919 4
1920 1
1921 29
1922 1
1923 20
1924 0
1925 32
1926 22
1927 44
1928 17
1929 23
1930 3
1931 24
1932 32
1933 0
1934 6
1935 20
1936 1
1937 4
1938 10
1939 19
1940 39
1941 8
1942 24
1943 10
1944 13
1945 10
1946 8
1947 8
1948 11
1949 9
1950 34
1951 14
1952 18
1953 56
1954 18
1955 34
1956 10
1957 11
1958 10
1959 7
1960 58
1961 15
1962 21
1963 17
1964 10
1965 5
1966 67
1967 8
1968 21
1969 15
1970 13
1971 1
1972 34
1973 36
1974 6
1975 13
1976 8
1977 35
1978 9
1979 35
1980 10
1981 39
1982 52
1983 13
1984 20
1985 5
1986 18
1987 31
1988 17
1989 5
1990 1
1991 30
1992 1
1993 17
1994 15
1995 64
1996 24
1997 1
1998 16
1999 19
2000 17
2001 31
2002 20
2003 17
2004 0
2005 34
2006 82
2007 45
2008 11
2009 56
2010 57
2011 8
2012 93
2013 21
2014 3
2015 77
2016 0
2017 12
2018 45
2019 9
2020 16
2021 2
2022 31
2023 6
2024 29
2025 3
2026 13
2027 12
2028 9
2029 29
2030 70
2031 0
2032 16
2033 7
2034 15
2035 10
2036 44
2037 2
2038 17
2039 18
2040 15
2041 37
2042 10
2043 7
2044 2
2045 2
2046 65
2047 26
2048 62
2049 45
2050 4
2051 13
2052 37
2053 16
2054 18
2055 11
2056 68
2057 25
2058 32
2059 11
2060 18
2061 59
2062 93
2063 14
2064 62
2065 8
2066 10
2067 47
2068 24
2069 30
2070 15
2071 17
2072 52
2073 54
2074 19
2075 59
2076 69
2077 13
2078 19
2079 76
2080 34
2081 70
2082 31
2083 17
2084 19
2085 14
2086 11
2087 52
2088 17
2089 7
2090 31
2091 49
2092 68
2093 76
2094 18
2095 18
2096 6
2097 39
2098 3
2099 103
2100 48
2101 0
2102 68
2103 56
2104 83
2105 12
2106 89
2107 100
2108 18
2109 12
2110 77
2111 16
2112 20
2113 14
2114 82
2115 23
2116 21
2117 31
2118 31
2119 21
2120 25
2121 28
2122 21
2123 20
2124 53
2125 28
2126 17
2127 6
2128 64
2129 7
2130 21
2131 55
2132 9
2133 19
2134 49
2135 28
2136 60
2137 53
2138 35
2139 78
2140 60
2141 16
2142 20
2143 19
2144 9
2145 43
2146 102
2147 31
2148 23
2149 18
2150 44
2151 35
2152 23
2153 25
2154 22
2155 23
2156 0
2157 22
2158 62
2159 12
2160 14
2161 21
2162 75
2163 33
2164 46
2165 57
2166 60
2167 12
2168 10
2169 37
2170 15
2171 10
2172 14
2173 53
2174 19
2175 49
2176 22
2177 22
2178 0
2179 81
2180 69
2181 42
2182 0
2183 40
2184 60
2185 22
2186 25
2187 78
2188 66
2189 21
2190 10
2191 20
2192 41
2193 18
2194 30
2195 18
2196 62
2197 111
2198 50
2199 47
2200 22
2201 87
2202 26
2203 66
2204 22
2205 17
2206 2
2207 29
2208 47
2209 22
2210 22
2211 109
2212 30
2213 48
2214 77
2215 40
2216 53
2217 98
2218 2
2219 3
2220 42
2221 59
2222 81
2223 66
2224 26
2225 29
2226 22
2227 83
2228 11
2229 4
2230 45
2231 46
2232 17
2233 0
2234 97
2235 47
2236 4
2237 54
2238 95
2239 21
2240 36
2241 41
2242 36
2243 25
2244 75
2245 23
2246 84
2247 45
2248 101
2249 85
2250 26
2251 26
2252 46
2253 52
2254 106
2255 35
2256 82
2257 43
2258 23
2259 30
2260 33
2261 25
2262 1
2263 85
2264 0
2265 14
2266 69
2267 47
2268 110
2269 28
2270 92
2271 14
2272 25
2273 72
2274 50
2275 32
2276 71
2277 18
2278 9
2279 21
2280 86
2281 63
2282 27
2283 71
2284 56
2285 23
2286 1
2287 16
2288 164
2289 53
2290 30
2291 29
2292 2
2293 55
2294 1
2295 66
2296 14
2297 58
2298 61
2299 56
2300 92
2301 27
2302 24
2303 107
2304 55
2305 22
2306 24
2307 70
2308 19
2309 92
2310 41
2311 94
2312 0
2313 63
2314 57
2315 11
2316 5
2317 0
2318 6
2319 21
2320 90
2321 66
2322 68
2323 61
2324 66
2325 61
2326 25
2327 5
2328 44
2329 23
2330 29
2331 6
2332 99
2333 57
2334 27
2335 36
2336 10
2337 96
2338 22
2339 32
2340 54
2341 30
2342 77
2343 44
2344 15
2345 5
2346 0
2347 27
2348 50
2349 14
2350 88
2351 59
2352 30
2353 61
2354 30
2355 14
2356 7
2357 43
2358 8
2359 7
2360 97
2361 35
2362 12
2363 30
2364 33
2365 19
2366 27
2367 73
2368 23
2369 34
2370 48
2371 7
2372 13
2373 28
2374 14
2375 29
2376 79
2377 7
2378 44
2379 50
2380 67
2381 39
2382 9
2383 47
2384 0
2385 32
2386 39
2387 70
2388 0
2389 14
2390 40
2391 1
2392 61
2393 33
2394 8
2395 8
2396 78
2397 8
2398 10
2399 37
2400 86
2401 52
2402 1
2403 38
2404 7
2405 7
2406 102
2407 8
2408 1
2409 21
2410 0
2411 36
2412 8
2413 30
2414 56
2415 21
2416 25
2417 22
2418 0
2419 10
2420 5
2421 84
2422 14
2423 47
2424 29
2425 8
2426 46
2427 28
2428 35
2429 39
2430 10
2431 41
2432 8
2433 0
2434 57
2435 9
2436 61
2437 17
2438 26
2439 83
2440 19
2441 26
2442 19
2443 21
2444 11
2445 37
2446 7
2447 1
2448 24
2449 23
2450 20
2451 37
2452 44
2453 5
2454 14
2455 25
2456 17
2457 23
2458 0
2459 3
2460 22
2461 8
2462 79
2463 0
2464 22
2465 10
2466 48
2467 25
2468 43
2469 26
2470 56
2471 24
2472 55
2473 46
2474 6
2475 64
2476 30
2477 57
2478 35
2479 8
2480 28
2481 95
2482 57
2483 11
2484 4
2485 44
2486 96
2487 63
2488 0
2489 12
2490 10
2491 32
2492 7
2493 11
2494 17
2495 12
2496 63
2497 10
2498 0
2499 5
2500 2
2501 27
2502 17
2503 0
2504 40
2505 10
2506 10
2507 17
2508 23
2509 26
2510 37
2511 87
2512 87
2513 43
2514 15
2515 57
2516 27
2517 25
2518 32
2519 43
2520 12
2521 12
2522 40
2523 8
2524 3
2525 37
2526 9
2527 21
2528 22
2529 53
2530 37
2531 16
2532 29
2533 15
2534 18
2535 9
2536 2
2537 31
2538 2
2539 16
2540 10
2541 92
2542 0
2543 0
2544 57
2545 76
2546 32
2547 13
2548 18
2549 27
2550 12
2551 9
2552 5
2553 3
2554 28
2555 18
2556 2
2557 33
2558 4
2559 49
2560 61
2561 44
2562 43
2563 76
2564 17
2565 27
2566 34
2567 71
2568 38
2569 39
2570 24
2571 12
2572 81
2573 38
2574 78
2575 46
2576 15
2577 25
2578 32
2579 73
2580 34
2581 8
2582 0
2583 69
2584 14
2585 62
2586 18
2587 85
2588 26
2589 11
2590 3
2591 2
2592 18
2593 72
2594 0
2595 2
2596 48
2597 58
2598 56
2599 15
2600 33
2601 68
2602 17
2603 56
2604 37
2605 41
2606 28
2607 18
2608 17
2609 3
2610 57
2611 150
2612 57
2613 20
2614 0
2615 5
2616 7
2617 14
2618 4
2619 31
2620 2
2621 50
2622 38
2623 1
2624 17
2625 65
2626 4
2627 1
2628 39
2629 46
2630 71
2631 40
2632 11
2633 16
2634 165
2635 18
2636 71
2637 16
2638 3
2639 91
2640 4
2641 9
2642 59
2643 40
2644 9
2645 28
2646 53
2647 48
2648 1
2649 45
2650 25
2651 69
2652 3
2653 67
2654 99
2655 18
2656 54
2657 4
2658 64
2659 23
2660 59
2661 2
2662 44
2663 44
2664 32
2665 1
2666 60
2667 30
2668 44
2669 2
2670 42
2671 77
2672 18
2673 34
2674 61
2675 39
2676 78
2677 12
2678 25
2679 20
2680 8
2681 29
2682 15
2683 30
2684 9
2685 63
2686 9
2687 50
2688 14
2689 5
2690 17
2691 5
2692 30
2693 26
2694 4
2695 25
2696 25
2697 100
2698 0
2699 9
2700 14
2701 100
2702 23
2703 0
2704 4
2705 12
2706 9
2707 10
2708 7
2709 21
2710 59
2711 42
2712 23
2713 111
2714 26
2715 38
2716 83
2717 3
2718 1
2719 32
2720 2
2721 67
2722 7
2723 8
2724 22
2725 0
2726 44
2727 47
2728 42
2729 2
2730 23
2731 21
2732 58
2733 32
2734 58
2735 41
2736 50
2737 16
2738 16
2739 7
2740 9
2741 2
2742 49
2743 7
2744 40
2745 1
2746 31
2747 42
2748 56
2749 5
2750 5
2751 8
2752 0
2753 43
2754 7
2755 91
2756 70
2757 9
2758 60
2759 71
2760 50
2761 26
2762 7
2763 9
2764 10
2765 4
2766 12
2767 43
2768 55
2769 38
2770 7
2771 36
2772 30
2773 71
2774 10
2775 103
2776 9
2777 10
2778 9
2779 0
2780 32
2781 11
2782 12
2783 23
2784 10
2785 3
2786 28
2787 86
2788 9
2789 0
2790 30
2791 16
2792 16
2793 52
2794 46
2795 52
2796 21
2797 32
2798 97
2799 17
2800 20
2801 83
2802 24
2803 65
2804 9
2805 34
2806 4
2807 0
2808 0
2809 10
2810 6
2811 4
2812 1
2813 55
2814 9
2815 28
2816 12
2817 34
2818 10
2819 64
2820 10
2821 1
2822 88
2823 50
2824 13
2825 2
2826 10
2827 18
2828 13
2829 51
2830 17
2831 59
2832 55
2833 12
2834 13
2835 5
2836 68
2837 4
2838 10
2839 18
2840 32
2841 24
2842 51
2843 15
2844 2
2845 8
2846 20
2847 13
2848 12
2849 22
2850 79
2851 9
2852 15
2853 32
2854 6
2855 5
2856 4
2857 0
2858 24
2859 21
2860 35
2861 23
2862 3
2863 10
2864 35
2865 44
2866 98
2867 51
2868 33
2869 38
2870 14
2871 14
2872 59
2873 43
2874 13
2875 15
2876 27
2877 31
2878 25
2879 67
2880 13
2881 0
2882 21
2883 22
2884 4
2885 106
2886 0
2887 0
2888 20
2889 4
2890 65
2891 18
2892 13
2893 10
2894 54
2895 4
2896 18
2897 35
2898 7
2899 10
2900 14
2901 12
2902 11
2903 22
2904 3
2905 0
2906 53
2907 29
2908 7
2909 6
2910 12
2911 2
2912 19
2913 39
2914 12
2915 19
2916 14
2917 21
2918 30
2919 8
2920 10
2921 24
2922 2
2923 13
2924 12
2925 11
2926 17
2927 17
2928 66
2929 76
2930 6
2931 28
2932 5
2933 17
2934 11
2935 24
2936 19
2937 9
2938 3
2939 21
2940 11
2941 45
2942 20
2943 6
2944 5
2945 1
2946 33
2947 95
2948 84
2949 15
2950 4
2951 19
2952 21
2953 16
2954 29
2955 7
2956 9
2957 9
2958 7
2959 7
2960 18
2961 19
2962 71
2963 37
2964 55
2965 12
2966 5
2967 17
2968 12
2969 19
2970 23
2971 16
2972 50
2973 16
2974 25
2975 44
2976 5
2977 11
2978 49
2979 99
2980 11
2981 12
2982 15
2983 35
2984 16
2985 2
2986 38
2987 42
2988 20
2989 4
2990 17
2991 7
2992 20
2993 3
2994 4
2995 7
2996 63
2997 3
2998 32
2999 11
3000 18
3001 21
3002 56
3003 2
3004 2
3005 12
3006 5
3007 8
3008 5
3009 52
3010 6
3011 19
3012 21
3013 7
3014 29
3015 34
3016 12
3017 1
3018 3
3019 21
3020 17
3021 28
3022 55
3023 10
3024 15
3025 2
3026 10
3027 21
3028 7
3029 21
3030 54
3031 8
3032 13
3033 26
3034 76
3035 24
3036 18
3037 4
3038 18
3039 55
3040 8
3041 29
3042 2
3043 4
3044 16
3045 5
3046 12
3047 48
3048 40
3049 40
3050 8
3051 19
3052 16
3053 34
3054 10
3055 11
3056 42
3057 11
3058 16
3059 15
3060 7
3061 21
3062 8
3063 4
3064 20
3065 1
3066 51
3067 16
3068 15
3069 65
3070 40
3071 1
3072 58
3073 28
3074 42
3075 72
3076 1
3077 76
3078 9
3079 57
3080 88
3081 49
3082 0
3083 21
3084 40
3085 16
3086 15
3087 44
3088 69
3089 5
3090 1
3091 51
3092 45
3093 0
3094 31
3095 38
3096 0
3097 23
3098 13
3099 49
3100 38
3101 41
3102 31
3103 4
3104 93
3105 7
3106 49
3107 62
3108 1
3109 4
3110 55
3111 61
3112 28
3113 4
3114 13
3115 2
3116 0
3117 4
3118 23
3119 7
3120 0
3121 3
3122 10
3123 19
3124 9
3125 6
3126 3
3127 2
3128 1
3129 22
3130 41
3131 3
3132 15
3133 2
3134 6
3135 16
3136 48
3137 59
3138 79
3139 19
3140 68
3141 66
3142 56
3143 9
3144 43
3145 14
3146 3
3147 24
3148 21
3149 50
3150 89
3151 84
3152 55
3153 53
3154 89
3155 2
3156 25
3157 20
3158 23
3159 4
3160 11
3161 15
3162 14
3163 4
3164 5
3165 12
3166 75
3167 6
3168 49
3169 67
3170 10
3171 29
3172 59
3173 33
3174 6
3175 6
3176 36
3177 8
3178 8
3179 41
3180 8
3181 1
3182 36
3183 17
3184 7
3185 13
3186 5
3187 16
3188 1
3189 20
3190 36
3191 19
3192 52
3193 27
3194 8
3195 15
3196 49
3197 3
3198 86
3199 1
3200 6
3201 78
3202 45
3203 4
3204 92
3205 2
3206 3
3207 44
3208 9
3209 57
3210 76
3211 38
3212 44
3213 26
3214 47
3215 105
3216 15
3217 16
3218 22
3219 18
3220 0
3221 49
3222 79
3223 19
3224 36
3225 8
3226 6
3227 102
3228 12
3229 18
3230 27
3231 5
3232 23
3233 48
3234 36
3235 8
3236 25
3237 103
3238 8
3239 3
3240 48
3241 5
3242 56
3243 1
3244 55
3245 3
3246 28
3247 23
3248 53
3249 28
3250 43
3251 74
3252 15
3253 48
3254 25
3255 8
3256 48
3257 29
3258 2
3259 56
3260 5
3261 58
3262 30
3263 31
3264 20
3265 43
3266 33
3267 51
3268 0
3269 8
3270 26
3271 8
3272 25
3273 26
3274 36
3275 26
3276 127
3277 25
3278 26
3279 30
3280 14
3281 86
3282 2
3283 40
3284 0
3285 89
3286 15
3287 21
3288 30
3289 1
3290 2
3291 6
3292 64
3293 6
3294 6
3295 91
3296 36
3297 9
3298 79
3299 20
3300 7
3301 60
3302 16
3303 23
3304 88
3305 31
3306 6
3307 3
3308 22
3309 50
3310 1
3311 2
3312 78
3313 6
3314 18
3315 3
3316 16
3317 9
3318 21
3319 24
3320 19
3321 6
3322 0
3323 4
3324 47
3325 20
3326 3
3327 34
3328 44
3329 35
3330 26
3331 1
3332 6
3333 43
3334 2
3335 1
3336 0
3337 8
3338 4
3339 4
3340 8
3341 81
3342 76
3343 7
3344 30
3345 2
3346 1
3347 30
3348 6
3349 5
3350 54
3351 62
3352 2
3353 99
3354 5
3355 59
3356 5
3357 20
3358 68
3359 2
3360 109
3361 10
3362 86
3363 2
3364 7
3365 21
3366 4
3367 48
3368 28
3369 28
3370 21
3371 3
3372 4
3373 8
3374 5
3375 12
3376 13
3377 42
3378 101
3379 39
3380 34
3381 6
3382 14
3383 47
3384 1
3385 65
3386 10
3387 11
3388 4
3389 14
3390 23
3391 103
3392 6
3393 6
3394 35
3395 52
3396 9
3397 7
3398 6
3399 23
3400 98
3401 16
3402 93
3403 140
3404 10
3405 41
3406 23
3407 59
3408 10
3409 107
3410 59
3411 1
3412 0
3413 1
3414 68
3415 47
3416 59
3417 5
3418 14
3419 7
3420 9
3421 25
3422 10
3423 23
3424 6
3425 2
3426 68
3427 0
3428 0
3429 41
3430 84
3431 27
3432 2
3433 42
3434 75
3435 17
3436 13
3437 4
3438 10
3439 39
3440 8
3441 86
3442 5
3443 48
3444 2
3445 21
3446 7
3447 29
3448 1
3449 1
3450 77
3451 29
3452 43
3453 7
3454 26
3455 13
3456 6
3457 2
3458 28
3459 5
3460 76
3461 5
3462 23
3463 5
3464 4
3465 30
3466 23
3467 4
3468 4
3469 44
3470 0
3471 66
3472 48
3473 67
3474 12
3475 9
3476 32
3477 16
3478 0
3479 38
3480 11
3481 54
3482 3
3483 53
3484 3
3485 25
3486 12
3487 28
3488 12
3489 5
3490 4
3491 58
3492 28
3493 40
3494 28
3495 1
3496 6
3497 10
3498 5
3499 72
3500 34
3501 84
3502 20
3503 38
3504 43
3505 4
3506 42
3507 41
3508 1
3509 53
3510 7
3511 9
3512 4
3513 5
3514 61
3515 4
3516 6
3517 27
3518 2
3519 2
3520 172
3521 26
3522 1
3523 40
3524 42
3525 14
3526 3
3527 55
3528 35
3529 35
3530 10
3531 3
3532 15
3533 12
3534 3
3535 31
3536 11
3537 1
3538 8
3539 0
3540 6
3541 11
3542 29
3543 5
3544 33
3545 45
3546 6
3547 1
3548 11
3549 6
3550 40
3551 29
3552 69
3553 50
3554 31
3555 13
3556 54
3557 3
3558 9
3559 16
3560 42
3561 3
3562 13
3563 3
3564 0
3565 17
3566 55
3567 12
3568 31
3569 55
3570 12
3571 3
3572 31
3573 0
3574 3
3575 5
3576 26
3577 81
3578 4
3579 75
3580 55
3581 16
3582 16
3583 41
3584 24
3585 27
3586 38
3587 19
3588 11
3589 2
3590 8
3591 16
3592 44
3593 27
3594 49
3595 42
3596 2
3597 61
3598 42
3599 17
3600 51
3601 17
3602 59
3603 22
3604 148
3605 27
3606 1
3607 27
3608 28
3609 13
3610 23
3611 47
3612 2
3613 54
3614 37
3615 12
3616 66
3617 22
3618 24
3619 52
3620 9
3621 34
3622 39
3623 42
3624 44
3625 6
3626 15
3627 23
3628 55
3629 36
3630 66
3631 2
3632 25
3633 26
3634 4
3635 3
3636 54
3637 58
3638 1
3639 26
3640 130
3641 107
3642 52
3643 96
3644 49
3645 43
3646 14
3647 40
3648 13
3649 12
3650 2
3651 45
3652 3
3653 1
3654 2
3655 13
3656 3
3657 42
3658 4
3659 6
3660 3
3661 17
3662 8
3663 8
3664 46
3665 14
3666 43
3667 36
3668 5
3669 38
3670 65
3671 7
3672 0
3673 26
3674 15
3675 3
3676 45
3677 6
3678 0
3679 21
3680 21
3681 0
3682 28
3683 6
3684 52
3685 5
3686 44
3687 2
3688 22
3689 25
3690 11
3691 101
3692 1
3693 21
3694 40
3695 10
3696 3
3697 46
3698 21
3699 13
3700 20
3701 8
3702 14
3703 53
3704 9
3705 98
3706 7
3707 73
3708 170
3709 3
3710 2
3711 1
3712 38
3713 10
3714 10
3715 10
3716 26
3717 105
3718 16
3719 144
3720 2
3721 9
3722 2
3723 31
3724 3
3725 60
3726 35
3727 23
3728 0
3729 25
3730 26
3731 23
3732 7
3733 9
3734 62
3735 101
3736 3
3737 2
3738 4
3739 26
3740 8
3741 44
3742 60
3743 17
3744 22
3745 8
3746 26
3747 67
3748 6
3749 50
3750 8
3751 66
3752 0
3753 34
3754 10
3755 34
3756 2
3757 13
3758 6
3759 9
3760 13
3761 6
3762 64
3763 37
3764 15
3765 4
3766 26
3767 22
3768 10
3769 18
3770 8
3771 51
3772 39
3773 33
3774 48
3775 6
3776 11
3777 1
3778 28
3779 58
3780 47
3781 45
3782 19
3783 54
3784 9
3785 8
3786 8
3787 9
3788 4
3789 26
3790 6
3791 91
3792 32
3793 6
3794 46
3795 13
3796 10
3797 10
3798 9
3799 101
3800 3
3801 0
3802 9
3803 26
3804 58
3805 12
3806 25
3807 12
3808 2
3809 48
3810 0
3811 2
3812 0
3813 1
3814 9
3815 1
3816 10
3817 32
3818 9
3819 1
3820 6
3821 36
3822 9
3823 2
3824 6
3825 2
3826 6
3827 11
3828 21
3829 11
3830 8
3831 29
3832 76
3833 40
3834 0
3835 33
3836 8
3837 0
3838 57
3839 64
3840 69
3841 36
3842 4
3843 22
3844 33
3845 13
3846 43
3847 6
3848 46
3849 9
3850 6
3851 4
3852 74
3853 11
3854 3
3855 18
3856 10
3857 27
3858 0
3859 18
3860 1
3861 15
3862 26
3863 9
3864 15
3865 90
3866 15
3867 13
3868 5
3869 6
3870 7
3871 6
3872 2
3873 12
3874 15
3875 6
3876 19
3877 47
3878 9
3879 3
3880 13
3881 62
3882 18
3883 29
3884 11
3885 56
3886 45
3887 43
3888 0
3889 14
3890 9
3891 20
3892 1
3893 18
3894 14
3895 43
3896 7
3897 5
3898 15
3899 11
3900 8
3901 46
3902 35
3903 14
3904 0
3905 24
3906 20
3907 18
3908 12
3909 30
3910 23
3911 5
3912 30
3913 14
3914 10
3915 9
3916 16
3917 52
3918 12
3919 0
3920 6
3921 10
3922 12
3923 5
3924 6
3925 7
3926 3
3927 15
3928 50
3929 27
3930 15
3931 32
3932 18
3933 20
3934 0
3935 13
3936 16
3937 19
3938 7
3939 26
3940 13
3941 2
3942 39
3943 4
3944 27
3945 9
3946 1
3947 6
3948 16
3949 30
3950 2
3951 15
3952 24
3953 2
3954 5
3955 47
3956 11
3957 11
3958 6
3959 47
3960 12
3961 20
3962 28
3963 9
3964 2
3965 16
3966 18
3967 20
3968 17
3969 30
3970 0
3971 69
3972 88
3973 19
3974 9
3975 9
3976 34
3977 24
3978 20
3979 65
3980 4
3981 18
3982 10
3983 9
3984 8
3985 16
3986 17
3987 11
3988 15
3989 6
3990 12
3991 37
3992 22
3993 12
3994 11
3995 24
3996 12
3997 24
3998 18
3999 3
4000 9
4001 10
4002 41
4003 51
4004 13
4005 1
4006 16
4007 4
4008 97
4009 42
4010 8
4011 52
4012 1
4013 44
4014 11
4015 4
4016 31
4017 41
4018 4
4019 9
4020 44
4021 2
4022 37
4023 46
4024 5
4025 20
4026 3
4027 10
4028 35
4029 9
4030 8
4031 16
4032 6
4033 39
4034 0
4035 18
4036 11
4037 9
4038 19
4039 10
4040 0
4041 70
4042 30
4043 7
4044 26
4045 20
4046 26
4047 1
4048 41
4049 15
4050 4
4051 48
4052 13
4053 2
4054 21
4055 53
4056 13
4057 2
4058 57
4059 8
4060 28
4061 20
4062 19
4063 18
4064 0
4065 8
4066 5
4067 20
4068 8
4069 4
4070 3
4071 14
4072 38
4073 2
4074 18
4075 3
4076 26
4077 15
4078 28
4079 44
4080 0
4081 14
4082 7
4083 16
4084 20
4085 37
4086 5
4087 5
4088 4
4089 26
4090 35
4091 46
4092 66
4093 3
4094 19
4095 81
4096 41
4097 52
4098 37
4099 41
4100 6
4101 35
4102 12
4103 65
4104 0
4105 15
4106 24
4107 65
4108 45
4109 21
4110 80
4111 40
4112 19
4113 89
4114 49
4115 3
4116 0
4117 41
4118 38
4119 42
4120 46
4121 10
4122 24
4123 24
4124 21
4125 15
4126 29
4127 41
4128 51
4129 40
4130 27
4131 0
4132 13
4133 16
4134 42
4135 6
4136 36
4137 20
4138 36
4139 20
4140 3
4141 42
4142 16
4143 3
4144 32
4145 15
4146 0
4147 0
4148 89
4149 20
4150 17
4151 81
4152 89
4153 57
4154 0
4155 44
4156 40
4157 20
4158 16
4159 11
4160 19
4161 46
4162 44
4163 17
4164 13
4165 20
4166 23
4167 33
4168 14
4169 2
4170 1
4171 19
4172 19
4173 25
4174 11
4175 21
4176 31
4177 19
4178 45
4179 11
4180 62
4181 15
4182 22
4183 49
4184 6
4185 44
4186 28
4187 12
4188 25
4189 60
4190 107
4191 0
4192 42
4193 31
4194 15
4195 19
4196 9
4197 109
4198 52
4199 53
4200 22
4201 37
4202 49
4203 42
4204 11
4205 23
4206 53
4207 22
4208 21
4209 139
4210 82
4211 21
4212 15
4213 28
4214 18
4215 17
4216 30
4217 3
4218 23
4219 14
4220 37
4221 60
4222 57
4223 15
4224 0
4225 90
4226 9
4227 105
4228 22
4229 8
4230 0
4231 41
4232 74
4233 35
4234 20
4235 41
4236 52
4237 20
4238 73
4239 0
4240 11
4241 50
4242 17
4243 46
4244 44
4245 20
4246 12
4247 12
4248 16
4249 12
4250 50
4251 57
4252 12
4253 10
4254 25
4255 74
4256 15
4257 0
4258 38
4259 7
4260 0
4261 44
4262 23
4263 77
4264 0
4265 0
4266 63
4267 81
4268 24
4269 59
4270 39
4271 48
4272 48
4273 43
4274 20
4275 38
4276 30
4277 11
4278 36
4279 11
4280 23
4281 29
4282 58
4283 12
4284 55
4285 58
4286 47
4287 33
4288 35
4289 16
4290 56
4291 16
4292 73
4293 3
4294 38
4295 31
4296 54
4297 26
4298 42
4299 89
4300 12
4301 35
4302 72
4303 62
4304 34
4305 31
4306 96
4307 20
4308 16
4309 26
4310 1
4311 38
4312 78
4313 118
4314 48
4315 33
4316 26
4317 41
4318 25
4319 55
4320 25
4321 36
4322 19
4323 51
4324 33
4325 4
4326 18
4327 32
4328 23
4329 79
4330 70
4331 0
4332 77
4333 16
4334 64
4335 11
4336 34
4337 21
4338 28
4339 0
4340 107
4341 27
4342 35
4343 32
4344 19
4345 24
4346 87
4347 42
4348 57
4349 15
4350 54
4351 14
4352 64
4353 28
4354 16
4355 24
4356 2
4357 1
4358 32
4359 40
4360 3
4361 95
4362 28
4363 72
4364 25
4365 8
4366 51
4367 14
4368 1
4369 20
4370 79
4371 48
4372 53
4373 67
4374 31
4375 21
4376 51
4377 38
4378 18
4379 14
4380 22
4381 52
4382 1
4383 59
4384 5
4385 26
4386 35
4387 24
4388 49
4389 79
4390 47
4391 0
4392 10
4393 60
4394 42
4395 10
4396 22
4397 7
4398 57
4399 17
4400 5
4401 26
4402 1
4403 6
4404 69
4405 47
4406 27
4407 13
4408 0
4409 52
4410 28
4411 6
4412 27
4413 1
4414 65
4415 7
4416 52
4417 78
4418 20
4419 72
4420 95
4421 26
4422 147
4423 1
4424 75
4425 32
4426 19
4427 46
4428 10
4429 32
4430 52
4431 41
4432 23
4433 0
4434 106
4435 17
4436 10
4437 13
4438 8
4439 15
4440 110
4441 8
4442 7
4443 54
4444 25
4445 38
4446 39
4447 19
4448 1
4449 16
4450 13
4451 25
4452 13
4453 49
4454 25
4455 107
4456 83
4457 62
4458 14
4459 38
4460 21
4461 23
4462 0
4463 1
4464 74
4465 55
4466 38
4467 36
4468 66
4469 45
4470 13
4471 22
4472 103
4473 52
4474 43
4475 51
4476 1
4477 1
4478 14
4479 38
4480 68
4481 53
4482 10
4483 60
4484 14
4485 45
4486 30
4487 27
4488 0
4489 13
4490 22
4491 19
4492 11
4493 11
4494 39
4495 1
4496 1
4497 5
4498 31
4499 7
4500 34
4501 29
4502 25
4503 10
4504 35
4505 3
4506 40
4507 14
4508 13
4509 3
4510 22
4511 70
4512 9
4513 3
4514 23
4515 5
4516 19
4517 59
4518 23
4519 5
4520 13
4521 22
4522 19
4523 7
4524 13
4525 33
4526 1
4527 40
4528 23
4529 58
4530 10
4531 5
4532 9
4533 11
4534 102
4535 1
4536 12
4537 63
4538 30
4539 40
4540 16
4541 18
4542 0
4543 13
4544 16
4545 2
4546 18
4547 34
4548 3
4549 3
4550 5
4551 15
4552 8
4553 72
4554 34
4555 8
4556 48
4557 17
4558 7
4559 4
4560 56
4561 46
4562 9
4563 4
4564 29
4565 26
4566 60
4567 86
4568 11
4569 70
4570 1
4571 43
4572 1
4573 31
4574 1
4575 55
4576 3
4577 8
4578 37
4579 18
4580 63
4581 0
4582 8
4583 4
4584 7
4585 1
4586 40
4587 34
4588 10
4589 77
4590 2
4591 11
4592 10
4593 22
4594 10
4595 2
4596 42
4597 146
4598 11
4599 15
4600 162
4601 50
4602 15
4603 0
4604 42
4605 82
4606 54
4607 12
4608 61
4609 22
4610 23
4611 5
4612 5
4613 13
4614 94
4615 12
4616 1
4617 59
4618 100
4619 75
4620 55
4621 43
4622 49
4623 70
4624 40
4625 12
4626 24
4627 62
4628 59
4629 17
4630 20
4631 58
4632 43
4633 0
4634 65
4635 17
4636 0
4637 46
4638 1
4639 62
4640 104
4641 17
4642 62
4643 0
4644 0
4645 39
4646 39
4647 29
4648 1
4649 48
4650 24
4651 37
4652 55
4653 12
4654 16
4655 100
4656 41
4657 13
4658 78
4659 80
4660 7
4661 46
4662 7
4663 39
4664 2
4665 20
4666 4
4667 3
4668 0
4669 15
4670 10
4671 15
4672 20
4673 5
4674 5
4675 34
4676 69
4677 53
4678 16
4679 97
4680 18
4681 20
4682 79
4683 4
4684 0
4685 7
4686 4
4687 24
4688 28
4689 34
4690 45
4691 3
4692 25
4693 21
4694 7
4695 15
4696 11
4697 31
4698 0
4699 29
4700 3
4701 2
4702 12
4703 15
4704 1
4705 17
4706 17
4707 75
4708 25
4709 54
4710 20
4711 28
4712 60
4713 18
4714 9
4715 1
4716 41
4717 24
4718 1
4719 10
4720 92
4721 7
4722 4
4723 5
4724 36
4725 29
4726 2
4727 22
4728 1
4729 20
4730 31
4731 32
4732 10
4733 4
4734 4
4735 29
4736 1
4737 1
4738 17
4739 81
4740 24
4741 33
4742 5
4743 25
4744 21
4745 19
4746 57
4747 76
4748 31
4749 37
4750 8
4751 0
4752 0
4753 80
4754 29
4755 80
4756 3
4757 17
4758 9
4759 99
4760 0
4761 35
4762 32
4763 12
4764 35
4765 3
4766 50
4767 50
4768 53
4769 7
4770 8
4771 45
4772 5
4773 8
4774 3
4775 55
4776 70
4777 12
4778 8
4779 4
4780 4
4781 10
4782 8
4783 10
4784 0
4785 72
4786 32
4787 72
4788 50
4789 62
4790 89
4791 4
4792 30
4793 17
4794 60
4795 12
4796 75
4797 5
4798 5
4799 23
4800 4
4801 2
4802 2
4803 3
4804 32
4805 12
4806 0
4807 13
4808 1
4809 4
4810 9
4811 2
4812 2
4813 40
4814 8
4815 1
4816 4
4817 14
4818 41
4819 5
4820 100
4821 25
4822 86
4823 13
4824 0
4825 7
4826 5
4827 14
4828 27
4829 45
4830 22
4831 10
4832 6
4833 27
4834 12
4835 5
4836 8
4837 10
4838 6
4839 47
4840 11
4841 4
4842 11
4843 23
4844 10
4845 31
4846 7
4847 2
4848 22
4849 23
4850 12
4851 14
4852 5
4853 4
4854 24
4855 97
4856 11
4857 8
4858 4
4859 23
4860 24
4861 20
4862 1
4863 10
4864 29
4865 7
4866 1
4867 7
4868 10
4869 9
4870 1
4871 125
4872 29
4873 18
4874 16
4875 5
4876 2
4877 14
4878 0
4879 1
4880 4
4881 31
4882 27
4883 17
4884 6
4885 40
4886 33
4887 32
4888 2
4889 6
4890 54
4891 61
4892 7
4893 91
4894 13
4895 10
4896 4
4897 1
4898 6
4899 34
4900 32
4901 0
4902 2
4903 26
4904 13
4905 7
4906 11
4907 21
4908 5
4909 54
4910 36
4911 110
4912 54
4913 39
4914 5
4915 22
4916 8
4917 47
4918 35
4919 4
4920 7
4921 1
4922 25
4923 21
4924 21
4925 2
4926 12
4927 22
4928 0
4929 20
4930 43
4931 31
4932 54
4933 5
4934 4
4935 26
4936 11
4937 13
4938 11
4939 60
4940 31
4941 20
4942 10
4943 32
4944 23
4945 21
4946 3
4947 33
4948 43
4949 3
4950 15
4951 4
4952 111
4953 0
4954 19
4955 12
4956 1
4957 36
4958 2
4959 0
4960 28
4961 0
4962 19
4963 28
4964 10
4965 36
4966 46
4967 12
4968 9
4969 18
4970 5
4971 47
4972 10
4973 38
4974 12
4975 20
4976 18
4977 11
4978 7
4979 39
4980 13
4981 35
4982 30
4983 12
4984 12
4985 20
4986 25
4987 16
4988 2
4989 16
4990 79
4991 36
4992 6
4993 101
4994 5
4995 5
4996 19
4997 12
4998 17
4999 17
5000 0
5001 35
5002 2
5003 8
5004 37
5005 17
5006 34
5007 6
5008 9
5009 4
5010 0
5011 25
5012 4
5013 8
5014 17
5015 9
5016 11
5017 13
5018 25
5019 20
5020 91
5021 34
5022 39
5023 19
5024 20
5025 17
5026 11
5027 34
5028 51
5029 7
5030 17
5031 53
5032 5
5033 17
5034 15
5035 28
5036 18
5037 27
5038 7
5039 15
5040 56
5041 4
5042 41
5043 13
5044 21
5045 18
5046 21
5047 64
5048 2
5049 20
5050 21
5051 18
5052 2
5053 80
5054 21
5055 18
5056 0
5057 25
5058 1
5059 19
5060 12
5061 34
5062 13
5063 36
5064 31
5065 73
5066 34
5067 27
5068 8
5069 13
5070 13
5071 10
5072 9
5073 30
5074 18
5075 9
5076 21
5077 31
5078 3
5079 5
5080 6
5081 12
5082 4
5083 20
5084 16
5085 55
5086 3
5087 10
5088 28
5089 35
5090 8
5091 1
5092 20
5093 4
5094 7
5095 2
5096 28
5097 8
5098 20
5099 8
5100 52
5101 0
5102 18
5103 7
5104 41
5105 5
5106 19
5107 11
5108 15
5109 44
5110 13
5111 15
5112 95
5113 10
5114 8
5115 5
5116 60
5117 155
5118 1
5119 35
5120 22
5121 26
5122 24
5123 35
5124 34
5125 23
5126 45
5127 1
5128 33
5129 26
5130 59
5131 2
5132 66
5133 1
5134 27
5135 47
5136 0
5137 15
5138 6
5139 22
5140 1
5141 35
5142 3
5143 15
5144 44
5145 12
5146 10
5147 20
5148 31
5149 0
5150 14
5151 34
5152 16
5153 2
5154 1
5155 63
5156 104
5157 35
5158 6
5159 23
5160 28
5161 27
5162 83
5163 87
5164 0
5165 45
5166 71
5167 33
5168 6
5169 87
5170 12
5171 70
5172 2
5173 4
5174 72
5175 21
5176 20
5177 64
5178 4
5179 2
5180 45
5181 40
5182 19
5183 30
5184 5
5185 2
5186 61
5187 12
5188 45
5189 46
5190 62
5191 16
5192 5
5193 8
5194 3
5195 7
5196 7
5197 5
5198 25
5199 3
5200 4
5201 38
5202 19
5203 61
5204 31
5205 4
5206 19
5207 110
5208 68
5209 6
5210 7
5211 37
5212 60
5213 19
5214 49
5215 37
5216 4
5217 5
5218 13
5219 25
5220 21
5221 61
5222 1
5223 8
5224 45
5225 0
5226 20
5227 25
5228 22
5229 78
5230 0
5231 13
5232 42
5233 4
5234 16
5235 22
5236 7
5237 7
5238 29
5239 5
5240 47
5241 49
5242 63
5243 8
5244 53
5245 19
5246 63
5247 6
5248 6
5249 1
5250 19
5251 16
5252 0
5253 9
5254 58
5255 37
5256 19
5257 85
5258 26
5259 1
5260 2
5261 7
5262 100
5263 11
5264 31
5265 78
5266 40
5267 71
5268 20
5269 0
5270 30
5271 93
5272 4
5273 88
5274 16
5275 1
5276 3
5277 13
5278 36
5279 25
5280 19
5281 30
5282 31
5283 15
5284 6
5285 8
5286 81
5287 65
5288 6
5289 62
5290 93
5291 2
5292 15
5293 47
5294 37
5295 3
5296 5
5297 5
5298 5
5299 7
5300 9
5301 3
5302 51
5303 3
5304 7
5305 111
5306 2
5307 18
5308 1
5309 95
5310 8
5311 79
5312 6
5313 105
5314 31
5315 5
5316 85
5317 36
5318 128
5319 29
5320 6
5321 9
5322 3
5323 7
5324 7
5325 16
5326 9
5327 41
5328 6
5329 25
5330 1
5331 8
5332 32
5333 6
5334 51
5335 2
5336 1
5337 60
5338 47
5339 2
5340 38
5341 4
5342 23
5343 32
5344 6
5345 17
5346 46
5347 33
5348 0
5349 46
5350 0
5351 32
5352 0
5353 58
5354 1
5355 16
5356 0
5357 161
5358 104
5359 81
5360 3
5361 20
5362 48
5363 33
5364 104
5365 30
5366 83
5367 24
5368 14
5369 4
5370 2
5371 4
5372 65
5373 27
5374 106
5375 22
5376 5
5377 5
5378 16
5379 16
5380 1
5381 7
5382 85
5383 43
5384 1
5385 0
5386 5
5387 40
5388 8
5389 8
5390 29
5391 25
5392 8
5393 7
5394 23
5395 69
5396 33
5397 19
5398 80
5399 28
5400 23
5401 2
5402 44
5403 50
5404 1
5405 19
5406 5
5407 19
5408 15
5409 26
5410 142
5411 5
5412 34
5413 62
5414 27
5415 8
5416 7
5417 22
5418 23
5419 4
5420 5
5421 24
5422 13
5423 13
5424 10
5425 7
5426 13
5427 18
5428 3
5429 19
5430 8
5431 4
5432 25
5433 43
5434 24
5435 46
5436 52
5437 8
5438 27
5439 1
5440 4
5441 60
5442 61
5443 101
5444 88
5445 16
5446 53
5447 13
5448 4
5449 54
5450 35
5451 32
5452 17
5453 10
5454 33
5455 28
5456 28
5457 3
5458 10
5459 16
5460 50
5461 50
5462 42
5463 7
5464 7
5465 8
5466 22
5467 46
5468 8
5469 25
5470 52
5471 22
5472 13
5473 5
5474 0
5475 5
5476 69
5477 4
5478 37
5479 38
5480 5
5481 54
5482 33
5483 10
5484 1
5485 68
5486 59
5487 6
5488 9
5489 37
5490 9
5491 4
5492 65
5493 61
5494 62
5495 13
5496 78
5497 46
5498 30
5499 30
5500 74
5501 29
5502 2
5503 67
5504 34
5505 104
5506 102
5507 60
5508 3
5509 87
5510 30
5511 8
5512 1
5513 23
5514 26
5515 20
5516 3
5517 34
5518 48
5519 13
5520 22
5521 1
5522 11
5523 3
5524 0
5525 12
5526 35
5527 11
5528 2
5529 58
5530 13
5531 52
5532 44
5533 10
5534 37
5535 5
5536 9
5537 77
5538 12
5539 14
5540 25
5541 28
5542 13
5543 31
5544 10
5545 57
5546 12
5547 7
5548 37
5549 34
5550 21
5551 56
5552 6
5553 8
5554 44
5555 39
5556 4
5557 6
5558 11
5559 20
5560 43
5561 43
5562 44
5563 52
5564 1
5565 18
5566 8
5567 39
5568 26
5569 42
5570 15
5571 36
5572 0
5573 27
5574 19
5575 73
5576 54
5577 56
5578 23
5579 27
5580 5
5581 54
5582 11
5583 38
5584 18
5585 26
5586 6
5587 6
5588 36
5589 4
5590 9
5591 9
5592 8
5593 13
5594 17
5595 71
5596 7
5597 6
5598 14
5599 12
5600 17
5601 60
5602 5
5603 1
5604 27
5605 37
5606 16
5607 98
5608 2
5609 29
5610 34
5611 9
5612 11
5613 16
5614 58
5615 1
5616 42
5617 13
5618 16
5619 78
5620 24
5621 83
5622 40
5623 77
5624 7
5625 11
5626 10
5627 14
5628 12
5629 18
5630 22
5631 48
5632 6
5633 11
5634 42
5635 44
5636 40
5637 11
5638 22
5639 43
5640 2
5641 41
5642 1
5643 0
5644 8
5645 13
5646 38
5647 59
5648 2
5649 36
5650 3
5651 12
5652 2
5653 27
5654 40
5655 79
5656 66
5657 40
5658 0
5659 41
5660 87
5661 8
5662 61
5663 52
5664 2
5665 59
5666 75
5667 14
5668 68
5669 0
5670 35
5671 41
5672 0
5673 2
5674 45
5675 15
5676 61
5677 1
5678 106
5679 52
5680 1
5681 35
5682 2
5683 0
5684 57
5685 39
5686 57
5687 33
5688 3
5689 1
5690 4
5691 58
5692 92
5693 58
5694 67
5695 5
5696 2
5697 47
5698 40
5699 3
5700 17
5701 54
5702 4
5703 3
5704 20
5705 6
5706 41
5707 3
5708 2
5709 42
5710 1
5711 6
5712 0
5713 14
5714 95
5715 8
5716 0
5717 27
5718 5
5719 56
5720 21
5721 15
5722 17
5723 41
5724 17
5725 3
5726 18
5727 18
5728 39
5729 4
5730 67
5731 14
5732 25
5733 24
5734 21
5735 12
5736 5
5737 2
5738 3
5739 6
5740 22
5741 6
5742 16
5743 27
5744 28
5745 9
5746 2
5747 69
5748 107
5749 46
5750 14
5751 7
5752 0
5753 0
5754 16
5755 89
5756 49
5757 6
5758 1
5759 3
5760 7
5761 30
5762 17
5763 7
5764 2
5765 23
5766 4
5767 18
5768 53
5769 69
5770 10
5771 46
5772 63
5773 22
5774 7
5775 9
5776 9
5777 17
5778 11
5779 3
5780 18
5781 36
5782 18
5783 5
5784 22
5785 26
5786 99
5787 11
5788 2
5789 15
5790 9
5791 50
5792 3
5793 0
5794 76
5795 20
5796 1
5797 36
5798 37
5799 1
5800 84
5801 3
5802 7
5803 10
5804 32
5805 9
5806 48
5807 9
5808 10
5809 12
5810 20
5811 8
5812 39
5813 13
5814 55
5815 8
5816 11
5817 14
5818 10
5819 10
5820 12
5821 11
5822 26
5823 4
5824 0
5825 0
5826 48
5827 31
5828 12
5829 1
5830 4
5831 11
5832 4
5833 18
5834 12
5835 3
5836 30
5837 11
5838 102
5839 7
5840 4
5841 11
5842 20
5843 0
5844 35
5845 30
5846 28
5847 0
5848 7
5849 1
5850 14
5851 22
5852 9
5853 4
5854 8
5855 7
5856 11
5857 77
5858 12
5859 25
5860 30
5861 9
5862 29
5863 70
5864 18
5865 79
5866 9
5867 23
5868 73
5869 22
5870 28
5871 1
5872 6
5873 2
5874 6
5875 33
5876 9
5877 103
5878 6
5879 43
5880 34
5881 20
5882 20
5883 11
5884 6
5885 36
5886 5
5887 36
5888 0
5889 51
5890 30
5891 2
5892 19
5893 9
5894 15
5895 7
5896 7
5897 4
5898 49
5899 9
5900 18
5901 2
5902 29
5903 4
5904 10
5905 13
5906 6
5907 6
5908 18
5909 45
5910 7
5911 9
5912 30
5913 9
5914 3
5915 11
5916 5
5917 11
5918 62
5919 43
5920 47
5921 34
5922 11
5923 16
5924 56
5925 75
5926 36
5927 52
5928 15
5929 27
5930 35
5931 7
5932 8
5933 61
5934 13
5935 8
5936 20
5937 1
5938 0
5939 7
5940 4
5941 35
5942 20
5943 9
5944 15
5945 1
5946 4
5947 67
5948 9
5949 3
5950 19
5951 20
5952 108
5953 15
5954 171
5955 6
5956 3
5957 20
5958 5
5959 21
5960 6
5961 11
5962 11
5963 10
5964 48
5965 30
5966 0
5967 6
5968 1
5969 5
5970 13
5971 28
5972 3
5973 38
5974 35
5975 18
5976 7
5977 12
5978 1
5979 8
5980 16
5981 20
5982 2
5983 18
5984 21
5985 8
5986 6
5987 32
5988 21
5989 47
5990 10
5991 37
5992 18
5993 1
5994 17
5995 8
5996 15
5997 27
5998 37
5999 22
6000 24
6001 12
6002 33
6003 23
6004 9
6005 8
6006 1
6007 19
6008 21
6009 19
6010 25
6011 7
6012 24
6013 2
6014 10
6015 2
6016 11
6017 9
6018 38
6019 7
6020 31
6021 5
6022 37
6023 24
6024 28
6025 17
6026 14
6027 9
6028 4
6029 7
6030 17
6031 12
6032 30
6033 16
6034 16
6035 1
6036 16
6037 22
6038 40
6039 13
6040 1
6041 2
6042 54
6043 15
6044 13
6045 25
6046 4
6047 10
6048 20
6049 4
6050 115
6051 13
6052 10
6053 14
6054 29
6055 30
6056 6
6057 2
6058 21
6059 12
6060 0
6061 1
6062 37
6063 1
6064 32
6065 47
6066 23
6067 27
6068 79
6069 16
6070 3
6071 10
6072 16
6073 173
6074 24
6075 0
6076 6
6077 18
6078 7
6079 71
6080 10
6081 19
6082 168
6083 117
6084 9
6085 6
6086 13
6087 4
6088 3
6089 17
6090 4
6091 2
6092 2
6093 21
6094 42
6095 45
6096 56
6097 29
6098 27
6099 15
6100 9
6101 16
6102 9
6103 12
6104 18
6105 19
6106 4
6107 9
6108 21
6109 5
6110 8
6111 15
6112 15
6113 31
6114 9
6115 8
6116 53
6117 1
6118 134
6119 17
6120 11
6121 45
6122 7
6123 3
6124 1
6125 14
6126 71
6127 20
6128 75
6129 2
6130 71
6131 1
6132 16
6133 3
6134 11
6135 8
6136 16
6137 21
6138 17
6139 32
6140 3
6141 20
6142 6
6143 4
6144 11
6145 6
6146 39
6147 74
6148 15
6149 89
6150 12
6151 0
6152 17
6153 11
6154 39
6155 49
6156 0
6157 16
6158 19
6159 61
6160 51
6161 75
6162 29
6163 69
6164 6
6165 41
6166 36
6167 13
6168 38
6169 58
6170 24
6171 29
6172 4
6173 37
6174 59
6175 33
6176 3
6177 0
6178 17
6179 54
6180 35
6181 75
6182 41
6183 0
6184 71
6185 34
6186 17
6187 29
6188 37
6189 0
6190 111
6191 3
6192 36
6193 26
6194 59
6195 21
6196 3
6197 64
6198 41
6199 15
6200 40
6201 34
6202 31
6203 73
6204 76
6205 37
6206 96
6207 56
6208 29
6209 3
6210 0
6211 17
6212 46
6213 23
6214 69
6215 65
6216 14
6217 74
6218 67
6219 54
6220 13
6221 45
6222 16
6223 30
6224 16
6225 16
6226 17
6227 85
6228 22
6229 52
6230 69
6231 39
6232 44
6233 82
6234 53
6235 53
6236 29
6237 25
6238 67
6239 25
6240 21
6241 49
6242 3
6243 23
6244 35
6245 58
6246 37
6247 75
6248 99
6249 43
6250 23
6251 78
6252 61
6253 38
6254 49
6255 59
6256 36
6257 22
6258 44
6259 108
6260 21
6261 62
6262 154
6263 29
6264 38
6265 40
6266 60
6267 21
6268 23
6269 54
6270 45
6271 4
6272 38
6273 63
6274 40
6275 50
6276 8
6277 36
6278 37
6279 85
6280 25
6281 42
6282 25
6283 77
6284 11
6285 21
6286 67
6287 48
6288 25
6289 30
6290 30
6291 47
6292 68
6293 0
6294 80
6295 26
6296 72
6297 21
6298 88
6299 28
6300 7
6301 36
6302 78
6303 90
6304 0
6305 23
6306 55
6307 55
6308 57
6309 41
6310 60
6311 29
6312 15
6313 16
6314 31
6315 48
6316 46
6317 53
6318 43
6319 3
6320 14
6321 51
6322 31
6323 56
6324 64
6325 47
6326 80
6327 37
6328 27
6329 72
6330 31
6331 14
6332 68
6333 82
6334 36
6335 58
6336 45
6337 12
6338 35
6339 87
6340 62
6341 19
6342 42
6343 57
6344 48
6345 26
6346 92
6347 17
6348 8
6349 28
6350 80
6351 26
6352 1
6353 19
6354 25
6355 1
6356 70
6357 47
6358 3
6359 45
6360 21
6361 14
6362 80
6363 22
6364 23
6365 49
6366 41
6367 41
6368 22
6369 33
6370 0
6371 51
6372 18
6373 63
6374 60
6375 41
6376 40
6377 19
6378 22
6379 1
6380 73
6381 20
6382 21
6383 50
6384 25
6385 47
6386 45
6387 36
6388 61
6389 109
6390 70
6391 23
6392 84
6393 24
6394 22
6395 5
6396 1
6397 64
6398 54
6399 43
6400 28
6401 6
6402 94
6403 7
6404 5
6405 49
6406 84
6407 54
6408 29
6409 23
6410 54
6411 63
6412 32
6413 15
6414 53
6415 24
6416 31
6417 103
6418 58
6419 26
6420 27
6421 8
6422 24
6423 35
6424 14
6425 61
6426 34
6427 29
6428 55
6429 52
6430 8
6431 0
6432 8
6433 22
6434 7
6435 18
6436 1
6437 71
6438 26
6439 0
6440 7
6441 48
6442 39
6443 24
6444 0
6445 5
6446 76
6447 63
6448 55
6449 24
6450 1
6451 79
6452 13
6453 73
6454 35
6455 73
6456 14
6457 56
6458 1
6459 7
6460 24
6461 41
6462 17
6463 5
6464 40
6465 39
6466 5
6467 83
6468 7
6469 14
6470 36
6471 39
6472 43
6473 27
6474 48
6475 58
6476 55
6477 45
6478 29
6479 41
6480 36
6481 19
6482 24
6483 38
6484 24
6485 59
6486 6
6487 24
6488 9
6489 0
6490 62
6491 111
6492 10
6493 14
6494 8
6495 28
6496 10
6497 1
6498 10
6499 52
6500 18
6501 85
6502 65
6503 28
6504 22
6505 39
6506 5
6507 50
6508 13
6509 26
6510 13
6511 34
6512 27
6513 68
6514 5
6515 42
6516 47
6517 63
6518 10
6519 1
6520 24
6521 9
6522 8
6523 94
6524 33
6525 46
6526 8
6527 10
6528 44
6529 47
6530 21
6531 37
6532 18
6533 39
6534 54
6535 53
6536 87
6537 11
6538 71
6539 67
6540 43
6541 8
6542 88
6543 23
6544 0
6545 71
6546 111
6547 20
6548 1
6549 39
6550 13
6551 29
6552 28
6553 36
6554 44
6555 9
6556 23
6557 9
6558 5
6559 76
6560 32
6561 72
6562 9
6563 22
6564 46
6565 10
6566 99
6567 33
6568 8
6569 1
6570 0
6571 8
6572 10
6573 9
6574 30
6575 31
6576 81
6577 11
6578 9
6579 3
6580 13
6581 13
6582 56
6583 5
6584 12
6585 27
6586 32
6587 1
6588 2
6589 7
6590 63
6591 57
6592 3
6593 0
6594 5
6595 0
6596 28
6597 1
6598 52
6599 2
6600 38
6601 94
6602 11
6603 34
6604 10
6605 1
6606 0
6607 1
6608 52
6609 8
6610 149
6611 3
6612 26
6613 11
6614 37
6615 18
6616 9
6617 13
6618 39
6619 31
6620 11
6621 69
6622 5
6623 71
6624 28
6625 53
6626 27
6627 24
6628 19
6629 23
6630 18
6631 82
6632 2
6633 77
6634 1
6635 7
6636 16
6637 7
6638 34
6639 3
6640 3
6641 13
6642 4
6643 2
6644 56
6645 25
6646 40
6647 48
6648 45
6649 15
6650 9
6651 50
6652 54
6653 24
6654 23
6655 89
6656 61
6657 0
6658 62
6659 29
6660 26
6661 22
6662 31
6663 62
6664 1
6665 163
6666 83
6667 27
6668 62
6669 12
6670 109
6671 24
6672 131
6673 0
6674 2
6675 1
6676 1
6677 48
6678 11
6679 37
6680 14
6681 8
6682 1
6683 10
6684 42
6685 4
6686 14
6687 0
6688 65
6689 54
6690 18
6691 2
6692 24
6693 20
6694 75
6695 78
6696 69
6697 85
6698 15
6699 4
6700 19
6701 32
6702 20
6703 37
6704 62
6705 35
6706 3
6707 29
6708 35
6709 31
6710 38
6711 42
6712 19
6713 7
6714 40
6715 82
6716 20
6717 7
6718 85
6719 48
6720 56
6721 28
6722 34
6723 2
6724 7
6725 14
6726 2
6727 11
6728 1
6729 44
6730 86
6731 28
6732 28
6733 17
6734 18
6735 51
6736 7
6737 24
6738 5
6739 46
6740 8
6741 15
6742 5
6743 25
6744 35
6745 21
6746 4
6747 5
6748 3
6749 9
6750 8
6751 20
6752 20
6753 54
6754 2
6755 11
6756 40
6757 8
6758 91
6759 34
6760 7
6761 54
6762 15
6763 22
6764 5
6765 4
6766 2
6767 7
6768 5
6769 1
6770 7
6771 15
6772 40
6773 23
6774 21
6775 9
6776 31
6777 17
6778 14
6779 1
6780 18
6781 22
6782 166
6783 1
6784 67
6785 42
6786 4
6787 38
6788 49
6789 30
6790 4
6791 2
6792 46
6793 1
6794 3
6795 11
6796 9
6797 11
6798 45
6799 36
6800 71
6801 0
6802 30
6803 23
6804 88
6805 75
6806 28
6807 36
6808 21
6809 1
6810 91
6811 1
6812 32
6813 18
6814 59
6815 1
6816 25
6817 32
6818 4
6819 16
6820 50
6821 4
6822 60
6823 1
6824 8
6825 13
6826 36
6827 60
6828 45
6829 48
6830 4
6831 17
6832 2
6833 27
6834 42
6835 36
6836 105
6837 32
6838 15
6839 0
6840 72
6841 1
6842 12
6843 0
6844 26
6845 1
6846 2
6847 18
6848 0
6849 82
6850 25
6851 12
6852 71
6853 2
6854 22
6855 36
6856 25
6857 50
6858 5
6859 19
6860 7
6861 1
6862 13
6863 132
6864 25
6865 0
6866 9
6867 51
6868 54
6869 0
6870 2
6871 58
6872 27
6873 33
6874 33
6875 28
6876 51
6877 70
6878 12
6879 38
6880 14
6881 1
6882 60
6883 8
6884 58
6885 40
6886 9
6887 2
6888 51
6889 32
6890 8
6891 5
6892 17
6893 8
6894 50
6895 13
6896 18
6897 53
6898 13
6899 97
6900 8
6901 22
6902 11
6903 50
6904 32
6905 28
6906 2
6907 51
6908 28
6909 9
6910 12
6911 47
6912 36
6913 9
6914 9
6915 11
6916 6
6917 13
6918 0
6919 62
6920 6
6921 27
6922 3
6923 52
6924 7
6925 11
6926 19
6927 45
6928 43
6929 18
6930 9
6931 15
6932 6
6933 5
6934 4
6935 8
6936 3
6937 93
6938 15
6939 3
6940 21
6941 2
6942 136
6943 0
6944 13
6945 6
6946 31
6947 18
6948 55
6949 15
6950 13
6951 15
6952 55
6953 25
6954 47
6955 12
6956 15
6957 15
6958 20
6959 11
6960 9
6961 42
6962 18
6963 7
6964 13
6965 18
6966 21
6967 5
6968 23
6969 100
6970 1
6971 52
6972 39
6973 8
6974 20
6975 0
6976 24
6977 26
6978 6
6979 12
6980 23
6981 52
6982 66
6983 6
6984 1
6985 11
6986 34
6987 2
6988 32
6989 15
6990 8
6991 41
6992 16
6993 13
6994 18
6995 9
6996 77
6997 4
6998 69
6999 12
7000 21
7001 45
7002 4
7003 7
7004 26
7005 10
7006 104
7007 15
7008 10
7009 3
7010 21
7011 9
7012 38
7013 38
7014 14
7015 47
7016 10
7017 0
7018 6
7019 10
7020 27
7021 46
7022 8
7023 8
7024 33
7025 60
7026 21
7027 15
7028 1
7029 13
7030 13
7031 12
7032 57
7033 38
7034 2
7035 3
7036 0
7037 24
7038 14
7039 3
7040 12
7041 5
7042 17
7043 39
7044 21
7045 27
7046 2
7047 20
7048 20
7049 0
7050 4
7051 9
7052 51
7053 68
7054 16
7055 7
7056 18
7057 18
7058 5
7059 15
7060 2
7061 21
7062 48
7063 3
7064 22
7065 6
7066 15
7067 10
7068 37
7069 67
7070 9
7071 9
7072 39
7073 4
7074 55
7075 0
7076 13
7077 10
7078 8
7079 5
7080 20
7081 32
7082 52
7083 19
7084 4
7085 8
7086 7
7087 26
7088 158
7089 6
7090 6
7091 16
7092 39
7093 46
7094 11
7095 3
7096 34
7097 58
7098 4
7099 20
7100 0
7101 16
7102 31
7103 17
7104 2
7105 3
7106 45
7107 6
7108 6
7109 15
7110 0
7111 4
7112 40
7113 9
7114 4
7115 13
7116 16
7117 2
7118 15
7119 19
7120 10
7121 30
7122 46
7123 6
7124 6
7125 24
7126 21
7127 2
7128 64
7129 39
7130 3
7131 4
7132 2
7133 19
7134 24
7135 20
7136 15
7137 1
7138 91
7139 7
7140 5
7141 43
7142 11
7143 4
7144 33
7145 2
7146 12
7147 21
7148 2
7149 11
7150 8
7151 29
7152 13
7153 19
7154 11
7155 7
7156 42
7157 2
7158 8
7159 8
7160 17
7161 11
7162 8
7163 5
7164 29
7165 44
7166 22
7167 15
7168 16
7169 19
7170 97
7171 51
7172 20
7173 20
7174 48
7175 12
7176 61
7177 21
7178 21
7179 42
7180 35
7181 8
7182 61
7183 19
7184 12
7185 79
7186 9
7187 13
7188 45
7189 80
7190 1
7191 55
7192 27
7193 1
7194 41
7195 4
7196 29
7197 37
7198 2
7199 5
7200 40
7201 31
7202 2
7203 36
7204 1
7205 28
7206 12
7207 97
7208 20
7209 2
7210 11
7211 50
7212 20
7213 6
7214 39
7215 30
7216 23
7217 0
7218 27
7219 19
7220 3
7221 2
7222 7
7223 11
7224 42
7225 7
7226 2
7227 2
7228 1
7229 0
7230 0
7231 13
7232 42
7233 14
7234 20
7235 14
7236 5
7237 61
7238 6
7239 57
7240 10
7241 92
7242 41
7243 9
7244 40
7245 6
7246 59
7247 39
7248 9
7249 14
7250 31
7251 8
7252 34
7253 2
7254 18
7255 55
7256 47
7257 4
7258 0
7259 53
7260 42
7261 51
7262 22
7263 1
7264 2
7265 21
7266 24
7267 1
7268 1
7269 12
7270 6
7271 33
7272 35
7273 4
7274 7
7275 5
7276 25
7277 45
7278 21
7279 59
7280 8
7281 25
7282 11
7283 19
7284 29
7285 16
7286 17
7287 0
7288 1
7289 24
7290 0
7291 14
7292 41
7293 4
7294 5
7295 101
7296 74
7297 11
7298 78
7299 8
7300 0
7301 2
7302 25
7303 46
7304 3
7305 50
7306 4
7307 13
7308 31
7309 9
7310 6
7311 19
7312 159
7313 16
7314 3
7315 19
7316 50
7317 67
7318 1
7319 59
7320 24
7321 53
7322 14
7323 0
7324 6
7325 72
7326 7
7327 20
7328 5
7329 4
7330 23
7331 19
7332 19
7333 8
7334 3
7335 22
7336 32
7337 1
7338 1
7339 9
7340 86
7341 23
7342 55
7343 105
7344 2
7345 30
7346 4
7347 63
7348 22
7349 50
7350 6
7351 21
7352 25
7353 8
7354 51
7355 30
7356 42
7357 51
7358 32
7359 57
7360 13
7361 22
7362 3
7363 15
7364 90
7365 8
7366 30
7367 79
7368 73
7369 8
7370 50
7371 6
7372 26
7373 26
7374 5
7375 4
7376 23
7377 7
7378 25
7379 36
7380 3
7381 6
7382 95
7383 31
7384 30
7385 7
7386 23
7387 8
7388 7
7389 95
7390 6
7391 20
7392 4
7393 13
7394 20
7395 2
7396 51
7397 8
7398 7
7399 22
7400 28
7401 91
7402 0
7403 96
7404 23
7405 81
7406 58
7407 34
7408 17
7409 19
7410 13
7411 16
7412 4
7413 52
7414 3
7415 49
7416 24
7417 42
7418 12
7419 33
7420 4
7421 50
7422 12
7423 5
7424 5
7425 48
7426 7
7427 6
7428 42
7429 17
7430 11
7431 59
7432 86
7433 15
7434 15
7435 27
7436 65
7437 27
7438 1
7439 19
7440 101
7441 7
7442 14
7443 6
7444 1
7445 26
7446 0
7447 55
7448 66
7449 72
7450 6
7451 3
7452 27
7453 6
7454 25
7455 6
7456 22
7457 62
7458 16
7459 36
7460 32
7461 76
7462 1
7463 4
7464 33
7465 16
7466 52
7467 10
7468 30
7469 66
7470 68
7471 3
7472 102
7473 63
7474 3
7475 1
7476 43
7477 0
7478 3
7479 5
7480 16
7481 33
7482 10
7483 24
7484 33
7485 42
7486 50
7487 14
7488 59
7489 35
7490 50
7491 14
7492 7
7493 74
7494 61
7495 3
7496 25
7497 11
7498 50
7499 68
7500 28
7501 7
7502 32
7503 46
7504 28
7505 1
7506 0
7507 8
7508 3
7509 2
7510 0
7511 10
7512 10
7513 39
7514 34
7515 26
7516 5
7517 47
7518 14
7519 7
7520 98
7521 13
7522 7
7523 66
7524 2
7525 22
7526 2
7527 38
7528 0
7529 10
7530 37
7531 88
7532 5
7533 4
7534 102
7535 39
7536 6
7537 46
7538 1
7539 38
7540 9
7541 26
7542 54
7543 53
7544 29
7545 53
7546 10
7547 22
7548 35
7549 54
7550 8
7551 63
7552 4
7553 78
7554 2
7555 29
7556 13
7557 59
7558 32
7559 7
7560 34
7561 33
7562 27
7563 7
7564 9
7565 108
7566 2
7567 19
7568 26
7569 6
7570 9
7571 34
7572 12
7573 4
7574 11
7575 40
7576 53
7577 40
7578 27
7579 60
7580 40
7581 9
7582 44
7583 12
7584 40
7585 40
7586 10
7587 3
7588 3
7589 36
7590 90
7591 7
7592 11
7593 46
7594 9
7595 13
7596 4
7597 6
7598 33
7599 14
7600 84
7601 21
7602 99
7603 57
7604 3
7605 37
7606 46
7607 94
7608 2
7609 5
7610 35
7611 40
7612 13
7613 100
7614 5
7615 2
7616 26
7617 2
7618 4
7619 1
7620 15
7621 28
7622 18
7623 51
7624 1
7625 83
7626 10
7627 1
7628 51
7629 3
7630 13
7631 7
7632 82
7633 4
7634 21
7635 6
7636 1
7637 11
7638 17
7639 44
7640 63
7641 51
7642 17
7643 29
7644 5
7645 0
7646 57
7647 33
7648 7
7649 14
7650 24
7651 17
7652 10
7653 57
7654 8
7655 11
7656 13
7657 5
7658 0
7659 12
7660 0
7661 12
7662 3
7663 18
7664 50
7665 7
7666 0
7667 54
7668 6
7669 39
7670 11
7671 57
7672 74
7673 6
7674 0
7675 23
7676 4
7677 18
7678 2
7679 56
7680 34
7681 27
7682 27
7683 18
7684 45
7685 29
7686 138
7687 15
7688 18
7689 5
7690 8
7691 0
7692 18
7693 2
7694 34
7695 40
7696 92
7697 6
7698 61
7699 87
7700 59
7701 9
7702 30
7703 2
7704 69
7705 27
7706 54
7707 52
7708 35
7709 44
7710 20
7711 1
7712 18
7713 62
7714 17
7715 48
7716 28
7717 28
7718 52
7719 0
7720 35
7721 45
7722 0
7723 72
7724 49
7725 65
7726 32
7727 3
7728 1
7729 49
7730 2
7731 2
7732 6
7733 0
7734 14
7735 35
7736 6
7737 17
7738 7
7739 96
7740 3
7741 0
7742 6
7743 10
7744 10
7745 1
7746 21
7747 5
7748 20
7749 10
7750 45
7751 18
7752 9
7753 16
7754 43
7755 49
7756 4
7757 16
7758 8
7759 14
7760 114
7761 3
7762 0
7763 1
7764 31
7765 21
7766 45
7767 22
7768 14
7769 24
7770 60
7771 24
7772 18
7773 8
7774 6
7775 52
7776 11
7777 8
7778 1
7779 53
7780 31
7781 86
7782 17
7783 4
7784 7
7785 66
7786 17
7787 3
7788 41
7789 3
7790 7
7791 39
7792 5
7793 73
7794 21
7795 0
7796 27
7797 28
7798 8
7799 15
7800 105
7801 30
7802 10
7803 1
7804 13
7805 44
7806 95
7807 27
7808 53
7809 6
7810 4
7811 106
7812 2
7813 30
7814 2
7815 17
7816 6
7817 4
7818 1
7819 8
7820 0
7821 1
7822 50
7823 22
7824 2
7825 17
7826 8
7827 31
7828 7
7829 35
7830 40
7831 25
7832 4
7833 45
7834 15
7835 63
7836 11
7837 2
7838 71
7839 2
7840 10
7841 1
7842 12
7843 38
7844 5
7845 25
7846 32
7847 24
7848 11
7849 91
7850 6
7851 10
7852 2
7853 35
7854 49
7855 4
7856 38
7857 6
7858 76
7859 12
7860 11
7861 45
7862 42
7863 23
7864 13
7865 63
7866 6
7867 47
7868 16
7869 12
7870 56
7871 8
7872 4
7873 42
7874 29
7875 32
7876 98
7877 50
7878 8
7879 9
7880 10
7881 33
7882 14
7883 11
7884 3
7885 72
7886 1
7887 32
7888 20
7889 10
7890 1
7891 45
7892 5
7893 69
7894 1
7895 19
7896 17
7897 1
7898 6
7899 27
7900 51
7901 6
7902 8
7903 19
7904 0
7905 47
7906 26
7907 1
7908 33
7909 12
7910 47
7911 4
7912 39
7913 0
7914 31
7915 3
7916 4
7917 6
7918 64
7919 34
7920 46
7921 0
7922 1
7923 10
7924 14
7925 13
7926 11
7927 109
7928 19
7929 59
7930 34
7931 12
7932 9
7933 40
7934 7
7935 13
7936 20
7937 52
7938 54
7939 0
7940 12
7941 6
7942 62
7943 14
7944 19
7945 14
7946 14
7947 17
7948 5
7949 4
7950 14
7951 4
7952 15
7953 2
7954 23
7955 1
7956 48
7957 3
7958 24
7959 2
7960 67
7961 2
7962 17
7963 18
7964 13
7965 34
7966 5
7967 0
7968 5
7969 124
7970 15
7971 10
7972 54
7973 15
7974 26
7975 52
7976 11
7977 8
7978 22
7979 17
7980 1
7981 23
7982 35
7983 12
7984 29
7985 8
7986 43
7987 12
7988 21
7989 18
7990 18
7991 21
7992 94
7993 3
7994 35
7995 11
7996 32
7997 14
7998 30
7999 21
8000 14
8001 31
8002 27
8003 13
8004 10
8005 10
8006 18
8007 0
8008 39
8009 36
8010 59
8011 60
8012 6
8013 2
8014 35
8015 16
8016 18
8017 0
8018 51
8019 20
8020 65
8021 93
8022 4
8023 22
8024 24
8025 1
8026 5
8027 21
8028 7
8029 5
8030 10
8031 98
8032 16
8033 23
8034 14
8035 18
8036 3
8037 19
8038 1
8039 18
8040 33
8041 21
8042 12
8043 11
8044 0
8045 38
8046 16
8047 3
8048 20
8049 3
8050 10
8051 24
8052 10
8053 11
8054 18
8055 6
8056 34
8057 13
8058 11
8059 4
8060 9
8061 52
8062 6
8063 15
8064 8
8065 25
8066 13
8067 4
8068 18
8069 3
8070 12
8071 8
8072 37
8073 18
8074 11
8075 21
8076 10
8077 38
8078 20
8079 5
8080 16
8081 25
8082 5
8083 57
8084 44
8085 19
8086 6
8087 12
8088 7
8089 44
8090 110
8091 4
8092 50
8093 22
8094 7
8095 29
8096 20
8097 29
8098 9
8099 21
8100 10
8101 58
8102 56
8103 13
8104 3
8105 3
8106 21
8107 10
8108 44
8109 0
8110 18
8111 33
8112 12
8113 3
8114 2
8115 39
8116 24
8117 10
8118 1
8119 20
8120 9
8121 11
8122 11
8123 11
8124 75
8125 12
8126 28
8127 55
8128 7
8129 29
8130 11
8131 36
8132 3
8133 22
8134 3
8135 0
8136 7
8137 137
8138 14
8139 20
8140 24
8141 17
8142 4
8143 12
8144 13
8145 15
8146 15
8147 21
8148 12
8149 32
8150 37
8151 67
8152 5
8153 45
8154 0
8155 39
8156 35
8157 45
8158 5
8159 17
8160 21
8161 18
8162 18
8163 4
8164 19
8165 3
8166 11
8167 0
8168 19
8169 48
8170 17
8171 32
8172 2
8173 11
8174 76
8175 49
8176 17
8177 11
8178 7
8179 42
8180 19
8181 19
8182 47
8183 9
8184 42
8185 4
8186 9
8187 15
8188 1
8189 11
8190 7
8191 0
8192 16
8193 74
8194 38
8195 39
8196 3
8197 90
8198 33
8199 33
8200 6
8201 19
8202 10
8203 0
8204 41
8205 42
8206 49
8207 44
8208 49
8209 38
8210 0
8211 47
8212 49
8213 24
8214 99
8215 37
8216 42
8217 69
8218 15
8219 38
8220 31
8221 12
8222 56
8223 19
8224 36
8225 0
8226 23
8227 104
8228 0
8229 33
8230 37
8231 9
8232 32
8233 11
8234 62
8235 33
8236 37
8237 39
8238 31
8239 2
8240 38
8241 18
8242 3
8243 37
8244 74
8245 7
8246 68
8247 68
8248 0
8249 69
8250 14
8251 43
8252 24
8253 0
8254 34
8255 35
8256 14
8257 119
8258 31
8259 44
8260 10
8261 14
8262 11
8263 18
8264 31
8265 24
8266 39
8267 111
8268 25
8269 14
8270 16
8271 20
8272 43
8273 41
8274 68
8275 14
8276 20
8277 49
8278 13
8279 73
8280 46
8281 31
8282 7
8283 17
8284 22
8285 19
8286 6
8287 62
8288 29
8289 23
8290 20
8291 40
8292 39
8293 65
8294 96
8295 2
8296 81
8297 29
8298 34
8299 21
8300 83
8301 29
8302 5
8303 12
8304 25
8305 53
8306 43
8307 72
8308 0
8309 36
8310 15
8311 77
8312 19
8313 43
8314 0
8315 17
8316 61
8317 0
8318 41
8319 30
8320 23
8321 19
8322 43
8323 36
8324 26
8325 0
8326 77
8327 57
8328 19
8329 16
8330 67
8331 30
8332 21
8333 15
8334 26
8335 20
8336 6
8337 14
8338 24
8339 21
8340 0
8341 57
8342 11
8343 50
8344 21
8345 71
8346 34
8347 46
8348 23
8349 16
8350 25
8351 32
8352 10
8353 22
8354 37
8355 53
8356 71
8357 0
8358 0
8359 9
8360 26
8361 50
8362 32
8363 19
8364 99
8365 22
8366 15
8367 100
8368 22
8369 167
8370 19
8371 19
8372 58
8373 10
8374 98
8375 46
8376 43
8377 19
8378 35
8379 32
8380 22
8381 25
8382 24
8383 30
8384 56
8385 21
8386 60
8387 16
8388 74
8389 19
8390 3
8391 35
8392 43
8393 84
8394 15
8395 23
8396 32
8397 43
8398 1
8399 47
8400 11
8401 20
8402 64
8403 43
8404 41
8405 19
8406 48
8407 2
8408 51
8409 110
8410 96
8411 30
8412 25
8413 51
8414 26
8415 23
8416 64
8417 1
8418 6
8419 0
8420 43
8421 2
8422 78
8423 14
8424 3
8425 40
8426 143
8427 23
8428 60
8429 30
8430 6
8431 70
8432 42
8433 21
8434 31
8435 75
8436 41
8437 57
8438 10
8439 24
8440 17
8441 107
8442 0
8443 17
8444 0
8445 16
8446 28
8447 1
8448 7
8449 50
8450 64
8451 84
8452 19
8453 23
8454 77
8455 11
8456 31
8457 24
8458 8
8459 48
8460 71
8461 5
8462 58
8463 62
8464 80
8465 36
8466 5
8467 51
8468 49
8469 56
8470 21
8471 58
8472 24
8473 8
8474 33
8475 0
8476 1
8477 51
8478 7
8479 66
8480 15
8481 160
8482 8
8483 24
8484 6
8485 33
8486 46
8487 9
8488 51
8489 27
8490 65
8491 1
8492 52
8493 49
8494 22
8495 8
8496 26
8497 28
8498 28
8499 22
8500 68
8501 59
8502 0
8503 90
8504 68
8505 11
8506 0
8507 96
8508 77
8509 27
8510 82
8511 41
8512 39
8513 10
8514 89
8515 0
8516 24
8517 67
8518 15
8519 108
8520 109
8521 47
8522 31
8523 0
8524 33
8525 3
8526 9
8527 35
8528 13
8529 0
8530 8
8531 6
8532 84
8533 25
8534 13
8535 46
8536 19
8537 49
8538 1
8539 82
8540 11
8541 35
8542 55
8543 39
8544 33
8545 22
8546 36
8547 23
8548 10
8549 0
8550 5
8551 9
8552 37
8553 13
8554 29
8555 64
8556 103
8557 43
8558 29
8559 8
8560 10
8561 14
8562 13
8563 51
8564 60
8565 8
8566 7
8567 52
8568 13
8569 46
8570 1
8571 82
8572 5
8573 82
8574 6
8575 13
8576 13
8577 5
8578 28
8579 24
8580 27
8581 30
8582 82
8583 43
8584 0
8585 20
8586 7
8587 10
8588 5
8589 22
8590 106
8591 64
8592 38
8593 5
8594 10
8595 35
8596 27
8597 26
8598 58
8599 0
8600 7
8601 49
8602 8
8603 3
8604 12
8605 1
8606 40
8607 47
8608 93
8609 9
8610 56
8611 78
8612 13
8613 9
8614 80
8615 42
8616 8
8617 93
8618 16
8619 13
8620 9
8621 70
8622 47
8623 3
8624 105
8625 1
8626 65
8627 26
8628 85
8629 7
8630 33
8631 38
8632 3
8633 44
8634 30
8635 7
8636 10
8637 23
8638 11
8639 58
8640 153
8641 10
8642 1
8643 86
8644 13
8645 3
8646 31
8647 31
8648 33
8649 8
8650 24
8651 9
8652 43
8653 12
8654 3
8655 56
8656 44
8657 8
8658 73
8659 42
8660 5
8661 9
8662 33
8663 5
8664 36
8665 4
8666 31
8667 44
8668 2
8669 13
8670 27
8671 92
8672 35
8673 33
8674 38
8675 10
8676 28
8677 96
8678 73
8679 43
8680 60
8681 2
8682 16
8683 18
8684 2
8685 45
8686 4
8687 16
8688 5
8689 2
8690 8
8691 0
8692 18
8693 12
8694 27
8695 8
8696 17
8697 1
8698 12
8699 3
8700 23
8701 38
8702 36
8703 3
8704 40
8705 57
8706 37
8707 18
8708 87
8709 17
8710 38
8711 83
8712 2
8713 81
8714 43
8715 74
8716 72
8717 0
8718 17
8719 1
8720 3
8721 81
8722 39
8723 15
8724 42
8725 15
8726 20
8727 9
8728 49
8729 74
8730 8
8731 96
8732 28
8733 28
8734 15
8735 10
8736 13
8737 13
8738 3
8739 20
8740 49
8741 44
8742 76
8743 1
8744 17
8745 14
8746 2
8747 16
8748 61
8749 18
8750 25
8751 2
8752 17
8753 29
8754 56
8755 77
8756 57
8757 95
8758 15
8759 27
8760 17
8761 48
8762 2
8763 42
8764 11
8765 11
8766 79
8767 5
8768 17
8769 66
8770 20
8771 5
8772 1
8773 3
8774 5
8775 34
8776 4
8777 31
8778 6
8779 75
8780 4
8781 20
8782 23
8783 41
8784 23
8785 28
8786 43
8787 16
8788 17
8789 106
8790 28
8791 65
8792 8
8793 7
8794 12
8795 15
8796 18
8797 43
8798 0
8799 23
8800 15
8801 21
8802 46
8803 61
8804 80
8805 64
8806 34
8807 77
8808 54
8809 7
8810 104
8811 5
8812 4
8813 11
8814 2
8815 3
8816 8
8817 2
8818 13
8819 17
8820 36
8821 60
8822 27
8823 5
8824 47
8825 14
8826 3
8827 4
8828 0
8829 7
8830 23
8831 19
8832 85
8833 22
8834 8
8835 9
8836 38
8837 5
8838 9
8839 2
8840 48
8841 3
8842 23
8843 74
8844 7
8845 59
8846 7
8847 26
8848 1
8849 48
8850 3
8851 5
8852 0
8853 3
8854 40
8855 0
8856 58
8857 46
8858 5
8859 16
8860 1
8861 1
8862 32
8863 5
8864 30
8865 3
8866 20
8867 1
8868 1
8869 12
8870 1
8871 7
8872 30
8873 2
8874 2
8875 4
8876 12
8877 55
8878 5
8879 5
8880 9
8881 1
8882 9
8883 3
8884 55
8885 32
8886 28
8887 11
8888 44
8889 51
8890 8
8891 5
8892 70
8893 32
8894 0
8895 33
8896 2
8897 2
8898 64
8899 46
8900 13
8901 7
8902 21
8903 29
8904 7
8905 16
8906 0
8907 9
8908 4
8909 19
8910 2
8911 55
8912 1
8913 50
8914 9
8915 28
8916 27
8917 28
8918 33
8919 61
8920 7
8921 11
8922 0
8923 25
8924 3
8925 36
8926 3
8927 8
8928 16
8929 13
8930 55
8931 60
8932 60
8933 14
8934 32
8935 1
8936 31
8937 8
8938 32
8939 12
8940 19
8941 49
8942 14
8943 8
8944 11
8945 8
8946 13
8947 23
8948 9
8949 5
8950 13
8951 65
8952 27
8953 27
8954 3
8955 27
8956 27
8957 17
8958 8
8959 19
8960 0
8961 4
8962 13
8963 13
8964 13
8965 0
8966 65
8967 5
8968 23
8969 8
8970 41
8971 7
8972 21
8973 23
8974 61
8975 43
8976 4
8977 25
8978 19
8979 2
8980 11
8981 8
8982 51
8983 54
8984 11
8985 15
8986 19
8987 2
8988 3
8989 6
8990 0
8991 10
8992 2
8993 6
8994 22
8995 6
8996 7
8997 4
8998 66
8999 0
9000 5
9001 11
9002 5
9003 20
9004 102
9005 18
9006 51
9007 62
9008 26
9009 0
9010 67
9011 56
9012 6
9013 6
9014 24
9015 0
9016 1
9017 9
9018 3
9019 18
9020 35
9021 47
9022 20
9023 6
9024 21
9025 12
9026 24
9027 21
9028 3
9029 19
9030 5
9031 9
9032 10
9033 11
9034 23
9035 6
9036 3
9037 1
9038 6
9039 0
9040 83
9041 27
9042 36
9043 30
9044 4
9045 12
9046 26
9047 5
9048 53
9049 38
9050 16
9051 6
9052 15
9053 11
9054 9
9055 14
9056 15
9057 4
9058 37
9059 38
9060 11
9061 1
9062 16
9063 60
9064 10
9065 54
9066 7
9067 16
9068 9
9069 9
9070 0
9071 45
9072 6
9073 9
9074 7
9075 18
9076 19
9077 39
9078 3
9079 34
9080 4
9081 13
9082 9
9083 30
9084 7
9085 13
9086 74
9087 39
9088 13
9089 44
9090 53
9091 7
9092 32
9093 4
9094 24
9095 5
9096 8
9097 0
9098 18
9099 20
9100 12
9101 18
9102 15
9103 9
9104 18
9105 0
9106 1
9107 11
9108 54
9109 10
9110 44
9111 58
9112 32
9113 19
9114 33
9115 12
9116 20
9117 80
9118 7
9119 19
9120 7
9121 12
9122 13
9123 74
9124 54
9125 40
9126 18
9127 1
9128 21
9129 10
9130 21
9131 11
9132 7
9133 41
9134 9
9135 48
9136 70
9137 19
9138 3
9139 19
9140 18
9141 1
9142 3
9143 32
9144 31
9145 16
9146 37
9147 42
9148 23
9149 45
9150 41
9151 42
9152 1
9153 14
9154 0
9155 10
9156 43
9157 13
9158 33
9159 8
9160 2
9161 58
9162 1
9163 5
9164 0
9165 42
9166 24
9167 6
9168 4
9169 4
9170 9
9171 17
9172 19
9173 6
9174 69
9175 13
9176 4
9177 84
9178 12
9179 12
9180 18
9181 11
9182 21
9183 12
9184 13
9185 7
9186 42
9187 11
9188 22
9189 24
9190 20
9191 10
9192 26
9193 7
9194 6
9195 6
9196 9
9197 2
9198 2
9199 63
9200 12
9201 41
9202 9
9203 29
9204 65
9205 5
9206 0
9207 58
9208 23
9209 16
9210 21
9211 64
9212 15
9213 44
9214 11
9215 5
9216 0
9217 42
9218 58
9219 2
9220 37
9221 42
9222 63
9223 38
9224 14
9225 15
9226 48
9227 64
9228 2
9229 34
9230 91
9231 28
9232 20
9233 2
9234 42
9235 16
9236 18
9237 108
9238 32
9239 24
9240 66
9241 59
9242 14
9243 19
9244 42
9245 45
9246 59
9247 12
9248 0
9249 2
9250 33
9251 20
9252 41
9253 1
9254 0
9255 6
9256 4
9257 0
9258 49
9259 46
9260 9
9261 90
9262 38
9263 112
9264 1
9265 4
9266 13
9267 19
9268 26
9269 3
9270 62
9271 38
9272 14
9273 75
9274 5
9275 9
9276 6
9277 108
9278 91
9279 14
9280 21
9281 16
9282 30
9283 41
9284 16
9285 16
9286 3
9287 19
9288 36
9289 1
9290 4
9291 21
9292 1
9293 5
9294 53
9295 16
9296 17
9297 31
9298 6
9299 19
9300 29
9301 31
9302 1
9303 21
9304 0
9305 45
9306 6
9307 109
9308 0
9309 27
9310 5
9311 103
9312 40
9313 19
9314 61
9315 53
9316 5
9317 9
9318 6
9319 2
9320 9
9321 4
9322 44
9323 25
9324 20
9325 45
9326 37
9327 7
9328 7
9329 28
9330 5
9331 102
9332 37
9333 22
9334 3
9335 39
9336 3
9337 100
9338 88
9339 50
9340 47
9341 18
9342 0
9343 25
9344 53
9345 30
9346 1
9347 47
9348 0
9349 3
9350 42
9351 96
9352 25
9353 94
9354 4
9355 88
9356 57
9357 29
9358 65
9359 92
9360 7
9361 14
9362 5
9363 0
9364 55
9365 63
9366 60
9367 39
9368 22
9369 3
9370 44
9371 0
9372 4
9373 28
9374 8
9375 7
9376 44
9377 28
9378 9
9379 45
9380 7
9381 5
9382 20
9383 26
9384 91
9385 79
9386 8
9387 26
9388 0
9389 67
9390 29
9391 4
9392 26
9393 3
9394 22
9395 47
9396 0
9397 4
9398 6
9399 9
9400 3
9401 30
9402 31
9403 28
9404 53
9405 33
9406 0
9407 0
9408 85
9409 3
9410 3
9411 16
9412 21
9413 36
9414 6
9415 6
9416 7
9417 51
9418 1
9419 3
9420 3
9421 36
9422 5
9423 14
9424 51
9425 7
9426 22
9427 40
9428 33
9429 23
9430 15
9431 23
9432 2
9433 42
9434 93
9435 29
9436 32
9437 6
9438 6
9439 58
9440 0
9441 32
9442 19
9443 15
9444 7
9445 23
9446 39
9447 110
9448 7
9449 6
9450 51
9451 7
9452 44
9453 92
9454 97
9455 27
9456 41
9457 6
9458 57
9459 4
9460 30
9461 16
9462 23
9463 4
9464 50
9465 65
9466 4
9467 0
9468 8
9469 7
9470 33
9471 8
9472 4
9473 32
9474 8
9475 8
9476 45
9477 61
9478 24
9479 4
9480 7
9481 5
9482 2
9483 4
9484 23
9485 49
9486 20
9487 5
9488 63
9489 0
9490 36
9491 72
9492 16
9493 11
9494 6
9495 20
9496 52
9497 2
9498 30
9499 3
9500 7
9501 41
9502 6
9503 48
9504 8
9505 56
9506 90
9507 3
9508 33
9509 0
9510 15
9511 51
9512 3
9513 8
9514 37
9515 8
9516 80
9517 169
9518 36
9519 13
9520 5
9521 83
9522 10
9523 0
9524 7
9525 33
9526 52
9527 27
9528 6
9529 3
9530 22
9531 100
9532 6
9533 3
9534 109
9535 2
9536 2
9537 30
9538 15
9539 26
9540 39
9541 0
9542 71
9543 47
9544 105
9545 4
9546 70
9547 67
9548 43
9549 60
9550 3
9551 5
9552 13
9553 13
9554 26
9555 1
9556 8
9557 13
9558 38
9559 5
9560 35
9561 27
9562 46
9563 9
9564 73
9565 39
9566 26
9567 22
9568 11
9569 126
9570 49
9571 5
9572 41
9573 31
9574 13
9575 3
9576 2
9577 27
9578 5
9579 23
9580 9
9581 35
9582 10
9583 25
9584 13
9585 9
9586 9
9587 22
9588 51
9589 38
9590 0
9591 37
9592 26
9593 2
9594 57
9595 27
9596 28
9597 38
9598 38
9599 3
9600 19
9601 9
9602 39
9603 74
9604 13
9605 10
9606 86
9607 11
9608 10
9609 14
9610 94
9611 4
9612 9
9613 82
9614 34
9615 152
9616 6
9617 57
9618 7
9619 11
9620 72
9621 5
9622 40
9623 5
9624 38
9625 0
9626 72
9627 9
9628 6
9629 0
9630 37
9631 0
9632 10
9633 7
9634 72
9635 1
9636 27
9637 0
9638 55
9639 54
9640 100
9641 34
9642 72
9643 11
9644 1
9645 52
9646 11
9647 4
9648 38
9649 13
9650 6
9651 25
9652 12
9653 58
9654 39
9655 5
9656 12
9657 4
9658 42
9659 11
9660 18
9661 8
9662 108
9663 92
9664 56
9665 3
9666 3
9667 11
9668 56
9669 8
9670 77
9671 64
9672 9
9673 13
9674 46
9675 13
9676 26
9677 6
9678 17
9679 5
9680 9
9681 11
9682 26
9683 23
9684 12
9685 3
9686 57
9687 0
9688 79
9689 35
9690 1
9691 18
9692 4
9693 10
9694 37
9695 12
9696 6
9697 13
9698 1
9699 56
9700 10
9701 1
9702 42
9703 18
9704 13
9705 23
9706 84
9707 40
9708 3
9709 22
9710 51
9711 15
9712 92
9713 5
9714 33
9715 18
9716 17
9717 46
9718 98
9719 34
9720 8
9721 8
9722 31
9723 29
9724 15
9725 69
9726 17
9727 44
9728 29
9729 74
9730 24
9731 95
9732 24
9733 94
9734 32
9735 17
9736 69
9737 62
9738 75
9739 18
9740 17
9741 7
9742 1
9743 6
9744 34
9745 28
9746 29
9747 0
9748 2
9749 14
9750 27
9751 2
9752 20
9753 10
9754 45
9755 80
9756 0
9757 15
9758 38
9759 45
9760 40
9761 74
9762 29
9763 59
9764 14
9765 108
9766 4
9767 14
9768 1
9769 1
9770 0
9771 68
9772 1
9773 17
9774 9
9775 31
9776 49
9777 4
9778 24
9779 8
9780 14
9781 13
9782 0
9783 4
9784 41
9785 57
9786 3
9787 3
9788 85
9789 20
9790 44
9791 68
9792 0
9793 20
9794 15
9795 18
9796 11
9797 3
9798 8
9799 17
9800 80
9801 7
9802 6
9803 1
9804 0
9805 61
9806 2
9807 4
9808 8
9809 77
9810 29
9811 6
9812 45
9813 13
9814 70
9815 2
9816 34
9817 30
9818 16
9819 29
9820 7
9821 18
9822 40
9823 34
9824 49
9825 8
9826 61
9827 1
9828 25
9829 5
9830 67
9831 60
9832 6
9833 23
9834 61
9835 2
9836 53
9837 1
9838 22
9839 15
9840 3
9841 13
9842 7
9843 7
9844 9
9845 14
9846 6
9847 24
9848 8
9849 30
9850 18
9851 23
9852 9
9853 1
9854 10
9855 4
9856 25
9857 53
9858 47
9859 14
9860 16
9861 23
9862 5
9863 6
9864 22
9865 90
9866 18
9867 5
9868 57
9869 63
9870 44
9871 10
9872 39
9873 15
9874 5
9875 28
9876 34
9877 81
9878 21
9879 8
9880 9
9881 3
9882 11
9883 12
9884 1
9885 14
9886 12
9887 10
9888 10
9889 0
9890 12
9891 38
9892 0
9893 7
9894 12
9895 3
9896 16
9897 32
9898 11
9899 0
9900 13
9901 11
9902 11
9903 43
9904 8
9905 0
9906 47
9907 26
9908 13
9909 9
9910 13
9911 47
9912 3
9913 9
9914 23
9915 0
9916 6
9917 12
9918 12
9919 11
9920 3
9921 43
9922 6
9923 48
9924 10
9925 46
9926 6
9927 24
9928 12
9929 4
9930 46
9931 46
9932 3
9933 73
9934 11
9935 174
9936 47
9937 3
9938 70
9939 13
9940 80
9941 37
9942 0
9943 6
9944 5
9945 36
9946 0
9947 12
9948 0
9949 18
9950 5
9951 7
9952 4
9953 9
9954 12
9955 27
9956 20
9957 0
9958 88
9959 2
9960 43
9961 8
9962 10
9963 13
9964 25
9965 10
9966 14
9967 12
9968 0
9969 10
9970 5
9971 10
9972 26
9973 88
9974 9
9975 105
9976 27
9977 26
9978 4
9979 10
9980 2
9981 0
9982 28
9983 26
9984 9
9985 25
9986 25
9987 7
9988 27
9989 10
9990 8
9991 63
9992 49
9993 58
9994 15
9995 8
9996 14
9997 6
9998 1
9999 14
