0 30
1 36
2 2
3 15
4 40
5 3
6 34
7 53
8 31
9 40
10 31
11 5
12 0
13 30
14 36
15 46
16 54
17 36
18 23
19 8
20 19
21 31
22 22
23 18
24 4
25 39
26 9
27 26
28 30
29 36
30 34
31 22
32 24
33 51
34 23
35 27
36 43
37 46
38 30
39 43
40 49
41 44
42 48
43 7
44 3
45 37
46 19
47 23
48 4
49 24
50 38
51 52
52 0
53 37
54 30
55 47
56 38
57 47
58 23
59 30
60 29
61 51
62 48
63 32
64 21
65 18
66 39
67 50
68 17
69 50
70 3
71 32
72 52
73 40
74 17
75 36
76 57
77 37
78 25
79 43
80 16
81 7
82 38
83 38
84 41
85 16
86 57
87 6
88 19
89 2
90 48
91 50
92 23
93 58
94 46
95 47
96 46
97 58
98 15
99 27
100 39
101 13
102 14
103 14
104 26
105 18
106 42
107 2
108 29
109 15
110 4
111 28
112 16
113 36
114 19
115 39
116 30
117 13
118 42
119 50
120 7
121 50
122 50
123 4
124 40
125 29
126 13
127 3
128 14
129 28
130 22
131 26
132 10
133 49
134 25
135 55
136 34
137 12
138 23
139 37
140 13
141 13
142 29
143 0
144 39
145 0
146 0
147 46
148 33
149 42
150 36
151 41
152 53
153 26
154 19
155 12
156 23
157 30
158 30
159 18
160 54
161 34
162 46
163 40
164 18
165 25
166 52
167 44
168 55
169 29
170 47
171 43
172 25
173 18
174 15
175 20
176 5
177 26
178 44
179 54
180 8
181 46
182 27
183 52
184 40
185 0
186 28
187 42
188 13
189 35
190 21
191 54
192 15
193 17
194 42
195 41
196 47
197 18
198 41
199 11
200 0
201 29
202 13
203 26
204 33
205 47
206 37
207 34
208 5
209 1
210 14
211 25
212 25
213 49
214 45
215 1
216 47
217 56
218 27
219 52
220 33
221 45
222 30
223 33
224 24
225 26
226 51
227 1
228 22
229 22
230 49
231 34
232 58
233 35
234 29
235 51
236 26
237 51
238 13
239 48
240 34
241 20
242 0
243 52
244 40
245 30
246 6
247 24
248 13
249 39
250 6
251 44
252 21
253 25
254 24
255 13
256 15
257 15
258 46
259 13
260 49
261 32
262 13
263 26
264 2
265 33
266 4
267 41
268 28
269 45
270 20
271 1
272 55
273 44
274 26
275 25
276 28
277 4
278 34
279 34
280 53
281 8
282 25
283 35
284 19
285 40
286 40
287 28
288 40
289 29
290 25
291 50
292 32
293 15
294 31
295 20
296 17
297 0
298 41
299 32
300 22
301 14
302 32
303 32
304 20
305 8
306 13
307 40
308 8
309 11
310 5
311 4
312 29
313 1
314 54
315 45
316 9
317 39
318 23
319 19
320 13
321 53
322 54
323 38
324 15
325 25
326 13
327 28
328 12
329 41
330 19
331 20
332 28
333 47
334 39
335 13
336 4
337 0
338 18
339 29
340 19
341 16
342 10
343 19
344 36
345 10
346 16
347 23
348 7
349 28
350 0
351 25
352 10
353 19
354 1
355 13
356 19
357 47
358 32
359 34
360 4
361 10
362 28
363 57
364 19
365 0
366 49
367 4
368 28
369 3
370 37
371 44
372 54
373 44
374 9
375 25
376 41
377 5
378 1
379 1
380 29
381 32
382 19
383 16
384 5
385 32
386 8
387 28
388 41
389 31
390 22
391 1
392 13
393 20
394 34
395 52
396 25
397 32
398 16
399 14
400 45
401 8
402 25
403 20
404 7
405 26
406 32
407 13
408 26
409 27
410 20
411 10
412 12
413 37
414 28
415 44
416 44
417 48
418 19
419 10
420 44
421 36
422 8
423 29
424 1
425 54
426 0
427 34
428 39
429 56
430 45
431 0
432 56
433 29
434 55
435 35
436 56
437 44
438 9
439 14
440 41
441 29
442 11
443 10
444 11
445 39
446 14
447 29
448 58
449 53
450 53
451 46
452 40
453 14
454 20
455 45
456 5
457 30
458 19
459 34
460 29
461 4
462 0
463 1
464 23
465 36
466 16
467 56
468 4
469 30
470 46
471 43
472 2
473 18
474 44
475 2
476 50
477 16
478 11
479 45
480 35
481 52
482 17
483 18
484 45
485 14
486 16
487 45
488 0
489 36
490 16
491 2
492 16
493 42
494 22
495 9
496 14
497 5
498 42
499 1
500 8
501 50
502 12
503 9
504 28
505 2
506 3
507 10
508 15
509 17
510 2
511 28
512 40
513 0
514 0
515 40
516 46
517 10
518 15
519 10
520 18
521 44
522 17
523 11
524 10
525 2
526 25
527 6
528 0
529 21
530 12
531 11
532 31
533 20
534 19
535 24
536 43
537 29
538 53
539 24
540 1
541 24
542 23
543 47
544 34
545 5
546 30
547 14
548 18
549 38
550 44
551 8
552 14
553 55
554 14
555 36
556 22
557 2
558 15
559 24
560 2
561 11
562 21
563 38
564 2
565 44
566 50
567 38
568 6
569 44
570 15
571 51
572 49
573 44
574 20
575 1
576 48
577 3
578 43
579 41
580 57
581 28
582 9
583 36
584 37
585 5
586 37
587 3
588 29
589 19
590 29
591 2
592 0
593 40
594 6
595 54
596 39
597 13
598 27
599 58
600 1
601 35
602 4
603 33
604 52
605 35
606 13
607 57
608 48
609 16
610 13
611 46
612 56
613 13
614 17
615 47
616 4
617 9
618 8
619 39
620 5
621 10
622 8
623 53
624 25
625 18
626 27
627 4
628 15
629 16
630 51
631 6
632 49
633 11
634 35
635 46
636 37
637 33
638 18
639 17
640 12
641 46
642 10
643 8
644 20
645 38
646 48
647 27
648 54
649 33
650 2
651 31
652 4
653 27
654 10
655 9
656 31
657 28
658 8
659 43
660 17
661 49
662 13
663 23
664 33
665 55
666 37
667 10
668 14
669 10
670 39
671 10
672 16
673 2
674 13
675 4
676 37
677 5
678 16
679 0
680 58
681 21
682 44
683 20
684 36
685 4
686 20
687 33
688 44
689 23
690 2
691 49
692 27
693 11
694 10
695 54
696 46
697 51
698 12
699 13
700 10
701 53
702 29
703 20
704 44
705 13
706 14
707 19
708 54
709 13
710 31
711 30
712 35
713 2
714 5
715 6
716 8
717 1
718 20
719 39
720 13
721 12
722 34
723 2
724 39
725 29
726 18
727 20
728 8
729 36
730 5
731 15
732 22
733 8
734 37
735 36
736 13
737 20
738 2
739 39
740 11
741 5
742 5
743 20
744 58
745 13
746 49
747 3
748 7
749 37
750 30
751 39
752 14
753 16
754 11
755 19
756 7
757 34
758 13
759 2
760 6
761 28
762 11
763 35
764 6
765 7
766 54
767 27
768 6
769 37
770 44
771 35
772 1
773 14
774 11
775 52
776 39
777 3
778 37
779 39
780 36
781 17
782 24
783 1
784 41
785 45
786 5
787 17
788 34
789 8
790 22
791 32
792 6
793 57
794 34
795 5
796 31
797 32
798 22
799 23
800 4
801 32
802 4
803 53
804 9
805 9
806 16
807 2
808 45
809 10
810 11
811 17
812 1
813 3
814 5
815 49
816 24
817 10
818 26
819 45
820 21
821 7
822 33
823 7
824 29
825 29
826 32
827 0
828 22
829 23
830 52
831 1
832 18
833 3
834 30
835 0
836 11
837 48
838 0
839 35
840 45
841 12
842 39
843 27
844 37
845 21
846 14
847 47
848 40
849 40
850 22
851 25
852 48
853 36
854 13
855 22
856 11
857 15
858 13
859 27
860 0
861 38
862 20
863 31
864 6
865 27
866 19
867 11
868 1
869 21
870 13
871 12
872 13
873 23
874 1
875 12
876 11
877 4
878 38
879 13
880 26
881 11
882 40
883 48
884 19
885 2
886 40
887 19
888 45
889 23
890 15
891 26
892 14
893 41
894 6
895 2
896 15
897 10
898 32
899 5
900 0
901 34
902 30
903 30
904 38
905 53
906 13
907 2
908 15
909 32
910 57
911 53
912 16
913 18
914 17
915 5
916 31
917 6
918 32
919 11
920 2
921 24
922 4
923 5
924 0
925 41
926 3
927 57
928 25
929 44
930 20
931 36
932 6
933 18
934 51
935 30
936 4
937 33
938 5
939 3
940 48
941 26
942 3
943 6
944 27
945 3
946 28
947 25
948 0
949 24
950 5
951 7
952 32
953 46
954 58
955 4
956 11
957 1
958 1
959 41
960 8
961 18
962 1
963 50
964 27
965 10
966 18
967 20
968 0
969 12
970 31
971 21
972 21
973 30
974 10
975 0
976 51
977 23
978 3
979 34
980 30
981 15
982 4
983 45
984 10
985 35
986 32
987 4
988 29
989 29
990 22
991 31
992 26
993 24
994 14
995 3
996 11
997 56
998 11
999 0
1000 3
1001 6
1002 51
1003 58
1004 21
1005 55
1006 42
1007 15
1008 0
1009 16
1010 8
1011 34
1012 24
1013 5
1014 34
1015 37
1016 26
1017 10
1018 38
1019 3
1020 29
1021 35
1022 32
1023 52
1024 17
1025 27
1026 24
1027 5
1028 33
1029 17
1030 16
1031 12
1032 15
1033 47
1034 17
1035 35
1036 14
1037 58
1038 26
1039 14
1040 1
1041 22
1042 2
1043 34
1044 30
1045 1
1046 26
1047 26
1048 46
1049 35
1050 29
1051 15
1052 34
1053 37
1054 14
1055 27
1056 41
1057 13
1058 22
1059 16
1060 23
1061 32
1062 13
1063 10
1064 46
1065 16
1066 19
1067 16
1068 0
1069 15
1070 1
1071 16
1072 43
1073 14
1074 19
1075 17
1076 24
1077 42
1078 48
1079 20
1080 15
1081 0
1082 22
1083 26
1084 35
1085 51
1086 39
1087 40
1088 38
1089 51
1090 15
1091 6
1092 9
1093 53
1094 54
1095 47
1096 32
1097 23
1098 4
1099 2
1100 19
1101 38
1102 21
1103 47
1104 18
1105 42
1106 1
1107 26
1108 13
1109 11
1110 36
1111 0
1112 22
1113 12
1114 30
1115 18
1116 21
1117 8
1118 1
1119 9
1120 13
1121 17
1122 1
1123 39
1124 47
1125 25
1126 8
1127 39
1128 15
1129 22
1130 9
1131 7
1132 1
1133 13
1134 49
1135 19
1136 26
1137 3
1138 0
1139 57
1140 18
1141 2
1142 4
1143 22
1144 43
1145 2
1146 6
1147 4
1148 2
1149 34
1150 24
1151 26
1152 34
1153 33
1154 33
1155 1
1156 40
1157 16
1158 18
1159 29
1160 29
1161 50
1162 25
1163 49
1164 2
1165 10
1166 0
1167 25
1168 10
1169 13
1170 24
1171 8
1172 35
1173 44
1174 17
1175 10
1176 54
1177 13
1178 14
1179 23
1180 31
1181 55
1182 19
1183 41
1184 18
1185 0
1186 9
1187 0
1188 23
1189 2
1190 32
1191 27
1192 14
1193 20
1194 23
1195 7
1196 4
1197 22
1198 47
1199 24
1200 8
1201 44
1202 20
1203 41
1204 19
1205 26
1206 25
1207 31
1208 20
1209 35
1210 4
1211 46
1212 25
1213 51
1214 27
1215 51
1216 2
1217 7
1218 35
1219 18
1220 49
1221 45
1222 3
1223 15
1224 40
1225 35
1226 47
1227 29
1228 45
1229 6
1230 20
1231 0
1232 16
1233 19
1234 19
1235 14
1236 8
1237 7
1238 52
1239 55
1240 47
1241 17
1242 40
1243 3
1244 4
1245 19
1246 9
1247 20
1248 51
1249 18
1250 6
1251 1
1252 58
1253 40
1254 5
1255 9
1256 51
1257 33
1258 35
1259 0
1260 45
1261 50
1262 43
1263 33
1264 0
1265 58
1266 3
1267 45
1268 23
1269 24
1270 33
1271 51
1272 3
1273 24
1274 25
1275 13
1276 8
1277 3
1278 3
1279 19
1280 19
1281 18
1282 1
1283 38
1284 6
1285 8
1286 22
1287 21
1288 31
1289 45
1290 19
1291 24
1292 45
1293 23
1294 22
1295 13
1296 31
1297 4
1298 25
1299 28
1300 35
1301 45
1302 6
1303 0
1304 49
1305 16
1306 44
1307 5
1308 0
1309 26
1310 41
1311 29
1312 6
1313 49
1314 48
1315 1
1316 19
1317 48
1318 4
1319 28
1320 40
1321 13
1322 26
1323 51
1324 5
1325 57
1326 8
1327 5
1328 20
1329 1
1330 9
1331 33
1332 22
1333 28
1334 35
1335 4
1336 6
1337 29
1338 3
1339 5
1340 5
1341 52
1342 45
1343 36
1344 5
1345 40
1346 28
1347 57
1348 49
1349 36
1350 33
1351 8
1352 12
1353 2
1354 6
1355 33
1356 15
1357 42
1358 5
1359 0
1360 22
1361 1
1362 22
1363 56
1364 25
1365 12
1366 18
1367 41
1368 1
1369 4
1370 50
1371 33
1372 5
1373 6
1374 23
1375 4
1376 30
1377 37
1378 25
1379 12
1380 5
1381 29
1382 23
1383 4
1384 3
1385 16
1386 10
1387 42
1388 6
1389 28
1390 8
1391 55
1392 37
1393 20
1394 2
1395 22
1396 30
1397 30
1398 57
1399 2
1400 29
1401 32
1402 40
1403 44
1404 17
1405 25
1406 43
1407 6
1408 31
1409 30
1410 34
1411 8
1412 0
1413 40
1414 52
1415 25
1416 10
1417 47
1418 20
1419 30
1420 34
1421 15
1422 22
1423 45
1424 43
1425 19
1426 43
1427 7
1428 36
1429 22
1430 11
1431 11
1432 0
1433 43
1434 28
1435 4
1436 44
1437 56
1438 13
1439 35
1440 30
1441 40
1442 6
1443 51
1444 10
1445 9
1446 4
1447 42
1448 5
1449 3
1450 20
1451 8
1452 12
1453 7
1454 2
1455 28
1456 28
1457 9
1458 3
1459 22
1460 44
1461 15
1462 45
1463 1
1464 32
1465 13
1466 19
1467 40
1468 29
1469 31
1470 4
1471 0
1472 20
1473 44
1474 1
1475 57
1476 44
1477 7
1478 54
1479 3
1480 12
1481 28
1482 33
1483 55
1484 55
1485 7
1486 6
1487 18
1488 0
1489 58
1490 5
1491 4
1492 6
1493 0
1494 54
1495 29
1496 15
1497 11
1498 16
1499 31
1500 17
1501 56
1502 43
1503 28
1504 20
1505 21
1506 53
1507 35
1508 5
1509 2
1510 39
1511 4
1512 12
1513 31
1514 46
1515 7
1516 7
1517 26
1518 11
1519 1
1520 5
1521 9
1522 19
1523 42
1524 12
1525 5
1526 13
1527 35
1528 0
1529 14
1530 8
1531 17
1532 18
1533 25
1534 37
1535 38
1536 48
1537 53
1538 3
1539 19
1540 22
1541 18
1542 24
1543 51
1544 22
1545 18
1546 16
1547 25
1548 1
1549 36
1550 55
1551 47
1552 45
1553 0
1554 16
1555 5
1556 29
1557 56
1558 47
1559 37
1560 2
1561 38
1562 16
1563 38
1564 1
1565 14
1566 20
1567 39
1568 56
1569 47
1570 32
1571 14
1572 5
1573 22
1574 8
1575 52
1576 29
1577 21
1578 29
1579 43
1580 19
1581 1
1582 24
1583 7
1584 24
1585 17
1586 58
1587 3
1588 15
1589 21
1590 6
1591 30
1592 0
1593 7
1594 34
1595 35
1596 18
1597 10
1598 2
1599 17
1600 16
1601 19
1602 6
1603 17
1604 11
1605 9
1606 5
1607 0
1608 19
1609 16
1610 20
1611 1
1612 0
1613 8
1614 37
1615 33
1616 32
1617 3
1618 8
1619 43
1620 43
1621 17
1622 18
1623 0
1624 15
1625 28
1626 18
1627 6
1628 17
1629 3
1630 0
1631 22
1632 39
1633 32
1634 44
1635 16
1636 9
1637 40
1638 5
1639 30
1640 42
1641 25
1642 7
1643 1
1644 19
1645 30
1646 3
1647 0
1648 1
1649 18
1650 38
1651 41
1652 38
1653 3
1654 17
1655 35
1656 6
1657 7
1658 32
1659 43
1660 4
1661 19
1662 35
1663 4
1664 32
1665 3
1666 12
1667 19
1668 35
1669 9
1670 40
1671 19
1672 16
1673 39
1674 33
1675 23
1676 48
1677 10
1678 31
1679 23
1680 18
1681 2
1682 6
1683 7
1684 14
1685 31
1686 0
1687 50
1688 33
1689 9
1690 20
1691 13
1692 39
1693 2
1694 31
1695 43
1696 0
1697 38
1698 8
1699 7
1700 2
1701 52
1702 47
1703 27
1704 14
1705 1
1706 6
1707 14
1708 44
1709 6
1710 1
1711 0
1712 31
1713 10
1714 17
1715 4
1716 50
1717 15
1718 33
1719 36
1720 35
1721 30
1722 8
1723 30
1724 11
1725 2
1726 9
1727 11
1728 4
1729 3
1730 0
1731 23
1732 0
1733 34
1734 15
1735 5
1736 1
1737 31
1738 35
1739 13
1740 7
1741 15
1742 47
1743 18
1744 25
1745 16
1746 13
1747 14
1748 11
1749 14
1750 0
1751 1
1752 52
1753 19
1754 9
1755 36
1756 0
1757 14
1758 45
1759 0
1760 9
1761 6
1762 8
1763 4
1764 31
1765 31
1766 42
1767 13
1768 21
1769 0
1770 35
1771 16
1772 31
1773 24
1774 25
1775 6
1776 23
1777 5
1778 2
1779 1
1780 24
1781 38
1782 19
1783 6
1784 7
1785 38
1786 28
1787 38
1788 5
1789 14
1790 7
1791 15
1792 3
1793 12
1794 32
1795 23
1796 4
1797 33
1798 1
1799 1
1800 27
1801 31
1802 19
1803 5
1804 22
1805 7
1806 56
1807 21
1808 0
1809 55
1810 0
1811 13
1812 2
1813 57
1814 24
1815 54
1816 11
1817 36
1818 36
1819 1
1820 6
1821 45
1822 5
1823 7
1824 14
1825 0
1826 7
1827 48
1828 31
1829 0
1830 19
1831 34
1832 27
1833 33
1834 21
1835 12
1836 11
1837 33
1838 9
1839 7
1840 24
1841 53
1842 22
1843 34
1844 43
1845 27
1846 21
1847 22
1848 2
1849 19
1850 29
1851 1
1852 0
1853 0
1854 6
1855 21
1856 9
1857 48
1858 10
1859 8
1860 53
1861 45
1862 25
1863 9
1864 2
1865 10
1866 22
1867 54
1868 4
1869 2
1870 28
1871 27
1872 23
1873 36
1874 17
1875 11
1876 2
1877 11
1878 17
1879 52
1880 7
1881 8
1882 10
1883 7
1884 36
1885 11
1886 4
1887 0
1888 14
1889 24
1890 28
1891 35
1892 15
1893 4
1894 21
1895 7
1896 39
1897 5
1898 0
1899 58
1900 9
1901 32
1902 32
1903 23
1904 0
1905 7
1906 24
1907 11
1908 23
1909 23
1910 10
1911 49
1912 12
1913 28
1914 37
1915 36
1916 5
1917 16
1918 9
1919 6
1920 1
1921 34
1922 1
1923 27
1924 0
1925 20
1926 13
1927 43
1928 18
1929 25
1930 3
1931 32
1932 20
1933 0
1934 7
1935 27
1936 1
1937 6
1938 5
1939 26
1940 29
1941 9
1942 32
1943 5
1944 12
1945 5
1946 9
1947 9
1948 11
1949 10
1950 28
1951 19
1952 21
1953 51
1954 21
1955 28
1956 5
1957 11
1958 5
1959 8
1960 55
1961 17
1962 15
1963 18
1964 5
1965 4
1966 57
1967 9
1968 15
1969 17
1970 12
1971 1
1972 28
1973 49
1974 7
1975 12
1976 9
1977 48
1978 10
1979 48
1980 5
1981 29
1982 41
1983 12
1984 27
1985 4
1986 21
1987 46
1988 18
1989 4
1990 1
1991 31
1992 1
1993 18
1994 17
1995 35
1996 32
1997 1
1998 24
1999 26
2000 18
2001 46
2002 27
2003 18
2004 0
2005 28
2006 47
2007 16
2008 11
2009 51
2010 41
2011 9
2012 58
2013 15
2014 3
2015 15
2016 0
2017 14
2018 16
2019 10
2020 24
2021 2
2022 46
2023 7
2024 34
2025 3
2026 12
2027 14
2028 10
2029 34
2030 58
2031 0
2032 24
2033 8
2034 17
2035 5
2036 43
2037 2
2038 18
2039 21
2040 17
2041 30
2042 5
2043 8
2044 2
2045 2
2046 38
2047 23
2048 20
2049 16
2050 6
2051 12
2052 30
2053 24
2054 21
2055 11
2056 40
2057 33
2058 20
2059 11
2060 21
2061 38
2062 58
2063 19
2064 20
2065 9
2066 5
2067 35
2068 32
2069 31
2070 17
2071 18
2072 41
2073 28
2074 26
2075 38
2076 37
2077 12
2078 26
2079 44
2080 28
2081 58
2082 46
2083 18
2084 26
2085 19
2086 11
2087 41
2088 18
2089 8
2090 46
2091 47
2092 40
2093 44
2094 21
2095 21
2096 7
2097 29
2098 3
2099 39
2100 44
2101 0
2102 40
2103 51
2104 23
2105 14
2106 42
2107 42
2108 21
2109 14
2110 15
2111 24
2112 27
2113 19
2114 47
2115 25
2116 15
2117 46
2118 46
2119 15
2120 33
2121 36
2122 15
2123 27
2124 53
2125 36
2126 18
2127 7
2128 35
2129 8
2130 15
2131 56
2132 10
2133 26
2134 47
2135 51
2136 37
2137 53
2138 48
2139 16
2140 37
2141 24
2142 27
2143 26
2144 10
2145 52
2146 30
2147 46
2148 25
2149 21
2150 43
2151 48
2152 25
2153 33
2154 13
2155 25
2156 0
2157 13
2158 20
2159 14
2160 19
2161 15
2162 51
2163 45
2164 5
2165 41
2166 37
2167 14
2168 5
2169 30
2170 17
2171 5
2172 19
2173 53
2174 26
2175 47
2176 13
2177 13
2178 0
2179 13
2180 37
2181 42
2182 0
2183 50
2184 37
2185 13
2186 33
2187 16
2188 29
2189 15
2190 5
2191 27
2192 39
2193 21
2194 31
2195 21
2196 20
2197 0
2198 54
2199 35
2200 13
2201 40
2202 23
2203 29
2204 13
2205 18
2206 2
2207 34
2208 35
2209 13
2210 13
2211 34
2212 31
2213 44
2214 15
2215 50
2216 53
2217 17
2218 2
2219 3
2220 42
2221 38
2222 13
2223 29
2224 23
2225 34
2226 13
2227 23
2228 11
2229 6
2230 16
2231 5
2232 18
2233 0
2234 15
2235 35
2236 6
2237 28
2238 12
2239 15
2240 49
2241 39
2242 49
2243 33
2244 51
2245 25
2246 39
2247 16
2248 43
2249 53
2250 23
2251 23
2252 20
2253 41
2254 3
2255 48
2256 47
2257 52
2258 25
2259 31
2260 45
2261 33
2262 1
2263 53
2264 0
2265 19
2266 37
2267 35
2268 13
2269 36
2270 18
2271 19
2272 33
2273 31
2274 54
2275 20
2276 29
2277 21
2278 10
2279 15
2280 37
2281 30
2282 22
2283 29
2284 51
2285 25
2286 1
2287 24
2288 15
2289 53
2290 31
2291 34
2292 2
2293 56
2294 1
2295 29
2296 19
2297 55
2298 22
2299 51
2300 18
2301 22
2302 32
2303 4
2304 56
2305 13
2306 32
2307 58
2308 26
2309 18
2310 39
2311 57
2312 0
2313 30
2314 41
2315 11
2316 4
2317 0
2318 7
2319 15
2320 37
2321 29
2322 40
2323 22
2324 29
2325 22
2326 33
2327 4
2328 43
2329 25
2330 34
2331 7
2332 55
2333 41
2334 22
2335 49
2336 5
2337 40
2338 13
2339 20
2340 28
2341 31
2342 15
2343 43
2344 17
2345 4
2346 0
2347 22
2348 54
2349 19
2350 40
2351 38
2352 31
2353 22
2354 31
2355 19
2356 8
2357 52
2358 9
2359 8
2360 15
2361 48
2362 14
2363 31
2364 45
2365 26
2366 22
2367 40
2368 25
2369 28
2370 44
2371 8
2372 12
2373 36
2374 19
2375 34
2376 23
2377 8
2378 43
2379 54
2380 57
2381 29
2382 10
2383 35
2384 0
2385 20
2386 29
2387 58
2388 0
2389 19
2390 50
2391 1
2392 22
2393 45
2394 9
2395 9
2396 16
2397 9
2398 5
2399 30
2400 37
2401 41
2402 1
2403 16
2404 8
2405 8
2406 30
2407 9
2408 1
2409 15
2410 0
2411 49
2412 9
2413 31
2414 51
2415 15
2416 33
2417 13
2418 0
2419 5
2420 4
2421 39
2422 19
2423 35
2424 34
2425 9
2426 5
2427 36
2428 48
2429 29
2430 5
2431 39
2432 9
2433 0
2434 41
2435 10
2436 22
2437 18
2438 23
2439 23
2440 26
2441 23
2442 26
2443 15
2444 11
2445 30
2446 8
2447 1
2448 32
2449 25
2450 27
2451 30
2452 43
2453 4
2454 19
2455 33
2456 18
2457 25
2458 0
2459 3
2460 13
2461 9
2462 23
2463 0
2464 13
2465 5
2466 44
2467 33
2468 52
2469 23
2470 51
2471 32
2472 56
2473 20
2474 7
2475 35
2476 31
2477 41
2478 48
2479 9
2480 36
2481 12
2482 41
2483 11
2484 6
2485 43
2486 40
2487 30
2488 0
2489 14
2490 5
2491 20
2492 8
2493 11
2494 18
2495 14
2496 30
2497 5
2498 0
2499 4
2500 2
2501 22
2502 18
2503 0
2504 50
2505 5
2506 5
2507 18
2508 25
2509 23
2510 30
2511 40
2512 40
2513 52
2514 17
2515 41
2516 22
2517 33
2518 20
2519 52
2520 14
2521 14
2522 50
2523 9
2524 3
2525 30
2526 10
2527 15
2528 13
2529 53
2530 30
2531 24
2532 34
2533 17
2534 21
2535 10
2536 2
2537 46
2538 2
2539 24
2540 5
2541 18
2542 0
2543 0
2544 41
2545 44
2546 20
2547 12
2548 21
2549 22
2550 14
2551 10
2552 4
2553 3
2554 36
2555 21
2556 2
2557 45
2558 6
2559 47
2560 22
2561 43
2562 52
2563 44
2564 18
2565 22
2566 28
2567 29
2568 16
2569 29
2570 32
2571 14
2572 13
2573 16
2574 16
2575 5
2576 17
2577 33
2578 20
2579 40
2580 28
2581 9
2582 0
2583 37
2584 19
2585 20
2586 21
2587 53
2588 23
2589 11
2590 3
2591 2
2592 21
2593 31
2594 0
2595 2
2596 44
2597 55
2598 51
2599 17
2600 45
2601 40
2602 18
2603 51
2604 30
2605 39
2606 36
2607 21
2608 18
2609 3
2610 41
2611 47
2612 41
2613 27
2614 0
2615 4
2616 8
2617 19
2618 6
2619 46
2620 2
2621 54
2622 16
2623 1
2624 18
2625 38
2626 6
2627 1
2628 29
2629 20
2630 29
2631 50
2632 11
2633 24
2634 47
2635 21
2636 29
2637 24
2638 3
2639 43
2640 6
2641 10
2642 38
2643 50
2644 10
2645 36
2646 53
2647 44
2648 1
2649 16
2650 33
2651 37
2652 3
2653 57
2654 55
2655 21
2656 28
2657 6
2658 35
2659 25
2660 38
2661 2
2662 43
2663 43
2664 20
2665 1
2666 37
2667 31
2668 43
2669 2
2670 42
2671 15
2672 21
2673 28
2674 22
2675 29
2676 16
2677 14
2678 33
2679 27
2680 9
2681 34
2682 17
2683 31
2684 10
2685 30
2686 10
2687 54
2688 19
2689 4
2690 18
2691 4
2692 31
2693 23
2694 6
2695 33
2696 33
2697 42
2698 0
2699 10
2700 19
2701 42
2702 25
2703 0
2704 6
2705 14
2706 10
2707 5
2708 8
2709 15
2710 38
2711 42
2712 25
2713 0
2714 23
2715 16
2716 23
2717 3
2718 1
2719 20
2720 2
2721 57
2722 8
2723 9
2724 13
2725 0
2726 43
2727 35
2728 42
2729 2
2730 25
2731 15
2732 55
2733 20
2734 55
2735 39
2736 54
2737 24
2738 24
2739 8
2740 10
2741 2
2742 47
2743 8
2744 50
2745 1
2746 46
2747 42
2748 51
2749 4
2750 4
2751 9
2752 0
2753 52
2754 8
2755 43
2756 58
2757 10
2758 37
2759 29
2760 54
2761 23
2762 8
2763 10
2764 5
2765 6
2766 14
2767 52
2768 56
2769 19
2770 8
2771 49
2772 31
2773 29
2774 5
2775 39
2776 10
2777 5
2778 10
2779 0
2780 20
2781 11
2782 14
2783 25
2784 5
2785 3
2786 36
2787 37
2788 10
2789 0
2790 31
2791 24
2792 24
2793 41
2794 5
2795 41
2796 15
2797 20
2798 15
2799 18
2800 27
2801 23
2802 32
2803 38
2804 10
2805 28
2806 6
2807 0
2808 0
2809 5
2810 7
2811 6
2812 1
2813 56
2814 10
2815 36
2816 14
2817 28
2818 5
2819 35
2820 5
2821 1
2822 40
2823 54
2824 12
2825 2
2826 5
2827 21
2828 12
2829 0
2830 18
2831 38
2832 56
2833 14
2834 12
2835 4
2836 40
2837 6
2838 5
2839 21
2840 20
2841 32
2842 0
2843 17
2844 2
2845 9
2846 27
2847 12
2848 14
2849 13
2850 23
2851 10
2852 17
2853 20
2854 7
2855 4
2856 6
2857 0
2858 32
2859 15
2860 48
2861 25
2862 3
2863 5
2864 48
2865 43
2866 17
2867 0
2868 45
2869 16
2870 19
2871 19
2872 38
2873 52
2874 12
2875 17
2876 22
2877 46
2878 33
2879 57
2880 12
2881 0
2882 15
2883 13
2884 6
2885 3
2886 0
2887 0
2888 27
2889 6
2890 38
2891 21
2892 12
2893 5
2894 28
2895 6
2896 21
2897 48
2898 8
2899 5
2900 19
2901 14
2902 11
2903 13
2904 3
2905 0
2906 53
2907 34
2908 8
2909 7
2910 14
2911 2
2912 26
2913 29
2914 14
2915 26
2916 19
2917 15
2918 31
2919 9
2920 5
2921 32
2922 2
2923 12
2924 14
2925 11
2926 18
2927 18
2928 29
2929 44
2930 7
2931 36
2932 4
2933 18
2934 11
2935 32
2936 26
2937 10
2938 3
2939 15
2940 11
2941 16
2942 27
2943 7
2944 4
2945 1
2946 45
2947 12
2948 39
2949 17
2950 6
2951 26
2952 15
2953 24
2954 34
2955 8
2956 10
2957 10
2958 8
2959 8
2960 21
2961 26
2962 29
2963 30
2964 56
2965 14
2966 4
2967 18
2968 14
2969 26
2970 25
2971 24
2972 54
2973 24
2974 33
2975 43
2976 4
2977 11
2978 47
2979 55
2980 11
2981 14
2982 17
2983 48
2984 24
2985 2
2986 16
2987 42
2988 27
2989 6
2990 18
2991 8
2992 27
2993 3
2994 6
2995 8
2996 30
2997 3
2998 20
2999 11
3000 21
3001 15
3002 51
3003 2
3004 2
3005 14
3006 4
3007 9
3008 4
3009 41
3010 7
3011 26
3012 15
3013 8
3014 34
3015 28
3016 14
3017 1
3018 3
3019 15
3020 18
3021 36
3022 56
3023 5
3024 17
3025 2
3026 5
3027 15
3028 8
3029 15
3030 28
3031 9
3032 12
3033 23
3034 44
3035 32
3036 21
3037 6
3038 21
3039 56
3040 9
3041 34
3042 2
3043 6
3044 24
3045 4
3046 14
3047 44
3048 50
3049 50
3050 9
3051 26
3052 24
3053 28
3054 5
3055 11
3056 42
3057 11
3058 24
3059 17
3060 8
3061 15
3062 9
3063 6
3064 27
3065 1
3066 0
3067 24
3068 17
3069 38
3070 50
3071 1
3072 55
3073 36
3074 42
3075 31
3076 1
3077 44
3078 10
3079 41
3080 40
3081 47
3082 0
3083 15
3084 50
3085 24
3086 17
3087 43
3088 37
3089 4
3090 1
3091 0
3092 16
3093 0
3094 46
3095 16
3096 0
3097 25
3098 12
3099 47
3100 16
3101 39
3102 46
3103 6
3104 58
3105 8
3106 47
3107 20
3108 1
3109 6
3110 56
3111 22
3112 36
3113 6
3114 12
3115 2
3116 0
3117 6
3118 25
3119 8
3120 0
3121 3
3122 5
3123 26
3124 10
3125 7
3126 3
3127 2
3128 1
3129 13
3130 39
3131 3
3132 17
3133 2
3134 7
3135 24
3136 44
3137 38
3138 23
3139 26
3140 40
3141 29
3142 51
3143 10
3144 52
3145 19
3146 3
3147 32
3148 15
3149 54
3150 42
3151 39
3152 56
3153 53
3154 42
3155 2
3156 33
3157 27
3158 25
3159 6
3160 11
3161 17
3162 19
3163 6
3164 4
3165 14
3166 51
3167 7
3168 47
3169 57
3170 5
3171 34
3172 38
3173 45
3174 7
3175 7
3176 49
3177 9
3178 9
3179 39
3180 9
3181 1
3182 49
3183 18
3184 8
3185 12
3186 4
3187 24
3188 1
3189 27
3190 49
3191 26
3192 41
3193 22
3194 9
3195 17
3196 47
3197 3
3198 37
3199 1
3200 7
3201 16
3202 16
3203 6
3204 18
3205 2
3206 3
3207 43
3208 10
3209 41
3210 44
3211 16
3212 43
3213 23
3214 35
3215 35
3216 17
3217 24
3218 13
3219 21
3220 0
3221 47
3222 23
3223 26
3224 49
3225 9
3226 7
3227 30
3228 14
3229 21
3230 22
3231 4
3232 25
3233 44
3234 49
3235 9
3236 33
3237 39
3238 9
3239 3
3240 44
3241 4
3242 51
3243 1
3244 56
3245 3
3246 36
3247 25
3248 53
3249 36
3250 52
3251 38
3252 17
3253 44
3254 33
3255 9
3256 44
3257 34
3258 2
3259 51
3260 4
3261 55
3262 31
3263 34
3264 27
3265 52
3266 45
3267 0
3268 0
3269 9
3270 23
3271 9
3272 33
3273 23
3274 49
3275 23
3276 17
3277 33
3278 23
3279 31
3280 19
3281 37
3282 2
3283 50
3284 0
3285 42
3286 17
3287 15
3288 31
3289 1
3290 2
3291 7
3292 35
3293 7
3294 7
3295 43
3296 49
3297 10
3298 23
3299 27
3300 8
3301 37
3302 24
3303 25
3304 40
3305 46
3306 7
3307 3
3308 13
3309 54
3310 1
3311 2
3312 16
3313 7
3314 21
3315 3
3316 24
3317 10
3318 15
3319 32
3320 26
3321 7
3322 0
3323 6
3324 35
3325 27
3326 3
3327 28
3328 43
3329 48
3330 23
3331 1
3332 7
3333 52
3334 2
3335 1
3336 0
3337 9
3338 6
3339 6
3340 9
3341 13
3342 44
3343 8
3344 31
3345 2
3346 1
3347 31
3348 7
3349 4
3350 28
3351 20
3352 2
3353 55
3354 4
3355 38
3356 4
3357 27
3358 40
3359 2
3360 34
3361 5
3362 37
3363 2
3364 8
3365 15
3366 6
3367 44
3368 36
3369 36
3370 15
3371 3
3372 6
3373 9
3374 4
3375 14
3376 12
3377 42
3378 43
3379 29
3380 28
3381 7
3382 19
3383 35
3384 1
3385 38
3386 5
3387 11
3388 6
3389 19
3390 25
3391 39
3392 7
3393 7
3394 48
3395 41
3396 10
3397 8
3398 7
3399 25
3400 17
3401 24
3402 58
3403 15
3404 5
3405 39
3406 25
3407 38
3408 5
3409 4
3410 38
3411 1
3412 0
3413 1
3414 40
3415 35
3416 38
3417 4
3418 19
3419 8
3420 10
3421 33
3422 5
3423 25
3424 7
3425 2
3426 40
3427 0
3428 0
3429 39
3430 39
3431 22
3432 2
3433 42
3434 51
3435 18
3436 12
3437 6
3438 5
3439 29
3440 9
3441 37
3442 4
3443 44
3444 2
3445 15
3446 8
3447 34
3448 1
3449 1
3450 15
3451 34
3452 52
3453 8
3454 23
3455 12
3456 7
3457 2
3458 36
3459 4
3460 44
3461 4
3462 25
3463 4
3464 6
3465 31
3466 25
3467 6
3468 6
3469 43
3470 0
3471 29
3472 44
3473 57
3474 14
3475 10
3476 20
3477 24
3478 0
3479 16
3480 11
3481 28
3482 3
3483 53
3484 3
3485 33
3486 14
3487 36
3488 14
3489 4
3490 6
3491 55
3492 36
3493 50
3494 36
3495 1
3496 7
3497 5
3498 4
3499 31
3500 28
3501 39
3502 27
3503 16
3504 52
3505 6
3506 42
3507 39
3508 1
3509 53
3510 8
3511 10
3512 6
3513 4
3514 22
3515 6
3516 7
3517 22
3518 2
3519 2
3520 37
3521 23
3522 1
3523 50
3524 42
3525 19
3526 3
3527 56
3528 48
3529 48
3530 5
3531 3
3532 17
3533 14
3534 3
3535 46
3536 11
3537 1
3538 9
3539 0
3540 7
3541 11
3542 34
3543 4
3544 45
3545 16
3546 7
3547 1
3548 11
3549 7
3550 50
3551 34
3552 37
3553 54
3554 46
3555 12
3556 28
3557 3
3558 10
3559 24
3560 42
3561 3
3562 12
3563 3
3564 0
3565 18
3566 56
3567 14
3568 46
3569 56
3570 14
3571 3
3572 46
3573 0
3574 3
3575 4
3576 23
3577 13
3578 6
3579 51
3580 56
3581 24
3582 24
3583 39
3584 32
3585 22
3586 16
3587 26
3588 11
3589 2
3590 9
3591 24
3592 43
3593 22
3594 47
3595 42
3596 2
3597 22
3598 42
3599 18
3600 0
3601 18
3602 38
3603 13
3604 40
3605 22
3606 1
3607 22
3608 36
3609 12
3610 25
3611 35
3612 2
3613 28
3614 30
3615 14
3616 29
3617 13
3618 32
3619 41
3620 10
3621 28
3622 29
3623 42
3624 43
3625 7
3626 17
3627 25
3628 56
3629 49
3630 29
3631 2
3632 33
3633 23
3634 6
3635 3
3636 28
3637 55
3638 1
3639 23
3640 45
3641 4
3642 41
3643 40
3644 47
3645 52
3646 19
3647 50
3648 12
3649 14
3650 2
3651 16
3652 3
3653 1
3654 2
3655 12
3656 3
3657 42
3658 6
3659 7
3660 3
3661 18
3662 9
3663 9
3664 20
3665 19
3666 52
3667 49
3668 4
3669 16
3670 38
3671 8
3672 0
3673 23
3674 17
3675 3
3676 16
3677 7
3678 0
3679 15
3680 15
3681 0
3682 36
3683 7
3684 41
3685 4
3686 43
3687 2
3688 13
3689 33
3690 11
3691 43
3692 1
3693 15
3694 50
3695 5
3696 3
3697 20
3698 15
3699 12
3700 27
3701 9
3702 19
3703 53
3704 10
3705 17
3706 8
3707 40
3708 8
3709 3
3710 2
3711 1
3712 16
3713 5
3714 5
3715 5
3716 23
3717 35
3718 24
3719 22
3720 2
3721 10
3722 2
3723 46
3724 3
3725 37
3726 48
3727 25
3728 0
3729 33
3730 23
3731 25
3732 8
3733 10
3734 20
3735 43
3736 3
3737 2
3738 6
3739 23
3740 9
3741 43
3742 37
3743 18
3744 13
3745 9
3746 23
3747 57
3748 7
3749 54
3750 9
3751 29
3752 0
3753 28
3754 5
3755 28
3756 2
3757 12
3758 7
3759 10
3760 12
3761 7
3762 35
3763 30
3764 17
3765 6
3766 23
3767 13
3768 5
3769 21
3770 9
3771 0
3772 29
3773 45
3774 44
3775 7
3776 11
3777 1
3778 36
3779 55
3780 35
3781 16
3782 26
3783 28
3784 10
3785 9
3786 9
3787 10
3788 6
3789 23
3790 7
3791 43
3792 20
3793 7
3794 5
3795 12
3796 5
3797 5
3798 10
3799 43
3800 3
3801 0
3802 10
3803 23
3804 55
3805 14
3806 33
3807 14
3808 2
3809 44
3810 0
3811 2
3812 0
3813 1
3814 10
3815 1
3816 5
3817 20
3818 10
3819 1
3820 7
3821 49
3822 10
3823 2
3824 7
3825 2
3826 7
3827 11
3828 15
3829 11
3830 9
3831 34
3832 44
3833 50
3834 0
3835 45
3836 9
3837 0
3838 41
3839 35
3840 37
3841 49
3842 6
3843 13
3844 45
3845 12
3846 52
3847 7
3848 5
3849 10
3850 7
3851 6
3852 38
3853 11
3854 3
3855 21
3856 5
3857 22
3858 0
3859 21
3860 1
3861 17
3862 23
3863 10
3864 17
3865 37
3866 17
3867 12
3868 4
3869 7
3870 8
3871 7
3872 2
3873 14
3874 17
3875 7
3876 26
3877 35
3878 10
3879 3
3880 12
3881 20
3882 21
3883 34
3884 11
3885 51
3886 16
3887 52
3888 0
3889 19
3890 10
3891 27
3892 1
3893 21
3894 19
3895 52
3896 8
3897 4
3898 17
3899 11
3900 9
3901 20
3902 48
3903 19
3904 0
3905 32
3906 27
3907 21
3908 14
3909 31
3910 25
3911 4
3912 31
3913 19
3914 5
3915 10
3916 24
3917 41
3918 14
3919 0
3920 7
3921 5
3922 14
3923 4
3924 7
3925 8
3926 3
3927 17
3928 54
3929 22
3930 17
3931 20
3932 21
3933 27
3934 0
3935 12
3936 24
3937 26
3938 8
3939 23
3940 12
3941 2
3942 29
3943 6
3944 22
3945 10
3946 1
3947 7
3948 24
3949 31
3950 2
3951 17
3952 32
3953 2
3954 4
3955 35
3956 11
3957 11
3958 7
3959 35
3960 14
3961 27
3962 36
3963 10
3964 2
3965 24
3966 21
3967 27
3968 18
3969 31
3970 0
3971 37
3972 40
3973 26
3974 10
3975 10
3976 28
3977 32
3978 27
3979 38
3980 6
3981 21
3982 5
3983 10
3984 9
3985 24
3986 18
3987 11
3988 17
3989 7
3990 14
3991 30
3992 13
3993 14
3994 11
3995 32
3996 14
3997 32
3998 21
3999 3
4000 10
4001 5
4002 39
4003 0
4004 12
4005 1
4006 24
4007 6
4008 15
4009 42
4010 9
4011 41
4012 1
4013 43
4014 11
4015 6
4016 46
4017 39
4018 6
4019 10
4020 43
4021 2
4022 30
4023 5
4024 4
4025 27
4026 3
4027 5
4028 48
4029 10
4030 9
4031 24
4032 7
4033 29
4034 0
4035 21
4036 11
4037 10
4038 26
4039 5
4040 0
4041 58
4042 31
4043 8
4044 23
4045 27
4046 23
4047 1
4048 39
4049 17
4050 6
4051 44
4052 12
4053 2
4054 15
4055 53
4056 12
4057 2
4058 41
4059 9
4060 36
4061 27
4062 26
4063 21
4064 0
4065 9
4066 4
4067 27
4068 9
4069 6
4070 3
4071 19
4072 16
4073 2
4074 21
4075 3
4076 23
4077 17
4078 36
4079 43
4080 0
4081 19
4082 8
4083 24
4084 27
4085 30
4086 4
4087 4
4088 6
4089 23
4090 48
4091 5
4092 29
4093 3
4094 26
4095 13
4096 39
4097 41
4098 30
4099 39
4100 7
4101 48
4102 14
4103 38
4104 0
4105 17
4106 32
4107 38
4108 16
4109 15
4110 13
4111 50
4112 26
4113 42
4114 47
4115 3
4116 0
4117 39
4118 16
4119 42
4120 5
4121 5
4122 32
4123 32
4124 15
4125 17
4126 34
4127 39
4128 0
4129 50
4130 22
4131 0
4132 12
4133 24
4134 42
4135 7
4136 49
4137 27
4138 49
4139 27
4140 3
4141 42
4142 24
4143 3
4144 20
4145 17
4146 0
4147 0
4148 42
4149 27
4150 18
4151 13
4152 42
4153 41
4154 0
4155 43
4156 50
4157 27
4158 24
4159 11
4160 26
4161 20
4162 43
4163 18
4164 12
4165 27
4166 25
4167 45
4168 19
4169 2
4170 1
4171 26
4172 26
4173 33
4174 11
4175 15
4176 46
4177 26
4178 16
4179 11
4180 20
4181 17
4182 13
4183 47
4184 7
4185 43
4186 36
4187 14
4188 33
4189 37
4190 4
4191 0
4192 42
4193 46
4194 17
4195 26
4196 10
4197 34
4198 41
4199 53
4200 13
4201 30
4202 47
4203 42
4204 11
4205 25
4206 53
4207 13
4208 15
4209 22
4210 47
4211 15
4212 17
4213 36
4214 21
4215 18
4216 31
4217 3
4218 25
4219 19
4220 30
4221 37
4222 41
4223 17
4224 0
4225 37
4226 10
4227 35
4228 13
4229 9
4230 0
4231 39
4232 38
4233 48
4234 27
4235 39
4236 41
4237 27
4238 40
4239 0
4240 11
4241 54
4242 18
4243 20
4244 43
4245 27
4246 14
4247 14
4248 24
4249 14
4250 54
4251 41
4252 14
4253 5
4254 33
4255 38
4256 17
4257 0
4258 16
4259 8
4260 0
4261 43
4262 25
4263 15
4264 0
4265 0
4266 30
4267 13
4268 32
4269 38
4270 29
4271 44
4272 44
4273 52
4274 27
4275 16
4276 31
4277 11
4278 49
4279 11
4280 25
4281 34
4282 55
4283 14
4284 56
4285 55
4286 35
4287 45
4288 48
4289 24
4290 51
4291 24
4292 40
4293 3
4294 16
4295 46
4296 28
4297 23
4298 42
4299 42
4300 14
4301 48
4302 31
4303 20
4304 28
4305 34
4306 40
4307 27
4308 24
4309 23
4310 1
4311 16
4312 16
4313 13
4314 44
4315 45
4316 23
4317 39
4318 33
4319 56
4320 33
4321 49
4322 26
4323 0
4324 45
4325 6
4326 21
4327 20
4328 25
4329 23
4330 58
4331 0
4332 15
4333 24
4334 35
4335 11
4336 28
4337 15
4338 36
4339 0
4340 4
4341 22
4342 48
4343 20
4344 26
4345 32
4346 40
4347 42
4348 41
4349 17
4350 28
4351 19
4352 35
4353 36
4354 24
4355 32
4356 2
4357 1
4358 20
4359 50
4360 3
4361 12
4362 36
4363 31
4364 33
4365 9
4366 0
4367 19
4368 1
4369 27
4370 23
4371 44
4372 53
4373 57
4374 46
4375 15
4376 0
4377 16
4378 21
4379 19
4380 13
4381 41
4382 1
4383 38
4384 4
4385 23
4386 48
4387 32
4388 47
4389 23
4390 35
4391 0
4392 5
4393 37
4394 42
4395 5
4396 13
4397 8
4398 41
4399 18
4400 4
4401 23
4402 1
4403 7
4404 37
4405 35
4406 22
4407 12
4408 0
4409 41
4410 36
4411 7
4412 22
4413 1
4414 38
4415 8
4416 41
4417 16
4418 27
4419 31
4420 12
4421 23
4422 3
4423 1
4424 51
4425 20
4426 26
4427 20
4428 5
4429 20
4430 41
4431 39
4432 25
4433 0
4434 3
4435 18
4436 5
4437 12
4438 9
4439 17
4440 13
4441 9
4442 8
4443 28
4444 33
4445 16
4446 29
4447 26
4448 1
4449 24
4450 12
4451 33
4452 12
4453 47
4454 33
4455 4
4456 23
4457 20
4458 19
4459 16
4460 15
4461 25
4462 0
4463 1
4464 38
4465 56
4466 16
4467 49
4468 29
4469 16
4470 12
4471 13
4472 39
4473 41
4474 52
4475 0
4476 1
4477 1
4478 19
4479 16
4480 40
4481 53
4482 5
4483 37
4484 19
4485 16
4486 31
4487 22
4488 0
4489 12
4490 13
4491 26
4492 11
4493 11
4494 29
4495 1
4496 1
4497 4
4498 46
4499 8
4500 28
4501 34
4502 33
4503 5
4504 48
4505 3
4506 50
4507 19
4508 12
4509 3
4510 13
4511 58
4512 10
4513 3
4514 25
4515 4
4516 26
4517 38
4518 25
4519 4
4520 12
4521 13
4522 26
4523 8
4524 12
4525 45
4526 1
4527 50
4528 25
4529 55
4530 5
4531 4
4532 10
4533 11
4534 30
4535 1
4536 14
4537 30
4538 31
4539 50
4540 24
4541 21
4542 0
4543 12
4544 24
4545 2
4546 21
4547 28
4548 3
4549 3
4550 4
4551 17
4552 9
4553 31
4554 28
4555 9
4556 44
4557 18
4558 8
4559 6
4560 51
4561 5
4562 10
4563 6
4564 34
4565 23
4566 37
4567 37
4568 11
4569 58
4570 1
4571 52
4572 1
4573 46
4574 1
4575 56
4576 3
4577 9
4578 30
4579 21
4580 30
4581 0
4582 9
4583 6
4584 8
4585 1
4586 50
4587 28
4588 5
4589 15
4590 2
4591 11
4592 5
4593 13
4594 5
4595 2
4596 42
4597 22
4598 11
4599 17
4600 9
4601 54
4602 17
4603 0
4604 42
4605 47
4606 28
4607 14
4608 22
4609 13
4610 25
4611 4
4612 4
4613 12
4614 57
4615 14
4616 1
4617 38
4618 42
4619 51
4620 56
4621 52
4622 47
4623 58
4624 50
4625 14
4626 32
4627 20
4628 38
4629 18
4630 27
4631 55
4632 52
4633 0
4634 38
4635 18
4636 0
4637 5
4638 1
4639 20
4640 21
4641 18
4642 20
4643 0
4644 0
4645 29
4646 29
4647 34
4648 1
4649 44
4650 32
4651 30
4652 56
4653 14
4654 24
4655 42
4656 39
4657 12
4658 16
4659 13
4660 8
4661 5
4662 8
4663 29
4664 2
4665 27
4666 6
4667 3
4668 0
4669 17
4670 5
4671 17
4672 27
4673 4
4674 4
4675 28
4676 37
4677 53
4678 24
4679 15
4680 21
4681 27
4682 23
4683 6
4684 0
4685 8
4686 6
4687 32
4688 36
4689 28
4690 16
4691 3
4692 33
4693 15
4694 8
4695 17
4696 11
4697 46
4698 0
4699 34
4700 3
4701 2
4702 14
4703 17
4704 1
4705 18
4706 18
4707 51
4708 33
4709 28
4710 27
4711 36
4712 37
4713 21
4714 10
4715 1
4716 39
4717 32
4718 1
4719 5
4720 18
4721 8
4722 6
4723 4
4724 49
4725 34
4726 2
4727 13
4728 1
4729 27
4730 46
4731 20
4732 5
4733 6
4734 6
4735 34
4736 1
4737 1
4738 18
4739 13
4740 32
4741 45
4742 4
4743 33
4744 15
4745 26
4746 41
4747 44
4748 46
4749 30
4750 9
4751 0
4752 0
4753 13
4754 34
4755 13
4756 3
4757 18
4758 10
4759 55
4760 0
4761 48
4762 20
4763 14
4764 48
4765 3
4766 54
4767 54
4768 53
4769 8
4770 9
4771 16
4772 4
4773 9
4774 3
4775 56
4776 58
4777 14
4778 9
4779 6
4780 6
4781 5
4782 9
4783 5
4784 0
4785 31
4786 20
4787 31
4788 54
4789 20
4790 42
4791 6
4792 31
4793 18
4794 37
4795 14
4796 51
4797 4
4798 4
4799 25
4800 6
4801 2
4802 2
4803 3
4804 20
4805 14
4806 0
4807 12
4808 1
4809 6
4810 10
4811 2
4812 2
4813 50
4814 9
4815 1
4816 6
4817 19
4818 39
4819 4
4820 42
4821 33
4822 37
4823 12
4824 0
4825 8
4826 4
4827 19
4828 22
4829 16
4830 13
4831 5
4832 7
4833 22
4834 14
4835 4
4836 9
4837 5
4838 7
4839 35
4840 11
4841 6
4842 11
4843 25
4844 5
4845 46
4846 8
4847 2
4848 13
4849 25
4850 14
4851 19
4852 4
4853 6
4854 32
4855 15
4856 11
4857 9
4858 6
4859 25
4860 32
4861 27
4862 1
4863 5
4864 34
4865 8
4866 1
4867 8
4868 5
4869 10
4870 1
4871 28
4872 34
4873 21
4874 24
4875 4
4876 2
4877 19
4878 0
4879 1
4880 6
4881 46
4882 22
4883 18
4884 7
4885 50
4886 45
4887 20
4888 2
4889 7
4890 28
4891 22
4892 8
4893 43
4894 12
4895 5
4896 6
4897 1
4898 7
4899 28
4900 20
4901 0
4902 2
4903 23
4904 12
4905 8
4906 11
4907 15
4908 4
4909 28
4910 49
4911 13
4912 28
4913 29
4914 4
4915 13
4916 9
4917 35
4918 48
4919 6
4920 8
4921 1
4922 33
4923 15
4924 15
4925 2
4926 14
4927 13
4928 0
4929 27
4930 52
4931 46
4932 28
4933 4
4934 6
4935 23
4936 11
4937 12
4938 11
4939 37
4940 46
4941 27
4942 5
4943 20
4944 25
4945 15
4946 3
4947 45
4948 52
4949 3
4950 17
4951 6
4952 0
4953 0
4954 26
4955 14
4956 1
4957 49
4958 2
4959 0
4960 36
4961 0
4962 26
4963 36
4964 5
4965 49
4966 20
4967 14
4968 10
4969 21
4970 4
4971 35
4972 5
4973 16
4974 14
4975 27
4976 21
4977 11
4978 8
4979 29
4980 12
4981 48
4982 31
4983 14
4984 14
4985 27
4986 33
4987 24
4988 2
4989 24
4990 23
4991 49
4992 7
4993 43
4994 4
4995 4
4996 26
4997 14
4998 18
4999 18
5000 0
5001 48
5002 2
5003 9
5004 30
5005 18
5006 28
5007 7
5008 10
5009 6
5010 0
5011 33
5012 6
5013 9
5014 18
5015 10
5016 11
5017 12
5018 33
5019 27
5020 43
5021 28
5022 29
5023 26
5024 27
5025 18
5026 11
5027 28
5028 0
5029 8
5030 18
5031 53
5032 4
5033 18
5034 17
5035 36
5036 21
5037 22
5038 8
5039 17
5040 51
5041 6
5042 39
5043 12
5044 15
5045 21
5046 15
5047 35
5048 2
5049 27
5050 15
5051 21
5052 2
5053 13
5054 15
5055 21
5056 0
5057 33
5058 1
5059 26
5060 14
5061 28
5062 12
5063 49
5064 46
5065 40
5066 28
5067 22
5068 9
5069 12
5070 12
5071 5
5072 10
5073 31
5074 21
5075 10
5076 15
5077 34
5078 3
5079 4
5080 7
5081 14
5082 6
5083 27
5084 24
5085 56
5086 3
5087 5
5088 36
5089 48
5090 9
5091 1
5092 27
5093 6
5094 8
5095 2
5096 36
5097 9
5098 27
5099 9
5100 41
5101 0
5102 21
5103 8
5104 39
5105 4
5106 26
5107 11
5108 17
5109 43
5110 23
5111 17
5112 12
5113 5
5114 9
5115 4
5116 37
5117 0
5118 1
5119 48
5120 13
5121 23
5122 32
5123 48
5124 28
5125 25
5126 16
5127 1
5128 45
5129 23
5130 38
5131 2
5132 29
5133 1
5134 22
5135 35
5136 0
5137 17
5138 7
5139 13
5140 1
5141 48
5142 3
5143 17
5144 43
5145 14
5146 5
5147 27
5148 34
5149 0
5150 19
5151 28
5152 24
5153 2
5154 1
5155 30
5156 21
5157 48
5158 7
5159 25
5160 36
5161 22
5162 23
5163 40
5164 0
5165 16
5166 29
5167 45
5168 7
5169 40
5170 14
5171 58
5172 2
5173 6
5174 31
5175 15
5176 27
5177 35
5178 6
5179 2
5180 16
5181 50
5182 26
5183 31
5184 4
5185 2
5186 22
5187 14
5188 16
5189 20
5190 20
5191 24
5192 4
5193 9
5194 3
5195 8
5196 8
5197 4
5198 33
5199 3
5200 6
5201 16
5202 26
5203 22
5204 46
5205 6
5206 26
5207 13
5208 40
5209 7
5210 8
5211 30
5212 37
5213 26
5214 47
5215 30
5216 6
5217 4
5218 12
5219 33
5220 15
5221 22
5222 1
5223 9
5224 16
5225 0
5226 27
5227 33
5228 13
5229 16
5230 0
5231 12
5232 42
5233 6
5234 24
5235 13
5236 8
5237 8
5238 34
5239 4
5240 35
5241 47
5242 30
5243 9
5244 53
5245 26
5246 30
5247 7
5248 7
5249 1
5250 26
5251 24
5252 0
5253 10
5254 55
5255 30
5256 26
5257 53
5258 23
5259 1
5260 2
5261 8
5262 42
5263 11
5264 46
5265 16
5266 50
5267 29
5268 27
5269 0
5270 31
5271 58
5272 6
5273 40
5274 24
5275 1
5276 3
5277 12
5278 49
5279 33
5280 26
5281 31
5282 46
5283 17
5284 7
5285 9
5286 13
5287 38
5288 7
5289 20
5290 58
5291 2
5292 17
5293 35
5294 30
5295 3
5296 4
5297 4
5298 4
5299 8
5300 10
5301 3
5302 0
5303 3
5304 8
5305 0
5306 2
5307 21
5308 1
5309 12
5310 9
5311 23
5312 7
5313 35
5314 34
5315 4
5316 53
5317 49
5318 56
5319 34
5320 7
5321 10
5322 3
5323 8
5324 8
5325 24
5326 10
5327 39
5328 7
5329 33
5330 1
5331 9
5332 20
5333 7
5334 0
5335 2
5336 1
5337 37
5338 35
5339 2
5340 16
5341 6
5342 25
5343 20
5344 7
5345 18
5346 5
5347 45
5348 0
5349 5
5350 0
5351 20
5352 0
5353 55
5354 1
5355 24
5356 0
5357 56
5358 21
5359 13
5360 3
5361 27
5362 44
5363 45
5364 21
5365 31
5366 23
5367 32
5368 19
5369 6
5370 2
5371 6
5372 38
5373 22
5374 3
5375 13
5376 4
5377 4
5378 24
5379 24
5380 1
5381 8
5382 53
5383 52
5384 1
5385 0
5386 4
5387 50
5388 9
5389 9
5390 34
5391 33
5392 9
5393 8
5394 25
5395 37
5396 45
5397 26
5398 13
5399 36
5400 25
5401 2
5402 43
5403 54
5404 1
5405 26
5406 4
5407 26
5408 17
5409 23
5410 54
5411 4
5412 28
5413 20
5414 22
5415 9
5416 8
5417 13
5418 25
5419 6
5420 4
5421 32
5422 12
5423 12
5424 5
5425 8
5426 12
5427 21
5428 3
5429 26
5430 9
5431 6
5432 33
5433 52
5434 32
5435 5
5436 41
5437 9
5438 22
5439 1
5440 6
5441 37
5442 22
5443 43
5444 40
5445 24
5446 53
5447 12
5448 6
5449 28
5450 48
5451 20
5452 18
5453 5
5454 45
5455 36
5456 36
5457 3
5458 5
5459 24
5460 54
5461 54
5462 42
5463 8
5464 8
5465 9
5466 13
5467 20
5468 9
5469 33
5470 41
5471 13
5472 12
5473 4
5474 0
5475 4
5476 37
5477 6
5478 30
5479 16
5480 4
5481 28
5482 45
5483 5
5484 1
5485 40
5486 38
5487 7
5488 10
5489 30
5490 10
5491 6
5492 38
5493 22
5494 20
5495 12
5496 16
5497 20
5498 31
5499 31
5500 38
5501 34
5502 2
5503 57
5504 28
5505 21
5506 30
5507 37
5508 3
5509 40
5510 31
5511 9
5512 1
5513 25
5514 23
5515 27
5516 3
5517 28
5518 44
5519 12
5520 13
5521 1
5522 11
5523 3
5524 0
5525 14
5526 48
5527 11
5528 2
5529 55
5530 12
5531 41
5532 43
5533 5
5534 30
5535 4
5536 10
5537 15
5538 14
5539 19
5540 33
5541 36
5542 12
5543 34
5544 5
5545 41
5546 14
5547 8
5548 30
5549 28
5550 15
5551 51
5552 7
5553 9
5554 43
5555 29
5556 6
5557 7
5558 11
5559 27
5560 52
5561 52
5562 43
5563 41
5564 1
5565 21
5566 9
5567 29
5568 23
5569 42
5570 17
5571 49
5572 0
5573 22
5574 26
5575 40
5576 28
5577 51
5578 25
5579 22
5580 4
5581 28
5582 11
5583 16
5584 21
5585 23
5586 7
5587 7
5588 49
5589 6
5590 10
5591 10
5592 9
5593 12
5594 18
5595 29
5596 8
5597 7
5598 19
5599 14
5600 18
5601 37
5602 4
5603 1
5604 22
5605 30
5606 24
5607 17
5608 2
5609 34
5610 28
5611 10
5612 11
5613 24
5614 55
5615 1
5616 42
5617 12
5618 24
5619 16
5620 32
5621 23
5622 50
5623 15
5624 8
5625 11
5626 5
5627 19
5628 14
5629 21
5630 13
5631 44
5632 7
5633 11
5634 42
5635 43
5636 50
5637 11
5638 13
5639 52
5640 2
5641 39
5642 1
5643 0
5644 9
5645 12
5646 16
5647 38
5648 2
5649 49
5650 3
5651 14
5652 2
5653 22
5654 50
5655 23
5656 29
5657 50
5658 0
5659 39
5660 40
5661 9
5662 22
5663 41
5664 2
5665 38
5666 51
5667 19
5668 40
5669 0
5670 48
5671 39
5672 0
5673 2
5674 16
5675 17
5676 22
5677 1
5678 3
5679 41
5680 1
5681 48
5682 2
5683 0
5684 41
5685 29
5686 41
5687 45
5688 3
5689 1
5690 6
5691 55
5692 18
5693 55
5694 57
5695 4
5696 2
5697 35
5698 50
5699 3
5700 18
5701 28
5702 6
5703 3
5704 27
5705 7
5706 39
5707 3
5708 2
5709 42
5710 1
5711 7
5712 0
5713 19
5714 12
5715 9
5716 0
5717 22
5718 4
5719 51
5720 15
5721 17
5722 18
5723 39
5724 18
5725 3
5726 21
5727 21
5728 29
5729 6
5730 57
5731 19
5732 33
5733 32
5734 15
5735 14
5736 4
5737 2
5738 3
5739 7
5740 13
5741 7
5742 24
5743 22
5744 36
5745 10
5746 2
5747 37
5748 4
5749 20
5750 19
5751 8
5752 0
5753 0
5754 24
5755 42
5756 47
5757 7
5758 1
5759 3
5760 8
5761 31
5762 18
5763 8
5764 2
5765 25
5766 6
5767 21
5768 53
5769 37
5770 5
5771 20
5772 30
5773 13
5774 8
5775 10
5776 10
5777 18
5778 11
5779 3
5780 21
5781 49
5782 21
5783 4
5784 13
5785 23
5786 55
5787 11
5788 2
5789 17
5790 10
5791 54
5792 3
5793 0
5794 44
5795 27
5796 1
5797 49
5798 30
5799 1
5800 39
5801 3
5802 8
5803 5
5804 20
5805 10
5806 44
5807 10
5808 5
5809 14
5810 27
5811 9
5812 29
5813 12
5814 56
5815 9
5816 11
5817 19
5818 5
5819 5
5820 14
5821 11
5822 23
5823 6
5824 0
5825 0
5826 44
5827 46
5828 14
5829 1
5830 6
5831 11
5832 6
5833 21
5834 14
5835 3
5836 31
5837 11
5838 30
5839 8
5840 6
5841 11
5842 27
5843 0
5844 48
5845 31
5846 36
5847 0
5848 8
5849 1
5850 19
5851 13
5852 10
5853 6
5854 9
5855 8
5856 11
5857 15
5858 14
5859 33
5860 31
5861 10
5862 34
5863 58
5864 21
5865 23
5866 10
5867 25
5868 40
5869 13
5870 36
5871 1
5872 7
5873 2
5874 7
5875 45
5876 10
5877 39
5878 7
5879 52
5880 28
5881 27
5882 27
5883 11
5884 7
5885 49
5886 4
5887 49
5888 0
5889 0
5890 31
5891 2
5892 26
5893 10
5894 17
5895 8
5896 8
5897 6
5898 47
5899 10
5900 21
5901 2
5902 34
5903 6
5904 5
5905 12
5906 7
5907 7
5908 21
5909 16
5910 8
5911 10
5912 31
5913 10
5914 3
5915 11
5916 4
5917 11
5918 25
5919 52
5920 35
5921 28
5922 11
5923 24
5924 51
5925 51
5926 49
5927 41
5928 17
5929 22
5930 48
5931 8
5932 9
5933 22
5934 12
5935 9
5936 27
5937 1
5938 0
5939 8
5940 6
5941 48
5942 27
5943 10
5944 17
5945 1
5946 6
5947 57
5948 10
5949 3
5950 26
5951 27
5952 25
5953 17
5954 51
5955 7
5956 3
5957 27
5958 4
5959 15
5960 7
5961 11
5962 11
5963 5
5964 44
5965 31
5966 0
5967 7
5968 1
5969 4
5970 12
5971 36
5972 3
5973 16
5974 48
5975 21
5976 8
5977 14
5978 1
5979 9
5980 24
5981 27
5982 2
5983 21
5984 15
5985 9
5986 7
5987 20
5988 15
5989 35
5990 5
5991 30
5992 21
5993 1
5994 18
5995 9
5996 17
5997 22
5998 30
5999 13
6000 32
6001 14
6002 45
6003 25
6004 10
6005 9
6006 1
6007 26
6008 15
6009 26
6010 33
6011 8
6012 32
6013 2
6014 5
6015 2
6016 11
6017 10
6018 16
6019 8
6020 46
6021 4
6022 30
6023 32
6024 36
6025 18
6026 19
6027 10
6028 6
6029 8
6030 18
6031 14
6032 31
6033 24
6034 24
6035 1
6036 24
6037 13
6038 50
6039 12
6040 1
6041 2
6042 28
6043 17
6044 12
6045 33
6046 6
6047 5
6048 27
6049 6
6050 43
6051 12
6052 5
6053 19
6054 34
6055 31
6056 7
6057 2
6058 15
6059 14
6060 0
6061 1
6062 30
6063 1
6064 20
6065 35
6066 25
6067 22
6068 23
6069 24
6070 3
6071 5
6072 24
6073 26
6074 32
6075 0
6076 7
6077 21
6078 8
6079 29
6080 5
6081 26
6082 51
6083 28
6084 10
6085 7
6086 12
6087 6
6088 3
6089 18
6090 6
6091 2
6092 2
6093 15
6094 42
6095 16
6096 51
6097 34
6098 22
6099 17
6100 10
6101 24
6102 10
6103 14
6104 21
6105 26
6106 6
6107 10
6108 15
6109 4
6110 9
6111 17
6112 17
6113 46
6114 10
6115 9
6116 53
6117 1
6118 0
6119 18
6120 11
6121 16
6122 8
6123 3
6124 1
6125 19
6126 29
6127 27
6128 51
6129 2
6130 29
6131 1
6132 24
6133 3
6134 11
6135 9
6136 24
6137 15
6138 18
6139 20
6140 3
6141 27
6142 7
6143 6
6144 11
6145 7
6146 29
6147 38
6148 17
6149 42
6150 14
6151 0
6152 18
6153 11
6154 29
6155 47
6156 0
6157 24
6158 26
6159 22
6160 0
6161 51
6162 34
6163 37
6164 7
6165 39
6166 49
6167 12
6168 16
6169 55
6170 32
6171 34
6172 6
6173 30
6174 38
6175 45
6176 3
6177 0
6178 18
6179 28
6180 48
6181 51
6182 39
6183 0
6184 29
6185 28
6186 18
6187 34
6188 30
6189 0
6190 0
6191 3
6192 49
6193 23
6194 38
6195 15
6196 3
6197 35
6198 39
6199 17
6200 50
6201 28
6202 46
6203 40
6204 44
6205 30
6206 40
6207 51
6208 34
6209 3
6210 0
6211 18
6212 20
6213 25
6214 37
6215 38
6216 19
6217 38
6218 57
6219 28
6220 12
6221 16
6222 24
6223 31
6224 24
6225 24
6226 18
6227 53
6228 13
6229 41
6230 37
6231 29
6232 43
6233 47
6234 53
6235 53
6236 34
6237 33
6238 57
6239 33
6240 15
6241 47
6242 3
6243 25
6244 48
6245 55
6246 30
6247 51
6248 55
6249 52
6250 25
6251 16
6252 22
6253 16
6254 47
6255 38
6256 49
6257 13
6258 43
6259 25
6260 15
6261 20
6262 0
6263 34
6264 16
6265 50
6266 37
6267 15
6268 25
6269 28
6270 16
6271 6
6272 16
6273 30
6274 50
6275 54
6276 9
6277 49
6278 30
6279 53
6280 33
6281 42
6282 33
6283 15
6284 11
6285 15
6286 57
6287 44
6288 33
6289 31
6290 31
6291 35
6292 40
6293 0
6294 13
6295 23
6296 31
6297 15
6298 40
6299 36
6300 8
6301 49
6302 16
6303 37
6304 0
6305 25
6306 56
6307 56
6308 41
6309 39
6310 37
6311 34
6312 17
6313 24
6314 46
6315 44
6316 20
6317 53
6318 52
6319 3
6320 19
6321 0
6322 46
6323 51
6324 35
6325 35
6326 13
6327 30
6328 22
6329 31
6330 46
6331 19
6332 40
6333 47
6334 49
6335 55
6336 16
6337 14
6338 48
6339 40
6340 20
6341 26
6342 42
6343 41
6344 44
6345 23
6346 18
6347 18
6348 9
6349 36
6350 13
6351 23
6352 1
6353 26
6354 33
6355 1
6356 58
6357 35
6358 3
6359 16
6360 15
6361 19
6362 13
6363 13
6364 25
6365 47
6366 39
6367 39
6368 13
6369 45
6370 0
6371 0
6372 21
6373 30
6374 37
6375 39
6376 50
6377 26
6378 13
6379 1
6380 40
6381 27
6382 15
6383 54
6384 33
6385 35
6386 16
6387 49
6388 22
6389 34
6390 58
6391 25
6392 39
6393 32
6394 13
6395 4
6396 1
6397 35
6398 28
6399 52
6400 36
6401 7
6402 57
6403 8
6404 4
6405 47
6406 39
6407 28
6408 34
6409 25
6410 28
6411 30
6412 20
6413 17
6414 53
6415 32
6416 46
6417 39
6418 55
6419 23
6420 22
6421 9
6422 32
6423 48
6424 19
6425 22
6426 28
6427 34
6428 56
6429 38
6430 9
6431 0
6432 9
6433 13
6434 8
6435 21
6436 1
6437 29
6438 23
6439 0
6440 8
6441 44
6442 29
6443 32
6444 0
6445 4
6446 44
6447 30
6448 56
6449 32
6450 1
6451 23
6452 12
6453 40
6454 48
6455 40
6456 19
6457 51
6458 1
6459 8
6460 32
6461 39
6462 18
6463 4
6464 50
6465 29
6466 4
6467 23
6468 8
6469 19
6470 49
6471 29
6472 52
6473 22
6474 44
6475 55
6476 56
6477 16
6478 34
6479 39
6480 49
6481 26
6482 32
6483 16
6484 32
6485 38
6486 7
6487 32
6488 10
6489 0
6490 20
6491 0
6492 5
6493 19
6494 9
6495 36
6496 5
6497 1
6498 5
6499 41
6500 21
6501 53
6502 38
6503 36
6504 13
6505 29
6506 4
6507 54
6508 12
6509 23
6510 12
6511 28
6512 22
6513 40
6514 4
6515 42
6516 35
6517 30
6518 5
6519 1
6520 32
6521 10
6522 9
6523 57
6524 45
6525 5
6526 9
6527 5
6528 43
6529 35
6530 15
6531 30
6532 21
6533 29
6534 28
6535 53
6536 40
6537 11
6538 29
6539 57
6540 52
6541 9
6542 40
6543 25
6544 0
6545 29
6546 0
6547 27
6548 1
6549 29
6550 12
6551 34
6552 36
6553 49
6554 43
6555 10
6556 25
6557 10
6558 4
6559 44
6560 20
6561 31
6562 10
6563 13
6564 5
6565 5
6566 55
6567 45
6568 9
6569 1
6570 0
6571 9
6572 5
6573 10
6574 31
6575 46
6576 13
6577 11
6578 10
6579 3
6580 12
6581 12
6582 51
6583 4
6584 14
6585 22
6586 20
6587 1
6588 2
6589 8
6590 30
6591 41
6592 3
6593 0
6594 4
6595 0
6596 36
6597 1
6598 41
6599 2
6600 16
6601 57
6602 11
6603 28
6604 5
6605 1
6606 0
6607 1
6608 41
6609 9
6610 44
6611 3
6612 23
6613 11
6614 30
6615 21
6616 10
6617 12
6618 29
6619 46
6620 11
6621 37
6622 4
6623 29
6624 36
6625 53
6626 22
6627 32
6628 26
6629 25
6630 21
6631 47
6632 2
6633 15
6634 1
6635 8
6636 24
6637 8
6638 28
6639 3
6640 3
6641 12
6642 6
6643 2
6644 51
6645 33
6646 50
6647 44
6648 16
6649 17
6650 10
6651 54
6652 28
6653 32
6654 25
6655 42
6656 22
6657 0
6658 20
6659 34
6660 23
6661 13
6662 46
6663 20
6664 1
6665 39
6666 23
6667 22
6668 20
6669 14
6670 34
6671 32
6672 30
6673 0
6674 2
6675 1
6676 1
6677 44
6678 11
6679 30
6680 19
6681 9
6682 1
6683 5
6684 42
6685 6
6686 19
6687 0
6688 38
6689 28
6690 21
6691 2
6692 32
6693 27
6694 51
6695 16
6696 37
6697 53
6698 17
6699 6
6700 26
6701 20
6702 27
6703 30
6704 20
6705 48
6706 3
6707 34
6708 48
6709 46
6710 16
6711 42
6712 26
6713 8
6714 50
6715 47
6716 27
6717 8
6718 53
6719 44
6720 51
6721 36
6722 28
6723 2
6724 8
6725 19
6726 2
6727 11
6728 1
6729 43
6730 37
6731 36
6732 36
6733 18
6734 21
6735 0
6736 8
6737 32
6738 4
6739 20
6740 9
6741 17
6742 4
6743 33
6744 48
6745 15
6746 6
6747 4
6748 3
6749 10
6750 9
6751 27
6752 27
6753 28
6754 2
6755 11
6756 50
6757 9
6758 43
6759 28
6760 8
6761 28
6762 17
6763 13
6764 4
6765 6
6766 2
6767 8
6768 4
6769 1
6770 8
6771 17
6772 50
6773 25
6774 15
6775 10
6776 46
6777 18
6778 19
6779 1
6780 21
6781 13
6782 2
6783 1
6784 57
6785 42
6786 6
6787 16
6788 47
6789 31
6790 6
6791 2
6792 20
6793 1
6794 3
6795 11
6796 10
6797 11
6798 16
6799 49
6800 29
6801 0
6802 31
6803 25
6804 40
6805 51
6806 36
6807 49
6808 15
6809 1
6810 43
6811 1
6812 20
6813 21
6814 38
6815 1
6816 33
6817 20
6818 6
6819 24
6820 54
6821 6
6822 37
6823 1
6824 9
6825 12
6826 49
6827 37
6828 16
6829 44
6830 6
6831 18
6832 2
6833 22
6834 42
6835 49
6836 35
6837 20
6838 17
6839 0
6840 31
6841 1
6842 14
6843 0
6844 23
6845 1
6846 2
6847 21
6848 0
6849 47
6850 33
6851 14
6852 29
6853 2
6854 13
6855 49
6856 33
6857 54
6858 4
6859 26
6860 8
6861 1
6862 12
6863 43
6864 33
6865 0
6866 10
6867 0
6868 28
6869 0
6870 2
6871 55
6872 22
6873 45
6874 45
6875 36
6876 0
6877 58
6878 14
6879 16
6880 19
6881 1
6882 37
6883 9
6884 55
6885 50
6886 10
6887 2
6888 0
6889 20
6890 9
6891 4
6892 18
6893 9
6894 54
6895 12
6896 21
6897 53
6898 12
6899 15
6900 9
6901 13
6902 11
6903 54
6904 20
6905 36
6906 2
6907 0
6908 36
6909 10
6910 14
6911 35
6912 49
6913 10
6914 10
6915 11
6916 7
6917 12
6918 0
6919 20
6920 7
6921 22
6922 3
6923 41
6924 8
6925 11
6926 26
6927 16
6928 52
6929 21
6930 10
6931 17
6932 7
6933 4
6934 6
6935 9
6936 3
6937 58
6938 17
6939 3
6940 15
6941 2
6942 17
6943 0
6944 12
6945 7
6946 46
6947 21
6948 56
6949 17
6950 12
6951 17
6952 56
6953 33
6954 35
6955 14
6956 17
6957 17
6958 27
6959 11
6960 10
6961 42
6962 21
6963 8
6964 12
6965 21
6966 57
6967 4
6968 25
6969 42
6970 1
6971 41
6972 29
6973 9
6974 27
6975 0
6976 32
6977 23
6978 7
6979 14
6980 25
6981 41
6982 29
6983 7
6984 1
6985 11
6986 28
6987 2
6988 20
6989 17
6990 9
6991 39
6992 24
6993 12
6994 21
6995 10
6996 15
6997 6
6998 37
6999 14
7000 15
7001 16
7002 6
7003 8
7004 23
7005 5
7006 21
7007 17
7008 5
7009 3
7010 15
7011 10
7012 16
7013 16
7014 19
7015 35
7016 5
7017 0
7018 7
7019 5
7020 22
7021 5
7022 9
7023 9
7024 45
7025 37
7026 15
7027 17
7028 1
7029 12
7030 12
7031 14
7032 41
7033 16
7034 2
7035 3
7036 0
7037 32
7038 19
7039 3
7040 14
7041 4
7042 18
7043 29
7044 15
7045 22
7046 2
7047 27
7048 27
7049 0
7050 6
7051 10
7052 0
7053 40
7054 24
7055 8
7056 21
7057 21
7058 4
7059 17
7060 2
7061 15
7062 44
7063 3
7064 13
7065 7
7066 17
7067 5
7068 30
7069 57
7070 10
7071 10
7072 29
7073 6
7074 56
7075 0
7076 12
7077 5
7078 9
7079 4
7080 27
7081 20
7082 41
7083 26
7084 6
7085 9
7086 8
7087 23
7088 12
7089 7
7090 7
7091 24
7092 29
7093 5
7094 11
7095 3
7096 28
7097 55
7098 6
7099 27
7100 0
7101 24
7102 46
7103 18
7104 2
7105 3
7106 16
7107 7
7108 7
7109 17
7110 0
7111 6
7112 50
7113 10
7114 6
7115 12
7116 24
7117 2
7118 17
7119 26
7120 5
7121 31
7122 5
7123 7
7124 7
7125 32
7126 15
7127 2
7128 35
7129 29
7130 3
7131 6
7132 2
7133 26
7134 32
7135 27
7136 17
7137 1
7138 43
7139 8
7140 4
7141 52
7142 11
7143 6
7144 45
7145 2
7146 14
7147 15
7148 2
7149 11
7150 9
7151 34
7152 12
7153 26
7154 11
7155 8
7156 42
7157 2
7158 9
7159 9
7160 18
7161 11
7162 9
7163 4
7164 34
7165 43
7166 13
7167 17
7168 24
7169 26
7170 15
7171 0
7172 27
7173 27
7174 44
7175 14
7176 22
7177 15
7178 15
7179 42
7180 48
7181 9
7182 22
7183 26
7184 14
7185 23
7186 10
7187 12
7188 16
7189 13
7190 1
7191 56
7192 22
7193 1
7194 39
7195 6
7196 34
7197 30
7198 2
7199 4
7200 50
7201 46
7202 2
7203 49
7204 1
7205 36
7206 14
7207 15
7208 27
7209 2
7210 11
7211 54
7212 27
7213 7
7214 29
7215 31
7216 25
7217 0
7218 22
7219 26
7220 3
7221 2
7222 8
7223 11
7224 42
7225 8
7226 2
7227 2
7228 1
7229 0
7230 0
7231 12
7232 42
7233 19
7234 27
7235 19
7236 4
7237 22
7238 7
7239 41
7240 5
7241 18
7242 39
7243 10
7244 50
7245 7
7246 38
7247 29
7248 10
7249 19
7250 46
7251 9
7252 28
7253 2
7254 21
7255 56
7256 35
7257 6
7258 0
7259 53
7260 42
7261 0
7262 13
7263 1
7264 2
7265 15
7266 32
7267 1
7268 1
7269 14
7270 7
7271 45
7272 48
7273 6
7274 8
7275 4
7276 33
7277 16
7278 15
7279 38
7280 9
7281 33
7282 11
7283 26
7284 34
7285 24
7286 18
7287 0
7288 1
7289 32
7290 0
7291 19
7292 39
7293 6
7294 4
7295 43
7296 38
7297 11
7298 16
7299 9
7300 0
7301 2
7302 33
7303 20
7304 3
7305 54
7306 6
7307 12
7308 46
7309 10
7310 7
7311 26
7312 44
7313 24
7314 3
7315 26
7316 54
7317 57
7318 1
7319 38
7320 32
7321 53
7322 19
7323 0
7324 7
7325 31
7326 8
7327 27
7328 4
7329 6
7330 25
7331 26
7332 26
7333 9
7334 3
7335 13
7336 20
7337 1
7338 1
7339 10
7340 37
7341 25
7342 56
7343 35
7344 2
7345 31
7346 6
7347 30
7348 13
7349 54
7350 7
7351 15
7352 33
7353 9
7354 0
7355 31
7356 42
7357 0
7358 20
7359 41
7360 12
7361 13
7362 3
7363 17
7364 37
7365 9
7366 31
7367 23
7368 40
7369 9
7370 54
7371 7
7372 23
7373 23
7374 4
7375 6
7376 25
7377 8
7378 33
7379 49
7380 3
7381 7
7382 12
7383 46
7384 31
7385 8
7386 25
7387 9
7388 8
7389 12
7390 7
7391 27
7392 6
7393 12
7394 27
7395 2
7396 0
7397 9
7398 8
7399 13
7400 36
7401 43
7402 0
7403 40
7404 25
7405 13
7406 55
7407 28
7408 18
7409 26
7410 12
7411 24
7412 6
7413 41
7414 3
7415 47
7416 32
7417 42
7418 14
7419 45
7420 6
7421 54
7422 14
7423 4
7424 4
7425 44
7426 8
7427 7
7428 42
7429 18
7430 11
7431 38
7432 37
7433 17
7434 17
7435 22
7436 38
7437 22
7438 1
7439 26
7440 43
7441 8
7442 19
7443 7
7444 1
7445 23
7446 0
7447 56
7448 29
7449 31
7450 7
7451 3
7452 22
7453 7
7454 33
7455 7
7456 13
7457 20
7458 24
7459 49
7460 20
7461 44
7462 1
7463 6
7464 45
7465 24
7466 41
7467 5
7468 31
7469 29
7470 40
7471 3
7472 30
7473 30
7474 3
7475 1
7476 52
7477 0
7478 3
7479 4
7480 24
7481 45
7482 5
7483 32
7484 45
7485 42
7486 54
7487 19
7488 38
7489 48
7490 54
7491 19
7492 8
7493 38
7494 22
7495 3
7496 33
7497 11
7498 54
7499 40
7500 36
7501 8
7502 20
7503 5
7504 36
7505 1
7506 0
7507 9
7508 3
7509 2
7510 0
7511 5
7512 5
7513 29
7514 28
7515 23
7516 4
7517 35
7518 19
7519 8
7520 17
7521 12
7522 8
7523 29
7524 2
7525 13
7526 2
7527 16
7528 0
7529 5
7530 35
7531 40
7532 4
7533 6
7534 30
7535 29
7536 7
7537 5
7538 1
7539 16
7540 10
7541 23
7542 28
7543 53
7544 34
7545 53
7546 5
7547 13
7548 48
7549 28
7550 9
7551 30
7552 6
7553 16
7554 2
7555 34
7556 12
7557 38
7558 20
7559 8
7560 28
7561 45
7562 22
7563 8
7564 10
7565 25
7566 2
7567 26
7568 23
7569 7
7570 10
7571 28
7572 14
7573 6
7574 11
7575 50
7576 53
7577 50
7578 22
7579 37
7580 50
7581 10
7582 43
7583 14
7584 50
7585 50
7586 5
7587 3
7588 3
7589 49
7590 37
7591 8
7592 11
7593 20
7594 10
7595 12
7596 6
7597 7
7598 45
7599 19
7600 39
7601 15
7602 55
7603 41
7604 3
7605 30
7606 5
7607 57
7608 2
7609 4
7610 48
7611 50
7612 12
7613 42
7614 4
7615 2
7616 23
7617 2
7618 6
7619 1
7620 17
7621 36
7622 21
7623 0
7624 1
7625 23
7626 5
7627 1
7628 0
7629 3
7630 12
7631 8
7632 47
7633 6
7634 15
7635 7
7636 1
7637 11
7638 18
7639 43
7640 30
7641 28
7642 18
7643 34
7644 4
7645 0
7646 41
7647 45
7648 8
7649 19
7650 32
7651 18
7652 5
7653 41
7654 9
7655 11
7656 12
7657 4
7658 0
7659 14
7660 0
7661 14
7662 3
7663 21
7664 54
7665 8
7666 0
7667 28
7668 7
7669 29
7670 11
7671 41
7672 38
7673 7
7674 0
7675 25
7676 6
7677 21
7678 2
7679 51
7680 28
7681 22
7682 22
7683 21
7684 16
7685 34
7686 23
7687 17
7688 21
7689 4
7690 9
7691 0
7692 21
7693 2
7694 28
7695 50
7696 18
7697 7
7698 22
7699 40
7700 38
7701 10
7702 31
7703 2
7704 37
7705 22
7706 28
7707 41
7708 48
7709 43
7710 27
7711 1
7712 21
7713 20
7714 18
7715 44
7716 36
7717 36
7718 41
7719 0
7720 48
7721 16
7722 0
7723 31
7724 47
7725 38
7726 20
7727 3
7728 1
7729 47
7730 2
7731 2
7732 7
7733 0
7734 19
7735 48
7736 7
7737 18
7738 8
7739 40
7740 3
7741 0
7742 7
7743 5
7744 5
7745 1
7746 15
7747 4
7748 27
7749 5
7750 16
7751 21
7752 10
7753 24
7754 52
7755 47
7756 6
7757 24
7758 9
7759 19
7760 40
7761 3
7762 0
7763 1
7764 46
7765 15
7766 16
7767 13
7768 19
7769 32
7770 37
7771 32
7772 21
7773 9
7774 7
7775 41
7776 11
7777 9
7778 1
7779 53
7780 46
7781 37
7782 18
7783 6
7784 8
7785 29
7786 18
7787 3
7788 39
7789 3
7790 8
7791 29
7792 4
7793 40
7794 15
7795 0
7796 22
7797 36
7798 9
7799 17
7800 35
7801 31
7802 5
7803 1
7804 12
7805 43
7806 12
7807 22
7808 53
7809 7
7810 6
7811 3
7812 2
7813 31
7814 2
7815 18
7816 7
7817 6
7818 1
7819 9
7820 0
7821 1
7822 54
7823 13
7824 2
7825 18
7826 9
7827 46
7828 8
7829 48
7830 50
7831 33
7832 6
7833 16
7834 17
7835 30
7836 11
7837 2
7838 29
7839 2
7840 5
7841 1
7842 14
7843 16
7844 4
7845 33
7846 20
7847 32
7848 11
7849 43
7850 7
7851 5
7852 2
7853 48
7854 47
7855 6
7856 16
7857 7
7858 44
7859 14
7860 11
7861 16
7862 42
7863 25
7864 12
7865 30
7866 7
7867 35
7868 24
7869 14
7870 51
7871 9
7872 6
7873 42
7874 34
7875 20
7876 17
7877 54
7878 9
7879 10
7880 5
7881 45
7882 19
7883 11
7884 3
7885 31
7886 1
7887 20
7888 27
7889 5
7890 1
7891 16
7892 4
7893 37
7894 1
7895 26
7896 18
7897 1
7898 7
7899 22
7900 0
7901 7
7902 9
7903 26
7904 0
7905 35
7906 23
7907 1
7908 45
7909 14
7910 35
7911 6
7912 29
7913 0
7914 46
7915 3
7916 6
7917 7
7918 35
7919 28
7920 5
7921 0
7922 1
7923 5
7924 19
7925 12
7926 11
7927 34
7928 26
7929 38
7930 28
7931 14
7932 10
7933 50
7934 8
7935 12
7936 27
7937 41
7938 28
7939 0
7940 14
7941 7
7942 20
7943 19
7944 26
7945 19
7946 19
7947 18
7948 4
7949 6
7950 19
7951 6
7952 17
7953 2
7954 25
7955 1
7956 44
7957 3
7958 32
7959 2
7960 57
7961 2
7962 18
7963 21
7964 12
7965 28
7966 4
7967 0
7968 4
7969 15
7970 17
7971 5
7972 28
7973 17
7974 23
7975 41
7976 11
7977 9
7978 13
7979 18
7980 1
7981 25
7982 48
7983 14
7984 34
7985 9
7986 52
7987 14
7988 15
7989 21
7990 21
7991 15
7992 57
7993 3
7994 48
7995 11
7996 20
7997 19
7998 31
7999 15
8000 19
8001 46
8002 22
8003 12
8004 5
8005 5
8006 21
8007 0
8008 29
8009 49
8010 38
8011 37
8012 7
8013 2
8014 48
8015 24
8016 21
8017 0
8018 0
8019 27
8020 38
8021 58
8022 6
8023 13
8024 32
8025 1
8026 4
8027 15
8028 8
8029 4
8030 5
8031 17
8032 24
8033 25
8034 19
8035 21
8036 3
8037 26
8038 1
8039 21
8040 45
8041 15
8042 14
8043 11
8044 0
8045 16
8046 24
8047 3
8048 27
8049 3
8050 5
8051 32
8052 5
8053 11
8054 21
8055 7
8056 28
8057 12
8058 11
8059 6
8060 10
8061 41
8062 7
8063 17
8064 9
8065 33
8066 12
8067 6
8068 21
8069 3
8070 14
8071 9
8072 30
8073 21
8074 11
8075 15
8076 5
8077 16
8078 27
8079 4
8080 24
8081 33
8082 4
8083 41
8084 43
8085 26
8086 7
8087 14
8088 8
8089 43
8090 13
8091 6
8092 54
8093 13
8094 8
8095 34
8096 27
8097 34
8098 10
8099 15
8100 5
8101 55
8102 51
8103 12
8104 3
8105 3
8106 15
8107 5
8108 43
8109 0
8110 21
8111 45
8112 14
8113 3
8114 2
8115 29
8116 32
8117 5
8118 1
8119 27
8120 10
8121 11
8122 11
8123 11
8124 51
8125 14
8126 36
8127 56
8128 8
8129 34
8130 11
8131 49
8132 3
8133 13
8134 3
8135 0
8136 8
8137 42
8138 19
8139 27
8140 32
8141 18
8142 6
8143 14
8144 12
8145 17
8146 17
8147 15
8148 14
8149 20
8150 30
8151 57
8152 4
8153 16
8154 0
8155 29
8156 48
8157 16
8158 4
8159 18
8160 15
8161 21
8162 21
8163 6
8164 26
8165 3
8166 11
8167 0
8168 26
8169 44
8170 18
8171 20
8172 2
8173 11
8174 44
8175 47
8176 18
8177 11
8178 8
8179 42
8180 26
8181 26
8182 35
8183 10
8184 42
8185 6
8186 10
8187 17
8188 1
8189 11
8190 8
8191 0
8192 24
8193 38
8194 16
8195 29
8196 3
8197 37
8198 45
8199 45
8200 7
8201 26
8202 5
8203 0
8204 39
8205 42
8206 47
8207 43
8208 47
8209 16
8210 0
8211 35
8212 47
8213 32
8214 55
8215 30
8216 42
8217 37
8218 17
8219 16
8220 46
8221 14
8222 51
8223 26
8224 49
8225 0
8226 25
8227 21
8228 0
8229 45
8230 30
8231 10
8232 20
8233 11
8234 20
8235 45
8236 30
8237 29
8238 46
8239 2
8240 16
8241 21
8242 3
8243 30
8244 38
8245 8
8246 40
8247 40
8248 0
8249 37
8250 19
8251 52
8252 32
8253 0
8254 28
8255 48
8256 19
8257 47
8258 46
8259 43
8260 5
8261 19
8262 11
8263 21
8264 46
8265 32
8266 29
8267 0
8268 33
8269 19
8270 24
8271 27
8272 52
8273 39
8274 40
8275 19
8276 27
8277 47
8278 12
8279 40
8280 5
8281 46
8282 8
8283 18
8284 13
8285 26
8286 7
8287 20
8288 34
8289 25
8290 27
8291 50
8292 29
8293 38
8294 40
8295 2
8296 13
8297 34
8298 28
8299 15
8300 23
8301 34
8302 4
8303 14
8304 33
8305 53
8306 52
8307 31
8308 0
8309 49
8310 17
8311 15
8312 26
8313 52
8314 0
8315 18
8316 22
8317 0
8318 39
8319 31
8320 25
8321 26
8322 52
8323 49
8324 23
8325 0
8326 15
8327 41
8328 26
8329 24
8330 57
8331 31
8332 15
8333 17
8334 23
8335 27
8336 7
8337 19
8338 32
8339 15
8340 0
8341 41
8342 11
8343 54
8344 15
8345 29
8346 28
8347 20
8348 25
8349 24
8350 33
8351 20
8352 5
8353 13
8354 30
8355 53
8356 29
8357 0
8358 0
8359 10
8360 23
8361 54
8362 20
8363 26
8364 55
8365 13
8366 17
8367 42
8368 13
8369 43
8370 26
8371 26
8372 55
8373 5
8374 17
8375 20
8376 52
8377 26
8378 48
8379 20
8380 13
8381 33
8382 32
8383 31
8384 51
8385 15
8386 37
8387 24
8388 38
8389 26
8390 3
8391 48
8392 52
8393 39
8394 17
8395 25
8396 20
8397 52
8398 1
8399 35
8400 11
8401 27
8402 35
8403 52
8404 39
8405 26
8406 44
8407 2
8408 0
8409 13
8410 40
8411 31
8412 33
8413 7
8414 23
8415 25
8416 35
8417 1
8418 7
8419 0
8420 52
8421 2
8422 16
8423 19
8424 3
8425 50
8426 49
8427 25
8428 37
8429 31
8430 7
8431 58
8432 42
8433 15
8434 46
8435 51
8436 39
8437 41
8438 5
8439 32
8440 18
8441 4
8442 0
8443 18
8444 0
8445 24
8446 36
8447 1
8448 8
8449 54
8450 35
8451 39
8452 26
8453 25
8454 15
8455 11
8456 46
8457 32
8458 9
8459 44
8460 29
8461 4
8462 55
8463 20
8464 13
8465 49
8466 4
8467 0
8468 47
8469 51
8470 15
8471 55
8472 32
8473 9
8474 45
8475 0
8476 1
8477 0
8478 8
8479 29
8480 17
8481 56
8482 9
8483 32
8484 7
8485 45
8486 5
8487 10
8488 0
8489 22
8490 38
8491 1
8492 41
8493 47
8494 13
8495 9
8496 23
8497 36
8498 36
8499 13
8500 40
8501 38
8502 0
8503 37
8504 40
8505 11
8506 0
8507 40
8508 15
8509 22
8510 47
8511 39
8512 29
8513 5
8514 42
8515 0
8516 32
8517 57
8518 17
8519 25
8520 34
8521 35
8522 46
8523 0
8524 45
8525 3
8526 10
8527 48
8528 12
8529 0
8530 9
8531 7
8532 39
8533 33
8534 12
8535 20
8536 26
8537 47
8538 1
8539 47
8540 11
8541 48
8542 56
8543 29
8544 45
8545 13
8546 49
8547 25
8548 5
8549 0
8550 4
8551 10
8552 30
8553 12
8554 34
8555 35
8556 39
8557 52
8558 34
8559 9
8560 5
8561 19
8562 12
8563 0
8564 37
8565 9
8566 8
8567 41
8568 12
8569 20
8570 1
8571 47
8572 4
8573 47
8574 7
8575 12
8576 12
8577 4
8578 36
8579 32
8580 22
8581 31
8582 47
8583 52
8584 0
8585 27
8586 8
8587 5
8588 4
8589 13
8590 3
8591 35
8592 16
8593 4
8594 5
8595 48
8596 22
8597 23
8598 55
8599 0
8600 8
8601 47
8602 9
8603 3
8604 14
8605 1
8606 50
8607 35
8608 58
8609 10
8610 51
8611 16
8612 12
8613 10
8614 13
8615 42
8616 9
8617 58
8618 24
8619 12
8620 10
8621 58
8622 35
8623 3
8624 35
8625 1
8626 38
8627 23
8628 53
8629 8
8630 45
8631 16
8632 3
8633 43
8634 31
8635 8
8636 5
8637 25
8638 11
8639 55
8640 5
8641 5
8642 1
8643 37
8644 12
8645 3
8646 46
8647 46
8648 45
8649 9
8650 32
8651 10
8652 52
8653 14
8654 3
8655 51
8656 43
8657 9
8658 40
8659 42
8660 4
8661 10
8662 45
8663 4
8664 49
8665 6
8666 46
8667 43
8668 2
8669 12
8670 22
8671 18
8672 48
8673 45
8674 16
8675 5
8676 36
8677 40
8678 40
8679 52
8680 37
8681 2
8682 24
8683 21
8684 2
8685 16
8686 6
8687 24
8688 4
8689 2
8690 9
8691 0
8692 21
8693 14
8694 22
8695 9
8696 18
8697 1
8698 14
8699 3
8700 25
8701 16
8702 49
8703 3
8704 50
8705 41
8706 30
8707 21
8708 40
8709 18
8710 16
8711 23
8712 2
8713 13
8714 52
8715 38
8716 31
8717 0
8718 18
8719 1
8720 3
8721 13
8722 29
8723 17
8724 42
8725 17
8726 27
8727 10
8728 47
8729 38
8730 9
8731 40
8732 36
8733 36
8734 17
8735 5
8736 12
8737 12
8738 3
8739 27
8740 47
8741 43
8742 44
8743 1
8744 18
8745 19
8746 2
8747 24
8748 22
8749 21
8750 33
8751 2
8752 18
8753 34
8754 51
8755 15
8756 41
8757 12
8758 17
8759 22
8760 18
8761 44
8762 2
8763 42
8764 11
8765 11
8766 23
8767 4
8768 18
8769 29
8770 27
8771 4
8772 1
8773 3
8774 4
8775 28
8776 6
8777 46
8778 7
8779 51
8780 6
8781 27
8782 25
8783 39
8784 25
8785 36
8786 52
8787 24
8788 18
8789 3
8790 36
8791 38
8792 9
8793 8
8794 14
8795 17
8796 21
8797 52
8798 0
8799 25
8800 17
8801 15
8802 20
8803 22
8804 13
8805 35
8806 28
8807 15
8808 28
8809 8
8810 21
8811 4
8812 6
8813 11
8814 2
8815 3
8816 9
8817 2
8818 12
8819 18
8820 49
8821 37
8822 22
8823 4
8824 35
8825 19
8826 3
8827 6
8828 0
8829 8
8830 25
8831 26
8832 53
8833 13
8834 9
8835 10
8836 16
8837 4
8838 10
8839 2
8840 44
8841 3
8842 25
8843 38
8844 8
8845 38
8846 8
8847 23
8848 1
8849 44
8850 3
8851 4
8852 0
8853 3
8854 50
8855 0
8856 55
8857 25
8858 4
8859 24
8860 1
8861 1
8862 20
8863 4
8864 31
8865 3
8866 27
8867 1
8868 1
8869 14
8870 1
8871 8
8872 31
8873 2
8874 2
8875 6
8876 14
8877 56
8878 4
8879 4
8880 10
8881 1
8882 10
8883 3
8884 56
8885 20
8886 36
8887 11
8888 43
8889 0
8890 9
8891 4
8892 58
8893 20
8894 0
8895 45
8896 2
8897 2
8898 35
8899 5
8900 12
8901 8
8902 15
8903 34
8904 8
8905 24
8906 0
8907 10
8908 6
8909 26
8910 2
8911 56
8912 1
8913 54
8914 10
8915 36
8916 22
8917 36
8918 45
8919 22
8920 8
8921 11
8922 0
8923 33
8924 3
8925 49
8926 3
8927 9
8928 24
8929 12
8930 56
8931 37
8932 37
8933 19
8934 20
8935 1
8936 46
8937 9
8938 20
8939 14
8940 26
8941 47
8942 19
8943 9
8944 11
8945 9
8946 12
8947 25
8948 10
8949 4
8950 12
8951 38
8952 22
8953 22
8954 3
8955 22
8956 22
8957 18
8958 9
8959 26
8960 0
8961 6
8962 12
8963 12
8964 12
8965 0
8966 38
8967 4
8968 25
8969 9
8970 39
8971 8
8972 15
8973 25
8974 22
8975 52
8976 6
8977 33
8978 26
8979 2
8980 11
8981 9
8982 0
8983 28
8984 11
8985 17
8986 26
8987 2
8988 3
8989 7
8990 0
8991 5
8992 2
8993 7
8994 13
8995 7
8996 8
8997 6
8998 29
8999 0
9000 4
9001 11
9002 4
9003 27
9004 30
9005 21
9006 0
9007 20
9008 23
9009 0
9010 57
9011 51
9012 7
9013 7
9014 32
9015 0
9016 1
9017 10
9018 3
9019 21
9020 48
9021 35
9022 27
9023 7
9024 15
9025 14
9026 32
9027 15
9028 3
9029 26
9030 4
9031 10
9032 5
9033 11
9034 25
9035 7
9036 3
9037 1
9038 7
9039 0
9040 23
9041 22
9042 49
9043 31
9044 6
9045 14
9046 23
9047 4
9048 53
9049 16
9050 24
9051 7
9052 17
9053 11
9054 10
9055 19
9056 17
9057 6
9058 30
9059 16
9060 11
9061 1
9062 24
9063 37
9064 5
9065 28
9066 8
9067 24
9068 10
9069 10
9070 0
9071 16
9072 7
9073 10
9074 8
9075 21
9076 26
9077 29
9078 3
9079 28
9080 6
9081 12
9082 10
9083 31
9084 8
9085 12
9086 38
9087 29
9088 12
9089 43
9090 53
9091 8
9092 20
9093 6
9094 32
9095 4
9096 9
9097 0
9098 21
9099 27
9100 14
9101 21
9102 17
9103 10
9104 21
9105 0
9106 1
9107 11
9108 28
9109 5
9110 43
9111 55
9112 20
9113 26
9114 45
9115 14
9116 27
9117 13
9118 8
9119 26
9120 8
9121 14
9122 12
9123 38
9124 28
9125 50
9126 21
9127 1
9128 15
9129 5
9130 15
9131 11
9132 8
9133 39
9134 10
9135 44
9136 58
9137 26
9138 3
9139 26
9140 21
9141 1
9142 3
9143 20
9144 46
9145 24
9146 30
9147 42
9148 25
9149 16
9150 39
9151 42
9152 1
9153 19
9154 0
9155 5
9156 52
9157 12
9158 45
9159 9
9160 2
9161 55
9162 1
9163 4
9164 0
9165 42
9166 32
9167 7
9168 6
9169 6
9170 10
9171 18
9172 26
9173 7
9174 37
9175 12
9176 6
9177 39
9178 14
9179 14
9180 21
9181 11
9182 15
9183 14
9184 12
9185 8
9186 42
9187 11
9188 13
9189 32
9190 27
9191 5
9192 23
9193 8
9194 7
9195 7
9196 10
9197 2
9198 2
9199 30
9200 14
9201 39
9202 10
9203 34
9204 38
9205 4
9206 0
9207 55
9208 25
9209 24
9210 15
9211 35
9212 17
9213 43
9214 11
9215 4
9216 0
9217 42
9218 55
9219 2
9220 30
9221 42
9222 30
9223 16
9224 19
9225 17
9226 44
9227 35
9228 2
9229 28
9230 43
9231 36
9232 27
9233 2
9234 42
9235 24
9236 21
9237 25
9238 20
9239 32
9240 29
9241 38
9242 19
9243 26
9244 42
9245 16
9246 38
9247 14
9248 0
9249 2
9250 45
9251 27
9252 39
9253 1
9254 0
9255 7
9256 6
9257 0
9258 47
9259 5
9260 10
9261 37
9262 16
9263 13
9264 1
9265 6
9266 12
9267 26
9268 23
9269 3
9270 20
9271 16
9272 19
9273 51
9274 4
9275 10
9276 7
9277 25
9278 43
9279 19
9280 15
9281 24
9282 31
9283 39
9284 24
9285 24
9286 3
9287 26
9288 49
9289 1
9290 6
9291 15
9292 1
9293 4
9294 53
9295 24
9296 18
9297 46
9298 7
9299 26
9300 34
9301 34
9302 1
9303 15
9304 0
9305 16
9306 7
9307 34
9308 0
9309 22
9310 4
9311 39
9312 50
9313 26
9314 22
9315 53
9316 4
9317 10
9318 7
9319 2
9320 10
9321 6
9322 43
9323 33
9324 27
9325 16
9326 30
9327 8
9328 8
9329 36
9330 4
9331 30
9332 30
9333 13
9334 3
9335 29
9336 3
9337 42
9338 40
9339 54
9340 35
9341 21
9342 0
9343 33
9344 53
9345 31
9346 1
9347 35
9348 0
9349 3
9350 42
9351 40
9352 33
9353 57
9354 6
9355 40
9356 41
9357 34
9358 38
9359 18
9360 8
9361 19
9362 4
9363 0
9364 56
9365 30
9366 37
9367 29
9368 13
9369 3
9370 43
9371 0
9372 6
9373 36
9374 9
9375 8
9376 43
9377 36
9378 10
9379 16
9380 8
9381 4
9382 27
9383 23
9384 43
9385 23
9386 9
9387 23
9388 0
9389 57
9390 34
9391 6
9392 23
9393 3
9394 13
9395 35
9396 0
9397 6
9398 7
9399 10
9400 3
9401 31
9402 46
9403 36
9404 53
9405 45
9406 0
9407 0
9408 53
9409 3
9410 3
9411 24
9412 15
9413 49
9414 7
9415 7
9416 8
9417 0
9418 1
9419 3
9420 3
9421 49
9422 4
9423 19
9424 0
9425 8
9426 13
9427 50
9428 45
9429 25
9430 17
9431 25
9432 2
9433 42
9434 58
9435 34
9436 20
9437 7
9438 7
9439 55
9440 0
9441 20
9442 26
9443 17
9444 8
9445 25
9446 29
9447 13
9448 8
9449 7
9450 0
9451 8
9452 43
9453 18
9454 15
9455 22
9456 39
9457 7
9458 41
9459 6
9460 31
9461 24
9462 25
9463 6
9464 54
9465 38
9466 6
9467 0
9468 9
9469 8
9470 45
9471 9
9472 6
9473 20
9474 9
9475 9
9476 16
9477 22
9478 32
9479 6
9480 8
9481 4
9482 2
9483 6
9484 25
9485 47
9486 27
9487 4
9488 30
9489 0
9490 49
9491 31
9492 24
9493 11
9494 7
9495 27
9496 41
9497 2
9498 31
9499 3
9500 8
9501 39
9502 7
9503 44
9504 9
9505 51
9506 37
9507 3
9508 45
9509 0
9510 17
9511 0
9512 3
9513 9
9514 30
9515 9
9516 13
9517 22
9518 49
9519 12
9520 4
9521 23
9522 5
9523 0
9524 8
9525 45
9526 41
9527 22
9528 7
9529 3
9530 13
9531 42
9532 7
9533 3
9534 34
9535 2
9536 2
9537 31
9538 17
9539 23
9540 29
9541 0
9542 29
9543 35
9544 35
9545 6
9546 58
9547 57
9548 52
9549 37
9550 3
9551 4
9552 12
9553 12
9554 23
9555 1
9556 9
9557 12
9558 16
9559 4
9560 48
9561 22
9562 5
9563 10
9564 40
9565 29
9566 23
9567 13
9568 11
9569 48
9570 47
9571 4
9572 39
9573 34
9574 12
9575 3
9576 2
9577 22
9578 4
9579 25
9580 10
9581 48
9582 5
9583 33
9584 12
9585 10
9586 10
9587 13
9588 0
9589 16
9590 0
9591 30
9592 23
9593 2
9594 41
9595 22
9596 36
9597 16
9598 16
9599 3
9600 26
9601 10
9602 29
9603 38
9604 12
9605 5
9606 37
9607 11
9608 5
9609 19
9610 57
9611 6
9612 10
9613 47
9614 28
9615 42
9616 7
9617 41
9618 8
9619 11
9620 31
9621 4
9622 50
9623 4
9624 16
9625 0
9626 31
9627 10
9628 7
9629 0
9630 30
9631 0
9632 5
9633 8
9634 31
9635 1
9636 22
9637 0
9638 56
9639 28
9640 42
9641 28
9642 31
9643 11
9644 1
9645 41
9646 11
9647 6
9648 16
9649 12
9650 7
9651 33
9652 14
9653 55
9654 29
9655 4
9656 14
9657 6
9658 42
9659 11
9660 21
9661 9
9662 25
9663 18
9664 51
9665 3
9666 3
9667 11
9668 51
9669 9
9670 15
9671 35
9672 10
9673 12
9674 5
9675 12
9676 23
9677 7
9678 18
9679 4
9680 10
9681 11
9682 23
9683 25
9684 14
9685 3
9686 41
9687 0
9688 23
9689 48
9690 1
9691 21
9692 6
9693 5
9694 30
9695 14
9696 7
9697 12
9698 1
9699 51
9700 5
9701 1
9702 42
9703 21
9704 12
9705 25
9706 39
9707 50
9708 3
9709 13
9710 0
9711 17
9712 18
9713 4
9714 45
9715 21
9716 18
9717 5
9718 17
9719 28
9720 9
9721 9
9722 46
9723 34
9724 17
9725 37
9726 18
9727 43
9728 34
9729 38
9730 32
9731 12
9732 32
9733 57
9734 20
9735 18
9736 37
9737 20
9738 51
9739 21
9740 18
9741 8
9742 1
9743 7
9744 28
9745 36
9746 34
9747 0
9748 2
9749 19
9750 22
9751 2
9752 27
9753 5
9754 16
9755 13
9756 0
9757 17
9758 16
9759 16
9760 50
9761 38
9762 34
9763 38
9764 19
9765 25
9766 6
9767 19
9768 1
9769 1
9770 0
9771 40
9772 1
9773 18
9774 10
9775 46
9776 47
9777 6
9778 32
9779 9
9780 19
9781 12
9782 0
9783 6
9784 39
9785 41
9786 3
9787 3
9788 53
9789 27
9790 43
9791 40
9792 0
9793 27
9794 17
9795 21
9796 11
9797 3
9798 9
9799 18
9800 13
9801 8
9802 7
9803 1
9804 0
9805 22
9806 2
9807 6
9808 9
9809 15
9810 34
9811 7
9812 16
9813 12
9814 58
9815 2
9816 28
9817 31
9818 24
9819 34
9820 8
9821 21
9822 50
9823 28
9824 47
9825 9
9826 22
9827 1
9828 33
9829 4
9830 57
9831 37
9832 7
9833 25
9834 22
9835 2
9836 53
9837 1
9838 13
9839 17
9840 3
9841 12
9842 8
9843 8
9844 10
9845 19
9846 7
9847 32
9848 9
9849 31
9850 21
9851 25
9852 10
9853 1
9854 5
9855 6
9856 33
9857 53
9858 35
9859 19
9860 24
9861 25
9862 4
9863 7
9864 13
9865 37
9866 21
9867 4
9868 41
9869 30
9870 43
9871 5
9872 29
9873 17
9874 4
9875 36
9876 28
9877 13
9878 15
9879 9
9880 10
9881 3
9882 11
9883 14
9884 1
9885 19
9886 14
9887 5
9888 5
9889 0
9890 14
9891 16
9892 0
9893 8
9894 14
9895 3
9896 24
9897 20
9898 11
9899 0
9900 12
9901 11
9902 11
9903 52
9904 9
9905 0
9906 35
9907 23
9908 12
9909 10
9910 12
9911 35
9912 3
9913 10
9914 25
9915 0
9916 7
9917 14
9918 14
9919 11
9920 3
9921 52
9922 7
9923 44
9924 5
9925 20
9926 7
9927 32
9928 14
9929 6
9930 20
9931 5
9932 3
9933 40
9934 11
9935 25
9936 35
9937 3
9938 58
9939 12
9940 13
9941 30
9942 0
9943 7
9944 4
9945 49
9946 0
9947 14
9948 0
9949 21
9950 4
9951 8
9952 6
9953 10
9954 14
9955 22
9956 27
9957 0
9958 40
9959 2
9960 52
9961 9
9962 5
9963 12
9964 33
9965 5
9966 19
9967 14
9968 0
9969 5
9970 4
9971 5
9972 23
9973 40
9974 10
9975 35
9976 22
9977 23
9978 6
9979 5
9980 2
9981 0
9982 36
9983 23
9984 10
9985 33
9986 33
9987 8
9988 22
9989 5
9990 9
9991 30
9992 47
9993 55
9994 17
9995 9
9996 19
9997 7
9998 1
9999 19
