0 197
0 458
0 244
0 205
0 434
0 270
0 379
1 935
1 323
1 754
1 829
1 560
1 299
1 512
1 39
1 296
1 953
1 297
2 60
2 81
2 731
2 83
2 877
2 307
2 520
2 591
2 760
2 815
3 995
3 449
3 267
3 92
3 233
3 187
3 374
3 72
3 515
3 893
3 450
3 719
3 307
3 345
3 796
4 690
4 700
4 353
4 170
4 719
4 311
4 775
4 657
4 106
4 630
5 25
5 761
5 586
5 297
5 181
5 215
5 357
5 379
5 797
5 23
5 302
6 868
6 878
6 288
6 90
6 14
6 826
6 501
6 879
6 603
6 20
6 61
6 213
6 484
6 590
6 913
7 213
7 693
7 654
7 751
7 994
7 524
7 44
7 59
7 921
8 368
8 760
8 41
8 938
8 494
8 522
8 292
8 322
8 370
8 125
8 558
9 556
9 120
9 893
9 403
9 978
9 781
9 34
9 579
9 209
9 900
10 695
10 10
10 855
10 385
10 872
10 86
10 21
10 342
10 82
10 260
10 479
10 380
10 396
10 992
10 337
10 596
11 296
11 102
11 700
11 431
11 647
11 66
11 752
11 656
11 275
11 224
11 219
12 264
12 12
12 272
12 34
12 54
12 304
12 781
12 31
12 421
12 579
12 113
12 533
12 79
13 171
13 912
13 398
13 525
13 719
13 709
13 196
13 728
13 47
13 890
13 344
13 34
13 109
13 863
13 570
13 663
13 454
13 587
13 703
14 217
14 213
14 847
14 911
14 336
14 288
14 826
14 341
14 607
14 95
14 501
14 951
14 202
14 45
15 179
15 655
15 928
15 978
15 273
15 674
15 538
15 588
15 77
16 777
16 905
16 430
16 703
16 324
16 685
16 590
16 94
16 509
17 131
17 608
17 299
17 429
17 999
17 713
18 903
18 165
18 386
18 383
18 531
18 212
18 166
18 175
18 315
19 513
19 617
19 19
19 753
19 538
19 29
19 169
19 464
19 291
20 595
20 771
20 449
20 425
20 746
20 42
20 47
20 572
20 957
20 601
20 590
20 497
21 39
21 614
21 423
21 249
21 337
21 270
21 21
21 867
21 554
21 739
21 669
21 732
21 396
22 31
22 400
22 522
22 628
22 528
22 565
22 300
22 480
22 254
23 265
23 389
23 101
23 776
23 802
23 688
23 297
23 882
23 639
23 78
23 395
23 283
23 815
23 354
23 506
23 149
23 25
24 98
24 821
24 310
24 758
24 754
24 681
24 182
24 102
24 390
24 338
25 834
25 993
25 913
25 546
25 305
25 535
25 560
25 841
25 639
25 181
25 882
25 25
25 395
25 400
25 878
25 807
25 449
25 151
25 724
25 957
25 802
25 811
26 238
26 81
26 436
26 428
26 552
26 239
26 842
26 400
26 918
26 954
26 694
26 856
27 334
27 852
27 408
27 573
27 680
27 599
27 34
27 314
27 47
27 153
28 235
28 612
28 522
28 28
28 638
28 326
29 989
29 59
29 538
29 169
29 559
29 528
29 628
29 513
29 616
29 29
29 356
29 253
29 69
29 305
29 55
30 954
30 219
30 741
30 790
30 676
30 942
31 264
31 403
31 113
31 34
31 920
31 448
31 107
31 177
31 641
31 579
31 229
32 752
32 556
32 462
32 74
32 989
32 933
32 299
32 429
32 360
33 698
33 454
33 533
33 279
33 498
33 808
33 327
33 907
33 988
33 898
33 61
34 264
34 421
34 229
34 403
34 579
34 109
34 431
34 89
34 510
34 873
34 895
34 515
35 108
35 994
35 248
35 125
35 720
35 748
35 237
35 295
35 977
35 699
35 451
35 307
35 889
35 431
35 905
36 516
36 524
36 163
36 921
36 935
37 931
37 77
37 103
37 410
37 762
37 817
37 641
37 811
37 564
37 467
38 314
38 671
38 992
38 76
38 997
38 492
39 452
39 845
39 829
39 953
39 39
39 810
39 914
39 819
39 385
39 296
39 721
39 916
39 498
40 659
40 130
40 100
40 46
40 571
40 615
40 781
40 385
40 875
40 557
40 236
41 522
41 178
41 114
41 397
41 292
41 366
41 220
41 638
41 566
42 993
42 493
42 92
42 162
42 728
42 204
42 374
42 388
42 732
42 283
42 154
42 580
42 199
42 47
42 572
42 398
42 735
42 472
43 179
43 707
43 484
43 483
43 921
43 232
43 492
43 688
44 83
44 778
44 570
44 309
44 144
44 983
44 798
44 944
44 693
44 751
44 354
44 140
44 838
44 506
44 898
44 482
44 901
44 93
44 132
44 822
44 637
44 365
44 980
44 900
44 330
44 327
44 718
45 986
45 798
45 916
45 167
45 519
45 188
45 850
45 113
45 601
45 149
45 590
45 443
46 130
46 773
46 458
46 88
46 615
46 756
46 879
46 834
46 711
46 206
46 648
46 342
47 197
47 81
47 725
47 540
47 634
47 92
47 374
47 912
47 454
47 486
47 388
47 890
47 747
47 398
47 196
47 771
47 493
47 956
47 233
47 640
47 700
47 150
47 604
47 296
47 153
47 833
47 650
47 74
47 246
47 570
47 575
47 636
47 548
47 149
47 906
47 497
47 504
47 722
48 552
48 842
48 871
48 48
48 751
48 53
48 844
48 79
48 219
48 439
48 998
49 288
49 992
49 672
49 683
49 518
49 542
49 544
49 856
49 443
49 492
50 996
50 891
50 740
50 50
50 980
50 819
50 139
50 703
50 739
50 345
50 900
51 700
51 243
51 644
51 905
51 566
51 358
51 839
51 998
51 529
52 532
52 541
52 799
52 803
52 558
52 311
52 673
52 696
52 861
52 723
52 610
53 622
53 323
53 730
53 681
53 781
53 492
54 351
54 218
54 812
54 357
54 658
54 107
54 176
54 894
54 936
54 443
54 455
54 472
54 492
55 982
55 335
55 722
55 281
55 568
55 705
55 741
55 381
55 686
56 824
56 510
56 699
56 259
56 766
56 814
56 956
56 696
56 494
56 921
57 129
57 269
57 759
57 480
57 879
57 982
57 603
57 600
57 693
58 883
58 416
58 491
58 327
58 696
58 589
58 707
58 379
59 804
59 524
59 921
59 149
59 59
59 506
59 354
59 250
59 944
59 132
59 751
59 673
59 131
59 297
59 744
59 274
60 947
60 520
60 659
60 547
60 857
60 123
60 731
60 83
60 120
60 723
60 349
60 394
60 803
60 760
60 703
61 297
61 586
61 882
61 243
61 395
61 764
62 262
62 533
62 549
62 605
62 493
62 583
62 589
62 479
62 496
63 217
63 478
63 171
63 182
63 116
63 720
64 794
64 570
64 151
64 64
64 649
64 529
64 320
64 582
64 219
64 789
64 590
65 518
65 232
65 689
65 911
65 85
65 848
65 382
66 563
66 755
66 581
66 497
66 435
66 319
67 283
67 809
67 974
67 940
67 725
67 585
67 691
67 218
67 986
67 477
67 479
68 696
68 930
68 747
68 514
68 719
69 939
69 778
69 681
69 171
69 821
69 575
69 409
69 764
70 650
70 480
70 351
70 269
70 503
70 884
70 171
70 581
70 700
70 326
71 834
71 967
71 235
71 351
71 750
71 188
71 88
72 429
72 200
72 925
72 362
72 569
72 313
72 290
72 205
72 672
72 379
72 72
72 634
72 778
72 595
72 576
72 339
72 121
72 347
72 116
73 696
73 299
73 193
73 992
73 187
73 600
73 667
73 218
73 283
73 812
73 931
73 954
73 972
73 993
73 791
73 841
74 257
74 429
74 174
74 712
74 547
74 812
74 426
74 977
74 590
75 425
75 824
75 531
75 695
75 75
75 311
75 545
75 696
75 699
75 679
75 272
75 676
75 116
75 638
75 783
75 691
75 522
75 359
75 998
76 76
76 666
76 997
76 366
76 789
76 160
76 795
76 815
76 422
76 854
76 207
76 792
76 485
76 709
76 610
76 835
76 590
77 494
77 594
77 733
77 724
77 609
77 128
77 665
77 721
77 214
77 150
77 77
77 750
77 593
77 865
77 357
77 745
77 175
77 536
77 347
77 820
77 983
78 147
78 327
78 527
78 811
78 841
78 974
78 888
78 979
79 844
79 631
79 151
79 742
79 756
79 683
79 468
79 685
79 320
79 689
79 837
79 251
79 723
79 219
79 961
80 718
80 591
80 547
80 123
80 518
80 276
80 83
80 725
80 120
80 262
81 659
81 282
81 591
81 731
81 83
81 234
81 651
81 260
81 186
81 581
82 943
82 964
82 249
82 273
83 659
83 547
83 591
83 880
83 729
83 120
83 642
83 380
83 282
83 234
83 917
83 857
83 783
83 718
83 760
83 83
83 725
83 731
83 666
83 339
83 208
83 717
83 405
83 235
83 722
83 583
83 878
83 441
83 986
83 209
84 980
84 383
84 212
84 165
84 103
84 963
84 166
84 86
85 778
85 182
85 758
85 460
85 959
86 532
86 122
86 373
86 423
86 453
86 596
86 391
87 516
87 562
87 581
87 646
87 792
87 894
87 722
87 606
87 125
87 700
87 248
88 711
88 206
88 614
88 458
88 620
88 480
88 918
88 663
88 700
88 258
88 378
88 881
89 347
89 647
89 656
89 275
89 224
89 493
89 395
89 401
90 288
90 341
90 868
90 409
90 878
90 952
90 212
91 718
91 581
91 183
91 646
91 345
91 534
91 658
91 363
91 431
91 518
92 124
92 469
92 575
92 196
92 117
92 702
92 613
92 634
92 896
92 735
93 993
93 524
93 601
93 780
93 93
93 343
93 132
93 140
94 462
94 899
94 589
94 590
94 932
94 225
94 895
94 653
94 644
94 413
94 243
94 900
94 975
94 430
94 227
94 411
94 156
94 834
94 191
94 944
94 839
94 891
94 905
94 176
94 577
95 341
95 622
95 288
95 879
95 826
95 438
95 501
95 228
95 868
95 217
95 847
95 607
95 323
95 314
95 425
95 830
95 580
95 878
95 669
95 823
95 431
96 534
96 702
96 522
96 514
96 195
96 843
96 547
96 287
96 691
96 275
97 589
97 922
97 279
97 97
97 348
97 816
97 479
97 431
97 498
97 657
98 148
98 967
98 129
98 117
98 751
98 193
98 904
98 360
99 343
99 913
99 800
99 542
99 501
99 796
99 355
99 472
99 492
100 615
100 984
100 557
100 166
100 786
100 865
100 604
101 711
101 581
101 590
101 504
101 185
101 497
101 991
101 741
101 565
101 455
101 793
101 189
101 905
102 536
102 681
102 836
102 259
102 248
102 892
103 206
103 846
103 263
103 548
103 981
103 862
103 924
103 247
104 264
104 421
104 579
104 113
104 933
104 863
104 900
105 775
105 316
105 361
105 924
105 218
105 355
105 492
106 657
106 435
106 316
106 152
107 264
107 403
107 920
107 579
107 678
107 725
107 620
108 581
108 619
108 720
108 486
108 786
108 326
108 431
108 977
108 867
108 590
109 579
109 421
109 272
109 262
109 277
109 170
110 451
110 397
110 612
110 178
110 670
110 888
111 581
111 643
111 295
111 994
111 183
111 562
111 595
111 704
111 625
111 484
111 224
111 761
112 501
112 865
112 275
112 409
112 221
113 264
113 272
113 579
113 263
113 728
113 545
113 890
113 636
113 900
114 265
114 477
114 137
114 522
114 427
114 638
114 397
114 786
114 164
114 238
114 676
114 755
114 331
114 848
115 595
115 540
115 570
115 719
115 629
115 351
115 896
115 413
115 796
116 571
116 116
116 231
116 313
116 307
116 386
117 129
117 650
117 269
117 148
117 834
117 973
117 538
118 723
118 918
118 896
118 554
118 516
118 156
118 601
118 148
118 406
118 660
118 700
118 307
118 431
118 948
119 534
119 173
119 369
119 563
119 725
119 555
120 760
120 579
120 940
120 819
120 348
120 353
121 702
121 526
121 581
121 227
121 946
121 646
121 475
122 581
122 599
122 885
122 191
122 642
122 125
122 682
122 952
122 346
122 472
122 395
123 440
123 659
123 671
123 718
123 904
123 598
124 433
124 436
124 897
124 177
124 993
124 953
124 218
124 853
124 928
124 471
124 477
125 516
125 399
125 619
125 393
125 952
125 350
125 581
125 202
125 325
125 990
125 697
125 285
125 128
125 249
125 654
125 294
125 647
125 167
125 700
125 835
126 642
126 667
126 726
126 937
126 710
127 633
127 364
127 692
127 793
127 903
127 359
127 377
127 954
128 745
128 214
128 594
128 724
128 128
128 150
128 721
128 145
128 880
128 410
128 704
128 609
128 183
129 201
129 235
129 269
129 973
129 834
129 480
129 967
129 159
129 493
129 750
129 594
130 738
130 557
130 614
130 773
130 620
130 979
130 917
130 815
130 571
130 984
131 429
131 713
131 752
131 140
131 933
131 299
131 725
131 993
131 169
132 354
132 506
132 679
132 668
132 167
132 601
132 203
132 135
132 599
132 539
132 140
133 325
133 590
133 653
133 895
133 991
133 459
133 658
133 304
133 900
133 498
134 238
134 945
134 517
134 478
134 174
134 933
134 534
134 508
134 202
134 423
134 338
135 195
135 135
135 208
135 736
135 271
135 307
136 346
136 858
136 876
136 911
136 753
136 368
136 329
136 472
136 492
136 395
137 283
137 536
137 370
137 261
137 485
137 533
137 548
137 492
138 478
138 557
138 931
138 771
138 388
138 599
138 519
138 524
138 798
138 601
139 793
139 139
139 225
139 372
139 605
139 937
139 343
140 450
140 524
140 798
140 601
140 384
140 140
140 354
140 828
140 675
140 188
140 751
140 482
140 670
140 399
140 682
140 632
140 995
140 930
140 968
140 189
140 487
140 192
141 438
141 832
141 954
141 182
141 589
141 649
141 479
142 218
142 853
142 636
142 581
142 336
142 789
142 296
142 700
142 431
142 329
143 798
143 958
143 746
143 345
143 386
143 304
143 851
143 891
143 900
143 439
143 998
144 925
144 700
144 524
144 558
144 930
144 900
145 918
145 948
145 626
145 787
145 790
146 684
146 325
146 521
146 590
146 415
146 784
146 905
146 998
146 657
146 319
147 655
147 785
147 210
147 691
147 633
147 974
147 663
147 702
147 256
147 283
147 989
147 992
147 993
147 617
147 590
147 176
148 650
148 967
148 269
148 201
148 763
148 341
148 595
148 985
148 861
148 561
149 393
149 524
149 654
149 580
149 167
149 163
149 983
149 675
149 250
149 935
149 295
149 328
149 644
149 499
149 590
150 973
150 603
150 389
150 287
150 604
150 485
150 461
150 423
151 279
151 631
151 756
151 928
151 582
152 334
152 259
152 278
152 860
152 695
152 699
152 531
152 862
152 701
152 287
152 696
152 444
152 967
152 571
152 581
152 527
153 425
153 191
153 645
153 496
153 652
153 744
153 423
154 988
154 326
154 219
154 590
154 864
154 932
154 497
155 947
155 625
155 202
155 484
155 236
155 473
155 710
155 420
155 682
155 216
155 601
156 589
156 581
156 625
156 278
156 586
156 682
156 180
157 599
157 648
157 712
157 697
157 904
157 700
157 305
158 600
158 902
158 853
158 364
158 356
158 838
158 268
158 283
158 931
158 581
158 384
158 998
158 764
159 412
159 701
159 566
159 159
159 687
159 558
159 395
160 547
160 675
160 854
160 610
160 422
161 534
161 284
161 717
161 173
161 590
161 478
161 368
161 244
162 736
162 771
162 570
162 896
162 398
162 450
162 376
162 403
162 971
162 735
162 672
162 675
162 509
162 291
162 936
163 766
163 313
163 514
163 828
163 668
163 354
163 996
163 227
163 188
163 916
163 820
163 357
163 937
163 321
163 831
163 675
164 591
164 655
164 629
164 242
164 500
164 274
164 841
164 395
165 228
165 212
165 730
165 175
165 496
166 212
166 943
166 903
166 315
166 383
166 196
166 357
166 188
166 175
167 278
167 492
168 429
168 218
168 941
168 294
168 431
168 697
168 456
168 492
169 540
169 513
169 628
169 565
169 718
169 896
169 254
170 581
170 714
170 601
170 657
170 388
170 623
171 310
171 574
171 758
171 356
171 786
171 459
172 687
172 275
172 618
172 656
172 852
172 561
172 184
172 970
172 849
172 373
173 517
173 534
173 284
173 794
173 478
173 368
173 945
173 369
173 173
173 704
173 203
173 879
173 201
173 241
173 590
173 494
173 609
173 957
173 924
174 257
174 429
174 462
174 323
174 443
175 801
175 212
175 175
175 970
175 834
175 470
175 275
176 579
176 707
176 488
176 294
176 965
176 865
176 338
176 892
176 913
176 472
176 492
176 330
177 930
177 842
177 590
177 322
177 691
177 897
177 411
177 931
177 940
177 954
177 993
177 566
177 599
177 877
177 932
177 495
177 841
178 522
178 523
178 536
178 218
178 569
178 755
178 590
179 684
179 734
179 298
179 265
179 908
179 723
179 842
179 400
179 931
179 992
179 950
179 676
179 240
180 334
180 554
180 980
180 924
180 700
180 737
180 492
181 993
181 889
181 254
181 900
181 774
181 266
182 778
182 460
182 833
182 681
182 505
182 765
182 887
182 438
183 516
183 606
183 669
183 805
183 596
184 275
184 409
184 246
184 925
184 373
185 576
185 515
185 439
185 976
185 391
185 763
185 287
185 737
185 655
185 900
185 544
186 778
186 681
186 821
186 505
186 889
186 331
187 540
187 732
187 735
187 912
187 883
187 441
187 449
187 719
187 327
187 849
188 296
188 715
188 524
188 898
189 949
189 590
189 604
189 277
189 498
189 763
189 381
189 735
189 482
189 194
189 851
189 329
190 590
190 604
190 488
190 396
190 547
190 577
190 194
190 304
190 900
190 414
190 424
191 400
191 700
191 682
191 562
191 720
191 280
191 339
191 431
191 243
192 569
192 815
192 657
192 300
192 410
192 963
192 274
192 749
192 247
193 256
193 715
193 730
193 853
193 918
193 931
193 484
194 637
194 813
194 504
194 205
194 449
194 209
195 514
195 271
195 726
195 754
195 792
195 343
196 540
196 570
196 634
196 636
196 735
197 803
197 947
197 696
197 259
197 203
197 567
197 962
198 649
198 677
198 433
198 989
198 782
198 655
198 255
198 577
198 218
198 842
198 400
198 931
199 589
199 484
199 937
199 864
200 541
200 313
200 205
200 672
200 627
200 391
200 347
200 925
201 967
201 501
201 595
201 603
201 257
202 677
202 516
202 661
202 276
202 285
202 248
202 805
202 325
202 606
202 202
202 348
202 399
202 349
202 548
202 660
202 263
202 587
202 476
202 562
202 631
202 328
202 782
202 622
202 333
202 645
202 702
202 528
202 703
203 369
203 278
203 696
203 673
203 766
203 312
203 506
203 418
203 849
204 570
204 636
204 896
204 454
205 829
205 379
205 205
205 307
205 753
205 423
206 571
206 458
206 620
206 615
206 614
206 395
206 768
206 363
207 508
207 698
207 854
207 969
207 997
207 551
208 803
208 843
208 881
208 409
209 931
209 777
209 741
209 863
209 788
209 886
209 864
209 406
209 304
209 998
210 669
210 715
210 477
210 766
210 673
211 778
211 574
211 374
211 820
211 284
211 272
212 700
212 386
212 903
212 943
212 383
212 614
212 858
212 528
213 868
213 217
213 878
213 253
213 906
213 852
213 993
213 646
214 665
214 724
214 743
214 594
214 758
214 507
214 865
214 609
214 485
214 811
215 318
215 305
215 340
215 255
216 516
216 581
216 700
216 554
216 812
216 558
216 948
216 798
216 898
217 826
217 375
217 425
217 607
217 590
218 531
218 684
218 987
218 974
218 902
218 939
218 978
218 966
218 433
218 687
218 437
218 889
218 820
218 241
218 746
218 812
218 931
218 441
218 993
218 386
219 502
219 658
219 685
219 255
219 320
219 631
219 756
219 742
219 844
219 487
219 378
219 981
219 588
220 275
220 678
220 409
220 224
220 331
220 656
220 231
220 246
220 611
220 492
220 730
220 944
220 932
220 564
221 684
221 658
221 598
221 483
221 373
221 746
222 543
222 589
222 387
222 988
222 744
222 479
222 840
223 793
223 954
223 912
223 279
223 707
224 611
225 654
225 590
225 884
225 411
225 998
226 801
226 787
226 279
226 327
226 583
226 589
226 416
226 271
227 399
227 354
227 384
227 329
228 826
228 341
228 597
228 572
229 264
229 579
229 448
229 229
229 603
229 342
229 405
229 265
229 570
229 484
229 590
229 550
230 931
230 954
230 589
230 347
230 680
230 236
230 313
230 769
231 647
231 275
231 409
231 331
231 849
231 373
232 931
232 454
232 518
232 908
232 542
232 291
232 567
232 654
232 986
232 318
232 472
232 492
233 280
233 525
233 553
233 636
233 735
233 492
234 591
234 659
234 473
234 947
234 760
234 948
234 604
234 653
234 811
235 973
235 985
235 603
235 861
235 998
235 942
236 523
236 581
236 662
236 700
236 431
236 484
237 526
237 581
237 625
237 700
237 519
238 534
238 478
238 717
238 945
238 709
238 369
238 677
239 411
239 987
239 918
239 399
239 432
239 471
239 993
239 456
240 878
240 368
240 782
240 582
241 261
241 550
241 905
242 974
242 553
242 956
242 590
242 976
242 788
242 288
242 905
242 694
242 568
243 299
243 928
243 636
243 589
243 997
243 863
243 961
244 992
244 262
244 589
244 479
245 298
245 516
245 530
245 662
245 700
245 804
245 307
245 275
245 492
246 608
246 647
246 656
246 618
246 246
246 330
246 628
246 658
247 915
247 590
247 630
247 802
248 700
248 823
248 336
248 261
248 363
249 601
249 645
249 652
249 423
249 306
249 596
250 700
250 384
250 675
250 263
250 504
250 811
251 484
251 657
251 630
251 621
252 661
252 706
252 885
252 321
252 568
252 598
253 288
253 375
253 438
253 919
254 589
254 700
255 512
255 320
255 542
255 304
255 657
256 793
256 436
256 404
256 979
256 265
256 842
257 462
257 608
257 980
257 537
257 933
258 700
258 524
258 741
258 430
258 763
258 339
258 789
258 458
258 304
258 900
258 905
258 998
258 497
259 508
259 552
259 444
259 803
259 545
259 836
259 447
259 696
259 458
260 938
260 934
260 888
260 522
260 427
260 638
260 536
260 968
260 440
260 502
260 562
260 524
261 768
261 890
261 398
261 830
261 575
261 663
261 345
262 767
262 605
262 549
262 811
262 972
262 279
262 791
262 543
262 589
263 878
263 702
263 700
263 805
263 349
263 871
263 431
264 272
264 448
264 403
264 893
264 920
264 660
264 645
264 996
264 552
264 799
264 579
264 750
264 900
264 544
265 692
265 723
265 951
265 931
265 930
265 727
265 734
265 987
265 433
265 477
265 982
265 324
265 954
265 492
265 774
266 829
266 527
266 529
266 480
266 395
266 474
267 993
267 956
267 570
267 579
267 896
267 449
267 454
267 804
268 674
268 298
268 809
268 491
268 400
268 931
268 993
268 831
268 509
269 603
269 644
269 421
269 967
269 861
269 884
269 842
269 572
270 400
270 385
270 645
270 915
270 596
270 435
271 843
271 463
272 487
272 827
272 920
272 579
272 326
272 705
272 998
273 684
273 812
273 978
273 280
273 514
273 446
273 939
274 931
274 467
274 285
274 340
275 469
275 539
275 275
275 627
275 373
275 561
275 409
275 678
275 647
275 459
275 334
275 753
275 433
275 328
275 358
276 724
276 581
276 646
276 700
276 431
277 408
277 590
277 716
277 293
277 900
277 998
278 531
278 766
278 673
278 696
278 444
279 387
279 479
279 605
279 533
279 589
279 583
279 720
279 356
279 916
279 814
280 299
280 655
280 669
280 310
280 954
280 993
280 948
281 324
281 406
281 281
281 934
281 694
281 372
281 472
282 917
282 547
282 380
282 923
282 591
283 677
283 411
283 603
283 832
283 842
283 853
283 931
283 954
283 993
283 474
284 534
284 794
284 563
284 517
284 322
284 935
284 902
284 478
284 792
285 405
285 516
285 548
285 581
285 700
285 484
286 414
286 840
286 302
286 474
286 547
286 560
286 395
287 680
287 849
287 472
288 847
288 826
288 438
288 879
288 471
288 654
288 992
289 570
289 516
289 700
289 786
289 891
289 686
289 889
289 431
290 520
290 663
290 347
290 672
290 668
291 534
291 767
291 796
291 875
291 465
291 367
291 578
291 863
291 848
291 371
291 969
291 472
291 492
292 536
292 442
292 292
292 427
292 900
292 892
293 741
293 814
293 739
293 489
293 680
293 900
293 382
294 578
294 796
294 443
294 472
294 492
295 614
295 581
295 619
295 648
295 682
295 431
295 645
296 512
296 935
296 810
296 323
296 829
296 939
296 463
296 871
296 435
297 797
297 887
297 840
297 657
297 467
298 696
298 684
298 782
298 931
298 708
298 918
299 462
299 299
299 933
299 556
299 525
299 429
299 380
299 449
299 342
299 657
299 764
300 534
300 657
300 372
300 600
300 680
300 361
301 743
301 848
301 518
301 483
301 377
301 659
301 318
301 881
301 926
301 492
302 603
302 472
302 492
302 639
302 330
302 535
302 489
302 493
302 915
302 340
303 484
303 585
303 590
303 604
303 661
303 304
303 592
304 741
304 831
304 830
304 839
304 430
304 705
304 339
304 498
304 683
304 735
304 465
304 721
304 347
304 394
304 900
304 905
304 497
304 509
304 406
305 990
305 811
305 395
305 564
305 655
305 510
305 841
306 967
306 645
306 652
306 867
306 873
306 324
306 431
306 840
306 342
306 492
306 769
307 516
307 610
307 660
307 804
307 870
307 426
307 866
307 325
307 587
307 923
307 661
307 948
307 697
307 976
307 893
307 579
307 973
308 759
308 651
308 684
308 687
308 698
308 702
308 960
308 931
308 993
308 601
309 530
309 554
309 606
309 646
309 700
309 786
309 326
309 342
309 657
310 833
310 863
310 574
310 581
310 447
310 694
311 552
311 613
311 860
311 898
311 859
311 696
312 879
312 516
312 578
312 796
312 443
312 472
312 492
313 362
313 631
313 606
313 409
313 630
314 334
314 680
314 635
314 737
315 696
315 674
315 383
315 576
315 622
316 895
316 657
316 963
316 773
317 585
317 590
317 991
317 716
317 374
317 900
317 998
317 796
318 692
318 735
318 328
318 347
318 455
318 969
318 472
318 492
319 713
319 900
319 937
320 425
320 374
320 676
320 685
320 407
320 934
320 844
321 584
321 722
321 689
321 694
321 381
321 937
322 522
322 934
322 370
322 511
322 803
322 480
322 719
322 710
323 935
323 757
323 543
323 685
324 449
324 779
324 694
324 588
324 776
324 469
324 364
324 584
325 989
325 581
325 658
325 543
326 548
326 700
326 507
326 516
326 619
326 562
326 819
326 554
326 466
326 737
326 394
326 347
326 936
326 885
326 952
326 484
326 811
327 449
327 533
327 491
327 767
327 808
327 875
327 921
327 589
327 479
327 516
327 530
327 700
328 934
328 347
328 796
328 401
328 472
329 810
329 886
329 856
329 965
329 407
329 936
329 492
330 586
330 689
330 764
331 409
331 561
331 627
331 373
331 618
331 615
331 867
332 655
332 669
332 436
332 946
332 887
332 402
332 931
333 796
333 446
333 338
333 494
333 936
333 472
333 492
334 915
334 852
334 635
334 440
334 573
334 566
334 664
334 909
335 691
335 432
335 636
335 386
335 732
335 943
335 590
335 445
336 609
336 581
336 648
336 737
336 348
336 952
337 638
337 855
337 737
337 882
337 353
338 408
338 596
338 858
338 818
338 689
338 909
338 875
338 355
338 397
338 605
338 856
338 492
339 647
339 590
339 390
339 961
339 998
340 488
340 472
340 560
340 527
340 623
340 787
340 619
340 785
341 878
341 847
341 975
341 646
341 582
341 900
342 931
342 350
342 353
343 793
343 589
343 555
343 796
343 971
343 377
343 443
343 492
344 842
344 461
344 789
344 412
344 833
344 422
345 590
345 705
345 830
345 930
345 390
345 905
345 998
345 495
345 492
345 467
346 918
346 796
346 418
346 367
346 972
346 472
346 492
347 672
347 362
347 569
348 634
348 581
348 646
348 914
348 431
348 682
348 658
348 548
348 643
348 637
348 399
348 599
348 490
348 462
348 875
348 915
348 763
348 378
349 554
349 581
349 804
349 476
349 516
349 754
349 639
349 693
350 516
350 606
350 700
350 484
351 967
351 595
351 861
351 886
351 395
352 800
352 894
352 689
352 869
352 701
352 472
352 492
353 385
353 423
353 596
353 873
353 420
354 601
354 828
354 639
354 871
354 916
355 838
355 818
355 455
356 778
356 836
356 710
356 741
356 900
356 958
357 721
357 733
357 609
357 423
357 743
357 414
357 775
358 704
358 512
358 804
358 889
358 796
358 898
358 424
358 443
358 472
359 826
359 884
359 387
359 745
359 590
360 485
360 700
360 848
360 856
360 492
361 924
361 361
361 979
362 471
362 672
362 666
363 852
363 581
363 700
363 562
363 657
363 431
363 484
363 627
364 680
364 677
364 782
364 812
364 825
364 931
364 989
364 993
364 526
365 429
365 981
365 657
365 937
365 542
366 579
366 665
366 625
366 854
366 997
367 954
367 910
367 867
367 766
367 472
367 492
368 517
368 534
368 717
368 945
368 723
368 718
368 782
368 926
369 478
369 563
369 621
369 560
370 642
370 946
370 536
370 632
370 523
370 808
370 414
370 769
370 502
371 796
371 816
371 500
371 830
371 492
372 400
372 643
372 657
372 784
372 712
373 454
373 561
373 970
373 714
373 618
373 611
373 656
373 825
373 431
373 660
373 387
373 900
373 961
374 570
374 634
374 398
374 957
374 454
374 900
375 826
375 607
375 756
376 615
376 989
376 590
376 629
376 716
376 998
376 509
376 790
377 842
377 966
377 793
377 643
377 931
377 954
377 993
377 605
378 781
378 590
378 741
378 891
378 808
378 821
378 900
378 509
379 925
379 466
379 714
380 659
380 591
380 760
380 989
381 829
381 861
381 406
381 722
381 825
381 705
381 388
382 449
382 472
382 456
382 443
383 943
383 903
383 989
383 900
384 601
385 985
385 423
386 548
386 903
386 943
386 386
386 884
387 549
387 589
388 634
388 454
388 719
388 747
388 479
388 682
388 710
389 717
389 733
389 593
389 750
389 665
389 609
390 993
390 590
390 739
390 905
390 877
390 762
390 677
390 998
390 497
391 590
391 604
391 629
391 998
392 589
392 707
392 543
392 808
392 767
392 484
392 675
392 423
392 504
393 778
393 581
393 562
393 952
394 954
394 516
394 991
394 515
395 516
395 905
395 764
395 527
395 882
395 586
395 811
395 761
395 840
395 802
395 560
395 834
395 664
395 988
395 884
395 867
395 688
396 673
396 943
396 590
396 900
396 424
396 775
397 522
397 523
397 950
397 934
397 840
397 854
398 572
398 543
398 990
398 522
398 956
399 641
399 581
399 625
399 700
399 885
399 473
399 643
399 948
399 786
399 574
399 482
399 570
399 814
399 413
400 613
400 702
400 782
400 853
400 972
400 974
400 477
400 736
400 966
400 463
400 417
400 931
400 954
400 993
401 739
401 891
401 796
401 909
401 544
401 465
401 647
401 769
401 492
402 723
402 797
402 883
402 922
402 664
402 954
402 624
402 464
403 565
403 920
403 579
403 522
403 657
403 578
403 909
404 411
404 502
404 707
404 625
404 590
404 900
405 471
405 523
405 632
405 811
405 927
405 483
407 513
407 796
407 816
407 909
407 472
407 492
408 664
408 573
408 680
408 440
408 516
408 700
409 591
409 636
409 862
409 618
409 451
410 630
410 657
410 410
410 837
411 897
411 730
411 715
411 511
411 583
411 932
411 492
412 543
412 589
412 988
412 922
412 595
412 479
412 434
412 546
413 427
413 900
413 497
414 948
414 795
414 851
414 576
414 497
414 900
414 813
414 621
414 414
414 971
414 594
414 998
415 832
415 594
415 589
415 707
415 937
415 988
415 479
416 729
416 787
416 533
416 589
416 956
416 933
416 479
416 823
417 638
417 590
417 900
417 905
417 645
417 998
417 498
418 545
418 974
418 518
418 544
418 443
418 472
418 492
419 436
419 583
419 922
419 988
419 939
419 497
420 745
420 656
420 590
420 839
420 905
420 998
420 497
421 781
421 951
421 891
422 997
422 551
422 665
422 788
422 851
423 873
423 652
423 964
423 453
423 596
423 645
423 715
423 496
424 907
424 590
424 891
424 488
424 746
424 900
424 953
424 955
424 538
424 688
425 673
425 554
426 691
426 581
426 682
426 952
426 484
427 655
427 619
428 677
428 692
428 812
428 853
428 931
429 462
429 556
429 608
429 750
429 713
429 702
430 590
430 705
430 900
431 700
431 952
431 484
431 786
431 682
431 914
431 980
431 999
431 792
431 461
431 625
431 846
431 643
431 871
431 720
431 737
431 990
431 923
431 606
431 648
431 804
431 545
431 738
431 858
431 508
431 553
431 452
431 663
431 435
431 983
431 915
431 441
431 822
432 812
432 817
432 974
433 698
433 812
433 934
433 578
433 993
434 677
434 923
434 513
434 713
435 826
435 594
435 995
435 784
435 853
436 674
436 807
436 842
436 711
436 992
437 478
437 781
437 649
437 677
437 928
438 826
438 622
438 847
438 735
439 590
439 877
439 731
439 998
440 915
440 664
440 635
440 852
440 517
440 642
440 680
441 842
441 918
441 702
441 954
441 993
442 522
442 927
442 511
442 942
442 640
442 905
442 588
442 761
443 518
443 578
443 544
443 971
443 894
443 818
443 858
443 884
443 929
443 837
443 581
443 472
444 541
444 696
444 949
444 552
444 947
444 859
444 728
444 684
444 477
444 631
445 796
445 913
445 926
445 689
445 582
445 492
446 845
446 786
446 818
446 909
446 472
447 655
447 590
447 772
447 900
447 856
448 920
448 579
448 672
448 534
449 899
449 575
449 634
449 572
449 709
449 663
449 449
449 982
449 719
450 570
450 636
451 600
451 812
451 966
451 931
451 744
451 698
451 865
451 636
452 452
452 935
452 845
452 829
452 707
452 958
452 953
453 684
453 737
453 834
453 739
454 933
454 570
454 896
454 525
454 640
454 719
454 469
454 734
454 920
454 577
455 689
455 908
455 926
455 514
455 609
455 852
455 472
455 492
456 517
456 684
456 913
456 465
456 832
456 707
456 472
456 492
457 649
457 674
457 842
457 883
457 983
457 886
457 993
457 863
458 773
458 557
458 614
459 721
459 672
459 647
459 758
459 590
459 472
459 492
460 532
460 778
460 836
460 535
460 581
460 466
460 498
460 626
461 587
461 662
461 952
461 798
462 608
462 659
462 691
462 812
463 947
463 514
463 843
463 999
463 726
464 744
464 972
464 716
464 900
464 932
464 576
464 878
465 912
465 492
466 707
466 526
466 581
466 637
466 932
466 497
467 688
468 487
468 468
468 911
469 570
469 636
469 572
469 817
469 763
470 677
470 797
470 825
470 928
470 888
470 993
470 647
470 492
471 655
471 669
471 684
471 954
471 929
471 955
471 809
471 643
471 714
472 744
472 555
472 858
472 894
472 926
472 960
472 936
472 689
472 492
472 483
472 965
472 971
472 875
472 910
472 578
472 848
472 500
472 759
472 924
472 878
472 737
472 478
472 557
472 872
472 981
472 851
472 716
472 946
473 993
473 681
473 530
473 581
473 700
473 786
473 948
474 802
474 811
475 590
475 703
475 877
475 644
475 997
475 509
476 646
476 700
476 819
476 525
476 937
477 730
477 607
477 640
478 717
478 522
478 700
479 602
479 533
479 808
479 491
479 988
479 787
479 701
479 479
479 907
479 583
479 589
479 806
479 761
479 755
479 923
479 732
479 960
479 586
479 539
480 650
480 967
480 603
480 861
480 853
481 793
481 993
481 730
481 667
481 938
481 973
481 916
482 690
482 601
482 900
482 590
482 498
484 516
484 700
484 606
484 625
484 981
484 870
484 658
484 994
484 770
484 587
484 712
484 846
484 619
484 660
484 764
484 826
484 966
484 937
484 686
485 665
485 721
485 733
485 609
485 485
485 865
485 593
485 873
485 831
485 838
486 967
486 768
486 899
486 719
486 735
486 995
487 826
487 685
487 582
487 844
488 746
488 900
488 521
488 504
489 847
489 878
489 589
489 619
489 538
489 654
490 940
490 954
490 972
490 993
490 529
491 549
491 589
492 514
492 544
492 913
492 971
492 894
492 827
492 500
492 689
492 969
492 909
492 892
492 542
492 960
492 578
492 856
492 876
492 965
492 908
492 926
492 796
492 816
492 858
492 869
492 910
492 818
492 596
492 795
492 920
492 871
492 807
492 793
492 729
492 707
492 923
493 636
493 995
493 706
493 593
493 871
494 510
494 541
494 696
494 655
494 993
494 569
494 625
494 900
495 590
495 998
495 886
495 970
496 933
496 700
496 596
496 873
497 993
497 590
497 835
497 900
497 998
497 976
497 576
497 895
497 941
497 504
497 604
497 968
497 958
497 703
497 904
497 498
497 644
497 629
497 839
497 991
497 906
497 615
497 977
497 842
497 782
497 689
497 691
497 647
497 697
498 590
498 900
498 998
498 976
498 657
499 654
499 675
499 670
499 599
500 998
500 796
501 826
501 842
502 534
502 945
502 927
502 685
503 711
503 833
503 589
503 707
504 607
504 717
504 900
504 941
504 509
504 800
505 778
505 681
505 841
505 636
505 581
505 822
506 524
506 601
506 993
506 913
507 581
507 658
507 700
507 737
508 534
508 794
508 945
508 961
509 831
509 941
509 624
509 667
509 569
510 947
510 567
510 613
510 774
510 682
510 541
510 545
510 816
511 696
511 638
512 845
512 829
512 953
512 754
512 867
513 668
513 616
513 513
513 932
513 610
513 559
513 617
513 521
513 585
513 936
514 514
514 843
514 726
514 587
514 549
515 589
515 705
515 998
515 521
515 772
515 560
515 590
516 953
516 697
516 619
516 526
516 948
516 786
516 581
516 792
516 866
516 661
516 530
516 952
516 804
516 637
516 611
516 728
516 951
516 555
516 535
516 673
516 700
516 889
517 704
517 563
517 534
517 794
517 717
518 827
518 910
518 826
518 526
519 954
519 580
519 657
519 524
519 780
520 642
520 917
520 738
521 995
521 700
521 590
521 900
521 998
522 927
522 938
522 632
522 522
522 801
522 612
522 934
522 799
522 990
522 747
522 528
522 891
523 612
523 801
523 950
523 843
523 581
523 524
524 780
524 901
524 996
524 580
524 751
524 828
524 668
524 558
524 944
524 921
524 670
524 983
524 838
524 524
524 693
524 749
524 835
524 876
524 809
524 947
524 546
524 850
524 608
524 675
524 998
525 709
525 575
525 965
525 572
525 896
525 719
526 581
526 682
526 700
526 871
526 584
527 677
527 842
527 972
527 711
528 742
528 528
528 559
528 851
529 811
529 762
529 801
529 979
530 993
530 661
530 999
530 914
530 991
530 542
530 658
530 737
530 889
530 900
531 949
531 613
531 860
531 690
531 776
531 532
531 673
531 739
531 835
531 911
532 803
532 541
532 545
532 567
532 673
532 696
533 681
533 602
533 583
533 589
534 563
534 704
534 945
534 794
534 717
534 972
534 592
534 673
535 610
535 590
535 618
536 632
536 539
537 664
537 752
537 933
537 617
538 617
538 898
539 923
539 656
539 561
539 624
540 896
540 728
540 575
540 735
540 719
540 553
540 789
540 620
540 925
540 808
541 673
541 968
541 726
541 613
541 600
541 753
541 559
542 681
542 796
542 874
542 902
542 654
543 589
544 817
544 899
544 583
544 555
544 578
544 645
544 823
545 552
545 947
545 902
545 859
545 949
545 696
545 920
545 669
545 805
546 802
546 774
546 688
547 608
547 783
547 659
547 760
547 591
547 919
547 864
548 866
548 548
548 661
548 625
548 700
549 708
549 563
549 581
549 889
550 577
550 822
550 806
550 686
550 942
550 790
550 550
550 864
550 895
551 579
551 612
551 681
551 883
551 796
552 673
552 666
552 824
552 579
553 663
553 735
553 636
554 923
554 705
554 581
554 661
554 700
555 910
555 965
555 689
555 803
555 580
555 796
556 752
556 556
557 711
557 615
557 984
557 557
557 764
557 947
557 571
557 727
558 700
558 916
559 616
559 934
561 842
561 708
561 952
561 647
561 656
561 970
561 618
561 598
561 678
561 627
561 862
561 974
561 776
561 615
561 950
561 588
561 941
561 772
562 770
562 637
562 952
562 581
562 625
562 700
562 804
562 889
562 590
563 794
563 589
564 896
564 952
564 590
564 678
564 840
564 764
565 591
565 742
566 860
566 787
566 988
566 589
566 716
566 772
566 976
567 859
567 860
567 683
567 696
568 588
568 694
568 568
568 794
569 935
569 798
570 572
570 899
570 912
570 654
570 783
570 636
570 896
570 719
570 646
570 590
570 900
570 779
571 571
571 738
571 984
571 806
571 889
572 768
572 732
572 663
572 937
572 642
572 636
572 719
572 837
573 664
573 680
573 635
573 621
573 796
574 778
574 765
574 833
575 687
575 890
575 634
575 899
575 719
575 995
575 827
576 954
576 644
576 576
576 811
576 590
577 921
577 874
577 686
577 878
577 959
578 913
579 781
579 579
579 893
579 920
579 702
579 845
579 989
580 700
581 923
581 682
581 648
581 981
581 748
581 587
581 581
581 823
581 643
581 948
581 599
581 770
581 700
581 619
581 676
581 952
581 606
581 919
581 819
581 971
581 809
581 655
581 668
581 679
581 850
581 765
581 708
581 664
581 788
581 911
582 631
582 900
583 707
583 964
583 589
583 774
584 919
584 611
584 592
584 708
584 722
585 624
585 831
585 845
585 590
586 993
586 682
587 871
587 682
587 952
588 701
589 719
589 988
589 589
589 708
589 605
589 602
589 791
589 907
589 701
589 922
589 787
589 753
589 767
589 805
589 642
589 884
589 813
589 913
589 828
590 813
590 814
590 863
590 895
590 739
590 962
590 850
590 976
590 975
590 621
590 590
590 961
590 891
590 741
590 932
590 740
590 968
590 705
590 772
590 906
590 644
590 959
590 653
590 991
590 886
590 941
590 604
590 830
590 777
590 788
590 624
590 998
590 680
590 782
590 985
590 774
590 845
590 683
590 957
590 781
590 620
590 843
590 900
590 802
591 917
591 731
591 642
591 989
591 760
592 771
592 998
592 837
593 665
593 733
593 826
593 838
594 733
594 609
594 743
594 745
594 839
595 607
595 973
595 603
595 861
595 982
595 674
595 823
595 759
595 655
596 977
596 964
596 638
596 822
597 878
597 597
597 615
597 914
597 607
597 622
598 656
598 714
598 849
598 962
599 948
599 913
600 734
600 655
600 702
600 736
600 986
600 993
601 838
601 670
601 798
601 780
601 901
601 751
601 706
601 971
602 753
602 859
602 801
602 907
602 707
603 759
603 967
603 834
603 840
603 777
603 901
603 700
604 804
604 621
604 864
604 850
604 750
604 997
604 732
605 791
605 908
606 646
606 735
606 887
609 669
609 665
609 721
609 609
609 745
609 865
609 974
609 822
609 642
609 915
609 988
610 919
610 697
610 660
610 700
610 979
611 970
611 627
611 618
611 731
611 616
612 927
613 673
613 949
613 696
613 677
613 900
614 620
614 851
615 641
616 719
616 988
617 955
617 628
617 729
617 886
617 774
618 646
618 656
618 678
618 905
618 942
619 720
619 637
619 700
619 952
619 990
620 984
620 931
620 998
621 663
621 900
622 826
622 757
623 842
623 774
623 764
623 831
624 773
624 851
625 697
625 706
625 700
625 661
625 676
625 965
625 887
625 820
626 735
626 999
626 942
627 647
627 849
627 900
629 696
629 941
629 968
629 878
629 900
629 932
630 775
630 719
631 685
631 683
631 779
631 962
632 929
632 801
632 922
632 638
632 865
633 651
633 749
633 954
633 822
633 918
633 930
633 955
634 723
634 957
634 817
634 919
634 977
634 636
635 915
635 852
635 664
635 680
635 635
635 857
635 897
635 771
635 649
636 669
636 768
636 747
636 728
636 771
636 995
636 735
636 663
636 732
636 636
636 773
636 904
636 640
637 643
637 775
637 770
638 950
638 755
638 902
638 774
639 816
639 887
640 954
640 668
641 883
641 782
641 684
641 669
641 674
641 723
641 727
641 931
641 986
641 993
641 891
642 857
642 718
642 917
643 700
644 900
645 872
645 945
646 735
646 700
646 952
647 678
647 855
647 656
648 914
648 792
649 859
649 954
649 776
650 973
650 985
650 861
650 720
650 804
650 834
650 982
650 708
651 929
651 946
651 901
651 723
651 918
651 931
651 778
651 716
652 883
652 954
652 989
652 966
652 977
652 848
653 896
653 772
653 900
654 810
655 696
655 832
655 929
655 782
655 744
655 749
655 974
655 677
655 842
655 729
655 695
655 684
655 928
655 954
655 786
656 925
656 714
656 702
656 989
656 829
657 870
657 775
657 657
657 784
657 885
658 954
658 980
658 661
658 870
658 871
658 697
658 701
659 760
659 857
659 671
659 874
659 898
659 773
660 742
660 700
660 900
661 706
661 700
661 817
661 964
661 816
661 952
662 870
662 689
662 700
662 996
663 719
664 915
664 852
664 680
664 706
664 828
664 694
665 993
665 724
665 795
665 721
666 810
666 795
667 785
667 687
667 702
667 797
667 812
667 931
669 673
669 825
669 987
669 978
669 986
669 883
669 969
670 858
671 725
671 671
671 731
671 815
671 880
672 760
673 803
673 859
673 673
673 748
673 696
673 967
674 807
674 883
674 749
674 989
674 958
674 849
674 984
674 684
674 691
674 954
674 992
674 908
675 693
675 679
675 766
676 870
676 700
676 952
677 842
677 785
677 812
677 928
677 954
678 995
678 849
678 746
679 696
679 702
679 780
679 821
679 822
680 852
680 915
680 699
680 863
681 765
681 836
681 821
681 758
681 903
682 980
682 885
682 849
682 727
682 803
683 719
683 685
684 954
684 684
684 966
684 698
684 987
684 692
684 832
684 790
684 810
684 894
684 737
684 793
684 931
684 972
684 993
684 900
686 927
686 790
686 686
686 806
686 987
686 821
686 942
687 744
687 807
687 912
687 931
688 774
688 987
689 796
689 908
689 913
690 824
690 766
690 947
691 736
691 946
691 715
691 809
691 749
691 744
691 897
691 929
691 992
691 941
691 727
692 702
692 812
692 842
692 959
694 842
695 695
695 696
696 803
696 699
696 766
696 949
696 824
696 696
696 944
696 939
696 785
697 700
698 817
698 918
698 952
699 947
699 700
700 931
700 981
700 885
700 720
700 819
700 748
700 923
700 914
700 712
700 823
700 871
700 994
700 792
700 980
700 990
700 999
700 866
700 846
700 952
700 703
700 807
700 728
700 826
700 709
700 897
700 818
701 734
701 917
701 977
702 785
702 955
702 987
702 978
702 734
702 993
702 819
703 813
703 998
703 886
703 830
703 739
703 796
704 717
704 938
704 719
705 905
706 875
708 950
708 808
709 931
709 747
710 937
711 773
711 738
711 758
712 712
712 952
713 752
714 970
715 951
715 736
715 914
715 954
715 993
716 904
716 740
716 739
716 900
718 880
718 783
718 984
719 719
719 899
719 943
719 772
719 789
719 995
720 952
721 743
721 865
723 727
723 723
723 994
723 860
723 730
723 954
723 989
723 733
724 865
725 783
725 729
725 900
725 959
726 843
726 835
727 749
727 812
727 993
727 811
728 957
729 917
729 857
729 828
729 926
730 785
730 842
730 931
730 993
732 771
732 960
733 865
733 985
733 775
734 736
734 891
734 992
735 956
735 927
736 817
736 770
736 883
736 993
738 773
739 956
739 772
739 998
739 887
740 864
740 838
740 900
741 850
741 762
742 845
742 796
742 913
743 945
744 955
744 812
744 931
744 993
746 957
746 877
746 904
746 763
746 937
747 896
747 771
747 846
748 931
748 795
748 913
749 993
750 900
752 852
752 933
753 993
753 791
754 845
754 810
754 925
754 953
754 829
755 972
755 801
756 826
757 810
757 845
757 935
757 790
757 829
759 982
759 765
760 882
760 831
760 954
761 931
761 774
762 774
763 800
763 851
763 900
765 833
766 799
766 974
768 956
768 896
768 916
768 836
768 775
769 893
769 926
770 954
770 923
770 816
770 776
772 900
773 797
774 802
775 937
775 963
775 837
775 933
775 784
775 796
777 804
777 900
778 836
778 778
779 917
779 897
779 954
780 780
780 798
780 903
781 893
782 951
782 872
782 931
782 993
783 783
784 849
784 836
784 963
785 842
785 993
785 856
785 894
786 805
787 922
787 907
787 924
787 856
788 842
788 909
790 806
790 822
790 964
790 984
791 807
791 900
792 857
792 998
793 939
793 946
793 929
793 832
793 873
793 931
794 809
795 961
796 858
796 936
796 876
796 875
796 856
796 981
796 967
796 860
796 913
797 972
797 993
797 807
797 825
797 832
797 931
798 834
798 866
798 898
798 901
798 996
799 949
799 799
799 851
800 993
800 926
800 827
800 869
800 948
800 868
800 892
800 913
801 934
801 905
802 882
803 890
804 999
804 980
804 804
805 923
805 842
806 931
806 897
807 993
808 988
809 989
809 954
810 829
810 935
810 810
810 919
810 953
811 840
811 979
812 889
812 920
812 931
812 993
812 877
813 993
813 900
814 940
815 997
816 969
816 913
817 897
817 993
817 881
818 818
819 985
819 871
821 901
821 876
822 825
824 824
825 863
825 931
826 879
826 878
827 875
827 911
827 910
827 895
827 856
828 993
828 916
828 932
830 836
830 851
830 900
831 929
831 851
831 905
831 998
832 951
832 881
832 954
833 952
834 834
834 940
834 973
836 844
837 905
838 993
838 998
838 869
839 881
839 900
840 840
840 863
840 841
842 902
842 993
842 929
842 930
842 955
842 978
842 992
842 954
843 892
846 846
847 868
847 874
847 878
847 933
848 876
848 926
848 913
848 965
848 987
849 862
849 849
849 953
850 878
851 970
851 998
852 915
852 902
853 978
853 871
853 918
853 954
853 993
855 872
855 893
856 910
856 971
856 960
856 926
857 928
858 874
859 859
860 947
861 973
861 917
863 994
863 886
863 891
863 900
863 998
864 900
866 952
867 964
868 885
869 971
869 909
870 871
870 889
871 965
871 998
872 954
872 993
873 930
873 977
874 942
877 900
877 959
879 897
880 973
880 880
880 902
880 993
881 990
882 910
883 954
884 973
884 982
885 899
886 895
886 900
886 969
887 969
888 888
891 975
891 906
891 904
891 968
891 915
891 900
891 905
892 910
892 926
894 913
895 900
896 931
896 896
896 908
896 957
897 954
898 952
900 900
900 961
900 968
900 932
900 998
900 976
900 991
900 906
900 962
900 959
900 917
902 993
902 938
904 958
904 904
904 944
904 929
904 905
905 952
905 975
905 905
905 995
905 988
905 971
908 993
909 952
909 971
909 913
910 917
911 913
913 960
913 971
913 945
916 953
916 989
918 972
918 993
920 951
920 997
924 997
927 950
927 999
927 961
928 974
928 931
928 989
928 993
929 991
929 931
929 993
930 966
930 931
930 993
931 931
931 966
931 986
931 989
931 975
931 962
931 954
931 993
932 961
933 933
933 953
939 954
940 993
941 998
943 958
945 998
946 954
946 986
947 963
948 981
949 993
951 954
953 964
954 966
954 993
954 978
955 993
961 961
961 962
963 987
966 993
971 973
972 974
972 993
973 985
974 993
977 977
978 993
986 989
987 993
989 993
992 993
993 993
997 997
