0 13
1 6
2 3
3 21
4 1
5 11
6 5
7 16
8 7
9 22
10 2
11 14
12 3
13 9
14 20
15 1
16 11
17 19
18 7
19 10
20 2
21 0
22 1
23 2
24 19
25 8
26 1
27 19
28 26
29 6
30 2
31 12
32 7
33 9
34 18
35 3
36 2
37 2
38 6
39 10
40 15
41 15
42 21
43 4
44 7
45 0
46 2
47 0
48 5
49 7
50 1
51 13
52 10
53 4
54 2
55 21
56 8
57 9
58 14
59 9
60 10
61 2
62 6
63 6
64 3
65 9
66 3
67 5
68 5
69 12
70 8
71 16
72 2
73 24
74 2
75 3
76 1
77 21
78 9
79 4
80 3
81 6
82 3
83 0
84 16
85 7
86 0
87 1
88 5
89 2
90 8
91 4
92 4
93 20
94 2
95 5
96 1
97 11
98 8
99 5
100 1
101 17
102 1
103 22
104 0
105 6
106 3
107 23
108 0
109 5
110 5
111 2
112 14
113 4
114 0
115 3
116 11
117 0
118 4
119 8
120 11
121 4
122 16
123 3
124 13
125 0
126 9
127 8
128 18
129 3
130 9
131 1
132 0
133 6
134 0
135 4
136 3
137 6
138 9
139 4
140 2
141 17
142 12
143 7
144 24
145 9
146 13
147 4
148 18
149 8
150 8
151 10
152 1
153 5
154 23
155 2
156 9
157 3
158 6
159 4
160 17
161 7
162 12
163 6
164 3
165 0
166 1
167 12
168 6
169 2
170 1
171 3
172 11
173 2
174 2
175 13
176 9
177 2
178 7
179 2
180 3
181 21
182 2
183 4
184 7
185 26
186 0
187 4
188 4
189 5
190 41
191 4
192 11
193 4
194 1
195 3
196 2
197 1
198 7
199 22
200 3
201 23
202 2
203 15
204 2
205 5
206 1
207 0
208 7
209 7
210 5
211 2
212 11
213 1
214 6
215 0
216 3
217 32
218 0
219 2
220 8
221 0
222 4
223 0
224 4
225 16
226 6
227 4
228 3
229 8
230 3
231 3
232 19
233 0
234 17
235 16
236 9
237 10
238 42
239 7
240 12
241 11
242 1
243 22
244 15
245 5
246 6
247 3
248 1
249 10
250 1
251 5
252 23
253 4
254 4
255 5
256 13
257 1
258 9
259 8
260 12
261 8
262 16
263 9
264 2
265 4
266 4
267 32
268 9
269 7
270 7
271 6
272 5
273 18
274 3
275 9
276 8
277 3
278 14
279 14
280 1
281 0
282 9
283 7
284 4
285 19
286 1
287 6
288 7
289 3
290 7
291 2
292 22
293 3
294 6
295 9
296 10
297 4
298 5
299 4
300 0
301 13
302 1
303 5
304 25
305 16
306 7
307 18
308 1
309 8
310 3
311 14
312 3
313 8
314 7
315 1
316 7
317 7
318 18
319 12
320 0
321 6
322 5
323 3
324 0
325 3
326 3
327 8
328 6
329 0
330 17
331 1
332 5
333 7
334 25
335 10
336 2
337 21
338 3
339 9
340 0
341 0
342 2
343 10
344 2
345 16
346 3
347 0
348 1
349 5
350 9
351 7
352 9
353 3
354 14
355 6
356 14
357 0
358 2
359 1
360 1
361 14
362 4
363 0
364 3
365 6
366 3
367 1
368 5
369 5
370 2
371 0
372 0
373 1
374 0
375 8
376 6
377 4
378 2
379 5
380 5
381 19
382 3
383 7
384 0
385 0
386 9
387 5
388 3
389 0
390 11
391 1
392 4
393 1
394 7
395 3
396 4
397 5
398 15
399 2
400 1
401 7
402 4
403 10
404 0
405 5
406 1
407 11
408 1
409 19
410 3
411 11
412 12
413 2
414 3
415 15
416 4
417 25
418 5
419 4
420 14
421 18
422 7
423 15
424 21
425 9
426 5
427 8
428 11
429 12
430 13
431 4
432 1
433 12
434 11
435 1
436 6
437 14
438 3
439 3
440 3
441 1
442 20
443 3
444 0
445 5
446 2
447 3
448 5
449 6
450 14
451 1
452 5
453 3
454 4
455 6
456 4
457 6
458 9
459 6
460 0
461 7
462 9
463 4
464 19
465 5
466 2
467 20
468 22
469 4
470 6
471 3
472 11
473 2
474 6
475 4
476 6
477 6
478 8
479 3
480 4
481 7
482 4
483 4
484 11
485 11
486 1
487 11
488 13
489 4
490 1
491 1
492 3
493 0
494 21
495 3
496 2
497 0
498 1
499 6
500 4
501 3
502 7
503 8
504 5
505 11
506 7
507 8
508 9
509 8
510 1
511 14
512 10
513 10
514 5
515 5
516 24
517 4
518 12
519 5
520 4
521 1
522 43
523 5
524 6
525 3
526 2
527 11
528 0
529 1
530 6
531 6
532 11
533 0
534 2
535 4
536 2
537 4
538 14
539 19
540 1
541 7
542 5
543 4
544 4
545 1
546 2
547 13
548 6
549 5
550 10
551 14
552 4
553 7
554 16
555 8
556 0
557 7
558 5
559 11
560 12
561 9
562 10
563 1
564 3
565 4
566 6
567 24
568 1
569 3
570 3
571 4
572 6
573 5
574 2
575 12
576 0
577 5
578 2
579 4
580 5
581 2
582 20
583 6
584 4
585 3
586 0
587 13
588 5
589 5
590 3
591 3
592 4
593 3
594 1
595 3
596 6
597 11
598 1
599 11
600 0
601 2
602 5
603 7
604 4
605 0
606 11
607 5
608 3
609 3
610 1
611 0
612 19
613 17
614 2
615 1
616 7
617 6
618 19
619 44
620 3
621 6
622 18
623 3
624 17
625 7
626 7
627 10
628 1
629 6
630 6
631 2
632 6
633 1
634 3
635 5
636 8
637 7
638 2
639 7
640 0
641 1
642 0
643 0
644 22
645 45
646 7
647 7
648 6
649 13
650 2
651 0
652 5
653 3
654 0
655 10
656 16
657 2
658 7
659 6
660 5
661 8
662 17
663 2
664 1
665 7
666 12
667 0
668 5
669 2
670 4
671 6
672 2
673 5
674 24
675 2
676 5
677 0
678 2
679 2
680 7
681 4
682 0
683 1
684 13
685 1
686 12
687 5
688 11
689 46
690 1
691 3
692 2
693 4
694 4
695 0
696 3
697 5
698 5
699 4
700 3
701 17
702 6
703 2
704 13
705 7
706 0
707 2
708 3
709 4
710 10
711 4
712 2
713 10
714 5
715 11
716 0
717 10
718 17
719 1
720 5
721 1
722 0
723 7
724 7
725 5
726 0
727 2
728 4
729 3
730 15
731 5
732 3
733 4
734 2
735 3
736 6
737 5
738 5
739 17
740 3
741 16
742 2
743 5
744 2
745 0
746 7
747 10
748 6
749 16
750 10
751 7
752 5
753 5
754 6
755 1
756 1
757 8
758 1
759 47
760 4
761 0
762 1
763 0
764 4
765 2
766 6
767 15
768 5
769 6
770 6
771 3
772 2
773 0
774 3
775 1
776 6
777 5
778 2
779 1
780 1
781 0
782 2
783 2
784 7
785 5
786 33
787 0
788 0
789 10
790 4
791 0
792 3
793 2
794 1
795 5
796 15
797 0
798 0
799 27
800 4
801 12
802 13
803 10
804 1
805 5
806 3
807 0
808 1
809 10
810 6
811 6
812 6
813 4
814 10
815 2
816 1
817 6
818 1
819 6
820 7
821 0
822 3
823 5
824 1
825 15
826 4
827 16
828 3
829 2
830 0
831 0
832 2
833 5
834 48
835 7
836 1
837 4
838 4
839 6
840 3
841 7
842 5
843 10
844 16
845 21
846 0
847 49
848 9
849 0
850 3
851 5
852 20
853 3
854 6
855 9
856 5
857 2
858 3
859 0
860 4
861 3
862 1
863 11
864 7
865 11
866 0
867 10
868 16
869 21
870 5
871 0
872 6
873 9
874 4
875 5
876 2
877 15
878 6
879 1
880 3
881 3
882 5
883 6
884 3
885 1
886 3
887 3
888 0
889 9
890 0
891 6
892 2
893 25
894 1
895 9
896 0
897 5
898 8
899 2
900 5
901 2
902 17
903 14
904 0
905 8
906 0
907 3
908 5
909 0
910 0
911 1
912 12
913 15
914 0
915 4
916 2
917 7
918 1
919 9
920 6
921 3
922 23
923 5
924 9
925 4
926 1
927 15
928 2
929 7
930 0
931 2
932 1
933 16
934 0
935 12
936 3
937 1
938 16
939 1
940 4
941 8
942 21
943 11
944 1
945 23
946 50
947 19
948 5
949 11
950 1
951 15
952 1
953 8
954 1
955 8
956 2
957 8
958 0
959 7
960 4
961 2
962 5
963 0
964 19
965 7
966 1
967 4
968 14
969 3
970 25
971 3
972 1
973 9
974 8
975 51
976 2
977 7
978 4
979 26
980 9
981 8
982 9
983 8
984 7
985 21
986 2
987 1
988 11
989 17
990 0
991 2
992 4
993 22
994 8
995 3
996 0
997 8
998 2
999 2
1000 0
1001 4
1002 2
1003 1
1004 0
1005 1
1006 6
1007 0
1008 4
1009 4
1010 3
1011 3
1012 10
1013 22
1014 6
1015 16
1016 5
1017 24
1018 9
1019 14
1020 0
1021 13
1022 14
1023 4
1024 6
1025 4
1026 8
1027 3
1028 6
1029 6
1030 9
1031 10
1032 3
1033 6
1034 12
1035 29
1036 1
1037 10
1038 8
1039 23
1040 4
1041 4
1042 10
1043 6
1044 0
1045 13
1046 6
1047 6
1048 7
1049 7
1050 10
1051 3
1052 27
1053 6
1054 8
1055 0
1056 0
1057 6
1058 1
1059 5
1060 0
1061 3
1062 8
1063 0
1064 0
1065 3
1066 5
1067 8
1068 2
1069 9
1070 0
1071 12
1072 2
1073 6
1074 8
1075 6
1076 12
1077 24
1078 13
1079 3
1080 3
1081 5
1082 13
1083 1
1084 6
1085 1
1086 3
1087 6
1088 0
1089 1
1090 8
1091 6
1092 7
1093 3
1094 9
1095 8
1096 13
1097 0
1098 23
1099 3
1100 3
1101 0
1102 13
1103 4
1104 6
1105 3
1106 0
1107 7
1108 8
1109 6
1110 1
1111 6
1112 3
1113 6
1114 4
1115 4
1116 18
1117 3
1118 0
1119 25
1120 11
1121 11
1122 1
1123 3
1124 2
1125 6
1126 2
1127 6
1128 3
1129 6
1130 8
1131 52
1132 1
1133 4
1134 17
1135 5
1136 6
1137 9
1138 9
1139 4
1140 3
1141 0
1142 1
1143 13
1144 2
1145 1
1146 0
1147 12
1148 9
1149 10
1150 4
1151 11
1152 2
1153 9
1154 0
1155 1
1156 0
1157 3
1158 6
1159 6
1160 1
1161 9
1162 3
1163 10
1164 8
1165 3
1166 9
1167 1
1168 10
1169 9
1170 1
1171 11
1172 0
1173 7
1174 0
1175 7
1176 8
1177 6
1178 11
1179 4
1180 23
1181 4
1182 16
1183 2
1184 8
1185 3
1186 3
1187 4
1188 1
1189 1
1190 10
1191 1
1192 5
1193 5
1194 2
1195 18
1196 1
1197 1
1198 9
1199 10
1200 2
1201 6
1202 7
1203 4
1204 3
1205 8
1206 4
1207 18
1208 4
1209 6
1210 2
1211 1
1212 1
1213 9
1214 3
1215 1
1216 1
1217 0
1218 0
1219 1
1220 19
1221 1
1222 3
1223 4
1224 1
1225 8
1226 3
1227 7
1228 1
1229 0
1230 5
1231 2
1232 18
1233 4
1234 10
1235 4
1236 5
1237 53
1238 4
1239 3
1240 2
1241 0
1242 6
1243 9
1244 0
1245 1
1246 2
1247 2
1248 7
1249 6
1250 8
1251 1
1252 16
1253 7
1254 5
1255 1
1256 0
1257 2
1258 6
1259 7
1260 6
1261 6
1262 6
1263 6
1264 2
1265 0
1266 0
1267 6
1268 10
1269 6
1270 9
1271 6
1272 8
1273 1
1274 7
1275 0
1276 3
1277 19
1278 22
1279 19
1280 7
1281 7
1282 1
1283 8
1284 4
1285 18
1286 8
1287 7
1288 5
1289 3
1290 5
1291 1
1292 5
1293 11
1294 3
1295 0
1296 18
1297 2
1298 2
1299 12
1300 21
1301 19
1302 2
1303 14
1304 54
1305 1
1306 25
1307 2
1308 1
1309 1
1310 18
1311 1
1312 2
1313 8
1314 5
1315 6
1316 3
1317 4
1318 4
1319 16
1320 4
1321 8
1322 2
1323 4
1324 17
1325 0
1326 0
1327 1
1328 6
1329 1
1330 2
1331 13
1332 0
1333 3
1334 9
1335 0
1336 13
1337 11
1338 6
1339 11
1340 1
1341 0
1342 9
1343 19
1344 2
1345 7
1346 0
1347 5
1348 1
1349 6
1350 0
1351 9
1352 3
1353 5
1354 1
1355 26
1356 14
1357 11
1358 0
1359 11
1360 24
1361 2
1362 3
1363 3
1364 3
1365 2
1366 17
1367 2
1368 3
1369 11
1370 4
1371 0
1372 5
1373 7
1374 11
1375 4
1376 2
1377 3
1378 15
1379 5
1380 1
1381 14
1382 5
1383 8
1384 1
1385 6
1386 1
1387 6
1388 0
1389 7
1390 2
1391 8
1392 3
1393 11
1394 0
1395 2
1396 2
1397 1
1398 2
1399 2
1400 0
1401 4
1402 1
1403 8
1404 5
1405 10
1406 2
1407 6
1408 2
1409 1
1410 13
1411 8
1412 5
1413 1
1414 0
1415 0
1416 18
1417 3
1418 4
1419 1
1420 6
1421 22
1422 0
1423 0
1424 7
1425 16
1426 22
1427 12
1428 3
1429 19
1430 14
1431 1
1432 0
1433 3
1434 2
1435 7
1436 12
1437 1
1438 3
1439 2
1440 0
1441 22
1442 13
1443 1
1444 0
1445 6
1446 55
1447 0
1448 2
1449 2
1450 3
1451 6
1452 1
1453 0
1454 0
1455 0
1456 2
1457 14
1458 0
1459 5
1460 0
1461 8
1462 8
1463 6
1464 8
1465 5
1466 1
1467 2
1468 1
1469 1
1470 1
1471 0
1472 6
1473 1
1474 0
1475 0
1476 0
1477 3
1478 16
1479 1
1480 24
1481 11
1482 3
1483 2
1484 1
1485 3
1486 4
1487 2
1488 7
1489 14
1490 0
1491 8
1492 1
1493 7
1494 2
1495 0
1496 12
1497 2
1498 2
1499 5
1500 2
1501 2
1502 6
1503 4
1504 1
1505 19
1506 7
1507 6
1508 8
1509 4
1510 3
1511 3
1512 0
1513 0
1514 5
1515 10
1516 2
1517 7
1518 0
1519 3
1520 9
1521 0
1522 1
1523 7
1524 2
1525 1
1526 1
1527 4
1528 2
1529 4
1530 3
1531 5
1532 2
1533 3
1534 3
1535 0
1536 12
1537 11
1538 2
1539 2
1540 1
1541 7
1542 0
1543 19
1544 4
1545 5
1546 4
1547 0
1548 4
1549 11
1550 4
1551 18
1552 1
1553 10
1554 6
1555 6
1556 25
1557 3
1558 2
1559 2
1560 4
1561 0
1562 17
1563 8
1564 3
1565 4
1566 4
1567 14
1568 8
1569 4
1570 11
1571 0
1572 6
1573 4
1574 5
1575 6
1576 15
1577 8
1578 1
1579 12
1580 13
1581 2
1582 17
1583 5
1584 11
1585 5
1586 5
1587 3
1588 5
1589 2
1590 1
1591 5
1592 2
1593 1
1594 5
1595 0
1596 5
1597 9
1598 4
1599 11
1600 1
1601 6
1602 11
1603 6
1604 17
1605 0
1606 11
1607 7
1608 3
1609 1
1610 0
1611 4
1612 4
1613 5
1614 2
1615 1
1616 5
1617 4
1618 13
1619 0
1620 10
1621 0
1622 8
1623 13
1624 21
1625 4
1626 1
1627 0
1628 0
1629 0
1630 3
1631 2
1632 5
1633 8
1634 12
1635 0
1636 16
1637 11
1638 5
1639 1
1640 5
1641 0
1642 12
1643 4
1644 9
1645 5
1646 6
1647 5
1648 5
1649 5
1650 56
1651 1
1652 0
1653 5
1654 4
1655 2
1656 7
1657 0
1658 4
1659 4
1660 5
1661 8
1662 7
1663 2
1664 4
1665 2
1666 6
1667 1
1668 15
1669 0
1670 11
1671 1
1672 10
1673 4
1674 24
1675 9
1676 0
1677 11
1678 10
1679 4
1680 7
1681 5
1682 1
1683 1
1684 3
1685 1
1686 9
1687 4
1688 1
1689 4
1690 1
1691 4
1692 0
1693 9
1694 3
1695 6
1696 5
1697 57
1698 1
1699 1
1700 6
1701 6
1702 3
1703 12
1704 4
1705 4
1706 0
1707 8
1708 4
1709 20
1710 0
1711 4
1712 0
1713 5
1714 4
1715 5
1716 5
1717 7
1718 0
1719 0
1720 0
1721 6
1722 3
1723 5
1724 6
1725 3
1726 0
1727 20
1728 3
1729 17
1730 7
1731 8
1732 3
1733 4
1734 12
1735 3
1736 2
1737 2
1738 1
1739 1
1740 3
1741 1
1742 5
1743 0
1744 2
1745 6
1746 58
1747 1
1748 0
1749 59
1750 3
1751 2
1752 3
1753 4
1754 5
1755 1
1756 4
1757 12
1758 4
1759 0
1760 2
1761 4
1762 0
1763 0
1764 0
1765 3
1766 8
1767 19
1768 5
1769 6
1770 2
1771 8
1772 1
1773 1
1774 5
1775 3
1776 7
1777 10
1778 12
1779 6
1780 0
1781 3
1782 23
1783 0
1784 12
1785 9
1786 21
1787 0
1788 10
1789 5
1790 2
1791 1
1792 11
1793 8
1794 2
1795 3
1796 5
1797 7
1798 5
1799 29
1800 5
1801 0
1802 19
1803 28
1804 4
1805 8
1806 0
1807 60
1808 4
1809 5
1810 4
1811 0
1812 4
1813 0
1814 10
1815 5
1816 1
1817 5
1818 0
1819 0
1820 12
1821 6
1822 3
1823 6
1824 2
1825 7
1826 17
1827 61
1828 4
1829 12
1830 6
1831 8
1832 1
1833 0
1834 4
1835 13
1836 5
1837 2
1838 4
1839 0
1840 11
1841 12
1842 5
1843 3
1844 6
1845 3
1846 6
1847 5
1848 6
1849 5
1850 20
1851 7
1852 6
1853 0
1854 4
1855 0
1856 4
1857 3
1858 4
1859 2
1860 0
1861 7
1862 2
1863 1
1864 0
1865 0
1866 5
1867 0
1868 4
1869 4
1870 5
1871 4
1872 5
1873 5
1874 0
1875 2
1876 10
1877 3
1878 7
1879 9
1880 6
1881 5
1882 18
1883 0
1884 3
1885 7
1886 3
1887 62
1888 7
1889 11
1890 2
1891 4
1892 4
1893 0
1894 8
1895 2
1896 16
1897 37
1898 4
1899 0
1900 0
1901 5
1902 5
1903 2
1904 6
1905 1
1906 3
1907 0
1908 2
1909 7
1910 3
1911 1
1912 3
1913 5
1914 1
1915 5
1916 14
1917 2
1918 13
1919 5
1920 7
1921 2
1922 34
1923 16
1924 1
1925 2
1926 1
1927 8
1928 20
1929 4
1930 12
1931 0
1932 0
1933 21
1934 13
1935 6
1936 5
1937 2
1938 0
1939 14
1940 7
1941 7
1942 15
1943 6
1944 7
1945 2
1946 6
1947 2
1948 1
1949 4
1950 4
1951 9
1952 8
1953 4
1954 1
1955 0
1956 5
1957 0
1958 3
1959 4
1960 16
1961 14
1962 8
1963 8
1964 0
1965 0
1966 0
1967 0
1968 5
1969 5
1970 2
1971 0
1972 5
1973 2
1974 0
1975 9
1976 0
1977 21
1978 6
1979 5
1980 4
1981 10
1982 0
1983 1
1984 8
1985 12
1986 0
1987 0
1988 4
1989 5
1990 1
1991 13
1992 5
1993 1
1994 9
1995 7
1996 1
1997 6
1998 2
1999 3
2000 1
2001 21
2002 5
2003 1
2004 0
2005 1
2006 8
2007 0
2008 4
2009 2
2010 15
2011 7
2012 1
2013 3
2014 21
2015 27
2016 4
2017 5
2018 0
2019 5
2020 8
2021 3
2022 9
2023 1
2024 8
2025 1
2026 11
2027 5
2028 8
2029 4
2030 13
2031 1
2032 10
2033 0
2034 8
2035 2
2036 4
2037 2
2038 8
2039 63
2040 2
2041 7
2042 1
2043 2
2044 1
2045 0
2046 3
2047 0
2048 21
2049 1
2050 3
2051 0
2052 1
2053 3
2054 4
2055 12
2056 5
2057 6
2058 14
2059 6
2060 1
2061 3
2062 1
2063 10
2064 3
2065 8
2066 5
2067 1
2068 9
2069 3
2070 1
2071 1
2072 10
2073 6
2074 7
2075 2
2076 11
2077 8
2078 5
2079 4
2080 9
2081 1
2082 5
2083 0
2084 8
2085 0
2086 3
2087 6
2088 8
2089 10
2090 0
2091 5
2092 15
2093 7
2094 64
2095 25
2096 8
2097 4
2098 3
2099 19
2100 0
2101 7
2102 5
2103 10
2104 9
2105 4
2106 65
2107 13
2108 0
2109 13
2110 14
2111 2
2112 8
2113 10
2114 2
2115 6
2116 15
2117 3
2118 7
2119 2
2120 5
2121 4
2122 0
2123 2
2124 0
2125 5
2126 3
2127 15
2128 9
2129 5
2130 14
2131 3
2132 3
2133 7
2134 4
2135 2
2136 6
2137 3
2138 13
2139 5
2140 0
2141 2
2142 3
2143 5
2144 18
2145 3
2146 3
2147 7
2148 4
2149 5
2150 16
2151 6
2152 5
2153 4
2154 1
2155 3
2156 11
2157 1
2158 4
2159 5
2160 2
2161 4
2162 9
2163 8
2164 4
2165 15
2166 66
2167 5
2168 13
2169 11
2170 67
2171 2
2172 4
2173 8
2174 2
2175 20
2176 5
2177 0
2178 15
2179 4
2180 14
2181 15
2182 2
2183 2
2184 10
2185 5
2186 18
2187 7
2188 1
2189 1
2190 8
2191 0
2192 5
2193 68
2194 6
2195 5
2196 2
2197 14
2198 13
2199 5
2200 13
2201 4
2202 1
2203 8
2204 10
2205 1
2206 4
2207 6
2208 9
2209 12
2210 0
2211 3
2212 9
2213 6
2214 4
2215 4
2216 0
2217 4
2218 7
2219 0
2220 9
2221 1
2222 10
2223 15
2224 9
2225 10
2226 13
2227 0
2228 7
2229 14
2230 9
2231 4
2232 7
2233 17
2234 6
2235 5
2236 1
2237 0
2238 2
2239 3
2240 0
2241 10
2242 1
2243 10
2244 10
2245 9
2246 17
2247 3
2248 5
2249 13
2250 2
2251 5
2252 2
2253 17
2254 0
2255 0
2256 26
2257 5
2258 5
2259 3
2260 17
2261 4
2262 4
2263 5
2264 8
2265 4
2266 4
2267 12
2268 0
2269 22
2270 1
2271 3
2272 2
2273 6
2274 6
2275 4
2276 19
2277 7
2278 5
2279 2
2280 23
2281 4
2282 1
2283 5
2284 4
2285 4
2286 10
2287 4
2288 5
2289 1
2290 4
2291 8
2292 13
2293 0
2294 0
2295 10
2296 10
2297 5
2298 4
2299 1
2300 8
2301 16
2302 69
2303 5
2304 5
2305 4
2306 4
2307 11
2308 2
2309 9
2310 2
2311 5
2312 5
2313 15
2314 20
2315 1
2316 8
2317 14
2318 3
2319 20
2320 10
2321 2
2322 2
2323 8
2324 1
2325 4
2326 16
2327 10
2328 0
2329 3
2330 0
2331 9
2332 7
2333 1
2334 2
2335 0
2336 2
2337 5
2338 9
2339 2
2340 15
2341 10
2342 0
2343 4
2344 4
2345 3
2346 1
2347 11
2348 1
2349 13
2350 5
2351 8
2352 5
2353 70
2354 0
2355 4
2356 5
2357 3
2358 9
2359 3
2360 3
2361 0
2362 2
2363 4
2364 11
2365 4
2366 8
2367 17
2368 5
2369 3
2370 13
2371 11
2372 0
2373 22
2374 1
2375 1
2376 8
2377 1
2378 1
2379 11
2380 3
2381 2
2382 1
2383 71
2384 2
2385 4
2386 1
2387 0
2388 2
2389 3
2390 5
2391 4
2392 0
2393 11
2394 3
2395 3
2396 8
2397 1
2398 14
2399 9
2400 0
2401 1
2402 20
2403 1
2404 9
2405 18
2406 3
2407 3
2408 4
2409 6
2410 7
2411 8
2412 5
2413 10
2414 72
2415 2
2416 2
2417 2
2418 7
2419 21
2420 4
2421 17
2422 7
2423 3
2424 7
2425 24
2426 3
2427 6
2428 14
2429 0
2430 0
2431 4
2432 9
2433 1
2434 11
2435 9
2436 3
2437 8
2438 4
2439 4
2440 16
2441 15
2442 13
2443 8
2444 6
2445 1
2446 0
2447 2
2448 11
2449 14
2450 5
2451 1
2452 13
2453 1
2454 4
2455 0
2456 16
2457 4
2458 12
2459 1
2460 10
2461 24
2462 6
2463 1
2464 2
2465 6
2466 19
2467 3
2468 6
2469 1
2470 4
2471 10
2472 14
2473 3
2474 20
2475 4
2476 0
2477 2
2478 1
2479 0
2480 6
2481 5
2482 3
2483 11
2484 3
2485 21
2486 11
2487 4
2488 4
2489 3
2490 4
2491 1
2492 10
2493 3
2494 0
2495 23
2496 1
2497 3
2498 5
2499 8
2500 13
2501 4
2502 6
2503 19
2504 3
2505 4
2506 4
2507 5
2508 3
2509 4
2510 21
2511 13
2512 6
2513 6
2514 10
2515 3
2516 5
2517 5
2518 20
2519 0
2520 9
2521 8
2522 5
2523 3
2524 20
2525 1
2526 1
2527 5
2528 15
2529 1
2530 0
2531 1
2532 6
2533 0
2534 2
2535 9
2536 5
2537 31
2538 3
2539 1
2540 3
2541 15
2542 6
2543 3
2544 73
2545 1
2546 1
2547 17
2548 22
2549 4
2550 2
2551 2
2552 0
2553 3
2554 6
2555 1
2556 6
2557 0
2558 0
2559 7
2560 5
2561 0
2562 14
2563 3
2564 4
2565 1
2566 3
2567 8
2568 5
2569 1
2570 8
2571 7
2572 0
2573 6
2574 3
2575 6
2576 9
2577 1
2578 0
2579 19
2580 3
2581 3
2582 0
2583 7
2584 12
2585 3
2586 1
2587 6
2588 2
2589 7
2590 6
2591 10
2592 2
2593 2
2594 0
2595 1
2596 1
2597 0
2598 1
2599 6
2600 3
2601 4
2602 4
2603 0
2604 4
2605 6
2606 1
2607 2
2608 8
2609 2
2610 7
2611 8
2612 12
2613 0
2614 21
2615 2
2616 6
2617 2
2618 1
2619 7
2620 4
2621 7
2622 4
2623 13
2624 5
2625 6
2626 3
2627 2
2628 7
2629 2
2630 6
2631 2
2632 1
2633 23
2634 3
2635 7
2636 8
2637 27
2638 9
2639 4
2640 6
2641 2
2642 4
2643 5
2644 2
2645 2
2646 10
2647 2
2648 13
2649 22
2650 3
2651 1
2652 14
2653 3
2654 5
2655 15
2656 4
2657 1
2658 3
2659 3
2660 2
2661 3
2662 4
2663 2
2664 1
2665 15
2666 21
2667 4
2668 5
2669 1
2670 5
2671 3
2672 7
2673 17
2674 2
2675 74
2676 1
2677 1
2678 0
2679 9
2680 8
2681 3
2682 14
2683 3
2684 28
2685 1
2686 2
2687 4
2688 7
2689 2
2690 4
2691 6
2692 5
2693 4
2694 2
2695 4
2696 5
2697 2
2698 3
2699 6
2700 9
2701 1
2702 10
2703 8
2704 1
2705 1
2706 2
2707 0
2708 2
2709 10
2710 5
2711 5
2712 3
2713 4
2714 1
2715 6
2716 6
2717 4
2718 3
2719 14
2720 2
2721 2
2722 6
2723 2
2724 4
2725 0
2726 4
2727 6
2728 18
2729 7
2730 1
2731 1
2732 8
2733 0
2734 12
2735 6
2736 1
2737 1
2738 16
2739 4
2740 4
2741 9
2742 3
2743 8
2744 10
2745 35
2746 10
2747 11
2748 8
2749 0
2750 0
2751 0
2752 0
2753 4
2754 24
2755 2
2756 5
2757 1
2758 19
2759 7
2760 1
2761 8
2762 2
2763 11
2764 3
2765 7
2766 10
2767 2
2768 1
2769 2
2770 9
2771 0
2772 3
2773 5
2774 5
2775 0
2776 8
2777 3
2778 6
2779 7
2780 2
2781 18
2782 0
2783 2
2784 9
2785 3
2786 14
2787 2
2788 1
2789 2
2790 0
2791 5
2792 4
2793 3
2794 9
2795 3
2796 0
2797 7
2798 9
2799 5
2800 21
2801 10
2802 1
2803 2
2804 6
2805 11
2806 11
2807 4
2808 2
2809 3
2810 0
2811 6
2812 14
2813 2
2814 2
2815 2
2816 6
2817 21
2818 11
2819 6
2820 3
2821 5
2822 1
2823 1
2824 1
2825 12
2826 1
2827 27
2828 2
2829 0
2830 0
2831 12
2832 3
2833 7
2834 19
2835 36
2836 2
2837 30
2838 4
2839 0
2840 19
2841 14
2842 3
2843 7
2844 3
2845 5
2846 4
2847 16
2848 18
2849 3
2850 2
2851 0
2852 0
2853 0
2854 1
2855 0
2856 4
2857 11
2858 10
2859 10
2860 1
2861 2
2862 7
2863 7
2864 2
2865 0
2866 6
2867 20
2868 75
2869 15
2870 0
2871 4
2872 3
2873 0
2874 6
2875 3
2876 0
2877 0
2878 3
2879 3
2880 0
2881 0
2882 3
2883 15
2884 2
2885 6
2886 7
2887 0
2888 6
2889 4
2890 5
2891 13
2892 16
2893 1
2894 5
2895 6
2896 0
2897 7
2898 9
2899 4
2900 7
2901 3
2902 3
2903 6
2904 4
2905 0
2906 8
2907 7
2908 4
2909 2
2910 3
2911 5
2912 1
2913 2
2914 2
2915 16
2916 0
2917 4
2918 6
2919 3
2920 11
2921 6
2922 6
2923 12
2924 2
2925 0
2926 6
2927 10
2928 22
2929 2
2930 13
2931 15
2932 1
2933 14
2934 9
2935 3
2936 1
2937 8
2938 2
2939 2
2940 2
2941 0
2942 7
2943 7
2944 10
2945 13
2946 8
2947 7
2948 5
2949 2
2950 8
2951 4
2952 2
2953 6
2954 2
2955 1
2956 4
2957 2
2958 7
2959 14
2960 4
2961 1
2962 9
2963 3
2964 5
2965 1
2966 1
2967 3
2968 7
2969 0
2970 5
2971 2
2972 21
2973 6
2974 6
2975 12
2976 4
2977 5
2978 4
2979 9
2980 1
2981 7
2982 1
2983 5
2984 6
2985 4
2986 4
2987 0
2988 3
2989 1
2990 5
2991 2
2992 4
2993 19
2994 5
2995 6
2996 1
2997 2
2998 2
2999 12
3000 0
3001 5
3002 5
3003 76
3004 7
3005 2
3006 5
3007 7
3008 5
3009 1
3010 3
3011 2
3012 2
3013 1
3014 1
3015 1
3016 3
3017 19
3018 14
3019 0
3020 11
3021 3
3022 5
3023 1
3024 18
3025 1
3026 0
3027 16
3028 0
3029 1
3030 1
3031 17
3032 16
3033 5
3034 1
3035 9
3036 6
3037 27
3038 5
3039 1
3040 1
3041 77
3042 6
3043 3
3044 7
3045 3
3046 4
3047 3
3048 0
3049 2
3050 2
3051 0
3052 22
3053 2
3054 2
3055 22
3056 3
3057 1
3058 4
3059 37
3060 16
3061 9
3062 2
3063 3
3064 6
3065 2
3066 0
3067 2
3068 6
3069 1
3070 15
3071 2
3072 13
3073 17
3074 21
3075 3
3076 3
3077 5
3078 6
3079 0
3080 17
3081 5
3082 14
3083 4
3084 3
3085 8
3086 1
3087 2
3088 2
3089 0
3090 2
3091 2
3092 4
3093 2
3094 1
3095 4
3096 17
3097 0
3098 1
3099 0
3100 4
3101 3
3102 7
3103 8
3104 2
3105 2
3106 4
3107 5
3108 0
3109 0
3110 8
3111 78
3112 16
3113 0
3114 0
3115 8
3116 18
3117 0
3118 0
3119 0
3120 8
3121 11
3122 4
3123 2
3124 15
3125 0
3126 2
3127 4
3128 5
3129 4
3130 0
3131 1
3132 6
3133 0
3134 2
3135 1
3136 11
3137 2
3138 14
3139 0
3140 0
3141 18
3142 0
3143 7
3144 24
3145 3
3146 2
3147 5
3148 3
3149 0
3150 2
3151 1
3152 2
3153 9
3154 0
3155 1
3156 0
3157 1
3158 14
3159 0
3160 11
3161 3
3162 0
3163 0
3164 6
3165 2
3166 0
3167 11
3168 17
3169 3
3170 8
3171 1
3172 2
3173 3
3174 7
3175 2
3176 2
3177 5
3178 17
3179 6
3180 2
3181 4
3182 2
3183 0
3184 1
3185 5
3186 10
3187 3
3188 3
3189 2
3190 5
3191 6
3192 0
3193 1
3194 11
3195 1
3196 0
3197 2
3198 1
3199 3
3200 2
3201 6
3202 7
3203 0
3204 8
3205 5
3206 3
3207 8
3208 19
3209 9
3210 4
3211 7
3212 0
3213 23
3214 5
3215 1
3216 2
3217 0
3218 23
3219 2
3220 3
3221 4
3222 5
3223 5
3224 1
3225 9
3226 8
3227 0
3228 0
3229 3
3230 7
3231 9
3232 17
3233 1
3234 0
3235 3
3236 1
3237 3
3238 6
3239 15
3240 8
3241 8
3242 10
3243 3
3244 10
3245 2
3246 16
3247 9
3248 18
3249 2
3250 1
3251 1
3252 1
3253 22
3254 2
3255 8
3256 0
3257 11
3258 13
3259 5
3260 7
3261 5
3262 0
3263 6
3264 5
3265 3
3266 11
3267 16
3268 0
3269 13
3270 10
3271 2
3272 8
3273 6
3274 19
3275 0
3276 19
3277 8
3278 4
3279 1
3280 5
3281 3
3282 6
3283 21
3284 0
3285 1
3286 0
3287 9
3288 9
3289 7
3290 9
3291 7
3292 0
3293 23
3294 3
3295 1
3296 1
3297 2
3298 20
3299 13
3300 2
3301 3
3302 4
3303 79
3304 1
3305 80
3306 0
3307 4
3308 9
3309 8
3310 13
3311 4
3312 3
3313 5
3314 6
3315 4
3316 10
3317 18
3318 7
3319 1
3320 4
3321 6
3322 0
3323 1
3324 1
3325 6
3326 10
3327 7
3328 3
3329 7
3330 4
3331 0
3332 2
3333 2
3334 81
3335 3
3336 11
3337 5
3338 4
3339 2
3340 8
3341 15
3342 0
3343 2
3344 3
3345 8
3346 2
3347 4
3348 0
3349 82
3350 2
3351 0
3352 13
3353 6
3354 1
3355 15
3356 1
3357 3
3358 9
3359 10
3360 8
3361 2
3362 1
3363 6
3364 6
3365 3
3366 10
3367 6
3368 4
3369 0
3370 12
3371 24
3372 14
3373 7
3374 10
3375 5
3376 2
3377 11
3378 83
3379 0
3380 1
3381 1
3382 13
3383 2
3384 15
3385 4
3386 0
3387 7
3388 0
3389 10
3390 2
3391 17
3392 1
3393 4
3394 0
3395 2
3396 6
3397 6
3398 1
3399 1
3400 0
3401 1
3402 5
3403 18
3404 7
3405 1
3406 1
3407 0
3408 2
3409 5
3410 0
3411 22
3412 3
3413 2
3414 20
3415 16
3416 6
3417 15
3418 1
3419 27
3420 1
3421 84
3422 2
3423 7
3424 1
3425 5
3426 2
3427 5
3428 1
3429 0
3430 4
3431 0
3432 6
3433 0
3434 6
3435 3
3436 11
3437 38
3438 2
3439 8
3440 4
3441 14
3442 1
3443 4
3444 3
3445 9
3446 7
3447 2
3448 0
3449 7
3450 0
3451 0
3452 4
3453 2
3454 2
3455 4
3456 2
3457 2
3458 10
3459 4
3460 8
3461 6
3462 4
3463 19
3464 0
3465 0
3466 4
3467 10
3468 8
3469 12
3470 85
3471 1
3472 4
3473 7
3474 8
3475 2
3476 3
3477 1
3478 4
3479 0
3480 0
3481 7
3482 21
3483 2
3484 4
3485 6
3486 2
3487 1
3488 0
3489 5
3490 3
3491 86
3492 15
3493 0
3494 8
3495 12
3496 11
3497 5
3498 1
3499 2
3500 7
3501 21
3502 0
3503 1
3504 21
3505 6
3506 18
3507 4
3508 5
3509 5
3510 0
3511 5
3512 14
3513 0
3514 0
3515 0
3516 6
3517 2
3518 3
3519 6
3520 24
3521 2
3522 0
3523 12
3524 5
3525 24
3526 9
3527 6
3528 18
3529 4
3530 19
3531 11
3532 10
3533 8
3534 4
3535 87
3536 2
3537 9
3538 4
3539 11
3540 9
3541 2
3542 5
3543 0
3544 5
3545 9
3546 0
3547 0
3548 8
3549 5
3550 4
3551 2
3552 0
3553 0
3554 12
3555 4
3556 7
3557 5
3558 0
3559 3
3560 23
3561 24
3562 1
3563 0
3564 6
3565 2
3566 11
3567 0
3568 1
3569 2
3570 2
3571 0
3572 12
3573 28
3574 4
3575 2
3576 2
3577 0
3578 4
3579 0
3580 8
3581 5
3582 4
3583 0
3584 3
3585 0
3586 11
3587 4
3588 16
3589 1
3590 0
3591 11
3592 10
3593 2
3594 5
3595 6
3596 2
3597 20
3598 2
3599 3
3600 5
3601 5
3602 0
3603 5
3604 4
3605 1
3606 1
3607 1
3608 7
3609 16
3610 16
3611 3
3612 9
3613 5
3614 2
3615 88
3616 13
3617 4
3618 4
3619 0
3620 1
3621 7
3622 4
3623 5
3624 5
3625 11
3626 3
3627 10
3628 2
3629 9
3630 2
3631 10
3632 0
3633 3
3634 3
3635 2
3636 3
3637 4
3638 14
3639 1
3640 2
3641 2
3642 4
3643 1
3644 6
3645 10
3646 5
3647 2
3648 0
3649 5
3650 4
3651 7
3652 6
3653 10
3654 0
3655 5
3656 2
3657 4
3658 1
3659 7
3660 5
3661 1
3662 3
3663 0
3664 5
3665 2
3666 0
3667 0
3668 4
3669 0
3670 89
3671 9
3672 4
3673 2
3674 8
3675 2
3676 0
3677 5
3678 0
3679 3
3680 1
3681 4
3682 3
3683 2
3684 3
3685 4
3686 4
3687 0
3688 3
3689 2
3690 4
3691 6
3692 0
3693 90
3694 1
3695 0
3696 8
3697 7
3698 0
3699 5
3700 0
3701 5
3702 7
3703 8
3704 13
3705 5
3706 0
3707 5
3708 17
3709 5
3710 2
3711 4
3712 2
3713 0
3714 12
3715 4
3716 8
3717 3
3718 9
3719 5
3720 6
3721 1
3722 3
3723 4
3724 5
3725 2
3726 1
3727 0
3728 7
3729 6
3730 3
3731 1
3732 4
3733 6
3734 6
3735 2
3736 0
3737 1
3738 0
3739 2
3740 2
3741 1
3742 18
3743 5
3744 1
3745 2
3746 0
3747 16
3748 2
3749 0
3750 0
3751 7
3752 6
3753 4
3754 0
3755 2
3756 7
3757 10
3758 1
3759 0
3760 0
3761 1
3762 3
3763 2
3764 4
3765 2
3766 4
3767 1
3768 7
3769 0
3770 2
3771 6
3772 1
3773 4
3774 7
3775 1
3776 15
3777 11
3778 4
3779 7
3780 9
3781 6
3782 4
3783 4
3784 4
3785 91
3786 5
3787 2
3788 4
3789 3
3790 4
3791 5
3792 6
3793 5
3794 10
3795 0
3796 92
3797 3
3798 4
3799 6
3800 1
3801 3
3802 3
3803 12
3804 3
3805 1
3806 5
3807 5
3808 1
3809 2
3810 8
3811 5
3812 3
3813 4
3814 2
3815 10
3816 7
3817 0
3818 1
3819 1
3820 18
3821 1
3822 21
3823 6
3824 11
3825 0
3826 15
3827 0
3828 2
3829 2
3830 5
3831 14
3832 4
3833 1
3834 2
3835 1
3836 2
3837 5
3838 4
3839 4
3840 3
3841 2
3842 5
3843 2
3844 2
3845 12
3846 11
3847 1
3848 9
3849 5
3850 2
3851 93
3852 1
3853 2
3854 21
3855 12
3856 3
3857 2
3858 13
3859 0
3860 3
3861 20
3862 1
3863 5
3864 0
3865 1
3866 12
3867 5
3868 2
3869 0
3870 0
3871 6
3872 1
3873 3
3874 2
3875 5
3876 1
3877 2
3878 4
3879 1
3880 1
3881 8
3882 12
3883 4
3884 4
3885 4
3886 0
3887 3
3888 4
3889 2
3890 94
3891 20
3892 2
3893 18
3894 0
3895 5
3896 5
3897 3
3898 5
3899 4
3900 2
3901 8
3902 95
3903 4
3904 13
3905 15
3906 5
3907 5
3908 8
3909 10
3910 4
3911 12
3912 2
3913 5
3914 4
3915 6
3916 0
3917 5
3918 9
3919 6
3920 3
3921 1
3922 9
3923 12
3924 1
3925 96
3926 5
3927 4
3928 4
3929 0
3930 3
3931 3
3932 4
3933 4
3934 3
3935 2
3936 0
3937 7
3938 0
3939 3
3940 3
3941 2
3942 10
3943 3
3944 12
3945 4
3946 1
3947 3
3948 3
3949 0
3950 1
3951 4
3952 0
3953 5
3954 1
3955 19
3956 2
3957 0
3958 1
3959 5
3960 12
3961 0
3962 8
3963 11
3964 0
3965 5
3966 19
3967 10
3968 12
3969 4
3970 9
3971 8
3972 12
3973 5
3974 2
3975 2
3976 8
3977 3
3978 4
3979 4
3980 19
3981 10
3982 0
3983 2
3984 3
3985 1
3986 11
3987 9
3988 2
3989 1
3990 0
3991 2
3992 7
3993 1
3994 8
3995 2
3996 7
3997 1
3998 1
3999 4
4000 2
4001 5
4002 2
4003 2
4004 9
4005 1
4006 6
4007 5
4008 0
4009 13
4010 6
4011 1
4012 9
4013 0
4014 2
4015 0
4016 1
4017 5
4018 3
4019 2
4020 2
4021 1
4022 4
4023 3
4024 7
4025 1
4026 0
4027 0
4028 1
4029 3
4030 4
4031 2
4032 5
4033 6
4034 4
4035 4
4036 5
4037 1
4038 12
4039 11
4040 5
4041 13
4042 1
4043 1
4044 4
4045 23
4046 9
4047 2
4048 0
4049 5
4050 5
4051 0
4052 4
4053 0
4054 5
4055 3
4056 5
4057 2
4058 6
4059 0
4060 12
4061 9
4062 9
4063 5
4064 1
4065 1
4066 1
4067 5
4068 0
4069 7
4070 20
4071 5
4072 1
4073 9
4074 7
4075 5
4076 21
4077 10
4078 11
4079 6
4080 0
4081 0
4082 16
4083 2
4084 97
4085 7
4086 6
4087 1
4088 6
4089 5
4090 2
4091 4
4092 6
4093 6
4094 6
4095 0
4096 7
4097 4
4098 2
4099 1
4100 14
4101 4
4102 1
4103 8
4104 3
4105 4
4106 13
4107 4
4108 0
4109 8
4110 5
4111 2
4112 14
4113 7
4114 13
4115 3
4116 1
4117 4
4118 14
4119 0
4120 1
4121 7
4122 0
4123 4
4124 5
4125 13
4126 5
4127 9
4128 3
4129 0
4130 16
4131 23
4132 7
4133 0
4134 5
4135 14
4136 17
4137 5
4138 9
4139 22
4140 0
4141 5
4142 1
4143 6
4144 1
4145 6
4146 2
4147 0
4148 1
4149 3
4150 8
4151 22
4152 1
4153 5
4154 5
4155 6
4156 7
4157 2
4158 16
4159 0
4160 4
4161 7
4162 7
4163 0
4164 4
4165 20
4166 12
4167 8
4168 1
4169 11
4170 5
4171 15
4172 5
4173 7
4174 8
4175 2
4176 0
4177 6
4178 98
4179 3
4180 5
4181 5
4182 14
4183 3
4184 0
4185 10
4186 2
4187 6
4188 8
4189 7
4190 1
4191 1
4192 17
4193 1
4194 0
4195 4
4196 8
4197 12
4198 17
4199 11
4200 0
4201 1
4202 3
4203 1
4204 3
4205 0
4206 5
4207 9
4208 5
4209 2
4210 2
4211 0
4212 10
4213 9
4214 18
4215 4
4216 4
4217 7
4218 4
4219 0
4220 11
4221 1
4222 7
4223 7
4224 5
4225 11
4226 2
4227 0
4228 22
4229 5
4230 2
4231 4
4232 8
4233 0
4234 5
4235 1
4236 18
4237 19
4238 11
4239 9
4240 1
4241 8
4242 31
4243 3
4244 13
4245 3
4246 19
4247 0
4248 9
4249 0
4250 3
4251 8
4252 2
4253 5
4254 5
4255 4
4256 12
4257 2
4258 2
4259 0
4260 0
4261 5
4262 18
4263 1
4264 1
4265 24
4266 11
4267 0
4268 13
4269 5
4270 8
4271 12
4272 0
4273 0
4274 1
4275 1
4276 4
4277 23
4278 20
4279 0
4280 5
4281 3
4282 7
4283 5
4284 23
4285 0
4286 22
4287 4
4288 16
4289 0
4290 13
4291 7
4292 2
4293 7
4294 0
4295 0
4296 5
4297 99
4298 15
4299 19
4300 16
4301 5
4302 6
4303 5
4304 5
4305 21
4306 5
4307 4
4308 0
4309 3
4310 4
4311 9
4312 1
4313 7
4314 3
4315 5
4316 16
4317 3
4318 2
4319 1
4320 9
4321 19
4322 5
4323 4
4324 1
4325 5
4326 1
4327 1
4328 5
4329 13
4330 4
4331 4
4332 12
4333 100
4334 2
4335 101
4336 4
4337 23
4338 2
4339 1
4340 0
4341 4
4342 6
4343 1
4344 2
4345 3
4346 2
4347 2
4348 7
4349 8
4350 0
4351 5
4352 14
4353 2
4354 0
4355 17
4356 1
4357 1
4358 15
4359 14
4360 4
4361 18
4362 15
4363 12
4364 9
4365 10
4366 4
4367 13
4368 16
4369 7
4370 0
4371 21
4372 3
4373 1
4374 2
4375 1
4376 5
4377 2
4378 2
4379 8
4380 7
4381 0
4382 0
4383 6
4384 4
4385 1
4386 22
4387 0
4388 102
4389 14
4390 1
4391 7
4392 2
4393 8
4394 7
4395 2
4396 7
4397 5
4398 0
4399 2
4400 5
4401 10
4402 3
4403 3
4404 3
4405 4
4406 4
4407 5
4408 6
4409 1
4410 4
4411 10
4412 5
4413 11
4414 6
4415 4
4416 7
4417 13
4418 1
4419 1
4420 10
4421 20
4422 2
4423 5
4424 0
4425 17
4426 1
4427 5
4428 4
4429 7
4430 2
4431 4
4432 2
4433 14
4434 0
4435 7
4436 5
4437 3
4438 14
4439 4
4440 4
4441 8
4442 2
4443 7
4444 25
4445 1
4446 1
4447 6
4448 1
4449 1
4450 103
4451 4
4452 3
4453 6
4454 1
4455 10
4456 2
4457 5
4458 2
4459 104
4460 10
4461 5
4462 27
4463 0
4464 2
4465 3
4466 1
4467 0
4468 3
4469 5
4470 1
4471 9
4472 13
4473 6
4474 7
4475 3
4476 7
4477 5
4478 3
4479 11
4480 1
4481 4
4482 0
4483 22
4484 4
4485 5
4486 5
4487 3
4488 13
4489 13
4490 7
4491 1
4492 5
4493 8
4494 25
4495 4
4496 9
4497 11
4498 15
4499 24
4500 1
4501 13
4502 14
4503 7
4504 1
4505 10
4506 7
4507 4
4508 1
4509 24
4510 4
4511 12
4512 12
4513 4
4514 0
4515 3
4516 105
4517 0
4518 0
4519 4
4520 10
4521 0
4522 2
4523 9
4524 12
4525 1
4526 2
4527 20
4528 16
4529 23
4530 1
4531 4
4532 0
4533 1
4534 3
4535 18
4536 9
4537 19
4538 6
4539 14
4540 5
4541 4
4542 4
4543 5
4544 6
4545 4
4546 18
4547 3
4548 4
4549 0
4550 11
4551 20
4552 6
4553 20
4554 7
4555 6
4556 1
4557 0
4558 21
4559 5
4560 2
4561 20
4562 21
4563 0
4564 5
4565 3
4566 5
4567 6
4568 5
4569 8
4570 13
4571 0
4572 2
4573 2
4574 7
4575 2
4576 4
4577 16
4578 2
4579 9
4580 4
4581 6
4582 5
4583 10
4584 5
4585 1
4586 4
4587 8
4588 3
4589 1
4590 5
4591 10
4592 4
4593 14
4594 4
4595 9
4596 24
4597 5
4598 9
4599 3
4600 3
4601 4
4602 6
4603 22
4604 12
4605 5
4606 4
4607 6
4608 6
4609 20
4610 0
4611 25
4612 1
4613 19
4614 4
4615 4
4616 7
4617 9
4618 11
4619 2
4620 5
4621 2
4622 12
4623 21
4624 5
4625 1
4626 0
4627 10
4628 13
4629 6
4630 1
4631 3
4632 16
4633 4
4634 4
4635 0
4636 12
4637 11
4638 4
4639 1
4640 3
4641 2
4642 2
4643 8
4644 31
4645 1
4646 17
4647 15
4648 7
4649 3
4650 1
4651 2
4652 2
4653 4
4654 6
4655 7
4656 106
4657 5
4658 6
4659 10
4660 5
4661 1
4662 5
4663 15
4664 1
4665 15
4666 0
4667 7
4668 2
4669 3
4670 11
4671 21
4672 14
4673 14
4674 1
4675 9
4676 11
4677 9
4678 2
4679 25
4680 1
4681 2
4682 6
4683 1
4684 2
4685 0
4686 4
4687 10
4688 0
4689 7
4690 2
4691 18
4692 7
4693 25
4694 2
4695 26
4696 2
4697 2
4698 0
4699 6
4700 15
4701 2
4702 2
4703 1
4704 7
4705 11
4706 2
4707 2
4708 16
4709 4
4710 1
4711 12
4712 4
4713 3
4714 1
4715 2
4716 2
4717 2
4718 0
4719 6
4720 2
4721 6
4722 10
4723 3
4724 2
4725 2
4726 2
4727 2
4728 2
4729 6
4730 17
4731 1
4732 0
4733 6
4734 3
4735 6
4736 7
4737 4
4738 2
4739 2
4740 4
4741 13
4742 13
4743 2
4744 7
4745 7
4746 10
4747 10
4748 2
4749 5
4750 5
4751 1
4752 6
4753 2
4754 2
4755 2
4756 1
4757 5
4758 2
4759 10
4760 2
4761 12
4762 4
4763 3
4764 1
4765 3
4766 21
4767 10
4768 12
4769 1
4770 2
4771 0
4772 1
4773 3
4774 7
4775 5
4776 17
4777 2
4778 2
4779 6
4780 2
4781 7
4782 1
4783 1
4784 0
4785 10
4786 2
4787 3
4788 3
4789 5
4790 7
4791 3
4792 5
4793 14
4794 2
4795 8
4796 5
4797 10
4798 2
4799 2
4800 6
4801 8
4802 0
4803 4
4804 6
4805 5
4806 2
4807 0
4808 3
4809 6
4810 2
4811 10
4812 4
4813 5
4814 2
4815 5
4816 0
4817 6
4818 0
4819 10
4820 2
4821 1
4822 1
4823 17
4824 0
4825 107
4826 3
4827 6
4828 6
4829 1
4830 3
4831 0
4832 4
4833 3
4834 2
4835 18
4836 10
4837 11
4838 0
4839 5
4840 4
4841 15
4842 1
4843 12
4844 3
4845 1
4846 10
4847 1
4848 16
4849 14
4850 8
4851 2
4852 1
4853 3
4854 6
4855 0
4856 10
4857 2
4858 2
4859 6
4860 1
4861 11
4862 12
4863 3
4864 3
4865 13
4866 9
4867 2
4868 0
4869 10
4870 7
4871 10
4872 2
4873 4
4874 1
4875 2
4876 3
4877 3
4878 0
4879 12
4880 0
4881 1
4882 3
4883 4
4884 3
4885 4
4886 1
4887 2
4888 2
4889 1
4890 4
4891 1
4892 13
4893 3
4894 0
4895 8
4896 108
4897 0
4898 3
4899 2
4900 3
4901 8
4902 3
4903 9
4904 1
4905 9
4906 13
4907 8
4908 5
4909 0
4910 3
4911 2
4912 7
4913 1
4914 14
4915 1
4916 0
4917 2
4918 1
4919 16
4920 1
4921 7
4922 24
4923 6
4924 5
4925 7
4926 13
4927 6
4928 2
4929 8
4930 0
4931 0
4932 15
4933 3
4934 16
4935 2
4936 4
4937 11
4938 0
4939 3
4940 6
4941 6
4942 0
4943 0
4944 3
4945 8
4946 2
4947 3
4948 22
4949 22
4950 2
4951 0
4952 0
4953 7
4954 4
4955 2
4956 11
4957 11
4958 13
4959 109
4960 1
4961 2
4962 3
4963 7
4964 4
4965 1
4966 3
4967 4
4968 2
4969 0
4970 3
4971 12
4972 0
4973 6
4974 2
4975 110
4976 2
4977 0
4978 14
4979 6
4980 111
4981 3
4982 12
4983 8
4984 2
4985 2
4986 6
4987 11
4988 2
4989 2
4990 17
4991 1
4992 4
4993 16
4994 1
4995 8
4996 23
4997 0
4998 4
4999 0
5000 0
5001 9
5002 14
5003 7
5004 2
5005 4
5006 6
5007 3
5008 12
5009 30
5010 20
5011 7
5012 1
5013 4
5014 6
5015 3
5016 8
5017 0
5018 7
5019 2
5020 6
5021 4
5022 0
5023 2
5024 2
5025 6
5026 2
5027 3
5028 11
5029 0
5030 12
5031 14
5032 10
5033 31
5034 6
5035 5
5036 5
5037 0
5038 1
5039 7
5040 4
5041 1
5042 17
5043 8
5044 7
5045 10
5046 2
5047 6
5048 1
5049 5
5050 3
5051 8
5052 6
5053 4
5054 5
5055 2
5056 5
5057 2
5058 8
5059 1
5060 9
5061 0
5062 0
5063 7
5064 6
5065 2
5066 5
5067 11
5068 15
5069 1
5070 4
5071 6
5072 0
5073 5
5074 2
5075 9
5076 11
5077 14
5078 3
5079 3
5080 9
5081 1
5082 6
5083 21
5084 0
5085 5
5086 0
5087 35
5088 6
5089 2
5090 4
5091 1
5092 1
5093 3
5094 6
5095 1
5096 7
5097 3
5098 5
5099 1
5100 2
5101 8
5102 4
5103 0
5104 0
5105 7
5106 7
5107 4
5108 8
5109 6
5110 4
5111 1
5112 11
5113 20
5114 2
5115 1
5116 7
5117 3
5118 1
5119 1
5120 15
5121 5
5122 1
5123 0
5124 2
5125 8
5126 2
5127 22
5128 7
5129 0
5130 7
5131 14
5132 1
5133 2
5134 9
5135 24
5136 1
5137 3
5138 3
5139 9
5140 1
5141 8
5142 5
5143 1
5144 12
5145 14
5146 2
5147 0
5148 2
5149 112
5150 2
5151 5
5152 8
5153 0
5154 1
5155 1
5156 3
5157 13
5158 9
5159 1
5160 3
5161 1
5162 13
5163 2
5164 4
5165 20
5166 16
5167 0
5168 8
5169 6
5170 8
5171 11
5172 0
5173 1
5174 11
5175 8
5176 8
5177 4
5178 4
5179 9
5180 0
5181 1
5182 0
5183 4
5184 8
5185 6
5186 3
5187 1
5188 113
5189 8
5190 2
5191 3
5192 11
5193 13
5194 2
5195 0
5196 0
5197 9
5198 0
5199 2
5200 13
5201 2
5202 114
5203 1
5204 0
5205 5
5206 4
5207 25
5208 4
5209 1
5210 4
5211 0
5212 15
5213 8
5214 2
5215 4
5216 15
5217 0
5218 0
5219 2
5220 4
5221 0
5222 6
5223 2
5224 11
5225 2
5226 2
5227 11
5228 14
5229 2
5230 0
5231 13
5232 2
5233 13
5234 2
5235 2
5236 4
5237 0
5238 9
5239 6
5240 11
5241 2
5242 4
5243 3
5244 4
5245 0
5246 2
5247 7
5248 1
5249 1
5250 39
5251 8
5252 5
5253 115
5254 2
5255 21
5256 1
5257 1
5258 2
5259 8
5260 1
5261 7
5262 8
5263 0
5264 2
5265 0
5266 0
5267 18
5268 0
5269 8
5270 0
5271 4
5272 0
5273 2
5274 3
5275 18
5276 8
5277 6
5278 0
5279 15
5280 2
5281 23
5282 1
5283 25
5284 6
5285 1
5286 4
5287 8
5288 1
5289 116
5290 2
5291 1
5292 0
5293 3
5294 0
5295 0
5296 9
5297 2
5298 9
5299 9
5300 10
5301 6
5302 3
5303 5
5304 1
5305 5
5306 13
5307 5
5308 3
5309 0
5310 18
5311 6
5312 0
5313 3
5314 117
5315 5
5316 13
5317 12
5318 5
5319 2
5320 1
5321 1
5322 1
5323 2
5324 2
5325 0
5326 2
5327 0
5328 0
5329 2
5330 18
5331 4
5332 1
5333 12
5334 1
5335 1
5336 2
5337 8
5338 9
5339 118
5340 3
5341 5
5342 5
5343 2
5344 1
5345 18
5346 0
5347 1
5348 1
5349 1
5350 2
5351 2
5352 1
5353 4
5354 7
5355 0
5356 6
5357 0
5358 0
5359 8
5360 12
5361 1
5362 5
5363 2
5364 1
5365 15
5366 5
5367 0
5368 16
5369 5
5370 0
5371 3
5372 3
5373 9
5374 4
5375 9
5376 2
5377 6
5378 11
5379 8
5380 0
5381 8
5382 10
5383 0
5384 3
5385 4
5386 16
5387 7
5388 6
5389 7
5390 4
5391 17
5392 119
5393 1
5394 0
5395 7
5396 3
5397 11
5398 3
5399 2
5400 9
5401 0
5402 1
5403 1
5404 10
5405 14
5406 1
5407 8
5408 8
5409 12
5410 13
5411 0
5412 2
5413 3
5414 6
5415 4
5416 3
5417 5
5418 18
5419 9
5420 1
5421 6
5422 1
5423 1
5424 2
5425 3
5426 3
5427 9
5428 4
5429 5
5430 25
5431 2
5432 11
5433 3
5434 28
5435 3
5436 1
5437 5
5438 3
5439 0
5440 0
5441 1
5442 17
5443 14
5444 14
5445 0
5446 120
5447 1
5448 1
5449 3
5450 0
5451 40
5452 13
5453 10
5454 2
5455 8
5456 2
5457 0
5458 4
5459 12
5460 1
5461 2
5462 2
5463 0
5464 0
5465 9
5466 5
5467 6
5468 2
5469 5
5470 2
5471 29
5472 1
5473 0
5474 7
5475 2
5476 3
5477 3
5478 6
5479 2
5480 6
5481 3
5482 12
5483 11
5484 14
5485 2
5486 12
5487 3
5488 1
5489 3
5490 121
5491 18
5492 1
5493 6
5494 3
5495 2
5496 9
5497 16
5498 1
5499 2
5500 4
5501 12
5502 2
5503 3
5504 1
5505 2
5506 3
5507 8
5508 5
5509 6
5510 1
5511 4
5512 0
5513 0
5514 1
5515 0
5516 6
5517 1
5518 1
5519 2
5520 12
5521 122
5522 5
5523 6
5524 3
5525 6
5526 13
5527 2
5528 0
5529 31
5530 8
5531 11
5532 2
5533 0
5534 10
5535 4
5536 2
5537 6
5538 6
5539 1
5540 0
5541 1
5542 3
5543 3
5544 20
5545 0
5546 0
5547 0
5548 7
5549 10
5550 6
5551 8
5552 19
5553 0
5554 0
5555 3
5556 2
5557 20
5558 2
5559 0
5560 0
5561 5
5562 15
5563 1
5564 3
5565 10
5566 0
5567 8
5568 10
5569 5
5570 0
5571 2
5572 2
5573 1
5574 8
5575 2
5576 6
5577 0
5578 3
5579 3
5580 10
5581 27
5582 7
5583 6
5584 2
5585 5
5586 7
5587 0
5588 7
5589 13
5590 7
5591 17
5592 4
5593 7
5594 3
5595 6
5596 10
5597 3
5598 5
5599 4
5600 7
5601 1
5602 0
5603 10
5604 4
5605 6
5606 6
5607 3
5608 0
5609 4
5610 5
5611 1
5612 10
5613 0
5614 7
5615 4
5616 4
5617 0
5618 12
5619 2
5620 4
5621 4
5622 3
5623 5
5624 5
5625 4
5626 1
5627 10
5628 2
5629 0
5630 4
5631 1
5632 0
5633 0
5634 0
5635 4
5636 5
5637 7
5638 5
5639 4
5640 0
5641 15
5642 8
5643 4
5644 6
5645 2
5646 21
5647 10
5648 7
5649 0
5650 2
5651 2
5652 0
5653 1
5654 2
5655 0
5656 2
5657 7
5658 3
5659 0
5660 10
5661 4
5662 6
5663 12
5664 3
5665 123
5666 2
5667 1
5668 0
5669 1
5670 12
5671 2
5672 3
5673 0
5674 2
5675 2
5676 2
5677 2
5678 2
5679 1
5680 7
5681 1
5682 2
5683 3
5684 7
5685 0
5686 2
5687 5
5688 2
5689 18
5690 4
5691 2
5692 4
5693 1
5694 2
5695 8
5696 1
5697 2
5698 3
5699 4
5700 1
5701 1
5702 6
5703 13
5704 0
5705 5
5706 2
5707 3
5708 0
5709 0
5710 0
5711 20
5712 2
5713 1
5714 5
5715 3
5716 6
5717 124
5718 0
5719 3
5720 15
5721 5
5722 0
5723 17
5724 6
5725 4
5726 125
5727 0
5728 13
5729 5
5730 5
5731 0
5732 0
5733 4
5734 1
5735 1
5736 1
5737 5
5738 10
5739 5
5740 0
5741 2
5742 0
5743 5
5744 8
5745 8
5746 3
5747 1
5748 5
5749 6
5750 3
5751 0
5752 5
5753 5
5754 0
5755 8
5756 18
5757 0
5758 8
5759 1
5760 2
5761 126
5762 0
5763 2
5764 7
5765 2
5766 2
5767 5
5768 0
5769 10
5770 4
5771 2
5772 1
5773 20
5774 2
5775 0
5776 3
5777 4
5778 6
5779 3
5780 2
5781 5
5782 4
5783 1
5784 13
5785 2
5786 23
5787 5
5788 127
5789 6
5790 6
5791 22
5792 9
5793 4
5794 1
5795 2
5796 11
5797 4
5798 4
5799 6
5800 4
5801 2
5802 3
5803 2
5804 9
5805 1
5806 2
5807 6
5808 5
5809 10
5810 4
5811 4
5812 4
5813 3
5814 5
5815 2
5816 3
5817 2
5818 7
5819 6
5820 4
5821 4
5822 2
5823 3
5824 11
5825 11
5826 0
5827 4
5828 19
5829 2
5830 28
5831 6
5832 3
5833 0
5834 7
5835 2
5836 2
5837 3
5838 4
5839 1
5840 1
5841 11
5842 5
5843 6
5844 5
5845 2
5846 11
5847 4
5848 5
5849 2
5850 23
5851 0
5852 0
5853 0
5854 0
5855 5
5856 0
5857 13
5858 1
5859 3
5860 3
5861 3
5862 1
5863 2
5864 7
5865 22
5866 1
5867 5
5868 2
5869 4
5870 3
5871 0
5872 2
5873 5
5874 11
5875 2
5876 7
5877 0
5878 1
5879 4
5880 10
5881 14
5882 2
5883 4
5884 4
5885 6
5886 4
5887 9
5888 4
5889 0
5890 4
5891 4
5892 5
5893 5
5894 4
5895 7
5896 1
5897 1
5898 7
5899 7
5900 6
5901 6
5902 4
5903 5
5904 24
5905 6
5906 5
5907 2
5908 5
5909 3
5910 0
5911 5
5912 5
5913 2
5914 12
5915 10
5916 3
5917 5
5918 2
5919 5
5920 6
5921 20
5922 2
5923 3
5924 2
5925 0
5926 0
5927 1
5928 3
5929 11
5930 0
5931 4
5932 2
5933 3
5934 4
5935 3
5936 23
5937 3
5938 11
5939 10
5940 0
5941 5
5942 2
5943 4
5944 12
5945 2
5946 4
5947 0
5948 6
5949 3
5950 0
5951 1
5952 3
5953 24
5954 8
5955 5
5956 0
5957 2
5958 2
5959 3
5960 9
5961 1
5962 0
5963 3
5964 0
5965 0
5966 7
5967 4
5968 5
5969 8
5970 1
5971 0
5972 5
5973 1
5974 2
5975 0
5976 1
5977 0
5978 1
5979 1
5980 1
5981 0
5982 0
5983 2
5984 3
5985 2
5986 0
5987 2
5988 2
5989 17
5990 0
5991 6
5992 9
5993 1
5994 0
5995 11
5996 3
5997 1
5998 5
5999 3
6000 0
6001 0
6002 3
6003 3
6004 20
6005 6
6006 4
6007 2
6008 1
6009 2
6010 5
6011 4
6012 17
6013 4
6014 4
6015 4
6016 2
6017 5
6018 1
6019 2
6020 0
6021 2
6022 6
6023 6
6024 0
6025 2
6026 3
6027 1
6028 8
6029 0
6030 16
6031 4
6032 6
6033 8
6034 7
6035 5
6036 4
6037 1
6038 10
6039 5
6040 7
6041 0
6042 2
6043 4
6044 4
6045 0
6046 0
6047 4
6048 4
6049 6
6050 0
6051 1
6052 4
6053 1
6054 0
6055 0
6056 1
6057 20
6058 7
6059 8
6060 1
6061 0
6062 7
6063 17
6064 4
6065 2
6066 5
6067 11
6068 3
6069 5
6070 0
6071 1
6072 0
6073 3
6074 5
6075 4
6076 2
6077 1
6078 27
6079 5
6080 5
6081 7
6082 2
6083 1
6084 3
6085 2
6086 0
6087 7
6088 9
6089 9
6090 1
6091 2
6092 14
6093 10
6094 7
6095 5
6096 10
6097 2
6098 14
6099 2
6100 2
6101 3
6102 7
6103 6
6104 1
6105 13
6106 3
6107 2
6108 4
6109 4
6110 18
6111 10
6112 3
6113 4
6114 0
6115 8
6116 5
6117 2
6118 2
6119 5
6120 3
6121 17
6122 0
6123 10
6124 9
6125 4
6126 12
6127 5
6128 0
6129 4
6130 8
6131 2
6132 4
6133 9
6134 7
6135 1
6136 0
6137 14
6138 1
6139 13
6140 5
6141 0
6142 3
6143 8
6144 19
6145 3
6146 5
6147 1
6148 9
6149 5
6150 1
6151 3
6152 4
6153 5
6154 2
6155 1
6156 3
6157 13
6158 0
6159 6
6160 17
6161 16
6162 0
6163 9
6164 2
6165 128
6166 3
6167 8
6168 2
6169 5
6170 2
6171 1
6172 2
6173 5
6174 9
6175 1
6176 8
6177 5
6178 2
6179 0
6180 11
6181 13
6182 22
6183 2
6184 1
6185 7
6186 3
6187 0
6188 14
6189 2
6190 4
6191 3
6192 4
6193 1
6194 7
6195 2
6196 0
6197 4
6198 3
6199 9
6200 5
6201 25
6202 3
6203 9
6204 2
6205 7
6206 4
6207 2
6208 0
6209 6
6210 8
6211 2
6212 13
6213 5
6214 13
6215 3
6216 5
6217 1
6218 8
6219 1
6220 12
6221 0
6222 2
6223 1
6224 0
6225 1
6226 6
6227 10
6228 5
6229 3
6230 0
6231 11
6232 2
6233 22
6234 8
6235 1
6236 3
6237 10
6238 2
6239 12
6240 9
6241 2
6242 3
6243 9
6244 9
6245 6
6246 6
6247 17
6248 3
6249 1
6250 3
6251 4
6252 3
6253 4
6254 2
6255 1
6256 4
6257 2
6258 0
6259 5
6260 4
6261 17
6262 14
6263 11
6264 0
6265 1
6266 5
6267 13
6268 6
6269 22
6270 1
6271 4
6272 4
6273 2
6274 5
6275 2
6276 1
6277 4
6278 0
6279 15
6280 4
6281 0
6282 8
6283 13
6284 1
6285 1
6286 0
6287 11
6288 0
6289 8
6290 19
6291 8
6292 4
6293 12
6294 9
6295 1
6296 7
6297 16
6298 17
6299 1
6300 4
6301 7
6302 3
6303 5
6304 9
6305 18
6306 13
6307 1
6308 3
6309 4
6310 1
6311 0
6312 0
6313 10
6314 0
6315 17
6316 11
6317 3
6318 5
6319 7
6320 2
6321 5
6322 4
6323 19
6324 1
6325 9
6326 9
6327 3
6328 9
6329 5
6330 1
6331 25
6332 7
6333 2
6334 4
6335 7
6336 0
6337 6
6338 2
6339 15
6340 0
6341 21
6342 11
6343 4
6344 3
6345 0
6346 3
6347 11
6348 26
6349 3
6350 1
6351 23
6352 18
6353 5
6354 3
6355 6
6356 10
6357 2
6358 0
6359 5
6360 0
6361 3
6362 129
6363 4
6364 2
6365 0
6366 6
6367 3
6368 10
6369 4
6370 5
6371 9
6372 8
6373 2
6374 5
6375 8
6376 8
6377 4
6378 21
6379 5
6380 15
6381 22
6382 8
6383 11
6384 14
6385 3
6386 5
6387 8
6388 9
6389 0
6390 22
6391 2
6392 2
6393 4
6394 3
6395 7
6396 4
6397 4
6398 0
6399 1
6400 6
6401 7
6402 4
6403 19
6404 6
6405 3
6406 1
6407 16
6408 21
6409 4
6410 14
6411 23
6412 7
6413 0
6414 7
6415 13
6416 1
6417 1
6418 9
6419 18
6420 5
6421 11
6422 5
6423 4
6424 17
6425 7
6426 7
6427 13
6428 3
6429 7
6430 3
6431 8
6432 3
6433 6
6434 0
6435 7
6436 11
6437 5
6438 5
6439 0
6440 3
6441 3
6442 1
6443 3
6444 1
6445 1
6446 6
6447 5
6448 7
6449 1
6450 1
6451 15
6452 2
6453 1
6454 8
6455 11
6456 12
6457 2
6458 22
6459 0
6460 6
6461 21
6462 0
6463 23
6464 6
6465 18
6466 23
6467 10
6468 0
6469 5
6470 9
6471 8
6472 4
6473 4
6474 7
6475 5
6476 27
6477 5
6478 2
6479 1
6480 3
6481 7
6482 14
6483 6
6484 0
6485 17
6486 4
6487 4
6488 0
6489 1
6490 2
6491 7
6492 5
6493 0
6494 18
6495 1
6496 2
6497 0
6498 15
6499 4
6500 8
6501 3
6502 2
6503 20
6504 8
6505 17
6506 2
6507 1
6508 8
6509 1
6510 18
6511 3
6512 7
6513 6
6514 0
6515 6
6516 2
6517 6
6518 11
6519 5
6520 15
6521 14
6522 10
6523 7
6524 4
6525 1
6526 7
6527 10
6528 1
6529 12
6530 0
6531 14
6532 11
6533 4
6534 22
6535 3
6536 8
6537 18
6538 1
6539 3
6540 0
6541 8
6542 1
6543 5
6544 7
6545 1
6546 18
6547 6
6548 1
6549 7
6550 130
6551 0
6552 3
6553 15
6554 11
6555 4
6556 7
6557 9
6558 5
6559 6
6560 5
6561 18
6562 1
6563 1
6564 8
6565 10
6566 1
6567 7
6568 3
6569 5
6570 1
6571 6
6572 8
6573 8
6574 6
6575 1
6576 23
6577 22
6578 1
6579 5
6580 0
6581 131
6582 3
6583 7
6584 11
6585 5
6586 2
6587 7
6588 7
6589 3
6590 3
6591 19
6592 12
6593 34
6594 6
6595 3
6596 13
6597 1
6598 1
6599 8
6600 0
6601 5
6602 9
6603 0
6604 3
6605 6
6606 5
6607 20
6608 2
6609 6
6610 0
6611 0
6612 1
6613 3
6614 6
6615 1
6616 21
6617 1
6618 14
6619 10
6620 6
6621 0
6622 7
6623 11
6624 0
6625 1
6626 7
6627 1
6628 19
6629 3
6630 3
6631 7
6632 1
6633 5
6634 16
6635 8
6636 1
6637 6
6638 1
6639 16
6640 2
6641 6
6642 12
6643 7
6644 6
6645 6
6646 20
6647 11
6648 2
6649 0
6650 2
6651 12
6652 4
6653 3
6654 8
6655 2
6656 7
6657 8
6658 12
6659 0
6660 6
6661 23
6662 25
6663 2
6664 2
6665 4
6666 3
6667 23
6668 4
6669 3
6670 23
6671 1
6672 2
6673 1
6674 4
6675 1
6676 1
6677 2
6678 0
6679 13
6680 8
6681 2
6682 11
6683 6
6684 3
6685 11
6686 6
6687 1
6688 6
6689 3
6690 12
6691 1
6692 2
6693 19
6694 12
6695 4
6696 3
6697 11
6698 3
6699 3
6700 4
6701 1
6702 13
6703 4
6704 14
6705 6
6706 5
6707 5
6708 1
6709 2
6710 1
6711 3
6712 2
6713 11
6714 12
6715 5
6716 12
6717 1
6718 1
6719 3
6720 1
6721 11
6722 0
6723 0
6724 11
6725 7
6726 5
6727 20
6728 2
6729 2
6730 20
6731 6
6732 2
6733 1
6734 15
6735 0
6736 23
6737 2
6738 1
6739 3
6740 1
6741 6
6742 2
6743 9
6744 13
6745 1
6746 2
6747 7
6748 14
6749 1
6750 0
6751 6
6752 6
6753 9
6754 2
6755 6
6756 5
6757 1
6758 7
6759 1
6760 1
6761 5
6762 15
6763 8
6764 1
6765 8
6766 7
6767 13
6768 10
6769 1
6770 7
6771 5
6772 4
6773 1
6774 20
6775 132
6776 1
6777 1
6778 0
6779 2
6780 3
6781 5
6782 4
6783 3
6784 1
6785 1
6786 1
6787 0
6788 9
6789 5
6790 11
6791 0
6792 7
6793 4
6794 7
6795 6
6796 4
6797 2
6798 3
6799 5
6800 7
6801 1
6802 0
6803 1
6804 6
6805 1
6806 9
6807 3
6808 6
6809 7
6810 5
6811 1
6812 23
6813 1
6814 20
6815 24
6816 2
6817 13
6818 9
6819 0
6820 3
6821 7
6822 5
6823 133
6824 3
6825 0
6826 16
6827 0
6828 2
6829 11
6830 6
6831 6
6832 23
6833 0
6834 6
6835 12
6836 4
6837 11
6838 134
6839 0
6840 9
6841 6
6842 17
6843 3
6844 4
6845 1
6846 1
6847 0
6848 0
6849 6
6850 4
6851 4
6852 0
6853 5
6854 3
6855 0
6856 3
6857 6
6858 16
6859 135
6860 4
6861 0
6862 4
6863 1
6864 136
6865 2
6866 3
6867 1
6868 6
6869 10
6870 0
6871 13
6872 137
6873 1
6874 0
6875 4
6876 11
6877 0
6878 11
6879 5
6880 6
6881 0
6882 0
6883 2
6884 6
6885 6
6886 0
6887 0
6888 4
6889 23
6890 8
6891 3
6892 2
6893 6
6894 3
6895 12
6896 3
6897 1
6898 8
6899 18
6900 3
6901 22
6902 0
6903 1
6904 3
6905 6
6906 11
6907 12
6908 6
6909 0
6910 1
6911 0
6912 3
6913 0
6914 20
6915 1
6916 2
6917 0
6918 3
6919 1
6920 10
6921 16
6922 12
6923 12
6924 22
6925 2
6926 5
6927 10
6928 19
6929 0
6930 10
6931 0
6932 4
6933 9
6934 0
6935 0
6936 2
6937 7
6938 3
6939 36
6940 5
6941 1
6942 3
6943 5
6944 3
6945 6
6946 5
6947 5
6948 0
6949 14
6950 2
6951 0
6952 1
6953 2
6954 2
6955 6
6956 0
6957 1
6958 8
6959 3
6960 4
6961 17
6962 4
6963 0
6964 14
6965 19
6966 1
6967 1
6968 0
6969 7
6970 12
6971 6
6972 4
6973 0
6974 14
6975 0
6976 10
6977 11
6978 4
6979 0
6980 12
6981 24
6982 1
6983 0
6984 0
6985 4
6986 21
6987 7
6988 12
6989 1
6990 6
6991 3
6992 1
6993 9
6994 2
6995 20
6996 5
6997 2
6998 0
6999 5
7000 9
7001 11
7002 6
7003 26
7004 4
7005 3
7006 0
7007 6
7008 10
7009 9
7010 8
7011 5
7012 10
7013 5
7014 2
7015 7
7016 7
7017 12
7018 7
7019 11
7020 6
7021 8
7022 9
7023 1
7024 8
7025 11
7026 138
7027 0
7028 0
7029 1
7030 1
7031 2
7032 11
7033 0
7034 0
7035 3
7036 0
7037 0
7038 4
7039 7
7040 0
7041 2
7042 2
7043 0
7044 5
7045 4
7046 5
7047 5
7048 23
7049 0
7050 10
7051 4
7052 15
7053 16
7054 1
7055 30
7056 17
7057 6
7058 6
7059 10
7060 0
7061 7
7062 6
7063 2
7064 0
7065 23
7066 139
7067 5
7068 5
7069 0
7070 0
7071 6
7072 0
7073 19
7074 15
7075 8
7076 0
7077 0
7078 5
7079 5
7080 5
7081 3
7082 3
7083 6
7084 1
7085 0
7086 3
7087 5
7088 6
7089 1
7090 5
7091 5
7092 23
7093 0
7094 6
7095 2
7096 22
7097 14
7098 5
7099 0
7100 13
7101 8
7102 14
7103 3
7104 0
7105 0
7106 0
7107 12
7108 1
7109 17
7110 1
7111 17
7112 1
7113 6
7114 4
7115 3
7116 6
7117 0
7118 1
7119 1
7120 1
7121 15
7122 11
7123 3
7124 1
7125 3
7126 3
7127 3
7128 3
7129 0
7130 4
7131 0
7132 16
7133 4
7134 12
7135 20
7136 2
7137 9
7138 2
7139 3
7140 10
7141 20
7142 2
7143 2
7144 0
7145 8
7146 1
7147 3
7148 2
7149 1
7150 11
7151 1
7152 6
7153 1
7154 1
7155 0
7156 21
7157 19
7158 18
7159 2
7160 5
7161 15
7162 9
7163 5
7164 0
7165 8
7166 1
7167 16
7168 1
7169 13
7170 7
7171 10
7172 2
7173 9
7174 4
7175 0
7176 0
7177 6
7178 13
7179 5
7180 6
7181 14
7182 3
7183 11
7184 0
7185 2
7186 9
7187 1
7188 4
7189 4
7190 4
7191 11
7192 6
7193 12
7194 3
7195 1
7196 13
7197 8
7198 2
7199 1
7200 6
7201 7
7202 25
7203 1
7204 3
7205 8
7206 14
7207 0
7208 7
7209 1
7210 23
7211 5
7212 16
7213 0
7214 5
7215 25
7216 0
7217 18
7218 12
7219 0
7220 4
7221 5
7222 3
7223 2
7224 2
7225 0
7226 0
7227 3
7228 1
7229 2
7230 8
7231 0
7232 13
7233 3
7234 11
7235 2
7236 0
7237 7
7238 140
7239 2
7240 2
7241 2
7242 2
7243 6
7244 6
7245 1
7246 4
7247 2
7248 0
7249 6
7250 10
7251 16
7252 0
7253 3
7254 12
7255 14
7256 9
7257 0
7258 5
7259 4
7260 19
7261 3
7262 3
7263 1
7264 4
7265 6
7266 3
7267 2
7268 0
7269 4
7270 1
7271 16
7272 12
7273 1
7274 4
7275 5
7276 5
7277 12
7278 3
7279 1
7280 1
7281 9
7282 5
7283 141
7284 2
7285 7
7286 0
7287 0
7288 6
7289 2
7290 10
7291 4
7292 3
7293 4
7294 0
7295 0
7296 142
7297 7
7298 3
7299 1
7300 0
7301 1
7302 3
7303 0
7304 7
7305 2
7306 12
7307 6
7308 11
7309 7
7310 8
7311 3
7312 2
7313 6
7314 3
7315 4
7316 5
7317 11
7318 3
7319 15
7320 0
7321 4
7322 8
7323 7
7324 0
7325 11
7326 4
7327 7
7328 0
7329 1
7330 10
7331 1
7332 3
7333 8
7334 6
7335 2
7336 0
7337 0
7338 2
7339 4
7340 143
7341 0
7342 4
7343 12
7344 3
7345 144
7346 0
7347 3
7348 3
7349 9
7350 3
7351 4
7352 11
7353 5
7354 8
7355 18
7356 2
7357 0
7358 0
7359 0
7360 7
7361 2
7362 0
7363 23
7364 2
7365 21
7366 11
7367 0
7368 21
7369 5
7370 4
7371 7
7372 9
7373 3
7374 3
7375 4
7376 3
7377 14
7378 4
7379 8
7380 3
7381 19
7382 13
7383 145
7384 2
7385 10
7386 26
7387 20
7388 4
7389 17
7390 5
7391 8
7392 3
7393 0
7394 5
7395 0
7396 1
7397 15
7398 19
7399 3
7400 1
7401 5
7402 1
7403 17
7404 3
7405 3
7406 3
7407 6
7408 0
7409 146
7410 10
7411 8
7412 3
7413 3
7414 8
7415 13
7416 7
7417 0
7418 1
7419 3
7420 16
7421 0
7422 0
7423 13
7424 6
7425 1
7426 29
7427 1
7428 3
7429 6
7430 1
7431 5
7432 2
7433 11
7434 3
7435 9
7436 11
7437 0
7438 0
7439 24
7440 2
7441 1
7442 1
7443 12
7444 3
7445 0
7446 7
7447 3
7448 2
7449 6
7450 7
7451 3
7452 1
7453 14
7454 2
7455 2
7456 9
7457 5
7458 0
7459 1
7460 21
7461 3
7462 20
7463 4
7464 1
7465 3
7466 2
7467 1
7468 4
7469 0
7470 4
7471 2
7472 2
7473 13
7474 13
7475 7
7476 17
7477 0
7478 0
7479 3
7480 6
7481 11
7482 6
7483 1
7484 18
7485 0
7486 4
7487 2
7488 0
7489 11
7490 6
7491 2
7492 5
7493 2
7494 2
7495 5
7496 2
7497 26
7498 6
7499 3
7500 2
7501 3
7502 9
7503 0
7504 2
7505 0
7506 11
7507 5
7508 0
7509 5
7510 5
7511 1
7512 2
7513 3
7514 1
7515 0
7516 3
7517 30
7518 3
7519 3
7520 6
7521 22
7522 18
7523 5
7524 12
7525 2
7526 0
7527 7
7528 2
7529 1
7530 2
7531 4
7532 2
7533 7
7534 0
7535 2
7536 6
7537 10
7538 13
7539 4
7540 7
7541 2
7542 3
7543 1
7544 0
7545 10
7546 2
7547 0
7548 6
7549 2
7550 19
7551 6
7552 0
7553 3
7554 0
7555 0
7556 3
7557 4
7558 12
7559 3
7560 0
7561 7
7562 1
7563 13
7564 1
7565 8
7566 0
7567 4
7568 2
7569 6
7570 19
7571 3
7572 1
7573 1
7574 21
7575 0
7576 9
7577 9
7578 8
7579 4
7580 8
7581 9
7582 2
7583 2
7584 2
7585 1
7586 0
7587 5
7588 3
7589 8
7590 27
7591 2
7592 0
7593 12
7594 9
7595 0
7596 7
7597 0
7598 4
7599 1
7600 7
7601 1
7602 9
7603 4
7604 6
7605 3
7606 3
7607 1
7608 7
7609 6
7610 2
7611 4
7612 6
7613 7
7614 9
7615 6
7616 7
7617 2
7618 14
7619 2
7620 3
7621 3
7622 0
7623 0
7624 10
7625 1
7626 13
7627 4
7628 6
7629 1
7630 0
7631 4
7632 5
7633 5
7634 1
7635 3
7636 0
7637 3
7638 0
7639 3
7640 4
7641 0
7642 8
7643 9
7644 6
7645 1
7646 3
7647 2
7648 22
7649 8
7650 3
7651 4
7652 0
7653 7
7654 9
7655 0
7656 0
7657 1
7658 17
7659 5
7660 1
7661 4
7662 1
7663 6
7664 4
7665 2
7666 3
7667 0
7668 0
7669 2
7670 5
7671 1
7672 0
7673 12
7674 10
7675 9
7676 5
7677 2
7678 6
7679 12
7680 0
7681 5
7682 6
7683 10
7684 2
7685 4
7686 11
7687 1
7688 1
7689 7
7690 2
7691 3
7692 0
7693 10
7694 0
7695 11
7696 2
7697 10
7698 2
7699 6
7700 5
7701 4
7702 12
7703 1
7704 3
7705 2
7706 8
7707 0
7708 6
7709 1
7710 10
7711 6
7712 4
7713 0
7714 1
7715 0
7716 25
7717 2
7718 6
7719 2
7720 9
7721 14
7722 6
7723 2
7724 4
7725 1
7726 7
7727 30
7728 2
7729 4
7730 13
7731 10
7732 0
7733 9
7734 3
7735 10
7736 5
7737 4
7738 4
7739 0
7740 3
7741 5
7742 2
7743 0
7744 0
7745 2
7746 6
7747 10
7748 0
7749 0
7750 13
7751 2
7752 1
7753 5
7754 10
7755 5
7756 3
7757 7
7758 1
7759 0
7760 2
7761 1
7762 2
7763 1
7764 1
7765 0
7766 2
7767 0
7768 6
7769 3
7770 1
7771 2
7772 10
7773 3
7774 6
7775 7
7776 0
7777 3
7778 0
7779 2
7780 1
7781 15
7782 5
7783 0
7784 7
7785 6
7786 8
7787 0
7788 4
7789 3
7790 1
7791 6
7792 7
7793 2
7794 13
7795 0
7796 7
7797 5
7798 3
7799 4
7800 17
7801 5
7802 12
7803 4
7804 1
7805 3
7806 1
7807 3
7808 0
7809 1
7810 0
7811 3
7812 5
7813 4
7814 0
7815 4
7816 5
7817 5
7818 0
7819 2
7820 4
7821 13
7822 21
7823 10
7824 3
7825 7
7826 5
7827 2
7828 8
7829 4
7830 5
7831 1
7832 2
7833 8
7834 4
7835 10
7836 0
7837 2
7838 1
7839 1
7840 0
7841 1
7842 7
7843 15
7844 6
7845 6
7846 14
7847 3
7848 4
7849 10
7850 25
7851 4
7852 5
7853 13
7854 19
7855 7
7856 3
7857 1
7858 4
7859 5
7860 4
7861 4
7862 10
7863 1
7864 5
7865 1
7866 0
7867 4
7868 5
7869 18
7870 5
7871 0
7872 0
7873 1
7874 2
7875 2
7876 9
7877 8
7878 147
7879 5
7880 0
7881 5
7882 10
7883 1
7884 4
7885 2
7886 7
7887 5
7888 11
7889 1
7890 11
7891 2
7892 5
7893 1
7894 5
7895 0
7896 14
7897 0
7898 5
7899 3
7900 6
7901 5
7902 2
7903 2
7904 4
7905 1
7906 6
7907 1
7908 5
7909 4
7910 13
7911 17
7912 4
7913 8
7914 4
7915 0
7916 0
7917 4
7918 1
7919 1
7920 8
7921 1
7922 2
7923 14
7924 0
7925 4
7926 6
7927 6
7928 0
7929 1
7930 4
7931 0
7932 3
7933 0
7934 5
7935 0
7936 5
7937 4
7938 2
7939 0
7940 2
7941 4
7942 6
7943 1
7944 4
7945 6
7946 10
7947 10
7948 3
7949 1
7950 0
7951 0
7952 5
7953 19
7954 6
7955 0
7956 4
7957 0
7958 2
7959 0
7960 1
7961 28
7962 1
7963 0
7964 0
7965 15
7966 2
7967 0
7968 3
7969 0
7970 3
7971 6
7972 16
7973 3
7974 1
7975 2
7976 2
7977 6
7978 0
7979 3
7980 4
7981 0
7982 148
7983 4
7984 2
7985 2
7986 5
7987 6
7988 3
7989 0
7990 10
7991 0
7992 2
7993 2
7994 6
7995 2
7996 22
7997 3
7998 4
7999 10
8000 6
8001 3
8002 4
8003 1
8004 7
8005 12
8006 0
8007 0
8008 7
8009 9
8010 4
8011 4
8012 21
8013 9
8014 1
8015 2
8016 8
8017 4
8018 14
8019 0
8020 3
8021 3
8022 2
8023 17
8024 5
8025 6
8026 0
8027 0
8028 5
8029 0
8030 1
8031 1
8032 4
8033 4
8034 6
8035 5
8036 1
8037 10
8038 2
8039 5
8040 2
8041 2
8042 2
8043 1
8044 4
8045 2
8046 2
8047 7
8048 13
8049 7
8050 7
8051 0
8052 2
8053 2
8054 149
8055 3
8056 10
8057 2
8058 4
8059 1
8060 5
8061 11
8062 2
8063 7
8064 8
8065 6
8066 7
8067 2
8068 4
8069 6
8070 1
8071 5
8072 5
8073 5
8074 0
8075 4
8076 2
8077 1
8078 6
8079 0
8080 150
8081 1
8082 5
8083 17
8084 4
8085 5
8086 1
8087 0
8088 2
8089 10
8090 1
8091 4
8092 3
8093 0
8094 2
8095 15
8096 4
8097 8
8098 10
8099 9
8100 8
8101 7
8102 5
8103 2
8104 5
8105 2
8106 3
8107 7
8108 7
8109 7
8110 1
8111 4
8112 9
8113 0
8114 4
8115 4
8116 7
8117 3
8118 7
8119 2
8120 8
8121 0
8122 3
8123 2
8124 2
8125 5
8126 1
8127 8
8128 1
8129 2
8130 10
8131 4
8132 3
8133 2
8134 1
8135 6
8136 3
8137 3
8138 5
8139 7
8140 2
8141 4
8142 12
8143 4
8144 4
8145 5
8146 4
8147 0
8148 13
8149 3
8150 6
8151 10
8152 2
8153 5
8154 10
8155 4
8156 2
8157 8
8158 0
8159 17
8160 15
8161 6
8162 1
8163 1
8164 0
8165 2
8166 2
8167 4
8168 5
8169 2
8170 11
8171 14
8172 6
8173 6
8174 5
8175 9
8176 5
8177 0
8178 2
8179 6
8180 5
8181 15
8182 2
8183 3
8184 3
8185 3
8186 1
8187 4
8188 2
8189 9
8190 0
8191 1
8192 2
8193 1
8194 13
8195 3
8196 6
8197 7
8198 1
8199 3
8200 7
8201 0
8202 9
8203 5
8204 8
8205 6
8206 1
8207 4
8208 2
8209 3
8210 2
8211 24
8212 4
8213 8
8214 4
8215 0
8216 3
8217 0
8218 4
8219 151
8220 6
8221 0
8222 3
8223 5
8224 8
8225 3
8226 9
8227 9
8228 3
8229 7
8230 6
8231 9
8232 15
8233 9
8234 1
8235 1
8236 12
8237 8
8238 11
8239 4
8240 2
8241 19
8242 8
8243 2
8244 7
8245 3
8246 3
8247 1
8248 7
8249 7
8250 12
8251 10
8252 5
8253 7
8254 1
8255 9
8256 5
8257 3
8258 2
8259 0
8260 3
8261 5
8262 2
8263 5
8264 5
8265 0
8266 0
8267 1
8268 0
8269 6
8270 2
8271 0
8272 11
8273 3
8274 1
8275 4
8276 6
8277 2
8278 152
8279 2
8280 0
8281 1
8282 0
8283 7
8284 4
8285 1
8286 8
8287 8
8288 18
8289 2
8290 6
8291 19
8292 153
8293 19
8294 6
8295 5
8296 24
8297 7
8298 4
8299 4
8300 2
8301 16
8302 5
8303 5
8304 5
8305 8
8306 9
8307 6
8308 0
8309 8
8310 8
8311 4
8312 4
8313 9
8314 4
8315 5
8316 1
8317 5
8318 5
8319 7
8320 4
8321 4
8322 8
8323 2
8324 8
8325 1
8326 0
8327 11
8328 13
8329 13
8330 23
8331 0
8332 4
8333 3
8334 7
8335 5
8336 1
8337 4
8338 10
8339 20
8340 1
8341 1
8342 18
8343 1
8344 3
8345 1
8346 4
8347 0
8348 1
8349 3
8350 2
8351 2
8352 1
8353 11
8354 4
8355 5
8356 2
8357 4
8358 1
8359 1
8360 0
8361 4
8362 2
8363 2
8364 1
8365 9
8366 24
8367 16
8368 5
8369 5
8370 8
8371 18
8372 10
8373 4
8374 16
8375 1
8376 6
8377 2
8378 18
8379 6
8380 11
8381 22
8382 6
8383 22
8384 2
8385 3
8386 9
8387 3
8388 1
8389 2
8390 1
8391 9
8392 4
8393 1
8394 6
8395 10
8396 2
8397 11
8398 3
8399 2
8400 0
8401 1
8402 1
8403 3
8404 2
8405 3
8406 2
8407 4
8408 5
8409 23
8410 2
8411 20
8412 1
8413 0
8414 3
8415 16
8416 1
8417 18
8418 1
8419 0
8420 1
8421 15
8422 5
8423 2
8424 6
8425 13
8426 4
8427 2
8428 4
8429 9
8430 154
8431 1
8432 3
8433 0
8434 3
8435 8
8436 2
8437 5
8438 3
8439 2
8440 3
8441 10
8442 0
8443 7
8444 2
8445 10
8446 0
8447 5
8448 1
8449 1
8450 1
8451 4
8452 1
8453 6
8454 0
8455 15
8456 0
8457 155
8458 3
8459 6
8460 2
8461 8
8462 3
8463 11
8464 7
8465 2
8466 1
8467 20
8468 7
8469 5
8470 2
8471 2
8472 14
8473 0
8474 0
8475 1
8476 1
8477 5
8478 156
8479 157
8480 2
8481 1
8482 7
8483 4
8484 10
8485 1
8486 7
8487 4
8488 3
8489 5
8490 7
8491 7
8492 7
8493 0
8494 6
8495 16
8496 17
8497 25
8498 6
8499 19
8500 5
8501 3
8502 22
8503 1
8504 3
8505 4
8506 2
8507 4
8508 5
8509 4
8510 1
8511 6
8512 3
8513 2
8514 17
8515 5
8516 3
8517 6
8518 0
8519 8
8520 3
8521 4
8522 21
8523 9
8524 1
8525 9
8526 3
8527 13
8528 1
8529 4
8530 1
8531 1
8532 4
8533 3
8534 9
8535 3
8536 4
8537 17
8538 15
8539 0
8540 21
8541 12
8542 4
8543 0
8544 14
8545 5
8546 1
8547 5
8548 12
8549 13
8550 1
8551 5
8552 8
8553 8
8554 1
8555 3
8556 4
8557 7
8558 10
8559 4
8560 10
8561 6
8562 14
8563 3
8564 6
8565 8
8566 5
8567 18
8568 5
8569 5
8570 7
8571 2
8572 0
8573 0
8574 0
8575 12
8576 0
8577 7
8578 11
8579 7
8580 5
8581 13
8582 0
8583 0
8584 7
8585 2
8586 14
8587 5
8588 5
8589 5
8590 8
8591 5
8592 3
8593 5
8594 3
8595 19
8596 6
8597 17
8598 5
8599 3
8600 1
8601 3
8602 1
8603 5
8604 4
8605 0
8606 1
8607 5
8608 8
8609 6
8610 1
8611 8
8612 158
8613 5
8614 11
8615 3
8616 1
8617 6
8618 0
8619 3
8620 7
8621 3
8622 9
8623 2
8624 5
8625 4
8626 1
8627 7
8628 2
8629 4
8630 3
8631 13
8632 8
8633 5
8634 5
8635 6
8636 6
8637 6
8638 6
8639 25
8640 26
8641 26
8642 1
8643 6
8644 11
8645 4
8646 16
8647 4
8648 10
8649 5
8650 9
8651 20
8652 12
8653 23
8654 15
8655 19
8656 4
8657 6
8658 4
8659 12
8660 1
8661 3
8662 18
8663 12
8664 25
8665 3
8666 0
8667 5
8668 2
8669 5
8670 5
8671 21
8672 6
8673 8
8674 6
8675 23
8676 14
8677 24
8678 8
8679 9
8680 1
8681 9
8682 21
8683 159
8684 5
8685 4
8686 9
8687 25
8688 7
8689 12
8690 3
8691 160
8692 4
8693 1
8694 8
8695 7
8696 13
8697 1
8698 3
8699 6
8700 25
8701 5
8702 14
8703 15
8704 4
8705 1
8706 3
8707 7
8708 15
8709 3
8710 12
8711 2
8712 2
8713 4
8714 7
8715 2
8716 10
8717 3
8718 2
8719 5
8720 3
8721 6
8722 2
8723 6
8724 1
8725 28
8726 3
8727 0
8728 1
8729 2
8730 2
8731 1
8732 4
8733 4
8734 1
8735 25
8736 7
8737 7
8738 2
8739 2
8740 1
8741 15
8742 1
8743 0
8744 1
8745 0
8746 7
8747 4
8748 3
8749 14
8750 1
8751 6
8752 4
8753 10
8754 8
8755 6
8756 3
8757 161
8758 6
8759 3
8760 2
8761 4
8762 1
8763 1
8764 4
8765 1
8766 5
8767 3
8768 0
8769 3
8770 6
8771 1
8772 0
8773 0
8774 3
8775 1
8776 5
8777 2
8778 1
8779 3
8780 8
8781 3
8782 1
8783 1
8784 8
8785 7
8786 4
8787 11
8788 1
8789 10
8790 5
8791 10
8792 5
8793 6
8794 4
8795 12
8796 3
8797 2
8798 0
8799 2
8800 2
8801 1
8802 7
8803 21
8804 2
8805 1
8806 12
8807 7
8808 1
8809 7
8810 18
8811 23
8812 2
8813 26
8814 22
8815 6
8816 11
8817 2
8818 7
8819 16
8820 5
8821 8
8822 8
8823 9
8824 2
8825 1
8826 2
8827 2
8828 1
8829 6
8830 22
8831 0
8832 3
8833 2
8834 2
8835 10
8836 2
8837 4
8838 5
8839 1
8840 2
8841 5
8842 1
8843 162
8844 1
8845 1
8846 6
8847 11
8848 2
8849 3
8850 12
8851 3
8852 6
8853 2
8854 3
8855 6
8856 4
8857 5
8858 0
8859 6
8860 2
8861 9
8862 15
8863 1
8864 11
8865 2
8866 4
8867 2
8868 4
8869 2
8870 3
8871 4
8872 0
8873 0
8874 26
8875 1
8876 1
8877 0
8878 0
8879 4
8880 0
8881 0
8882 7
8883 2
8884 3
8885 6
8886 1
8887 4
8888 4
8889 5
8890 7
8891 17
8892 3
8893 14
8894 23
8895 3
8896 2
8897 0
8898 6
8899 0
8900 10
8901 2
8902 13
8903 11
8904 5
8905 0
8906 6
8907 5
8908 13
8909 0
8910 11
8911 7
8912 13
8913 11
8914 6
8915 2
8916 7
8917 0
8918 1
8919 2
8920 5
8921 0
8922 1
8923 39
8924 0
8925 1
8926 4
8927 5
8928 2
8929 2
8930 1
8931 7
8932 0
8933 1
8934 3
8935 20
8936 22
8937 6
8938 2
8939 0
8940 3
8941 2
8942 3
8943 9
8944 1
8945 3
8946 4
8947 163
8948 3
8949 20
8950 15
8951 3
8952 4
8953 16
8954 2
8955 5
8956 16
8957 5
8958 21
8959 3
8960 1
8961 0
8962 1
8963 0
8964 8
8965 1
8966 0
8967 1
8968 2
8969 6
8970 3
8971 6
8972 11
8973 0
8974 10
8975 4
8976 7
8977 3
8978 2
8979 3
8980 12
8981 18
8982 4
8983 1
8984 1
8985 0
8986 11
8987 4
8988 3
8989 2
8990 4
8991 0
8992 1
8993 10
8994 11
8995 6
8996 8
8997 0
8998 7
8999 1
9000 8
9001 13
9002 2
9003 10
9004 1
9005 2
9006 0
9007 3
9008 2
9009 1
9010 1
9011 1
9012 0
9013 6
9014 0
9015 0
9016 1
9017 1
9018 6
9019 5
9020 14
9021 9
9022 1
9023 14
9024 0
9025 15
9026 2
9027 4
9028 1
9029 1
9030 3
9031 0
9032 16
9033 12
9034 3
9035 6
9036 2
9037 5
9038 2
9039 5
9040 12
9041 11
9042 0
9043 10
9044 3
9045 6
9046 0
9047 4
9048 2
9049 13
9050 5
9051 15
9052 1
9053 1
9054 2
9055 1
9056 3
9057 0
9058 1
9059 9
9060 12
9061 9
9062 3
9063 7
9064 4
9065 13
9066 1
9067 15
9068 2
9069 17
9070 0
9071 38
9072 3
9073 3
9074 22
9075 8
9076 5
9077 0
9078 9
9079 11
9080 2
9081 5
9082 2
9083 11
9084 2
9085 8
9086 8
9087 14
9088 7
9089 2
9090 8
9091 4
9092 0
9093 6
9094 6
9095 5
9096 1
9097 7
9098 8
9099 7
9100 18
9101 6
9102 0
9103 9
9104 6
9105 20
9106 19
9107 3
9108 0
9109 2
9110 15
9111 1
9112 6
9113 6
9114 13
9115 5
9116 8
9117 29
9118 4
9119 1
9120 3
9121 1
9122 3
9123 15
9124 2
9125 3
9126 0
9127 14
9128 2
9129 5
9130 1
9131 6
9132 0
9133 3
9134 4
9135 6
9136 2
9137 3
9138 11
9139 5
9140 2
9141 0
9142 10
9143 164
9144 1
9145 6
9146 0
9147 4
9148 1
9149 4
9150 11
9151 7
9152 2
9153 2
9154 13
9155 7
9156 0
9157 5
9158 4
9159 4
9160 0
9161 6
9162 0
9163 5
9164 7
9165 2
9166 0
9167 3
9168 6
9169 0
9170 7
9171 3
9172 2
9173 1
9174 4
9175 6
9176 1
9177 17
9178 0
9179 0
9180 1
9181 2
9182 0
9183 2
9184 7
9185 3
9186 8
9187 165
9188 6
9189 0
9190 20
9191 0
9192 0
9193 14
9194 12
9195 7
9196 4
9197 2
9198 14
9199 4
9200 0
9201 7
9202 6
9203 20
9204 3
9205 1
9206 1
9207 0
9208 9
9209 6
9210 11
9211 6
9212 11
9213 7
9214 15
9215 9
9216 3
9217 16
9218 3
9219 0
9220 2
9221 3
9222 13
9223 8
9224 0
9225 0
9226 19
9227 3
9228 2
9229 4
9230 4
9231 1
9232 20
9233 7
9234 1
9235 0
9236 0
9237 15
9238 2
9239 1
9240 0
9241 3
9242 13
9243 12
9244 5
9245 2
9246 10
9247 0
9248 0
9249 0
9250 0
9251 24
9252 4
9253 7
9254 5
9255 0
9256 8
9257 166
9258 1
9259 5
9260 5
9261 4
9262 4
9263 2
9264 1
9265 167
9266 22
9267 4
9268 8
9269 0
9270 8
9271 7
9272 2
9273 1
9274 5
9275 3
9276 0
9277 0
9278 5
9279 7
9280 0
9281 28
9282 6
9283 1
9284 6
9285 26
9286 1
9287 1
9288 0
9289 0
9290 4
9291 7
9292 1
9293 6
9294 1
9295 8
9296 15
9297 12
9298 0
9299 2
9300 2
9301 1
9302 1
9303 3
9304 0
9305 5
9306 3
9307 13
9308 2
9309 7
9310 11
9311 1
9312 13
9313 6
9314 2
9315 5
9316 7
9317 1
9318 0
9319 5
9320 2
9321 4
9322 4
9323 40
9324 6
9325 23
9326 9
9327 6
9328 2
9329 16
9330 3
9331 2
9332 3
9333 2
9334 12
9335 3
9336 2
9337 2
9338 3
9339 2
9340 2
9341 1
9342 1
9343 11
9344 13
9345 12
9346 0
9347 0
9348 3
9349 1
9350 6
9351 4
9352 3
9353 2
9354 6
9355 7
9356 0
9357 4
9358 20
9359 4
9360 2
9361 0
9362 2
9363 3
9364 0
9365 13
9366 24
9367 1
9368 1
9369 4
9370 7
9371 0
9372 2
9373 2
9374 7
9375 9
9376 1
9377 9
9378 6
9379 7
9380 0
9381 2
9382 0
9383 4
9384 0
9385 8
9386 1
9387 3
9388 0
9389 2
9390 11
9391 2
9392 11
9393 8
9394 1
9395 3
9396 10
9397 2
9398 13
9399 0
9400 0
9401 18
9402 11
9403 2
9404 14
9405 2
9406 0
9407 6
9408 11
9409 2
9410 5
9411 10
9412 2
9413 3
9414 9
9415 6
9416 5
9417 8
9418 0
9419 0
9420 15
9421 2
9422 5
9423 0
9424 9
9425 3
9426 6
9427 26
9428 1
9429 3
9430 4
9431 6
9432 1
9433 5
9434 1
9435 8
9436 3
9437 19
9438 3
9439 16
9440 0
9441 9
9442 1
9443 3
9444 13
9445 3
9446 0
9447 3
9448 0
9449 0
9450 168
9451 15
9452 5
9453 15
9454 11
9455 5
9456 18
9457 5
9458 6
9459 1
9460 11
9461 1
9462 0
9463 14
9464 6
9465 2
9466 0
9467 0
9468 0
9469 25
9470 2
9471 1
9472 17
9473 169
9474 10
9475 0
9476 1
9477 1
9478 0
9479 0
9480 12
9481 5
9482 2
9483 10
9484 8
9485 2
9486 11
9487 3
9488 0
9489 170
9490 1
9491 2
9492 6
9493 14
9494 2
9495 3
9496 14
9497 7
9498 16
9499 2
9500 0
9501 15
9502 6
9503 14
9504 5
9505 6
9506 1
9507 6
9508 0
9509 1
9510 2
9511 0
9512 2
9513 14
9514 9
9515 14
9516 2
9517 0
9518 8
9519 0
9520 0
9521 0
9522 2
9523 2
9524 1
9525 20
9526 1
9527 1
9528 7
9529 0
9530 2
9531 5
9532 6
9533 2
9534 2
9535 8
9536 4
9537 14
9538 12
9539 0
9540 11
9541 20
9542 10
9543 11
9544 1
9545 12
9546 11
9547 22
9548 7
9549 3
9550 0
9551 3
9552 3
9553 4
9554 11
9555 0
9556 2
9557 1
9558 2
9559 2
9560 171
9561 0
9562 1
9563 11
9564 5
9565 3
9566 0
9567 3
9568 3
9569 13
9570 6
9571 3
9572 4
9573 8
9574 7
9575 4
9576 15
9577 3
9578 3
9579 5
9580 2
9581 0
9582 21
9583 15
9584 22
9585 2
9586 17
9587 0
9588 10
9589 1
9590 1
9591 172
9592 13
9593 2
9594 1
9595 1
9596 2
9597 25
9598 7
9599 6
9600 1
9601 16
9602 1
9603 4
9604 8
9605 5
9606 3
9607 15
9608 3
9609 0
9610 7
9611 1
9612 0
9613 0
9614 0
9615 5
9616 0
9617 6
9618 15
9619 5
9620 16
9621 4
9622 5
9623 12
9624 1
9625 0
9626 4
9627 12
9628 19
9629 6
9630 2
9631 5
9632 14
9633 6
9634 2
9635 8
9636 9
9637 13
9638 1
9639 2
9640 11
9641 0
9642 20
9643 0
9644 9
9645 0
9646 4
9647 5
9648 19
9649 2
9650 2
9651 4
9652 3
9653 3
9654 14
9655 0
9656 7
9657 2
9658 8
9659 6
9660 9
9661 8
9662 2
9663 4
9664 1
9665 8
9666 11
9667 10
9668 3
9669 26
9670 4
9671 3
9672 17
9673 0
9674 0
9675 28
9676 11
9677 1
9678 5
9679 2
9680 1
9681 13
9682 3
9683 7
9684 1
9685 0
9686 173
9687 1
9688 5
9689 1
9690 3
9691 3
9692 4
9693 5
9694 0
9695 0
9696 2
9697 5
9698 5
9699 174
9700 11
9701 3
9702 12
9703 3
9704 2
9705 15
9706 0
9707 2
9708 2
9709 4
9710 1
9711 3
9712 3
9713 0
9714 175
9715 1
9716 6
9717 0
9718 20
9719 1
9720 5
9721 3
9722 12
9723 2
9724 8
9725 25
9726 1
9727 6
9728 3
9729 11
9730 2
9731 5
9732 4
9733 3
9734 5
9735 2
9736 1
9737 10
9738 3
9739 4
9740 6
9741 4
9742 5
9743 0
9744 9
9745 4
9746 1
9747 1
9748 2
9749 4
9750 4
9751 7
9752 0
9753 1
9754 4
9755 16
9756 10
9757 0
9758 3
9759 1
9760 5
9761 4
9762 3
9763 2
9764 6
9765 5
9766 8
9767 3
9768 10
9769 6
9770 2
9771 4
9772 10
9773 2
9774 1
9775 4
9776 6
9777 4
9778 6
9779 10
9780 4
9781 4
9782 12
9783 0
9784 176
9785 1
9786 3
9787 5
9788 0
9789 17
9790 16
9791 12
9792 10
9793 4
9794 0
9795 5
9796 2
9797 1
9798 2
9799 0
9800 10
9801 2
9802 5
9803 11
9804 2
9805 4
9806 5
9807 1
9808 0
9809 177
9810 4
9811 4
9812 0
9813 2
9814 1
9815 2
9816 4
9817 6
9818 5
9819 2
9820 2
9821 4
9822 5
9823 21
9824 1
9825 0
9826 4
9827 2
9828 2
9829 1
9830 6
9831 5
9832 3
9833 9
9834 3
9835 9
9836 13
9837 12
9838 3
9839 25
9840 19
9841 1
9842 1
9843 4
9844 13
9845 2
9846 29
9847 0
9848 5
9849 7
9850 3
9851 7
9852 5
9853 1
9854 2
9855 1
9856 12
9857 2
9858 2
9859 3
9860 7
9861 11
9862 9
9863 11
9864 1
9865 1
9866 0
9867 10
9868 4
9869 1
9870 2
9871 24
9872 3
9873 0
9874 4
9875 2
9876 6
9877 19
9878 0
9879 0
9880 4
9881 5
9882 5
9883 1
9884 17
9885 2
9886 7
9887 1
9888 3
9889 3
9890 3
9891 5
9892 0
9893 4
9894 0
9895 0
9896 1
9897 4
9898 14
9899 2
9900 1
9901 5
9902 2
9903 0
9904 9
9905 5
9906 4
9907 3
9908 7
9909 4
9910 5
9911 5
9912 12
9913 14
9914 5
9915 12
9916 0
9917 0
9918 4
9919 2
9920 2
9921 2
9922 11
9923 178
9924 3
9925 1
9926 24
9927 10
9928 3
9929 2
9930 5
9931 5
9932 2
9933 2
9934 14
9935 20
9936 10
9937 12
9938 13
9939 5
9940 7
9941 14
9942 22
9943 1
9944 2
9945 6
9946 17
9947 8
9948 2
9949 3
9950 22
9951 0
9952 3
9953 0
9954 3
9955 4
9956 5
9957 26
9958 1
9959 3
9960 2
9961 3
9962 2
9963 13
9964 0
9965 3
9966 24
9967 13
9968 8
9969 2
9970 7
9971 2
9972 1
9973 1
9974 0
9975 3
9976 9
9977 1
9978 1
9979 4
9980 3
9981 33
9982 3
9983 5
9984 2
9985 0
9986 1
9987 5
9988 8
9989 1
9990 4
9991 0
9992 2
9993 7
9994 10
9995 0
9996 1
9997 1
9998 1
9999 0
