0 1
1 1
2 1
3 1
4 1
5 1
6 1
7 1
8 1
9 1
10 2
11 2
12 2
13 2
14 2
15 2
16 2
17 2
18 2
19 2
20 3
21 3
22 3
23 3
24 3
25 3
26 3
27 3
28 3
29 3
30 4
31 4
32 4
33 4
34 4
35 4
36 4
37 4
38 4
39 4
40 5
41 5
42 5
43 5
44 5
45 5
46 5
47 5
48 5
49 5
50 6
51 6
52 6
53 6
54 6
55 6
56 6
57 6
58 6
59 6
60 7
61 7
62 7
63 7
64 7
65 7
66 7
67 7
68 7
69 7
70 8
71 8
72 8
73 8
74 8
75 8
76 8
77 8
78 8
79 8
80 9
81 9
82 9
83 9
84 9
85 9
86 9
87 9
88 9
89 9
90 10
91 10
92 10
93 10
94 10
95 10
96 10
97 10
98 10
99 10
100 11
101 11
102 11
103 11
104 11
105 11
106 11
107 11
108 11
109 11
110 12
111 12
112 12
113 12
114 12
115 12
116 12
117 12
118 12
119 12
120 13
121 13
122 13
123 13
124 13
125 13
126 13
127 13
128 13
129 13
130 14
131 14
132 14
133 14
134 14
135 14
136 14
137 14
138 14
139 14
140 15
141 15
142 15
143 15
144 15
145 15
146 15
147 15
148 15
149 15
150 16
151 16
152 16
153 16
154 16
155 16
156 16
157 16
158 16
159 16
160 17
161 17
162 17
163 17
164 17
165 17
166 17
167 17
168 17
169 17
170 18
171 18
172 18
173 18
174 18
175 18
176 18
177 18
178 18
179 18
180 19
181 19
182 19
183 19
184 19
185 19
186 19
187 19
188 19
189 19
190 20
191 20
192 20
193 20
194 20
195 20
196 20
197 20
198 20
199 20
200 21
201 21
202 21
203 21
204 21
205 21
206 21
207 21
208 21
209 21
210 22
211 22
212 22
213 22
214 22
215 22
216 22
217 22
218 22
219 22
220 23
221 23
222 23
223 23
224 23
225 23
226 23
227 23
228 23
229 23
230 24
231 24
232 24
233 24
234 24
235 24
236 24
237 24
238 24
239 24
240 25
241 25
242 25
243 25
244 25
245 25
246 25
247 25
248 25
249 25
250 26
251 26
252 26
253 26
254 26
255 26
256 26
257 26
258 26
259 26
260 27
261 27
262 27
263 27
264 27
265 27
266 27
267 27
268 27
269 27
270 28
271 28
272 28
273 28
274 28
275 28
276 28
277 28
278 28
279 28
280 29
281 29
282 29
283 29
284 29
285 29
286 29
287 29
288 29
289 29
290 30
291 30
292 30
293 30
294 30
295 30
296 30
297 30
298 30
299 30
300 31
301 31
302 31
303 31
304 31
305 31
306 31
307 31
308 31
309 31
310 32
311 32
312 32
313 32
314 32
315 32
316 32
317 32
318 32
319 32
320 33
321 33
322 33
323 33
324 33
325 33
326 33
327 33
328 33
329 33
330 34
331 34
332 34
333 34
334 34
335 34
336 34
337 34
338 34
339 34
340 35
341 35
342 35
343 35
344 35
345 35
346 35
347 35
348 35
349 35
350 36
351 36
352 36
353 36
354 36
355 36
356 36
357 36
358 36
359 36
360 37
361 37
362 37
363 37
364 37
365 37
366 37
367 37
368 37
369 37
370 38
371 38
372 38
373 38
374 38
375 38
376 38
377 38
378 38
379 38
380 39
381 39
382 39
383 39
384 39
385 39
386 39
387 39
388 39
389 39
390 40
391 40
392 40
393 40
394 40
395 40
396 40
397 40
398 40
399 40
400 41
401 41
402 41
403 41
404 41
405 41
406 41
407 41
408 41
409 41
410 42
411 42
412 42
413 42
414 42
415 42
416 42
417 42
418 42
419 42
420 43
421 43
422 43
423 43
424 43
425 43
426 43
427 43
428 43
429 43
430 44
431 44
432 44
433 44
434 44
435 44
436 44
437 44
438 44
439 44
440 45
441 45
442 45
443 45
444 45
445 45
446 45
447 45
448 45
449 45
450 46
451 46
452 46
453 46
454 46
455 46
456 46
457 46
458 46
459 46
460 47
461 47
462 47
463 47
464 47
465 47
466 47
467 47
468 47
469 47
470 48
471 48
472 48
473 48
474 48
475 48
476 48
477 48
478 48
479 48
480 49
481 49
482 49
483 49
484 49
485 49
486 49
487 49
488 49
489 49
490 50
491 50
492 50
493 50
494 50
495 50
496 50
497 50
498 50
499 50
500 51
501 51
502 51
503 51
504 51
505 51
506 51
507 51
508 51
509 51
510 52
511 52
512 52
513 52
514 52
515 52
516 52
517 52
518 52
519 52
520 53
521 53
522 53
523 53
524 53
525 53
526 53
527 53
528 53
529 53
530 54
531 54
532 54
533 54
534 54
535 54
536 54
537 54
538 54
539 54
540 55
541 55
542 55
543 55
544 55
545 55
546 55
547 55
548 55
549 55
550 56
551 56
552 56
553 56
554 56
555 56
556 56
557 56
558 56
559 56
560 57
561 57
562 57
563 57
564 57
565 57
566 57
567 57
568 57
569 57
570 58
571 58
572 58
573 58
574 58
575 58
576 58
577 58
578 58
579 58
580 59
581 59
582 59
583 59
584 59
585 59
586 59
587 59
588 59
589 59
590 60
591 60
592 60
593 60
594 60
595 60
596 60
597 60
598 60
599 60
600 61
601 61
602 61
603 61
604 61
605 61
606 61
607 61
608 61
609 61
610 62
611 62
612 62
613 62
614 62
615 62
616 62
617 62
618 62
619 62
620 63
621 63
622 63
623 63
624 63
625 63
626 63
627 63
628 63
629 63
630 64
631 64
632 64
633 64
634 64
635 64
636 64
637 64
638 64
639 64
640 65
641 65
642 65
643 65
644 65
645 65
646 65
647 65
648 65
649 65
650 66
651 66
652 66
653 66
654 66
655 66
656 66
657 66
658 66
659 66
660 67
661 67
662 67
663 67
664 67
665 67
666 67
667 67
668 67
669 67
670 68
671 68
672 68
673 68
674 68
675 68
676 68
677 68
678 68
679 68
680 69
681 69
682 69
683 69
684 69
685 69
686 69
687 69
688 69
689 69
690 70
691 70
692 70
693 70
694 70
695 70
696 70
697 70
698 70
699 70
700 71
701 71
702 71
703 71
704 71
705 71
706 71
707 71
708 71
709 71
710 72
711 72
712 72
713 72
714 72
715 72
716 72
717 72
718 72
719 72
720 73
721 73
722 73
723 73
724 73
725 73
726 73
727 73
728 73
729 73
730 74
731 74
732 74
733 74
734 74
735 74
736 74
737 74
738 74
739 74
740 75
741 75
742 75
743 75
744 75
745 75
746 75
747 75
748 75
749 75
750 0
751 0
752 0
753 0
754 0
755 0
756 0
757 0
758 0
759 0
760 0
761 0
762 0
763 0
764 0
765 0
766 0
767 0
768 0
769 0
770 76
771 76
772 76
773 76
774 76
775 76
776 76
777 76
778 76
779 76
780 77
781 77
782 77
783 77
784 77
785 77
786 77
787 77
788 77
789 77
790 78
791 78
792 78
793 78
794 78
795 78
796 78
797 78
798 78
799 78
800 79
801 79
802 79
803 79
804 79
805 79
806 79
807 79
808 79
809 79
810 80
811 80
812 80
813 80
814 80
815 80
816 80
817 80
818 80
819 80
820 81
821 81
822 81
823 81
824 81
825 81
826 81
827 81
828 81
829 81
830 82
831 82
832 82
833 82
834 82
835 82
836 82
837 82
838 82
839 82
840 83
841 83
842 83
843 83
844 83
845 83
846 83
847 83
848 83
849 83
850 84
851 84
852 84
853 84
854 84
855 84
856 84
857 84
858 84
859 84
860 85
861 85
862 85
863 85
864 85
865 85
866 85
867 85
868 85
869 85
870 86
871 86
872 86
873 86
874 86
875 86
876 86
877 86
878 86
879 86
880 87
881 87
882 87
883 87
884 87
885 87
886 87
887 87
888 87
889 87
890 88
891 88
892 88
893 88
894 88
895 88
896 88
897 88
898 88
899 88
900 89
901 89
902 89
903 89
904 89
905 89
906 89
907 89
908 89
909 89
910 90
911 90
912 90
913 90
914 90
915 90
916 90
917 90
918 90
919 90
920 91
921 91
922 91
923 91
924 91
925 91
926 91
927 91
928 91
929 91
930 92
931 92
932 92
933 92
934 92
935 92
936 92
937 92
938 92
939 92
940 93
941 93
942 93
943 93
944 93
945 93
946 93
947 93
948 93
949 93
950 94
951 94
952 94
953 94
954 94
955 94
956 94
957 94
958 94
959 94
960 95
961 95
962 95
963 95
964 95
965 95
966 95
967 95
968 95
969 95
970 96
971 96
972 96
973 96
974 96
975 96
976 96
977 96
978 96
979 96
980 97
981 97
982 97
983 97
984 97
985 97
986 97
987 97
988 97
989 97
990 98
991 98
992 98
993 98
994 98
995 98
996 98
997 98
998 98
999 98
