0 0
1 0
2 0
3 0
4 0
5 0
6 0
7 0
8 0
9 0
10 1
11 1
12 1
13 1
14 1
15 1
16 1
17 1
18 1
19 1
20 2
21 2
22 2
23 2
24 2
25 2
26 2
27 2
28 2
29 2
30 3
31 3
32 3
33 3
34 3
35 3
36 3
37 3
38 3
39 3
40 4
41 4
42 4
43 4
44 4
45 4
46 4
47 4
48 4
49 4
50 5
51 5
52 5
53 5
54 5
55 5
56 5
57 5
58 5
59 5
60 6
61 6
62 6
63 6
64 6
65 6
66 6
67 6
68 6
69 6
70 7
71 7
72 7
73 7
74 7
75 7
76 7
77 7
78 7
79 7
80 8
81 8
82 8
83 8
84 8
85 8
86 8
87 8
88 8
89 8
90 9
91 9
92 9
93 9
94 9
95 9
96 9
97 9
98 9
99 9
100 10
101 10
102 10
103 10
104 10
105 10
106 10
107 10
108 10
109 10
110 11
111 11
112 11
113 11
114 11
115 11
116 11
117 11
118 11
119 11
120 12
121 12
122 12
123 12
124 12
125 12
126 12
127 12
128 12
129 12
130 13
131 13
132 13
133 13
134 13
135 13
136 13
137 13
138 13
139 13
140 14
141 14
142 14
143 14
144 14
145 14
146 14
147 14
148 14
149 14
150 15
151 15
152 15
153 15
154 15
155 15
156 15
157 15
158 15
159 15
160 16
161 16
162 16
163 16
164 16
165 16
166 16
167 16
168 16
169 16
170 17
171 17
172 17
173 17
174 17
175 17
176 17
177 17
178 17
179 17
180 18
181 18
182 18
183 18
184 18
185 18
186 18
187 18
188 18
189 18
190 19
191 19
192 19
193 19
194 19
195 19
196 19
197 19
198 19
199 19
200 20
201 20
202 20
203 20
204 20
205 20
206 20
207 20
208 20
209 20
210 21
211 21
212 21
213 21
214 21
215 21
216 21
217 21
218 21
219 21
220 22
221 22
222 22
223 22
224 22
225 22
226 22
227 22
228 22
229 22
230 23
231 23
232 23
233 23
234 23
235 23
236 23
237 23
238 23
239 23
240 24
241 24
242 24
243 24
244 24
245 24
246 24
247 24
248 24
249 24
250 25
251 25
252 25
253 25
254 25
255 25
256 25
257 25
258 25
259 25
260 26
261 26
262 26
263 26
264 26
265 26
266 26
267 26
268 26
269 26
270 27
271 27
272 27
273 27
274 27
275 27
276 27
277 27
278 27
279 27
280 28
281 28
282 28
283 28
284 28
285 28
286 28
287 28
288 28
289 28
290 29
291 29
292 29
293 29
294 29
295 29
296 29
297 29
298 29
299 29
300 30
301 30
302 30
303 30
304 30
305 30
306 30
307 30
308 30
309 30
310 31
311 31
312 31
313 31
314 31
315 31
316 31
317 31
318 31
319 31
320 32
321 32
322 32
323 32
324 32
325 32
326 32
327 32
328 32
329 32
330 33
331 33
332 33
333 33
334 33
335 33
336 33
337 33
338 33
339 33
340 34
341 34
342 34
343 34
344 34
345 34
346 34
347 34
348 34
349 34
350 35
351 35
352 35
353 35
354 35
355 35
356 35
357 35
358 35
359 35
360 36
361 36
362 36
363 36
364 36
365 36
366 36
367 36
368 36
369 36
370 37
371 37
372 37
373 37
374 37
375 37
376 37
377 37
378 37
379 37
380 38
381 38
382 38
383 38
384 38
385 38
386 38
387 38
388 38
389 38
390 39
391 39
392 39
393 39
394 39
395 39
396 39
397 39
398 39
399 39
400 40
401 40
402 40
403 40
404 40
405 40
406 40
407 40
408 40
409 40
410 41
411 41
412 41
413 41
414 41
415 41
416 41
417 41
418 41
419 41
420 42
421 42
422 42
423 42
424 42
425 42
426 42
427 42
428 42
429 42
430 43
431 43
432 43
433 43
434 43
435 43
436 43
437 43
438 43
439 43
440 44
441 44
442 44
443 44
444 44
445 44
446 44
447 44
448 44
449 44
450 45
451 45
452 45
453 45
454 45
455 45
456 45
457 45
458 45
459 45
460 5
461 5
462 5
463 5
464 5
465 5
466 5
467 5
468 5
469 5
470 46
471 46
472 46
473 46
474 46
475 46
476 46
477 46
478 46
479 46
480 47
481 47
482 47
483 47
484 47
485 47
486 47
487 47
488 47
489 47
490 48
491 48
492 48
493 48
494 48
495 48
496 48
497 48
498 48
499 48
500 25
501 25
502 25
503 25
504 25
505 25
506 25
507 25
508 25
509 25
510 49
511 49
512 49
513 49
514 49
515 49
516 49
517 49
518 49
519 49
520 50
521 50
522 50
523 50
524 50
525 50
526 50
527 50
528 50
529 50
530 28
531 28
532 28
533 28
534 28
535 28
536 28
537 28
538 28
539 28
540 51
541 51
542 51
543 51
544 51
545 51
546 51
547 51
548 51
549 51
550 52
551 52
552 52
553 52
554 52
555 52
556 52
557 52
558 52
559 52
560 53
561 53
562 53
563 53
564 53
565 53
566 53
567 53
568 53
569 53
570 54
571 54
572 54
573 54
574 54
575 54
576 54
577 54
578 54
579 54
580 55
581 55
582 55
583 55
584 55
585 55
586 55
587 55
588 55
589 55
590 56
591 56
592 56
593 56
594 56
595 56
596 56
597 56
598 56
599 56
600 57
601 57
602 57
603 57
604 57
605 57
606 57
607 57
608 57
609 57
610 25
611 25
612 25
613 25
614 25
615 25
616 25
617 25
618 25
619 25
620 20
621 20
622 20
623 20
624 20
625 20
626 20
627 20
628 20
629 20
630 14
631 14
632 14
633 14
634 14
635 14
636 14
637 14
638 14
639 14
640 58
641 58
642 58
643 58
644 58
645 58
646 58
647 58
648 58
649 58
650 59
651 59
652 59
653 59
654 59
655 59
656 59
657 59
658 59
659 59
660 60
661 60
662 60
663 60
664 60
665 60
666 60
667 60
668 60
669 60
670 61
671 61
672 61
673 61
674 61
675 61
676 61
677 61
678 61
679 61
680 0
681 0
682 0
683 0
684 0
685 0
686 0
687 0
688 0
689 0
690 62
691 62
692 62
693 62
694 62
695 62
696 62
697 62
698 62
699 62
700 63
701 63
702 63
703 63
704 63
705 63
706 63
707 63
708 63
709 63
710 59
711 59
712 59
713 59
714 59
715 59
716 59
717 59
718 59
719 59
720 42
721 42
722 42
723 42
724 42
725 42
726 42
727 42
728 42
729 42
730 22
731 22
732 22
733 22
734 22
735 22
736 22
737 22
738 22
739 22
740 64
741 64
742 64
743 64
744 64
745 64
746 64
747 64
748 64
749 64
750 18
751 18
752 18
753 18
754 18
755 18
756 18
757 18
758 18
759 18
760 65
761 65
762 65
763 65
764 65
765 65
766 65
767 65
768 65
769 65
770 66
771 66
772 66
773 66
774 66
775 66
776 66
777 66
778 66
779 66
780 67
781 67
782 67
783 67
784 67
785 67
786 67
787 67
788 67
789 67
790 12
791 12
792 12
793 12
794 12
795 12
796 12
797 12
798 12
799 12
800 68
801 68
802 68
803 68
804 68
805 68
806 68
807 68
808 68
809 68
810 69
811 69
812 69
813 69
814 69
815 69
816 69
817 69
818 69
819 69
820 70
821 70
822 70
823 70
824 70
825 70
826 70
827 70
828 70
829 70
830 71
831 71
832 71
833 71
834 71
835 71
836 71
837 71
838 71
839 71
840 72
841 72
842 72
843 72
844 72
845 72
846 72
847 72
848 72
849 72
850 73
851 73
852 73
853 73
854 73
855 73
856 73
857 73
858 73
859 73
860 45
861 45
862 45
863 45
864 45
865 45
866 45
867 45
868 45
869 45
870 74
871 74
872 74
873 74
874 74
875 74
876 74
877 74
878 74
879 74
880 30
881 30
882 30
883 30
884 30
885 30
886 30
887 30
888 30
889 30
890 51
891 51
892 51
893 51
894 51
895 51
896 51
897 51
898 51
899 51
900 16
901 16
902 16
903 16
904 16
905 16
906 16
907 16
908 16
909 16
910 75
911 75
912 75
913 75
914 75
915 75
916 75
917 75
918 75
919 75
920 76
921 76
922 76
923 76
924 76
925 76
926 76
927 76
928 76
929 76
930 77
931 77
932 77
933 77
934 77
935 77
936 77
937 77
938 77
939 77
940 78
941 78
942 78
943 78
944 78
945 78
946 78
947 78
948 78
949 78
950 79
951 79
952 79
953 79
954 79
955 79
956 79
957 79
958 79
959 79
960 80
961 80
962 80
963 80
964 80
965 80
966 80
967 80
968 80
969 80
970 81
971 81
972 81
973 81
974 81
975 81
976 81
977 81
978 81
979 81
980 74
981 74
982 74
983 74
984 74
985 74
986 74
987 74
988 74
989 74
990 18
991 18
992 18
993 18
994 18
995 18
996 18
997 18
998 18
999 18
1000 14
1001 14
1002 14
1003 14
1004 14
1005 14
1006 14
1007 14
1008 14
1009 14
1010 52
1011 52
1012 52
1013 52
1014 52
1015 52
1016 52
1017 52
1018 52
1019 52
1020 19
1021 19
1022 19
1023 19
1024 19
1025 19
1026 19
1027 19
1028 19
1029 19
1030 3
1031 3
1032 3
1033 3
1034 3
1035 3
1036 3
1037 3
1038 3
1039 3
1040 82
1041 82
1042 82
1043 82
1044 82
1045 82
1046 82
1047 82
1048 82
1049 82
1050 83
1051 83
1052 83
1053 83
1054 83
1055 83
1056 83
1057 83
1058 83
1059 83
1060 84
1061 84
1062 84
1063 84
1064 84
1065 84
1066 84
1067 84
1068 84
1069 84
1070 73
1071 73
1072 73
1073 73
1074 73
1075 73
1076 73
1077 73
1078 73
1079 73
1080 85
1081 85
1082 85
1083 85
1084 85
1085 85
1086 85
1087 85
1088 85
1089 85
1090 15
1091 15
1092 15
1093 15
1094 15
1095 15
1096 15
1097 15
1098 15
1099 15
1100 79
1101 79
1102 79
1103 79
1104 79
1105 79
1106 79
1107 79
1108 79
1109 79
1110 29
1111 29
1112 29
1113 29
1114 29
1115 29
1116 29
1117 29
1118 29
1119 29
1120 86
1121 86
1122 86
1123 86
1124 86
1125 86
1126 86
1127 86
1128 86
1129 86
1130 76
1131 76
1132 76
1133 76
1134 76
1135 76
1136 76
1137 76
1138 76
1139 76
1140 80
1141 80
1142 80
1143 80
1144 80
1145 80
1146 80
1147 80
1148 80
1149 80
1150 77
1151 77
1152 77
1153 77
1154 77
1155 77
1156 77
1157 77
1158 77
1159 77
1160 87
1161 87
1162 87
1163 87
1164 87
1165 87
1166 87
1167 87
1168 87
1169 87
1170 48
1171 48
1172 48
1173 48
1174 48
1175 48
1176 48
1177 48
1178 48
1179 48
1180 88
1181 88
1182 88
1183 88
1184 88
1185 88
1186 88
1187 88
1188 88
1189 88
1190 0
1191 0
1192 0
1193 0
1194 0
1195 0
1196 0
1197 0
1198 0
1199 0
1200 89
1201 89
1202 89
1203 89
1204 89
1205 89
1206 89
1207 89
1208 89
1209 89
1210 90
1211 90
1212 90
1213 90
1214 90
1215 90
1216 90
1217 90
1218 90
1219 90
1220 91
1221 91
1222 91
1223 91
1224 91
1225 91
1226 91
1227 91
1228 91
1229 91
1230 92
1231 92
1232 92
1233 92
1234 92
1235 92
1236 92
1237 92
1238 92
1239 92
1240 78
1241 78
1242 78
1243 78
1244 78
1245 78
1246 78
1247 78
1248 78
1249 78
1250 93
1251 93
1252 93
1253 93
1254 93
1255 93
1256 93
1257 93
1258 93
1259 93
1260 94
1261 94
1262 94
1263 94
1264 94
1265 94
1266 94
1267 94
1268 94
1269 94
1270 95
1271 95
1272 95
1273 95
1274 95
1275 95
1276 95
1277 95
1278 95
1279 95
1280 59
1281 59
1282 59
1283 59
1284 59
1285 59
1286 59
1287 59
1288 59
1289 59
1290 85
1291 85
1292 85
1293 85
1294 85
1295 85
1296 85
1297 85
1298 85
1299 85
1300 26
1301 26
1302 26
1303 26
1304 26
1305 26
1306 26
1307 26
1308 26
1309 26
1310 79
1311 79
1312 79
1313 79
1314 79
1315 79
1316 79
1317 79
1318 79
1319 79
1320 96
1321 96
1322 96
1323 96
1324 96
1325 96
1326 96
1327 96
1328 96
1329 96
1330 40
1331 40
1332 40
1333 40
1334 40
1335 40
1336 40
1337 40
1338 40
1339 40
1340 97
1341 97
1342 97
1343 97
1344 97
1345 97
1346 97
1347 97
1348 97
1349 97
1350 98
1351 98
1352 98
1353 98
1354 98
1355 98
1356 98
1357 98
1358 98
1359 98
1360 99
1361 99
1362 99
1363 99
1364 99
1365 99
1366 99
1367 99
1368 99
1369 99
1370 100
1371 100
1372 100
1373 100
1374 100
1375 100
1376 100
1377 100
1378 100
1379 100
1380 80
1381 80
1382 80
1383 80
1384 80
1385 80
1386 80
1387 80
1388 80
1389 80
1390 101
1391 101
1392 101
1393 101
1394 101
1395 101
1396 101
1397 101
1398 101
1399 101
1400 60
1401 60
1402 60
1403 60
1404 60
1405 60
1406 60
1407 60
1408 60
1409 60
1410 102
1411 102
1412 102
1413 102
1414 102
1415 102
1416 102
1417 102
1418 102
1419 102
1420 35
1421 35
1422 35
1423 35
1424 35
1425 35
1426 35
1427 35
1428 35
1429 35
1430 43
1431 43
1432 43
1433 43
1434 43
1435 43
1436 43
1437 43
1438 43
1439 43
1440 52
1441 52
1442 52
1443 52
1444 52
1445 52
1446 52
1447 52
1448 52
1449 52
1450 28
1451 28
1452 28
1453 28
1454 28
1455 28
1456 28
1457 28
1458 28
1459 28
1460 38
1461 38
1462 38
1463 38
1464 38
1465 38
1466 38
1467 38
1468 38
1469 38
1470 37
1471 37
1472 37
1473 37
1474 37
1475 37
1476 37
1477 37
1478 37
1479 37
1480 93
1481 93
1482 93
1483 93
1484 93
1485 93
1486 93
1487 93
1488 93
1489 93
1490 83
1491 83
1492 83
1493 83
1494 83
1495 83
1496 83
1497 83
1498 83
1499 83
1500 103
1501 103
1502 103
1503 103
1504 103
1505 103
1506 103
1507 103
1508 103
1509 103
1510 104
1511 104
1512 104
1513 104
1514 104
1515 104
1516 104
1517 104
1518 104
1519 104
1520 105
1521 105
1522 105
1523 105
1524 105
1525 105
1526 105
1527 105
1528 105
1529 105
1530 106
1531 106
1532 106
1533 106
1534 106
1535 106
1536 106
1537 106
1538 106
1539 106
1540 107
1541 107
1542 107
1543 107
1544 107
1545 107
1546 107
1547 107
1548 107
1549 107
1550 48
1551 48
1552 48
1553 48
1554 48
1555 48
1556 48
1557 48
1558 48
1559 48
1560 108
1561 108
1562 108
1563 108
1564 108
1565 108
1566 108
1567 108
1568 108
1569 108
1570 109
1571 109
1572 109
1573 109
1574 109
1575 109
1576 109
1577 109
1578 109
1579 109
1580 95
1581 95
1582 95
1583 95
1584 95
1585 95
1586 95
1587 95
1588 95
1589 95
1590 104
1591 104
1592 104
1593 104
1594 104
1595 104
1596 104
1597 104
1598 104
1599 104
1600 110
1601 110
1602 110
1603 110
1604 110
1605 110
1606 110
1607 110
1608 110
1609 110
1610 111
1611 111
1612 111
1613 111
1614 111
1615 111
1616 111
1617 111
1618 111
1619 111
1620 112
1621 112
1622 112
1623 112
1624 112
1625 112
1626 112
1627 112
1628 112
1629 112
1630 113
1631 113
1632 113
1633 113
1634 113
1635 113
1636 113
1637 113
1638 113
1639 113
1640 61
1641 61
1642 61
1643 61
1644 61
1645 61
1646 61
1647 61
1648 61
1649 61
1650 99
1651 99
1652 99
1653 99
1654 99
1655 99
1656 99
1657 99
1658 99
1659 99
1660 112
1661 112
1662 112
1663 112
1664 112
1665 112
1666 112
1667 112
1668 112
1669 112
1670 114
1671 114
1672 114
1673 114
1674 114
1675 114
1676 114
1677 114
1678 114
1679 114
1680 115
1681 115
1682 115
1683 115
1684 115
1685 115
1686 115
1687 115
1688 115
1689 115
1690 116
1691 116
1692 116
1693 116
1694 116
1695 116
1696 116
1697 116
1698 116
1699 116
1700 117
1701 117
1702 117
1703 117
1704 117
1705 117
1706 117
1707 117
1708 117
1709 117
1710 118
1711 118
1712 118
1713 118
1714 118
1715 118
1716 118
1717 118
1718 118
1719 118
1720 119
1721 119
1722 119
1723 119
1724 119
1725 119
1726 119
1727 119
1728 119
1729 119
1730 43
1731 43
1732 43
1733 43
1734 43
1735 43
1736 43
1737 43
1738 43
1739 43
1740 120
1741 120
1742 120
1743 120
1744 120
1745 120
1746 120
1747 120
1748 120
1749 120
1750 35
1751 35
1752 35
1753 35
1754 35
1755 35
1756 35
1757 35
1758 35
1759 35
1760 121
1761 121
1762 121
1763 121
1764 121
1765 121
1766 121
1767 121
1768 121
1769 121
1770 66
1771 66
1772 66
1773 66
1774 66
1775 66
1776 66
1777 66
1778 66
1779 66
1780 2
1781 2
1782 2
1783 2
1784 2
1785 2
1786 2
1787 2
1788 2
1789 2
1790 101
1791 101
1792 101
1793 101
1794 101
1795 101
1796 101
1797 101
1798 101
1799 101
1800 122
1801 122
1802 122
1803 122
1804 122
1805 122
1806 122
1807 122
1808 122
1809 122
1810 61
1811 61
1812 61
1813 61
1814 61
1815 61
1816 61
1817 61
1818 61
1819 61
1820 111
1821 111
1822 111
1823 111
1824 111
1825 111
1826 111
1827 111
1828 111
1829 111
1830 83
1831 83
1832 83
1833 83
1834 83
1835 83
1836 83
1837 83
1838 83
1839 83
1840 33
1841 33
1842 33
1843 33
1844 33
1845 33
1846 33
1847 33
1848 33
1849 33
1850 94
1851 94
1852 94
1853 94
1854 94
1855 94
1856 94
1857 94
1858 94
1859 94
1860 23
1861 23
1862 23
1863 23
1864 23
1865 23
1866 23
1867 23
1868 23
1869 23
1870 123
1871 123
1872 123
1873 123
1874 123
1875 123
1876 123
1877 123
1878 123
1879 123
1880 124
1881 124
1882 124
1883 124
1884 124
1885 124
1886 124
1887 124
1888 124
1889 124
1890 125
1891 125
1892 125
1893 125
1894 125
1895 125
1896 125
1897 125
1898 125
1899 125
1900 68
1901 68
1902 68
1903 68
1904 68
1905 68
1906 68
1907 68
1908 68
1909 68
1910 126
1911 126
1912 126
1913 126
1914 126
1915 126
1916 126
1917 126
1918 126
1919 126
1920 127
1921 127
1922 127
1923 127
1924 127
1925 127
1926 127
1927 127
1928 127
1929 127
1930 128
1931 128
1932 128
1933 128
1934 128
1935 128
1936 128
1937 128
1938 128
1939 128
1940 97
1941 97
1942 97
1943 97
1944 97
1945 97
1946 97
1947 97
1948 97
1949 97
1950 100
1951 100
1952 100
1953 100
1954 100
1955 100
1956 100
1957 100
1958 100
1959 100
1960 129
1961 129
1962 129
1963 129
1964 129
1965 129
1966 129
1967 129
1968 129
1969 129
1970 130
1971 130
1972 130
1973 130
1974 130
1975 130
1976 130
1977 130
1978 130
1979 130
1980 131
1981 131
1982 131
1983 131
1984 131
1985 131
1986 131
1987 131
1988 131
1989 131
1990 132
1991 132
1992 132
1993 132
1994 132
1995 132
1996 132
1997 132
1998 132
1999 132
2000 2
2001 2
2002 2
2003 2
2004 2
2005 2
2006 2
2007 2
2008 2
2009 2
2010 34
2011 34
2012 34
2013 34
2014 34
2015 34
2016 34
2017 34
2018 34
2019 34
2020 84
2021 84
2022 84
2023 84
2024 84
2025 84
2026 84
2027 84
2028 84
2029 84
2030 133
2031 133
2032 133
2033 133
2034 133
2035 133
2036 133
2037 133
2038 133
2039 133
2040 124
2041 124
2042 124
2043 124
2044 124
2045 124
2046 124
2047 124
2048 124
2049 124
2050 134
2051 134
2052 134
2053 134
2054 134
2055 134
2056 134
2057 134
2058 134
2059 134
2060 29
2061 29
2062 29
2063 29
2064 29
2065 29
2066 29
2067 29
2068 29
2069 29
2070 134
2071 134
2072 134
2073 134
2074 134
2075 134
2076 134
2077 134
2078 134
2079 134
2080 135
2081 135
2082 135
2083 135
2084 135
2085 135
2086 135
2087 135
2088 135
2089 135
2090 31
2091 31
2092 31
2093 31
2094 31
2095 31
2096 31
2097 31
2098 31
2099 31
2100 136
2101 136
2102 136
2103 136
2104 136
2105 136
2106 136
2107 136
2108 136
2109 136
2110 137
2111 137
2112 137
2113 137
2114 137
2115 137
2116 137
2117 137
2118 137
2119 137
2120 138
2121 138
2122 138
2123 138
2124 138
2125 138
2126 138
2127 138
2128 138
2129 138
2130 135
2131 135
2132 135
2133 135
2134 135
2135 135
2136 135
2137 135
2138 135
2139 135
2140 93
2141 93
2142 93
2143 93
2144 93
2145 93
2146 93
2147 93
2148 93
2149 93
2150 139
2151 139
2152 139
2153 139
2154 139
2155 139
2156 139
2157 139
2158 139
2159 139
2160 140
2161 140
2162 140
2163 140
2164 140
2165 140
2166 140
2167 140
2168 140
2169 140
2170 126
2171 126
2172 126
2173 126
2174 126
2175 126
2176 126
2177 126
2178 126
2179 126
2180 10
2181 10
2182 10
2183 10
2184 10
2185 10
2186 10
2187 10
2188 10
2189 10
2190 141
2191 141
2192 141
2193 141
2194 141
2195 141
2196 141
2197 141
2198 141
2199 141
2200 142
2201 142
2202 142
2203 142
2204 142
2205 142
2206 142
2207 142
2208 142
2209 142
2210 118
2211 118
2212 118
2213 118
2214 118
2215 118
2216 118
2217 118
2218 118
2219 118
2220 38
2221 38
2222 38
2223 38
2224 38
2225 38
2226 38
2227 38
2228 38
2229 38
2230 143
2231 143
2232 143
2233 143
2234 143
2235 143
2236 143
2237 143
2238 143
2239 143
2240 119
2241 119
2242 119
2243 119
2244 119
2245 119
2246 119
2247 119
2248 119
2249 119
2250 23
2251 23
2252 23
2253 23
2254 23
2255 23
2256 23
2257 23
2258 23
2259 23
2260 37
2261 37
2262 37
2263 37
2264 37
2265 37
2266 37
2267 37
2268 37
2269 37
2270 144
2271 144
2272 144
2273 144
2274 144
2275 144
2276 144
2277 144
2278 144
2279 144
2280 80
2281 80
2282 80
2283 80
2284 80
2285 80
2286 80
2287 80
2288 80
2289 80
2290 45
2291 45
2292 45
2293 45
2294 45
2295 45
2296 45
2297 45
2298 45
2299 45
2300 145
2301 145
2302 145
2303 145
2304 145
2305 145
2306 145
2307 145
2308 145
2309 145
2310 146
2311 146
2312 146
2313 146
2314 146
2315 146
2316 146
2317 146
2318 146
2319 146
2320 143
2321 143
2322 143
2323 143
2324 143
2325 143
2326 143
2327 143
2328 143
2329 143
2330 37
2331 37
2332 37
2333 37
2334 37
2335 37
2336 37
2337 37
2338 37
2339 37
2340 129
2341 129
2342 129
2343 129
2344 129
2345 129
2346 129
2347 129
2348 129
2349 129
2350 147
2351 147
2352 147
2353 147
2354 147
2355 147
2356 147
2357 147
2358 147
2359 147
2360 73
2361 73
2362 73
2363 73
2364 73
2365 73
2366 73
2367 73
2368 73
2369 73
2370 148
2371 148
2372 148
2373 148
2374 148
2375 148
2376 148
2377 148
2378 148
2379 148
2380 81
2381 81
2382 81
2383 81
2384 81
2385 81
2386 81
2387 81
2388 81
2389 81
2390 114
2391 114
2392 114
2393 114
2394 114
2395 114
2396 114
2397 114
2398 114
2399 114
2400 149
2401 149
2402 149
2403 149
2404 149
2405 149
2406 149
2407 149
2408 149
2409 149
2410 86
2411 86
2412 86
2413 86
2414 86
2415 86
2416 86
2417 86
2418 86
2419 86
2420 1
2421 1
2422 1
2423 1
2424 1
2425 1
2426 1
2427 1
2428 1
2429 1
2430 150
2431 150
2432 150
2433 150
2434 150
2435 150
2436 150
2437 150
2438 150
2439 150
2440 151
2441 151
2442 151
2443 151
2444 151
2445 151
2446 151
2447 151
2448 151
2449 151
2450 12
2451 12
2452 12
2453 12
2454 12
2455 12
2456 12
2457 12
2458 12
2459 12
2460 136
2461 136
2462 136
2463 136
2464 136
2465 136
2466 136
2467 136
2468 136
2469 136
2470 108
2471 108
2472 108
2473 108
2474 108
2475 108
2476 108
2477 108
2478 108
2479 108
2480 126
2481 126
2482 126
2483 126
2484 126
2485 126
2486 126
2487 126
2488 126
2489 126
2490 152
2491 152
2492 152
2493 152
2494 152
2495 152
2496 152
2497 152
2498 152
2499 152
2500 16
2501 16
2502 16
2503 16
2504 16
2505 16
2506 16
2507 16
2508 16
2509 16
2510 54
2511 54
2512 54
2513 54
2514 54
2515 54
2516 54
2517 54
2518 54
2519 54
2520 50
2521 50
2522 50
2523 50
2524 50
2525 50
2526 50
2527 50
2528 50
2529 50
2530 153
2531 153
2532 153
2533 153
2534 153
2535 153
2536 153
2537 153
2538 153
2539 153
2540 154
2541 154
2542 154
2543 154
2544 154
2545 154
2546 154
2547 154
2548 154
2549 154
2550 155
2551 155
2552 155
2553 155
2554 155
2555 155
2556 155
2557 155
2558 155
2559 155
2560 146
2561 146
2562 146
2563 146
2564 146
2565 146
2566 146
2567 146
2568 146
2569 146
2570 13
2571 13
2572 13
2573 13
2574 13
2575 13
2576 13
2577 13
2578 13
2579 13
2580 65
2581 65
2582 65
2583 65
2584 65
2585 65
2586 65
2587 65
2588 65
2589 65
2590 105
2591 105
2592 105
2593 105
2594 105
2595 105
2596 105
2597 105
2598 105
2599 105
2600 156
2601 156
2602 156
2603 156
2604 156
2605 156
2606 156
2607 156
2608 156
2609 156
2610 157
2611 157
2612 157
2613 157
2614 157
2615 157
2616 157
2617 157
2618 157
2619 157
2620 152
2621 152
2622 152
2623 152
2624 152
2625 152
2626 152
2627 152
2628 152
2629 152
2630 6
2631 6
2632 6
2633 6
2634 6
2635 6
2636 6
2637 6
2638 6
2639 6
2640 158
2641 158
2642 158
2643 158
2644 158
2645 158
2646 158
2647 158
2648 158
2649 158
2650 53
2651 53
2652 53
2653 53
2654 53
2655 53
2656 53
2657 53
2658 53
2659 53
2660 146
2661 146
2662 146
2663 146
2664 146
2665 146
2666 146
2667 146
2668 146
2669 146
2670 3
2671 3
2672 3
2673 3
2674 3
2675 3
2676 3
2677 3
2678 3
2679 3
2680 78
2681 78
2682 78
2683 78
2684 78
2685 78
2686 78
2687 78
2688 78
2689 78
2690 33
2691 33
2692 33
2693 33
2694 33
2695 33
2696 33
2697 33
2698 33
2699 33
2700 41
2701 41
2702 41
2703 41
2704 41
2705 41
2706 41
2707 41
2708 41
2709 41
2710 75
2711 75
2712 75
2713 75
2714 75
2715 75
2716 75
2717 75
2718 75
2719 75
2720 64
2721 64
2722 64
2723 64
2724 64
2725 64
2726 64
2727 64
2728 64
2729 64
2730 94
2731 94
2732 94
2733 94
2734 94
2735 94
2736 94
2737 94
2738 94
2739 94
2740 96
2741 96
2742 96
2743 96
2744 96
2745 96
2746 96
2747 96
2748 96
2749 96
2750 159
2751 159
2752 159
2753 159
2754 159
2755 159
2756 159
2757 159
2758 159
2759 159
2760 160
2761 160
2762 160
2763 160
2764 160
2765 160
2766 160
2767 160
2768 160
2769 160
2770 79
2771 79
2772 79
2773 79
2774 79
2775 79
2776 79
2777 79
2778 79
2779 79
2780 122
2781 122
2782 122
2783 122
2784 122
2785 122
2786 122
2787 122
2788 122
2789 122
2790 155
2791 155
2792 155
2793 155
2794 155
2795 155
2796 155
2797 155
2798 155
2799 155
2800 161
2801 161
2802 161
2803 161
2804 161
2805 161
2806 161
2807 161
2808 161
2809 161
2810 148
2811 148
2812 148
2813 148
2814 148
2815 148
2816 148
2817 148
2818 148
2819 148
2820 162
2821 162
2822 162
2823 162
2824 162
2825 162
2826 162
2827 162
2828 162
2829 162
2830 57
2831 57
2832 57
2833 57
2834 57
2835 57
2836 57
2837 57
2838 57
2839 57
2840 163
2841 163
2842 163
2843 163
2844 163
2845 163
2846 163
2847 163
2848 163
2849 163
2850 164
2851 164
2852 164
2853 164
2854 164
2855 164
2856 164
2857 164
2858 164
2859 164
2860 127
2861 127
2862 127
2863 127
2864 127
2865 127
2866 127
2867 127
2868 127
2869 127
2870 141
2871 141
2872 141
2873 141
2874 141
2875 141
2876 141
2877 141
2878 141
2879 141
2880 128
2881 128
2882 128
2883 128
2884 128
2885 128
2886 128
2887 128
2888 128
2889 128
2890 123
2891 123
2892 123
2893 123
2894 123
2895 123
2896 123
2897 123
2898 123
2899 123
2900 89
2901 89
2902 89
2903 89
2904 89
2905 89
2906 89
2907 89
2908 89
2909 89
2910 9
2911 9
2912 9
2913 9
2914 9
2915 9
2916 9
2917 9
2918 9
2919 9
2920 100
2921 100
2922 100
2923 100
2924 100
2925 100
2926 100
2927 100
2928 100
2929 100
2930 165
2931 165
2932 165
2933 165
2934 165
2935 165
2936 165
2937 165
2938 165
2939 165
2940 166
2941 166
2942 166
2943 166
2944 166
2945 166
2946 166
2947 166
2948 166
2949 166
2950 0
2951 0
2952 0
2953 0
2954 0
2955 0
2956 0
2957 0
2958 0
2959 0
2960 88
2961 88
2962 88
2963 88
2964 88
2965 88
2966 88
2967 88
2968 88
2969 88
2970 34
2971 34
2972 34
2973 34
2974 34
2975 34
2976 34
2977 34
2978 34
2979 34
2980 60
2981 60
2982 60
2983 60
2984 60
2985 60
2986 60
2987 60
2988 60
2989 60
2990 98
2991 98
2992 98
2993 98
2994 98
2995 98
2996 98
2997 98
2998 98
2999 98
3000 166
3001 166
3002 166
3003 166
3004 166
3005 166
3006 166
3007 166
3008 166
3009 166
3010 137
3011 137
3012 137
3013 137
3014 137
3015 137
3016 137
3017 137
3018 137
3019 137
3020 131
3021 131
3022 131
3023 131
3024 131
3025 131
3026 131
3027 131
3028 131
3029 131
3030 167
3031 167
3032 167
3033 167
3034 167
3035 167
3036 167
3037 167
3038 167
3039 167
3040 69
3041 69
3042 69
3043 69
3044 69
3045 69
3046 69
3047 69
3048 69
3049 69
3050 167
3051 167
3052 167
3053 167
3054 167
3055 167
3056 167
3057 167
3058 167
3059 167
3060 73
3061 73
3062 73
3063 73
3064 73
3065 73
3066 73
3067 73
3068 73
3069 73
3070 100
3071 100
3072 100
3073 100
3074 100
3075 100
3076 100
3077 100
3078 100
3079 100
3080 117
3081 117
3082 117
3083 117
3084 117
3085 117
3086 117
3087 117
3088 117
3089 117
3090 168
3091 168
3092 168
3093 168
3094 168
3095 168
3096 168
3097 168
3098 168
3099 168
3100 169
3101 169
3102 169
3103 169
3104 169
3105 169
3106 169
3107 169
3108 169
3109 169
3110 83
3111 83
3112 83
3113 83
3114 83
3115 83
3116 83
3117 83
3118 83
3119 83
3120 113
3121 113
3122 113
3123 113
3124 113
3125 113
3126 113
3127 113
3128 113
3129 113
3130 157
3131 157
3132 157
3133 157
3134 157
3135 157
3136 157
3137 157
3138 157
3139 157
3140 46
3141 46
3142 46
3143 46
3144 46
3145 46
3146 46
3147 46
3148 46
3149 46
3150 138
3151 138
3152 138
3153 138
3154 138
3155 138
3156 138
3157 138
3158 138
3159 138
3160 32
3161 32
3162 32
3163 32
3164 32
3165 32
3166 32
3167 32
3168 32
3169 32
3170 170
3171 170
3172 170
3173 170
3174 170
3175 170
3176 170
3177 170
3178 170
3179 170
3180 49
3181 49
3182 49
3183 49
3184 49
3185 49
3186 49
3187 49
3188 49
3189 49
3190 171
3191 171
3192 171
3193 171
3194 171
3195 171
3196 171
3197 171
3198 171
3199 171
3200 50
3201 50
3202 50
3203 50
3204 50
3205 50
3206 50
3207 50
3208 50
3209 50
3210 172
3211 172
3212 172
3213 172
3214 172
3215 172
3216 172
3217 172
3218 172
3219 172
3220 132
3221 132
3222 132
3223 132
3224 132
3225 132
3226 132
3227 132
3228 132
3229 132
3230 163
3231 163
3232 163
3233 163
3234 163
3235 163
3236 163
3237 163
3238 163
3239 163
3240 71
3241 71
3242 71
3243 71
3244 71
3245 71
3246 71
3247 71
3248 71
3249 71
3250 86
3251 86
3252 86
3253 86
3254 86
3255 86
3256 86
3257 86
3258 86
3259 86
3260 5
3261 5
3262 5
3263 5
3264 5
3265 5
3266 5
3267 5
3268 5
3269 5
3270 102
3271 102
3272 102
3273 102
3274 102
3275 102
3276 102
3277 102
3278 102
3279 102
3280 66
3281 66
3282 66
3283 66
3284 66
3285 66
3286 66
3287 66
3288 66
3289 66
3290 142
3291 142
3292 142
3293 142
3294 142
3295 142
3296 142
3297 142
3298 142
3299 142
3300 87
3301 87
3302 87
3303 87
3304 87
3305 87
3306 87
3307 87
3308 87
3309 87
3310 154
3311 154
3312 154
3313 154
3314 154
3315 154
3316 154
3317 154
3318 154
3319 154
3320 44
3321 44
3322 44
3323 44
3324 44
3325 44
3326 44
3327 44
3328 44
3329 44
3330 173
3331 173
3332 173
3333 173
3334 173
3335 173
3336 173
3337 173
3338 173
3339 173
3340 74
3341 74
3342 74
3343 74
3344 74
3345 74
3346 74
3347 74
3348 74
3349 74
3350 174
3351 174
3352 174
3353 174
3354 174
3355 174
3356 174
3357 174
3358 174
3359 174
3360 114
3361 114
3362 114
3363 114
3364 114
3365 114
3366 114
3367 114
3368 114
3369 114
3370 7
3371 7
3372 7
3373 7
3374 7
3375 7
3376 7
3377 7
3378 7
3379 7
3380 92
3381 92
3382 92
3383 92
3384 92
3385 92
3386 92
3387 92
3388 92
3389 92
3390 125
3391 125
3392 125
3393 125
3394 125
3395 125
3396 125
3397 125
3398 125
3399 125
3400 159
3401 159
3402 159
3403 159
3404 159
3405 159
3406 159
3407 159
3408 159
3409 159
3410 105
3411 105
3412 105
3413 105
3414 105
3415 105
3416 105
3417 105
3418 105
3419 105
3420 175
3421 175
3422 175
3423 175
3424 175
3425 175
3426 175
3427 175
3428 175
3429 175
3430 176
3431 176
3432 176
3433 176
3434 176
3435 176
3436 176
3437 176
3438 176
3439 176
3440 177
3441 177
3442 177
3443 177
3444 177
3445 177
3446 177
3447 177
3448 177
3449 177
3450 47
3451 47
3452 47
3453 47
3454 47
3455 47
3456 47
3457 47
3458 47
3459 47
3460 138
3461 138
3462 138
3463 138
3464 138
3465 138
3466 138
3467 138
3468 138
3469 138
3470 144
3471 144
3472 144
3473 144
3474 144
3475 144
3476 144
3477 144
3478 144
3479 144
3480 63
3481 63
3482 63
3483 63
3484 63
3485 63
3486 63
3487 63
3488 63
3489 63
3490 54
3491 54
3492 54
3493 54
3494 54
3495 54
3496 54
3497 54
3498 54
3499 54
3500 111
3501 111
3502 111
3503 111
3504 111
3505 111
3506 111
3507 111
3508 111
3509 111
3510 178
3511 178
3512 178
3513 178
3514 178
3515 178
3516 178
3517 178
3518 178
3519 178
3520 156
3521 156
3522 156
3523 156
3524 156
3525 156
3526 156
3527 156
3528 156
3529 156
3530 25
3531 25
3532 25
3533 25
3534 25
3535 25
3536 25
3537 25
3538 25
3539 25
3540 179
3541 179
3542 179
3543 179
3544 179
3545 179
3546 179
3547 179
3548 179
3549 179
3550 170
3551 170
3552 170
3553 170
3554 170
3555 170
3556 170
3557 170
3558 170
3559 170
3560 155
3561 155
3562 155
3563 155
3564 155
3565 155
3566 155
3567 155
3568 155
3569 155
3570 180
3571 180
3572 180
3573 180
3574 180
3575 180
3576 180
3577 180
3578 180
3579 180
3580 181
3581 181
3582 181
3583 181
3584 181
3585 181
3586 181
3587 181
3588 181
3589 181
3590 50
3591 50
3592 50
3593 50
3594 50
3595 50
3596 50
3597 50
3598 50
3599 50
3600 182
3601 182
3602 182
3603 182
3604 182
3605 182
3606 182
3607 182
3608 182
3609 182
3610 168
3611 168
3612 168
3613 168
3614 168
3615 168
3616 168
3617 168
3618 168
3619 168
3620 32
3621 32
3622 32
3623 32
3624 32
3625 32
3626 32
3627 32
3628 32
3629 32
3630 101
3631 101
3632 101
3633 101
3634 101
3635 101
3636 101
3637 101
3638 101
3639 101
3640 46
3641 46
3642 46
3643 46
3644 46
3645 46
3646 46
3647 46
3648 46
3649 46
3650 183
3651 183
3652 183
3653 183
3654 183
3655 183
3656 183
3657 183
3658 183
3659 183
3660 29
3661 29
3662 29
3663 29
3664 29
3665 29
3666 29
3667 29
3668 29
3669 29
3670 182
3671 182
3672 182
3673 182
3674 182
3675 182
3676 182
3677 182
3678 182
3679 182
3680 17
3681 17
3682 17
3683 17
3684 17
3685 17
3686 17
3687 17
3688 17
3689 17
3690 107
3691 107
3692 107
3693 107
3694 107
3695 107
3696 107
3697 107
3698 107
3699 107
3700 64
3701 64
3702 64
3703 64
3704 64
3705 64
3706 64
3707 64
3708 64
3709 64
3710 180
3711 180
3712 180
3713 180
3714 180
3715 180
3716 180
3717 180
3718 180
3719 180
3720 129
3721 129
3722 129
3723 129
3724 129
3725 129
3726 129
3727 129
3728 129
3729 129
3730 137
3731 137
3732 137
3733 137
3734 137
3735 137
3736 137
3737 137
3738 137
3739 137
3740 184
3741 184
3742 184
3743 184
3744 184
3745 184
3746 184
3747 184
3748 184
3749 184
3750 3
3751 3
3752 3
3753 3
3754 3
3755 3
3756 3
3757 3
3758 3
3759 3
3760 71
3761 71
3762 71
3763 71
3764 71
3765 71
3766 71
3767 71
3768 71
3769 71
3770 176
3771 176
3772 176
3773 176
3774 176
3775 176
3776 176
3777 176
3778 176
3779 176
3780 8
3781 8
3782 8
3783 8
3784 8
3785 8
3786 8
3787 8
3788 8
3789 8
3790 152
3791 152
3792 152
3793 152
3794 152
3795 152
3796 152
3797 152
3798 152
3799 152
3800 81
3801 81
3802 81
3803 81
3804 81
3805 81
3806 81
3807 81
3808 81
3809 81
3810 110
3811 110
3812 110
3813 110
3814 110
3815 110
3816 110
3817 110
3818 110
3819 110
3820 82
3821 82
3822 82
3823 82
3824 82
3825 82
3826 82
3827 82
3828 82
3829 82
3830 108
3831 108
3832 108
3833 108
3834 108
3835 108
3836 108
3837 108
3838 108
3839 108
3840 178
3841 178
3842 178
3843 178
3844 178
3845 178
3846 178
3847 178
3848 178
3849 178
3850 36
3851 36
3852 36
3853 36
3854 36
3855 36
3856 36
3857 36
3858 36
3859 36
3860 149
3861 149
3862 149
3863 149
3864 149
3865 149
3866 149
3867 149
3868 149
3869 149
3870 154
3871 154
3872 154
3873 154
3874 154
3875 154
3876 154
3877 154
3878 154
3879 154
3880 118
3881 118
3882 118
3883 118
3884 118
3885 118
3886 118
3887 118
3888 118
3889 118
3890 113
3891 113
3892 113
3893 113
3894 113
3895 113
3896 113
3897 113
3898 113
3899 113
3900 164
3901 164
3902 164
3903 164
3904 164
3905 164
3906 164
3907 164
3908 164
3909 164
3910 62
3911 62
3912 62
3913 62
3914 62
3915 62
3916 62
3917 62
3918 62
3919 62
3920 104
3921 104
3922 104
3923 104
3924 104
3925 104
3926 104
3927 104
3928 104
3929 104
3930 23
3931 23
3932 23
3933 23
3934 23
3935 23
3936 23
3937 23
3938 23
3939 23
3940 11
3941 11
3942 11
3943 11
3944 11
3945 11
3946 11
3947 11
3948 11
3949 11
3950 134
3951 134
3952 134
3953 134
3954 134
3955 134
3956 134
3957 134
3958 134
3959 134
3960 126
3961 126
3962 126
3963 126
3964 126
3965 126
3966 126
3967 126
3968 126
3969 126
3970 167
3971 167
3972 167
3973 167
3974 167
3975 167
3976 167
3977 167
3978 167
3979 167
3980 153
3981 153
3982 153
3983 153
3984 153
3985 153
3986 153
3987 153
3988 153
3989 153
3990 102
3991 102
3992 102
3993 102
3994 102
3995 102
3996 102
3997 102
3998 102
3999 102
4000 104
4001 104
4002 104
4003 104
4004 104
4005 104
4006 104
4007 104
4008 104
4009 104
4010 172
4011 172
4012 172
4013 172
4014 172
4015 172
4016 172
4017 172
4018 172
4019 172
4020 162
4021 162
4022 162
4023 162
4024 162
4025 162
4026 162
4027 162
4028 162
4029 162
4030 86
4031 86
4032 86
4033 86
4034 86
4035 86
4036 86
4037 86
4038 86
4039 86
4040 122
4041 122
4042 122
4043 122
4044 122
4045 122
4046 122
4047 122
4048 122
4049 122
4050 113
4051 113
4052 113
4053 113
4054 113
4055 113
4056 113
4057 113
4058 113
4059 113
4060 123
4061 123
4062 123
4063 123
4064 123
4065 123
4066 123
4067 123
4068 123
4069 123
4070 121
4071 121
4072 121
4073 121
4074 121
4075 121
4076 121
4077 121
4078 121
4079 121
4080 185
4081 185
4082 185
4083 185
4084 185
4085 185
4086 185
4087 185
4088 185
4089 185
4090 4
4091 4
4092 4
4093 4
4094 4
4095 4
4096 4
4097 4
4098 4
4099 4
4100 179
4101 179
4102 179
4103 179
4104 179
4105 179
4106 179
4107 179
4108 179
4109 179
4110 44
4111 44
4112 44
4113 44
4114 44
4115 44
4116 44
4117 44
4118 44
4119 44
4120 184
4121 184
4122 184
4123 184
4124 184
4125 184
4126 184
4127 184
4128 184
4129 184
4130 70
4131 70
4132 70
4133 70
4134 70
4135 70
4136 70
4137 70
4138 70
4139 70
4140 178
4141 178
4142 178
4143 178
4144 178
4145 178
4146 178
4147 178
4148 178
4149 178
4150 145
4151 145
4152 145
4153 145
4154 145
4155 145
4156 145
4157 145
4158 145
4159 145
4160 142
4161 142
4162 142
4163 142
4164 142
4165 142
4166 142
4167 142
4168 142
4169 142
4170 153
4171 153
4172 153
4173 153
4174 153
4175 153
4176 153
4177 153
4178 153
4179 153
4180 167
4181 167
4182 167
4183 167
4184 167
4185 167
4186 167
4187 167
4188 167
4189 167
4190 141
4191 141
4192 141
4193 141
4194 141
4195 141
4196 141
4197 141
4198 141
4199 141
4200 97
4201 97
4202 97
4203 97
4204 97
4205 97
4206 97
4207 97
4208 97
4209 97
4210 91
4211 91
4212 91
4213 91
4214 91
4215 91
4216 91
4217 91
4218 91
4219 91
4220 179
4221 179
4222 179
4223 179
4224 179
4225 179
4226 179
4227 179
4228 179
4229 179
4230 186
4231 186
4232 186
4233 186
4234 186
4235 186
4236 186
4237 186
4238 186
4239 186
4240 168
4241 168
4242 168
4243 168
4244 168
4245 168
4246 168
4247 168
4248 168
4249 168
4250 75
4251 75
4252 75
4253 75
4254 75
4255 75
4256 75
4257 75
4258 75
4259 75
4260 138
4261 138
4262 138
4263 138
4264 138
4265 138
4266 138
4267 138
4268 138
4269 138
4270 115
4271 115
4272 115
4273 115
4274 115
4275 115
4276 115
4277 115
4278 115
4279 115
4280 156
4281 156
4282 156
4283 156
4284 156
4285 156
4286 156
4287 156
4288 156
4289 156
4290 109
4291 109
4292 109
4293 109
4294 109
4295 109
4296 109
4297 109
4298 109
4299 109
4300 21
4301 21
4302 21
4303 21
4304 21
4305 21
4306 21
4307 21
4308 21
4309 21
4310 165
4311 165
4312 165
4313 165
4314 165
4315 165
4316 165
4317 165
4318 165
4319 165
4320 26
4321 26
4322 26
4323 26
4324 26
4325 26
4326 26
4327 26
4328 26
4329 26
4330 146
4331 146
4332 146
4333 146
4334 146
4335 146
4336 146
4337 146
4338 146
4339 146
4340 58
4341 58
4342 58
4343 58
4344 58
4345 58
4346 58
4347 58
4348 58
4349 58
4350 94
4351 94
4352 94
4353 94
4354 94
4355 94
4356 94
4357 94
4358 94
4359 94
4360 152
4361 152
4362 152
4363 152
4364 152
4365 152
4366 152
4367 152
4368 152
4369 152
4370 90
4371 90
4372 90
4373 90
4374 90
4375 90
4376 90
4377 90
4378 90
4379 90
4380 101
4381 101
4382 101
4383 101
4384 101
4385 101
4386 101
4387 101
4388 101
4389 101
4390 185
4391 185
4392 185
4393 185
4394 185
4395 185
4396 185
4397 185
4398 185
4399 185
4400 137
4401 137
4402 137
4403 137
4404 137
4405 137
4406 137
4407 137
4408 137
4409 137
4410 30
4411 30
4412 30
4413 30
4414 30
4415 30
4416 30
4417 30
4418 30
4419 30
4420 135
4421 135
4422 135
4423 135
4424 135
4425 135
4426 135
4427 135
4428 135
4429 135
4430 41
4431 41
4432 41
4433 41
4434 41
4435 41
4436 41
4437 41
4438 41
4439 41
4440 139
4441 139
4442 139
4443 139
4444 139
4445 139
4446 139
4447 139
4448 139
4449 139
4450 139
4451 139
4452 139
4453 139
4454 139
4455 139
4456 139
4457 139
4458 139
4459 139
4460 32
4461 32
4462 32
4463 32
4464 32
4465 32
4466 32
4467 32
4468 32
4469 32
4470 177
4471 177
4472 177
4473 177
4474 177
4475 177
4476 177
4477 177
4478 177
4479 177
4480 187
4481 187
4482 187
4483 187
4484 187
4485 187
4486 187
4487 187
4488 187
4489 187
4490 148
4491 148
4492 148
4493 148
4494 148
4495 148
4496 148
4497 148
4498 148
4499 148
4500 148
4501 148
4502 148
4503 148
4504 148
4505 148
4506 148
4507 148
4508 148
4509 148
4510 103
4511 103
4512 103
4513 103
4514 103
4515 103
4516 103
4517 103
4518 103
4519 103
4520 27
4521 27
4522 27
4523 27
4524 27
4525 27
4526 27
4527 27
4528 27
4529 27
4530 188
4531 188
4532 188
4533 188
4534 188
4535 188
4536 188
4537 188
4538 188
4539 188
4540 91
4541 91
4542 91
4543 91
4544 91
4545 91
4546 91
4547 91
4548 91
4549 91
4550 110
4551 110
4552 110
4553 110
4554 110
4555 110
4556 110
4557 110
4558 110
4559 110
4560 11
4561 11
4562 11
4563 11
4564 11
4565 11
4566 11
4567 11
4568 11
4569 11
4570 99
4571 99
4572 99
4573 99
4574 99
4575 99
4576 99
4577 99
4578 99
4579 99
4580 40
4581 40
4582 40
4583 40
4584 40
4585 40
4586 40
4587 40
4588 40
4589 40
4590 125
4591 125
4592 125
4593 125
4594 125
4595 125
4596 125
4597 125
4598 125
4599 125
4600 144
4601 144
4602 144
4603 144
4604 144
4605 144
4606 144
4607 144
4608 144
4609 144
4610 123
4611 123
4612 123
4613 123
4614 123
4615 123
4616 123
4617 123
4618 123
4619 123
4620 1
4621 1
4622 1
4623 1
4624 1
4625 1
4626 1
4627 1
4628 1
4629 1
4630 61
4631 61
4632 61
4633 61
4634 61
4635 61
4636 61
4637 61
4638 61
4639 61
4640 58
4641 58
4642 58
4643 58
4644 58
4645 58
4646 58
4647 58
4648 58
4649 58
4650 141
4651 141
4652 141
4653 141
4654 141
4655 141
4656 141
4657 141
4658 141
4659 141
4660 19
4661 19
4662 19
4663 19
4664 19
4665 19
4666 19
4667 19
4668 19
4669 19
4670 173
4671 173
4672 173
4673 173
4674 173
4675 173
4676 173
4677 173
4678 173
4679 173
4680 175
4681 175
4682 175
4683 175
4684 175
4685 175
4686 175
4687 175
4688 175
4689 175
4690 175
4691 175
4692 175
4693 175
4694 175
4695 175
4696 175
4697 175
4698 175
4699 175
4700 92
4701 92
4702 92
4703 92
4704 92
4705 92
4706 92
4707 92
4708 92
4709 92
4710 21
4711 21
4712 21
4713 21
4714 21
4715 21
4716 21
4717 21
4718 21
4719 21
4720 170
4721 170
4722 170
4723 170
4724 170
4725 170
4726 170
4727 170
4728 170
4729 170
4730 130
4731 130
4732 130
4733 130
4734 130
4735 130
4736 130
4737 130
4738 130
4739 130
4740 134
4741 134
4742 134
4743 134
4744 134
4745 134
4746 134
4747 134
4748 134
4749 134
4750 24
4751 24
4752 24
4753 24
4754 24
4755 24
4756 24
4757 24
4758 24
4759 24
4760 119
4761 119
4762 119
4763 119
4764 119
4765 119
4766 119
4767 119
4768 119
4769 119
4770 72
4771 72
4772 72
4773 72
4774 72
4775 72
4776 72
4777 72
4778 72
4779 72
4780 150
4781 150
4782 150
4783 150
4784 150
4785 150
4786 150
4787 150
4788 150
4789 150
4790 57
4791 57
4792 57
4793 57
4794 57
4795 57
4796 57
4797 57
4798 57
4799 57
4800 116
4801 116
4802 116
4803 116
4804 116
4805 116
4806 116
4807 116
4808 116
4809 116
4810 28
4811 28
4812 28
4813 28
4814 28
4815 28
4816 28
4817 28
4818 28
4819 28
4820 156
4821 156
4822 156
4823 156
4824 156
4825 156
4826 156
4827 156
4828 156
4829 156
4830 178
4831 178
4832 178
4833 178
4834 178
4835 178
4836 178
4837 178
4838 178
4839 178
4840 185
4841 185
4842 185
4843 185
4844 185
4845 185
4846 185
4847 185
4848 185
4849 185
4850 41
4851 41
4852 41
4853 41
4854 41
4855 41
4856 41
4857 41
4858 41
4859 41
4860 151
4861 151
4862 151
4863 151
4864 151
4865 151
4866 151
4867 151
4868 151
4869 151
4870 174
4871 174
4872 174
4873 174
4874 174
4875 174
4876 174
4877 174
4878 174
4879 174
4880 38
4881 38
4882 38
4883 38
4884 38
4885 38
4886 38
4887 38
4888 38
4889 38
4890 65
4891 65
4892 65
4893 65
4894 65
4895 65
4896 65
4897 65
4898 65
4899 65
4900 180
4901 180
4902 180
4903 180
4904 180
4905 180
4906 180
4907 180
4908 180
4909 180
4910 64
4911 64
4912 64
4913 64
4914 64
4915 64
4916 64
4917 64
4918 64
4919 64
4920 39
4921 39
4922 39
4923 39
4924 39
4925 39
4926 39
4927 39
4928 39
4929 39
4930 71
4931 71
4932 71
4933 71
4934 71
4935 71
4936 71
4937 71
4938 71
4939 71
4940 161
4941 161
4942 161
4943 161
4944 161
4945 161
4946 161
4947 161
4948 161
4949 161
4950 149
4951 149
4952 149
4953 149
4954 149
4955 149
4956 149
4957 149
4958 149
4959 149
4960 120
4961 120
4962 120
4963 120
4964 120
4965 120
4966 120
4967 120
4968 120
4969 120
4970 7
4971 7
4972 7
4973 7
4974 7
4975 7
4976 7
4977 7
4978 7
4979 7
4980 188
4981 188
4982 188
4983 188
4984 188
4985 188
4986 188
4987 188
4988 188
4989 188
4990 115
4991 115
4992 115
4993 115
4994 115
4995 115
4996 115
4997 115
4998 115
4999 115
