0 5
1 5
2 5
3 5
4 5
5 5
6 5
7 5
8 5
9 5
10 16
11 16
12 16
13 16
14 16
15 16
16 16
17 16
18 16
19 16
20 17
21 17
22 17
23 17
24 17
25 17
26 17
27 17
28 17
29 17
30 18
31 18
32 18
33 18
34 18
35 18
36 18
37 18
38 18
39 18
40 150
41 150
42 150
43 150
44 150
45 150
46 150
47 150
48 150
49 150
50 19
51 19
52 19
53 19
54 19
55 19
56 19
57 19
58 19
59 19
60 86
61 86
62 86
63 86
64 86
65 86
66 86
67 86
68 86
69 86
70 165
71 165
72 165
73 165
74 165
75 165
76 165
77 165
78 165
79 165
80 87
81 87
82 87
83 87
84 87
85 87
86 87
87 87
88 87
89 87
90 88
91 88
92 88
93 88
94 88
95 88
96 88
97 88
98 88
99 88
100 121
101 121
102 121
103 121
104 121
105 121
106 121
107 121
108 121
109 121
110 20
111 20
112 20
113 20
114 20
115 20
116 20
117 20
118 20
119 20
120 21
121 21
122 21
123 21
124 21
125 21
126 21
127 21
128 21
129 21
130 125
131 125
132 125
133 125
134 125
135 125
136 125
137 125
138 125
139 125
140 26
141 26
142 26
143 26
144 26
145 26
146 26
147 26
148 26
149 26
150 89
151 89
152 89
153 89
154 89
155 89
156 89
157 89
158 89
159 89
160 55
161 55
162 55
163 55
164 55
165 55
166 55
167 55
168 55
169 55
170 166
171 166
172 166
173 166
174 166
175 166
176 166
177 166
178 166
179 166
180 2
181 2
182 2
183 2
184 2
185 2
186 2
187 2
188 2
189 2
190 104
191 104
192 104
193 104
194 104
195 104
196 104
197 104
198 104
199 104
200 94
201 94
202 94
203 94
204 94
205 94
206 94
207 94
208 94
209 94
210 78
211 78
212 78
213 78
214 78
215 78
216 78
217 78
218 78
219 78
220 90
221 90
222 90
223 90
224 90
225 90
226 90
227 90
228 90
229 90
230 123
231 123
232 123
233 123
234 123
235 123
236 123
237 123
238 123
239 123
240 167
241 167
242 167
243 167
244 167
245 167
246 167
247 167
248 167
249 167
250 24
251 24
252 24
253 24
254 24
255 24
256 24
257 24
258 24
259 24
260 79
261 79
262 79
263 79
264 79
265 79
266 79
267 79
268 79
269 79
270 157
271 157
272 157
273 157
274 157
275 157
276 157
277 157
278 157
279 157
280 0
281 0
282 0
283 0
284 0
285 0
286 0
287 0
288 0
289 0
290 22
291 22
292 22
293 22
294 22
295 22
296 22
297 22
298 22
299 22
300 29
301 29
302 29
303 29
304 29
305 29
306 29
307 29
308 29
309 29
310 91
311 91
312 91
313 91
314 91
315 91
316 91
317 91
318 91
319 91
320 1
321 1
322 1
323 1
324 1
325 1
326 1
327 1
328 1
329 1
330 44
331 44
332 44
333 44
334 44
335 44
336 44
337 44
338 44
339 44
340 62
341 62
342 62
343 62
344 62
345 62
346 62
347 62
348 62
349 62
350 36
351 36
352 36
353 36
354 36
355 36
356 36
357 36
358 36
359 36
360 168
361 168
362 168
363 168
364 168
365 168
366 168
367 168
368 168
369 168
370 169
371 169
372 169
373 169
374 169
375 169
376 169
377 169
378 169
379 169
380 12
381 12
382 12
383 12
384 12
385 12
386 12
387 12
388 12
389 12
390 170
391 170
392 170
393 170
394 170
395 170
396 170
397 170
398 170
399 170
400 92
401 92
402 92
403 92
404 92
405 92
406 92
407 92
408 92
409 92
410 11
411 11
412 11
413 11
414 11
415 11
416 11
417 11
418 11
419 11
420 97
421 97
422 97
423 97
424 97
425 97
426 97
427 97
428 97
429 97
430 42
431 42
432 42
433 42
434 42
435 42
436 42
437 42
438 42
439 42
440 68
441 68
442 68
443 68
444 68
445 68
446 68
447 68
448 68
449 68
450 28
451 28
452 28
453 28
454 28
455 28
456 28
457 28
458 28
459 28
460 19
461 19
462 19
463 19
464 19
465 19
466 19
467 19
468 19
469 19
470 23
471 23
472 23
473 23
474 23
475 23
476 23
477 23
478 23
479 23
480 140
481 140
482 140
483 140
484 140
485 140
486 140
487 140
488 140
489 140
490 32
491 32
492 32
493 32
494 32
495 32
496 32
497 32
498 32
499 32
500 24
501 24
502 24
503 24
504 24
505 24
506 24
507 24
508 24
509 24
510 93
511 93
512 93
513 93
514 93
515 93
516 93
517 93
518 93
519 93
520 25
521 25
522 25
523 25
524 25
525 25
526 25
527 25
528 25
529 25
530 0
531 0
532 0
533 0
534 0
535 0
536 0
537 0
538 0
539 0
540 103
541 103
542 103
543 103
544 103
545 103
546 103
547 103
548 103
549 103
550 37
551 37
552 37
553 37
554 37
555 37
556 37
557 37
558 37
559 37
560 171
561 171
562 171
563 171
564 171
565 171
566 171
567 171
568 171
569 171
570 56
571 56
572 56
573 56
574 56
575 56
576 56
577 56
578 56
579 56
580 33
581 33
582 33
583 33
584 33
585 33
586 33
587 33
588 33
589 33
590 61
591 61
592 61
593 61
594 61
595 61
596 61
597 61
598 61
599 61
600 83
601 83
602 83
603 83
604 83
605 83
606 83
607 83
608 83
609 83
610 24
611 24
612 24
613 24
614 24
615 24
616 24
617 24
618 24
619 24
620 94
621 94
622 94
623 94
624 94
625 94
626 94
627 94
628 94
629 94
630 26
631 26
632 26
633 26
634 26
635 26
636 26
637 26
638 26
639 26
640 172
641 172
642 172
643 172
644 172
645 172
646 172
647 172
648 172
649 172
650 109
651 109
652 109
653 109
654 109
655 109
656 109
657 109
658 109
659 109
660 35
661 35
662 35
663 35
664 35
665 35
666 35
667 35
668 35
669 35
670 27
671 27
672 27
673 27
674 27
675 27
676 27
677 27
678 27
679 27
680 5
681 5
682 5
683 5
684 5
685 5
686 5
687 5
688 5
689 5
690 95
691 95
692 95
693 95
694 95
695 95
696 95
697 95
698 95
699 95
700 96
701 96
702 96
703 96
704 96
705 96
706 96
707 96
708 96
709 96
710 173
711 173
712 173
713 173
714 173
715 173
716 173
717 173
718 173
719 173
720 97
721 97
722 97
723 97
724 97
725 97
726 97
727 97
728 97
729 97
730 90
731 90
732 90
733 90
734 90
735 90
736 90
737 90
738 90
739 90
740 7
741 7
742 7
743 7
744 7
745 7
746 7
747 7
748 7
749 7
750 2
751 2
752 2
753 2
754 2
755 2
756 2
757 2
758 2
759 2
760 58
761 58
762 58
763 58
764 58
765 58
766 58
767 58
768 58
769 58
770 43
771 43
772 43
773 43
774 43
775 43
776 43
777 43
778 43
779 43
780 174
781 174
782 174
783 174
784 174
785 174
786 174
787 174
788 174
789 174
790 21
791 21
792 21
793 21
794 21
795 21
796 21
797 21
798 21
799 21
800 98
801 98
802 98
803 98
804 98
805 98
806 98
807 98
808 98
809 98
810 99
811 99
812 99
813 99
814 99
815 99
816 99
817 99
818 99
819 99
820 151
821 151
822 151
823 151
824 151
825 151
826 151
827 151
828 151
829 151
830 73
831 73
832 73
833 73
834 73
835 73
836 73
837 73
838 73
839 73
840 100
841 100
842 100
843 100
844 100
845 100
846 100
847 100
848 100
849 100
850 101
851 101
852 101
853 101
854 101
855 101
856 101
857 101
858 101
859 101
860 28
861 28
862 28
863 28
864 28
865 28
866 28
867 28
868 28
869 28
870 102
871 102
872 102
873 102
874 102
875 102
876 102
877 102
878 102
879 102
880 29
881 29
882 29
883 29
884 29
885 29
886 29
887 29
888 29
889 29
890 103
891 103
892 103
893 103
894 103
895 103
896 103
897 103
898 103
899 103
900 55
901 55
902 55
903 55
904 55
905 55
906 55
907 55
908 55
909 55
910 59
911 59
912 59
913 59
914 59
915 59
916 59
917 59
918 59
919 59
920 175
921 175
922 175
923 175
924 175
925 175
926 175
927 175
928 175
929 175
930 176
931 176
932 176
933 176
934 176
935 176
936 176
937 176
938 176
939 176
940 30
941 30
942 30
943 30
944 30
945 30
946 30
947 30
948 30
949 30
950 4
951 4
952 4
953 4
954 4
955 4
956 4
957 4
958 4
959 4
960 3
961 3
962 3
963 3
964 3
965 3
966 3
967 3
968 3
969 3
970 51
971 51
972 51
973 51
974 51
975 51
976 51
977 51
978 51
979 51
980 102
981 102
982 102
983 102
984 102
985 102
986 102
987 102
988 102
989 102
990 2
991 2
992 2
993 2
994 2
995 2
996 2
997 2
998 2
999 2
1000 26
1001 26
1002 26
1003 26
1004 26
1005 26
1006 26
1007 26
1008 26
1009 26
1010 37
1011 37
1012 37
1013 37
1014 37
1015 37
1016 37
1017 37
1018 37
1019 37
1020 104
1021 104
1022 104
1023 104
1024 104
1025 104
1026 104
1027 104
1028 104
1029 104
1030 18
1031 18
1032 18
1033 18
1034 18
1035 18
1036 18
1037 18
1038 18
1039 18
1040 105
1041 105
1042 105
1043 105
1044 105
1045 105
1046 105
1047 105
1048 105
1049 105
1050 115
1051 115
1052 115
1053 115
1054 115
1055 115
1056 115
1057 115
1058 115
1059 115
1060 106
1061 106
1062 106
1063 106
1064 106
1065 106
1066 106
1067 106
1068 106
1069 106
1070 107
1071 107
1072 107
1073 107
1074 107
1075 107
1076 107
1077 107
1078 107
1079 107
1080 110
1081 110
1082 110
1083 110
1084 110
1085 110
1086 110
1087 110
1088 110
1089 110
1090 89
1091 89
1092 89
1093 89
1094 89
1095 89
1096 89
1097 89
1098 89
1099 89
1100 4
1101 4
1102 4
1103 4
1104 4
1105 4
1106 4
1107 4
1108 4
1109 4
1110 177
1111 177
1112 177
1113 177
1114 177
1115 177
1116 177
1117 177
1118 177
1119 177
1120 31
1121 31
1122 31
1123 31
1124 31
1125 31
1126 31
1127 31
1128 31
1129 31
1130 178
1131 178
1132 178
1133 178
1134 178
1135 178
1136 178
1137 178
1138 178
1139 178
1140 3
1141 3
1142 3
1143 3
1144 3
1145 3
1146 3
1147 3
1148 3
1149 3
1150 179
1151 179
1152 179
1153 179
1154 179
1155 179
1156 179
1157 179
1158 179
1159 179
1160 136
1161 136
1162 136
1163 136
1164 136
1165 136
1166 136
1167 136
1168 136
1169 136
1170 32
1171 32
1172 32
1173 32
1174 32
1175 32
1176 32
1177 32
1178 32
1179 32
1180 132
1181 132
1182 132
1183 132
1184 132
1185 132
1186 132
1187 132
1188 132
1189 132
1190 5
1191 5
1192 5
1193 5
1194 5
1195 5
1196 5
1197 5
1198 5
1199 5
1200 108
1201 108
1202 108
1203 108
1204 108
1205 108
1206 108
1207 108
1208 108
1209 108
1210 33
1211 33
1212 33
1213 33
1214 33
1215 33
1216 33
1217 33
1218 33
1219 33
1220 77
1221 77
1222 77
1223 77
1224 77
1225 77
1226 77
1227 77
1228 77
1229 77
1230 34
1231 34
1232 34
1233 34
1234 34
1235 34
1236 34
1237 34
1238 34
1239 34
1240 30
1241 30
1242 30
1243 30
1244 30
1245 30
1246 30
1247 30
1248 30
1249 30
1250 48
1251 48
1252 48
1253 48
1254 48
1255 48
1256 48
1257 48
1258 48
1259 48
1260 10
1261 10
1262 10
1263 10
1264 10
1265 10
1266 10
1267 10
1268 10
1269 10
1270 112
1271 112
1272 112
1273 112
1274 112
1275 112
1276 112
1277 112
1278 112
1279 112
1280 109
1281 109
1282 109
1283 109
1284 109
1285 109
1286 109
1287 109
1288 109
1289 109
1290 110
1291 110
1292 110
1293 110
1294 110
1295 110
1296 110
1297 110
1298 110
1299 110
1300 79
1301 79
1302 79
1303 79
1304 79
1305 79
1306 79
1307 79
1308 79
1309 79
1310 4
1311 4
1312 4
1313 4
1314 4
1315 4
1316 4
1317 4
1318 4
1319 4
1320 126
1321 126
1322 126
1323 126
1324 126
1325 126
1326 126
1327 126
1328 126
1329 126
1330 180
1331 180
1332 180
1333 180
1334 180
1335 180
1336 180
1337 180
1338 180
1339 180
1340 76
1341 76
1342 76
1343 76
1344 76
1345 76
1346 76
1347 76
1348 76
1349 76
1350 111
1351 111
1352 111
1353 111
1354 111
1355 111
1356 111
1357 111
1358 111
1359 111
1360 181
1361 181
1362 181
1363 181
1364 181
1365 181
1366 181
1367 181
1368 181
1369 181
1370 8
1371 8
1372 8
1373 8
1374 8
1375 8
1376 8
1377 8
1378 8
1379 8
1380 3
1381 3
1382 3
1383 3
1384 3
1385 3
1386 3
1387 3
1388 3
1389 3
1390 13
1391 13
1392 13
1393 13
1394 13
1395 13
1396 13
1397 13
1398 13
1399 13
1400 35
1401 35
1402 35
1403 35
1404 35
1405 35
1406 35
1407 35
1408 35
1409 35
1410 65
1411 65
1412 65
1413 65
1414 65
1415 65
1416 65
1417 65
1418 65
1419 65
1420 36
1421 36
1422 36
1423 36
1424 36
1425 36
1426 36
1427 36
1428 36
1429 36
1430 42
1431 42
1432 42
1433 42
1434 42
1435 42
1436 42
1437 42
1438 42
1439 42
1440 37
1441 37
1442 37
1443 37
1444 37
1445 37
1446 37
1447 37
1448 37
1449 37
1450 0
1451 0
1452 0
1453 0
1454 0
1455 0
1456 0
1457 0
1458 0
1459 0
1460 12
1461 12
1462 12
1463 12
1464 12
1465 12
1466 12
1467 12
1468 12
1469 12
1470 50
1471 50
1472 50
1473 50
1474 50
1475 50
1476 50
1477 50
1478 50
1479 50
1480 48
1481 48
1482 48
1483 48
1484 48
1485 48
1486 48
1487 48
1488 48
1489 48
1490 182
1491 182
1492 182
1493 182
1494 182
1495 182
1496 182
1497 182
1498 182
1499 182
1500 183
1501 183
1502 183
1503 183
1504 183
1505 183
1506 183
1507 183
1508 183
1509 183
1510 9
1511 9
1512 9
1513 9
1514 9
1515 9
1516 9
1517 9
1518 9
1519 9
1520 69
1521 69
1522 69
1523 69
1524 69
1525 69
1526 69
1527 69
1528 69
1529 69
1530 184
1531 184
1532 184
1533 184
1534 184
1535 184
1536 184
1537 184
1538 184
1539 184
1540 185
1541 185
1542 185
1543 185
1544 185
1545 185
1546 185
1547 185
1548 185
1549 185
1550 32
1551 32
1552 32
1553 32
1554 32
1555 32
1556 32
1557 32
1558 32
1559 32
1560 38
1561 38
1562 38
1563 38
1564 38
1565 38
1566 38
1567 38
1568 38
1569 38
1570 186
1571 186
1572 186
1573 186
1574 186
1575 186
1576 186
1577 186
1578 186
1579 186
1580 112
1581 112
1582 112
1583 112
1584 112
1585 112
1586 112
1587 112
1588 112
1589 112
1590 9
1591 9
1592 9
1593 9
1594 9
1595 9
1596 9
1597 9
1598 9
1599 9
1600 74
1601 74
1602 74
1603 74
1604 74
1605 74
1606 74
1607 74
1608 74
1609 74
1610 39
1611 39
1612 39
1613 39
1614 39
1615 39
1616 39
1617 39
1618 39
1619 39
1620 113
1621 113
1622 113
1623 113
1624 113
1625 113
1626 113
1627 113
1628 113
1629 113
1630 15
1631 15
1632 15
1633 15
1634 15
1635 15
1636 15
1637 15
1638 15
1639 15
1640 187
1641 187
1642 187
1643 187
1644 187
1645 187
1646 187
1647 187
1648 187
1649 187
1650 188
1651 188
1652 188
1653 188
1654 188
1655 188
1656 188
1657 188
1658 188
1659 188
1660 113
1661 113
1662 113
1663 113
1664 113
1665 113
1666 113
1667 113
1668 113
1669 113
1670 52
1671 52
1672 52
1673 52
1674 52
1675 52
1676 52
1677 52
1678 52
1679 52
1680 85
1681 85
1682 85
1683 85
1684 85
1685 85
1686 85
1687 85
1688 85
1689 85
1690 163
1691 163
1692 163
1693 163
1694 163
1695 163
1696 163
1697 163
1698 163
1699 163
1700 40
1701 40
1702 40
1703 40
1704 40
1705 40
1706 40
1707 40
1708 40
1709 40
1710 41
1711 41
1712 41
1713 41
1714 41
1715 41
1716 41
1717 41
1718 41
1719 41
1720 49
1721 49
1722 49
1723 49
1724 49
1725 49
1726 49
1727 49
1728 49
1729 49
1730 42
1731 42
1732 42
1733 42
1734 42
1735 42
1736 42
1737 42
1738 42
1739 42
1740 114
1741 114
1742 114
1743 114
1744 114
1745 114
1746 114
1747 114
1748 114
1749 114
1750 36
1751 36
1752 36
1753 36
1754 36
1755 36
1756 36
1757 36
1758 36
1759 36
1760 75
1761 75
1762 75
1763 75
1764 75
1765 75
1766 75
1767 75
1768 75
1769 75
1770 43
1771 43
1772 43
1773 43
1774 43
1775 43
1776 43
1777 43
1778 43
1779 43
1780 17
1781 17
1782 17
1783 17
1784 17
1785 17
1786 17
1787 17
1788 17
1789 17
1790 13
1791 13
1792 13
1793 13
1794 13
1795 13
1796 13
1797 13
1798 13
1799 13
1800 60
1801 60
1802 60
1803 60
1804 60
1805 60
1806 60
1807 60
1808 60
1809 60
1810 27
1811 27
1812 27
1813 27
1814 27
1815 27
1816 27
1817 27
1818 27
1819 27
1820 39
1821 39
1822 39
1823 39
1824 39
1825 39
1826 39
1827 39
1828 39
1829 39
1830 115
1831 115
1832 115
1833 115
1834 115
1835 115
1836 115
1837 115
1838 115
1839 115
1840 44
1841 44
1842 44
1843 44
1844 44
1845 44
1846 44
1847 44
1848 44
1849 44
1850 10
1851 10
1852 10
1853 10
1854 10
1855 10
1856 10
1857 10
1858 10
1859 10
1860 189
1861 189
1862 189
1863 189
1864 189
1865 189
1866 189
1867 189
1868 189
1869 189
1870 116
1871 116
1872 116
1873 116
1874 116
1875 116
1876 116
1877 116
1878 116
1879 116
1880 190
1881 190
1882 190
1883 190
1884 190
1885 190
1886 190
1887 190
1888 190
1889 190
1890 45
1891 45
1892 45
1893 45
1894 45
1895 45
1896 45
1897 45
1898 45
1899 45
1900 98
1901 98
1902 98
1903 98
1904 98
1905 98
1906 98
1907 98
1908 98
1909 98
1910 117
1911 117
1912 117
1913 117
1914 117
1915 117
1916 117
1917 117
1918 117
1919 117
1920 130
1921 130
1922 130
1923 130
1924 130
1925 130
1926 130
1927 130
1928 130
1929 130
1930 61
1931 61
1932 61
1933 61
1934 61
1935 61
1936 61
1937 61
1938 61
1939 61
1940 76
1941 76
1942 76
1943 76
1944 76
1945 76
1946 76
1947 76
1948 76
1949 76
1950 8
1951 8
1952 8
1953 8
1954 8
1955 8
1956 8
1957 8
1958 8
1959 8
1960 46
1961 46
1962 46
1963 46
1964 46
1965 46
1966 46
1967 46
1968 46
1969 46
1970 161
1971 161
1972 161
1973 161
1974 161
1975 161
1976 161
1977 161
1978 161
1979 161
1980 118
1981 118
1982 118
1983 118
1984 118
1985 118
1986 118
1987 118
1988 118
1989 118
1990 119
1991 119
1992 119
1993 119
1994 119
1995 119
1996 119
1997 119
1998 119
1999 119
2000 17
2001 17
2002 17
2003 17
2004 17
2005 17
2006 17
2007 17
2008 17
2009 17
2010 62
2011 62
2012 62
2013 62
2014 62
2015 62
2016 62
2017 62
2018 62
2019 62
2020 106
2021 106
2022 106
2023 106
2024 106
2025 106
2026 106
2027 106
2028 106
2029 106
2030 191
2031 191
2032 191
2033 191
2034 191
2035 191
2036 191
2037 191
2038 191
2039 191
2040 192
2041 192
2042 192
2043 192
2044 192
2045 192
2046 192
2047 192
2048 192
2049 192
2050 6
2051 6
2052 6
2053 6
2054 6
2055 6
2056 6
2057 6
2058 6
2059 6
2060 22
2061 22
2062 22
2063 22
2064 22
2065 22
2066 22
2067 22
2068 22
2069 22
2070 6
2071 6
2072 6
2073 6
2074 6
2075 6
2076 6
2077 6
2078 6
2079 6
2080 47
2081 47
2082 47
2083 47
2084 47
2085 47
2086 47
2087 47
2088 47
2089 47
2090 91
2091 91
2092 91
2093 91
2094 91
2095 91
2096 91
2097 91
2098 91
2099 91
2100 124
2101 124
2102 124
2103 124
2104 124
2105 124
2106 124
2107 124
2108 124
2109 124
2110 133
2111 133
2112 133
2113 133
2114 133
2115 133
2116 133
2117 133
2118 133
2119 133
2120 120
2121 120
2122 120
2123 120
2124 120
2125 120
2126 120
2127 120
2128 120
2129 120
2130 47
2131 47
2132 47
2133 47
2134 47
2135 47
2136 47
2137 47
2138 47
2139 47
2140 48
2141 48
2142 48
2143 48
2144 48
2145 48
2146 48
2147 48
2148 48
2149 48
2150 81
2151 81
2152 81
2153 81
2154 81
2155 81
2156 81
2157 81
2158 81
2159 81
2160 193
2161 193
2162 193
2163 193
2164 193
2165 193
2166 193
2167 193
2168 193
2169 193
2170 117
2171 117
2172 117
2173 117
2174 117
2175 117
2176 117
2177 117
2178 117
2179 117
2180 121
2181 121
2182 121
2183 121
2184 121
2185 121
2186 121
2187 121
2188 121
2189 121
2190 194
2191 194
2192 194
2193 194
2194 194
2195 194
2196 194
2197 194
2198 194
2199 194
2200 66
2201 66
2202 66
2203 66
2204 66
2205 66
2206 66
2207 66
2208 66
2209 66
2210 41
2211 41
2212 41
2213 41
2214 41
2215 41
2216 41
2217 41
2218 41
2219 41
2220 12
2221 12
2222 12
2223 12
2224 12
2225 12
2226 12
2227 12
2228 12
2229 12
2230 122
2231 122
2232 122
2233 122
2234 122
2235 122
2236 122
2237 122
2238 122
2239 122
2240 49
2241 49
2242 49
2243 49
2244 49
2245 49
2246 49
2247 49
2248 49
2249 49
2250 123
2251 123
2252 123
2253 123
2254 123
2255 123
2256 123
2257 123
2258 123
2259 123
2260 50
2261 50
2262 50
2263 50
2264 50
2265 50
2266 50
2267 50
2268 50
2269 50
2270 159
2271 159
2272 159
2273 159
2274 159
2275 159
2276 159
2277 159
2278 159
2279 159
2280 3
2281 3
2282 3
2283 3
2284 3
2285 3
2286 3
2287 3
2288 3
2289 3
2290 28
2291 28
2292 28
2293 28
2294 28
2295 28
2296 28
2297 28
2298 28
2299 28
2300 153
2301 153
2302 153
2303 153
2304 153
2305 153
2306 153
2307 153
2308 153
2309 153
2310 14
2311 14
2312 14
2313 14
2314 14
2315 14
2316 14
2317 14
2318 14
2319 14
2320 122
2321 122
2322 122
2323 122
2324 122
2325 122
2326 122
2327 122
2328 122
2329 122
2330 50
2331 50
2332 50
2333 50
2334 50
2335 50
2336 50
2337 50
2338 50
2339 50
2340 46
2341 46
2342 46
2343 46
2344 46
2345 46
2346 46
2347 46
2348 46
2349 46
2350 75
2351 75
2352 75
2353 75
2354 75
2355 75
2356 75
2357 75
2358 75
2359 75
2360 101
2361 101
2362 101
2363 101
2364 101
2365 101
2366 101
2367 101
2368 101
2369 101
2370 82
2371 82
2372 82
2373 82
2374 82
2375 82
2376 82
2377 82
2378 82
2379 82
2380 51
2381 51
2382 51
2383 51
2384 51
2385 51
2386 51
2387 51
2388 51
2389 51
2390 52
2391 52
2392 52
2393 52
2394 52
2395 52
2396 52
2397 52
2398 52
2399 52
2400 53
2401 53
2402 53
2403 53
2404 53
2405 53
2406 53
2407 53
2408 53
2409 53
2410 31
2411 31
2412 31
2413 31
2414 31
2415 31
2416 31
2417 31
2418 31
2419 31
2420 16
2421 16
2422 16
2423 16
2424 16
2425 16
2426 16
2427 16
2428 16
2429 16
2430 162
2431 162
2432 162
2433 162
2434 162
2435 162
2436 162
2437 162
2438 162
2439 162
2440 164
2441 164
2442 164
2443 164
2444 164
2445 164
2446 164
2447 164
2448 164
2449 164
2450 21
2451 21
2452 21
2453 21
2454 21
2455 21
2456 21
2457 21
2458 21
2459 21
2460 124
2461 124
2462 124
2463 124
2464 124
2465 124
2466 124
2467 124
2468 124
2469 124
2470 38
2471 38
2472 38
2473 38
2474 38
2475 38
2476 38
2477 38
2478 38
2479 38
2480 147
2481 147
2482 147
2483 147
2484 147
2485 147
2486 147
2487 147
2488 147
2489 147
2490 54
2491 54
2492 54
2493 54
2494 54
2495 54
2496 54
2497 54
2498 54
2499 54
2500 55
2501 55
2502 55
2503 55
2504 55
2505 55
2506 55
2507 55
2508 55
2509 55
2510 56
2511 56
2512 56
2513 56
2514 56
2515 56
2516 56
2517 56
2518 56
2519 56
2520 25
2521 25
2522 25
2523 25
2524 25
2525 25
2526 25
2527 25
2528 25
2529 25
2530 57
2531 57
2532 57
2533 57
2534 57
2535 57
2536 57
2537 57
2538 57
2539 57
2540 67
2541 67
2542 67
2543 67
2544 67
2545 67
2546 67
2547 67
2548 67
2549 67
2550 195
2551 195
2552 195
2553 195
2554 195
2555 195
2556 195
2557 195
2558 195
2559 195
2560 14
2561 14
2562 14
2563 14
2564 14
2565 14
2566 14
2567 14
2568 14
2569 14
2570 125
2571 125
2572 125
2573 125
2574 125
2575 125
2576 125
2577 125
2578 125
2579 125
2580 58
2581 58
2582 58
2583 58
2584 58
2585 58
2586 58
2587 58
2588 58
2589 58
2590 69
2591 69
2592 69
2593 69
2594 69
2595 69
2596 69
2597 69
2598 69
2599 69
2600 71
2601 71
2602 71
2603 71
2604 71
2605 71
2606 71
2607 71
2608 71
2609 71
2610 64
2611 64
2612 64
2613 64
2614 64
2615 64
2616 64
2617 64
2618 64
2619 64
2620 196
2621 196
2622 196
2623 196
2624 196
2625 196
2626 196
2627 196
2628 196
2629 196
2630 86
2631 86
2632 86
2633 86
2634 86
2635 86
2636 86
2637 86
2638 86
2639 86
2640 197
2641 197
2642 197
2643 197
2644 197
2645 197
2646 197
2647 197
2648 197
2649 197
2650 198
2651 198
2652 198
2653 198
2654 198
2655 198
2656 198
2657 198
2658 198
2659 198
2660 14
2661 14
2662 14
2663 14
2664 14
2665 14
2666 14
2667 14
2668 14
2669 14
2670 199
2671 199
2672 199
2673 199
2674 199
2675 199
2676 199
2677 199
2678 199
2679 199
2680 30
2681 30
2682 30
2683 30
2684 30
2685 30
2686 30
2687 30
2688 30
2689 30
2690 44
2691 44
2692 44
2693 44
2694 44
2695 44
2696 44
2697 44
2698 44
2699 44
2700 11
2701 11
2702 11
2703 11
2704 11
2705 11
2706 11
2707 11
2708 11
2709 11
2710 59
2711 59
2712 59
2713 59
2714 59
2715 59
2716 59
2717 59
2718 59
2719 59
2720 7
2721 7
2722 7
2723 7
2724 7
2725 7
2726 7
2727 7
2728 7
2729 7
2730 10
2731 10
2732 10
2733 10
2734 10
2735 10
2736 10
2737 10
2738 10
2739 10
2740 126
2741 126
2742 126
2743 126
2744 126
2745 126
2746 126
2747 126
2748 126
2749 126
2750 200
2751 200
2752 200
2753 200
2754 200
2755 200
2756 200
2757 200
2758 200
2759 200
2760 201
2761 201
2762 201
2763 201
2764 201
2765 201
2766 201
2767 201
2768 201
2769 201
2770 4
2771 4
2772 4
2773 4
2774 4
2775 4
2776 4
2777 4
2778 4
2779 4
2780 60
2781 60
2782 60
2783 60
2784 60
2785 60
2786 60
2787 60
2788 60
2789 60
2790 141
2791 141
2792 141
2793 141
2794 141
2795 141
2796 141
2797 141
2798 141
2799 141
2800 127
2801 127
2802 127
2803 127
2804 127
2805 127
2806 127
2807 127
2808 127
2809 127
2810 202
2811 202
2812 202
2813 202
2814 202
2815 202
2816 202
2817 202
2818 202
2819 202
2820 128
2821 128
2822 128
2823 128
2824 128
2825 128
2826 128
2827 128
2828 128
2829 128
2830 83
2831 83
2832 83
2833 83
2834 83
2835 83
2836 83
2837 83
2838 83
2839 83
2840 135
2841 135
2842 135
2843 135
2844 135
2845 135
2846 135
2847 135
2848 135
2849 135
2850 129
2851 129
2852 129
2853 129
2854 129
2855 129
2856 129
2857 129
2858 129
2859 129
2860 130
2861 130
2862 130
2863 130
2864 130
2865 130
2866 130
2867 130
2868 130
2869 130
2870 203
2871 203
2872 203
2873 203
2874 203
2875 203
2876 203
2877 203
2878 203
2879 203
2880 61
2881 61
2882 61
2883 61
2884 61
2885 61
2886 61
2887 61
2888 61
2889 61
2890 116
2891 116
2892 116
2893 116
2894 116
2895 116
2896 116
2897 116
2898 116
2899 116
2900 108
2901 108
2902 108
2903 108
2904 108
2905 108
2906 108
2907 108
2908 108
2909 108
2910 88
2911 88
2912 88
2913 88
2914 88
2915 88
2916 88
2917 88
2918 88
2919 88
2920 8
2921 8
2922 8
2923 8
2924 8
2925 8
2926 8
2927 8
2928 8
2929 8
2930 204
2931 204
2932 204
2933 204
2934 204
2935 204
2936 204
2937 204
2938 204
2939 204
2940 131
2941 131
2942 131
2943 131
2944 131
2945 131
2946 131
2947 131
2948 131
2949 131
2950 5
2951 5
2952 5
2953 5
2954 5
2955 5
2956 5
2957 5
2958 5
2959 5
2960 132
2961 132
2962 132
2963 132
2964 132
2965 132
2966 132
2967 132
2968 132
2969 132
2970 62
2971 62
2972 62
2973 62
2974 62
2975 62
2976 62
2977 62
2978 62
2979 62
2980 35
2981 35
2982 35
2983 35
2984 35
2985 35
2986 35
2987 35
2988 35
2989 35
2990 111
2991 111
2992 111
2993 111
2994 111
2995 111
2996 111
2997 111
2998 111
2999 111
3000 131
3001 131
3002 131
3003 131
3004 131
3005 131
3006 131
3007 131
3008 131
3009 131
3010 133
3011 133
3012 133
3013 133
3014 133
3015 133
3016 133
3017 133
3018 133
3019 133
3020 118
3021 118
3022 118
3023 118
3024 118
3025 118
3026 118
3027 118
3028 118
3029 118
3030 134
3031 134
3032 134
3033 134
3034 134
3035 134
3036 134
3037 134
3038 134
3039 134
3040 99
3041 99
3042 99
3043 99
3044 99
3045 99
3046 99
3047 99
3048 99
3049 99
3050 134
3051 134
3052 134
3053 134
3054 134
3055 134
3056 134
3057 134
3058 134
3059 134
3060 107
3061 107
3062 107
3063 107
3064 107
3065 107
3066 107
3067 107
3068 107
3069 107
3070 8
3071 8
3072 8
3073 8
3074 8
3075 8
3076 8
3077 8
3078 8
3079 8
3080 40
3081 40
3082 40
3083 40
3084 40
3085 40
3086 40
3087 40
3088 40
3089 40
3090 63
3091 63
3092 63
3093 63
3094 63
3095 63
3096 63
3097 63
3098 63
3099 63
3100 205
3101 205
3102 205
3103 205
3104 205
3105 205
3106 205
3107 205
3108 205
3109 205
3110 206
3111 206
3112 206
3113 206
3114 206
3115 206
3116 206
3117 206
3118 206
3119 206
3120 15
3121 15
3122 15
3123 15
3124 15
3125 15
3126 15
3127 15
3128 15
3129 15
3130 64
3131 64
3132 64
3133 64
3134 64
3135 64
3136 64
3137 64
3138 64
3139 64
3140 23
3141 23
3142 23
3143 23
3144 23
3145 23
3146 23
3147 23
3148 23
3149 23
3150 120
3151 120
3152 120
3153 120
3154 120
3155 120
3156 120
3157 120
3158 120
3159 120
3160 1
3161 1
3162 1
3163 1
3164 1
3165 1
3166 1
3167 1
3168 1
3169 1
3170 160
3171 160
3172 160
3173 160
3174 160
3175 160
3176 160
3177 160
3178 160
3179 160
3180 93
3181 93
3182 93
3183 93
3184 93
3185 93
3186 93
3187 93
3188 93
3189 93
3190 64
3191 64
3192 64
3193 64
3194 64
3195 64
3196 64
3197 64
3198 64
3199 64
3200 207
3201 207
3202 207
3203 207
3204 207
3205 207
3206 207
3207 207
3208 207
3209 207
3210 148
3211 148
3212 148
3213 148
3214 148
3215 148
3216 148
3217 148
3218 148
3219 148
3220 119
3221 119
3222 119
3223 119
3224 119
3225 119
3226 119
3227 119
3228 119
3229 119
3230 135
3231 135
3232 135
3233 135
3234 135
3235 135
3236 135
3237 135
3238 135
3239 135
3240 208
3241 208
3242 208
3243 208
3244 208
3245 208
3246 208
3247 208
3248 208
3249 208
3250 40
3251 40
3252 40
3253 40
3254 40
3255 40
3256 40
3257 40
3258 40
3259 40
3260 19
3261 19
3262 19
3263 19
3264 19
3265 19
3266 19
3267 19
3268 19
3269 19
3270 65
3271 65
3272 65
3273 65
3274 65
3275 65
3276 65
3277 65
3278 65
3279 65
3280 43
3281 43
3282 43
3283 43
3284 43
3285 43
3286 43
3287 43
3288 43
3289 43
3290 66
3291 66
3292 66
3293 66
3294 66
3295 66
3296 66
3297 66
3298 66
3299 66
3300 136
3301 136
3302 136
3303 136
3304 136
3305 136
3306 136
3307 136
3308 136
3309 136
3310 67
3311 67
3312 67
3313 67
3314 67
3315 67
3316 67
3317 67
3318 67
3319 67
3320 68
3321 68
3322 68
3323 68
3324 68
3325 68
3326 68
3327 68
3328 68
3329 68
3330 137
3331 137
3332 137
3333 137
3334 137
3335 137
3336 137
3337 137
3338 137
3339 137
3340 209
3341 209
3342 209
3343 209
3344 209
3345 209
3346 209
3347 209
3348 209
3349 209
3350 138
3351 138
3352 138
3353 138
3354 138
3355 138
3356 138
3357 138
3358 138
3359 138
3360 52
3361 52
3362 52
3363 52
3364 52
3365 52
3366 52
3367 52
3368 52
3369 52
3370 139
3371 139
3372 139
3373 139
3374 139
3375 139
3376 139
3377 139
3378 139
3379 139
3380 34
3381 34
3382 34
3383 34
3384 34
3385 34
3386 34
3387 34
3388 34
3389 34
3390 45
3391 45
3392 45
3393 45
3394 45
3395 45
3396 45
3397 45
3398 45
3399 45
3400 210
3401 210
3402 210
3403 210
3404 210
3405 210
3406 210
3407 210
3408 210
3409 210
3410 69
3411 69
3412 69
3413 69
3414 69
3415 69
3416 69
3417 69
3418 69
3419 69
3420 70
3421 70
3422 70
3423 70
3424 70
3425 70
3426 70
3427 70
3428 70
3429 70
3430 145
3431 145
3432 145
3433 145
3434 145
3435 145
3436 145
3437 145
3438 145
3439 145
3440 156
3441 156
3442 156
3443 156
3444 156
3445 156
3446 156
3447 156
3448 156
3449 156
3450 140
3451 140
3452 140
3453 140
3454 140
3455 140
3456 140
3457 140
3458 140
3459 140
3460 155
3461 155
3462 155
3463 155
3464 155
3465 155
3466 155
3467 155
3468 155
3469 155
3470 211
3471 211
3472 211
3473 211
3474 211
3475 211
3476 211
3477 211
3478 211
3479 211
3480 96
3481 96
3482 96
3483 96
3484 96
3485 96
3486 96
3487 96
3488 96
3489 96
3490 56
3491 56
3492 56
3493 56
3494 56
3495 56
3496 56
3497 56
3498 56
3499 56
3500 39
3501 39
3502 39
3503 39
3504 39
3505 39
3506 39
3507 39
3508 39
3509 39
3510 152
3511 152
3512 152
3513 152
3514 152
3515 152
3516 152
3517 152
3518 152
3519 152
3520 71
3521 71
3522 71
3523 71
3524 71
3525 71
3526 71
3527 71
3528 71
3529 71
3530 212
3531 212
3532 212
3533 212
3534 212
3535 212
3536 212
3537 212
3538 212
3539 212
3540 72
3541 72
3542 72
3543 72
3544 72
3545 72
3546 72
3547 72
3548 72
3549 72
3550 213
3551 213
3552 213
3553 213
3554 213
3555 213
3556 213
3557 213
3558 213
3559 213
3560 141
3561 141
3562 141
3563 141
3564 141
3565 141
3566 141
3567 141
3568 141
3569 141
3570 84
3571 84
3572 84
3573 84
3574 84
3575 84
3576 84
3577 84
3578 84
3579 84
3580 2
3581 2
3582 2
3583 2
3584 2
3585 2
3586 2
3587 2
3588 2
3589 2
3590 25
3591 25
3592 25
3593 25
3594 25
3595 25
3596 25
3597 25
3598 25
3599 25
3600 142
3601 142
3602 142
3603 142
3604 142
3605 142
3606 142
3607 142
3608 142
3609 142
3610 63
3611 63
3612 63
3613 63
3614 63
3615 63
3616 63
3617 63
3618 63
3619 63
3620 1
3621 1
3622 1
3623 1
3624 1
3625 1
3626 1
3627 1
3628 1
3629 1
3630 13
3631 13
3632 13
3633 13
3634 13
3635 13
3636 13
3637 13
3638 13
3639 13
3640 23
3641 23
3642 23
3643 23
3644 23
3645 23
3646 23
3647 23
3648 23
3649 23
3650 214
3651 214
3652 214
3653 214
3654 214
3655 214
3656 214
3657 214
3658 214
3659 214
3660 22
3661 22
3662 22
3663 22
3664 22
3665 22
3666 22
3667 22
3668 22
3669 22
3670 142
3671 142
3672 142
3673 142
3674 142
3675 142
3676 142
3677 142
3678 142
3679 142
3680 215
3681 215
3682 215
3683 215
3684 215
3685 215
3686 215
3687 215
3688 215
3689 215
3690 216
3691 216
3692 216
3693 216
3694 216
3695 216
3696 216
3697 216
3698 216
3699 216
3700 7
3701 7
3702 7
3703 7
3704 7
3705 7
3706 7
3707 7
3708 7
3709 7
3710 84
3711 84
3712 84
3713 84
3714 84
3715 84
3716 84
3717 84
3718 84
3719 84
3720 46
3721 46
3722 46
3723 46
3724 46
3725 46
3726 46
3727 46
3728 46
3729 46
3730 143
3731 143
3732 143
3733 143
3734 143
3735 143
3736 143
3737 143
3738 143
3739 143
3740 144
3741 144
3742 144
3743 144
3744 144
3745 144
3746 144
3747 144
3748 144
3749 144
3750 18
3751 18
3752 18
3753 18
3754 18
3755 18
3756 18
3757 18
3758 18
3759 18
3760 73
3761 73
3762 73
3763 73
3764 73
3765 73
3766 73
3767 73
3768 73
3769 73
3770 145
3771 145
3772 145
3773 145
3774 145
3775 145
3776 145
3777 145
3778 145
3779 145
3780 87
3781 87
3782 87
3783 87
3784 87
3785 87
3786 87
3787 87
3788 87
3789 87
3790 54
3791 54
3792 54
3793 54
3794 54
3795 54
3796 54
3797 54
3798 54
3799 54
3800 51
3801 51
3802 51
3803 51
3804 51
3805 51
3806 51
3807 51
3808 51
3809 51
3810 74
3811 74
3812 74
3813 74
3814 74
3815 74
3816 74
3817 74
3818 74
3819 74
3820 105
3821 105
3822 105
3823 105
3824 105
3825 105
3826 105
3827 105
3828 105
3829 105
3830 38
3831 38
3832 38
3833 38
3834 38
3835 38
3836 38
3837 38
3838 38
3839 38
3840 146
3841 146
3842 146
3843 146
3844 146
3845 146
3846 146
3847 146
3848 146
3849 146
3850 217
3851 217
3852 217
3853 217
3854 217
3855 217
3856 217
3857 217
3858 217
3859 217
3860 53
3861 53
3862 53
3863 53
3864 53
3865 53
3866 53
3867 53
3868 53
3869 53
3870 67
3871 67
3872 67
3873 67
3874 67
3875 67
3876 67
3877 67
3878 67
3879 67
3880 41
3881 41
3882 41
3883 41
3884 41
3885 41
3886 41
3887 41
3888 41
3889 41
3890 15
3891 15
3892 15
3893 15
3894 15
3895 15
3896 15
3897 15
3898 15
3899 15
3900 129
3901 129
3902 129
3903 129
3904 129
3905 129
3906 129
3907 129
3908 129
3909 129
3910 95
3911 95
3912 95
3913 95
3914 95
3915 95
3916 95
3917 95
3918 95
3919 95
3920 9
3921 9
3922 9
3923 9
3924 9
3925 9
3926 9
3927 9
3928 9
3929 9
3930 218
3931 218
3932 218
3933 218
3934 218
3935 218
3936 218
3937 218
3938 218
3939 218
3940 20
3941 20
3942 20
3943 20
3944 20
3945 20
3946 20
3947 20
3948 20
3949 20
3950 6
3951 6
3952 6
3953 6
3954 6
3955 6
3956 6
3957 6
3958 6
3959 6
3960 147
3961 147
3962 147
3963 147
3964 147
3965 147
3966 147
3967 147
3968 147
3969 147
3970 219
3971 219
3972 219
3973 219
3974 219
3975 219
3976 219
3977 219
3978 219
3979 219
3980 57
3981 57
3982 57
3983 57
3984 57
3985 57
3986 57
3987 57
3988 57
3989 57
3990 65
3991 65
3992 65
3993 65
3994 65
3995 65
3996 65
3997 65
3998 65
3999 65
4000 9
4001 9
4002 9
4003 9
4004 9
4005 9
4006 9
4007 9
4008 9
4009 9
4010 148
4011 148
4012 148
4013 148
4014 148
4015 148
4016 148
4017 148
4018 148
4019 148
4020 128
4021 128
4022 128
4023 128
4024 128
4025 128
4026 128
4027 128
4028 128
4029 128
4030 31
4031 31
4032 31
4033 31
4034 31
4035 31
4036 31
4037 31
4038 31
4039 31
4040 60
4041 60
4042 60
4043 60
4044 60
4045 60
4046 60
4047 60
4048 60
4049 60
4050 15
4051 15
4052 15
4053 15
4054 15
4055 15
4056 15
4057 15
4058 15
4059 15
4060 149
4061 149
4062 149
4063 149
4064 149
4065 149
4066 149
4067 149
4068 149
4069 149
4070 75
4071 75
4072 75
4073 75
4074 75
4075 75
4076 75
4077 75
4078 75
4079 75
4080 80
4081 80
4082 80
4083 80
4084 80
4085 80
4086 80
4087 80
4088 80
4089 80
4090 150
4091 150
4092 150
4093 150
4094 150
4095 150
4096 150
4097 150
4098 150
4099 150
4100 72
4101 72
4102 72
4103 72
4104 72
4105 72
4106 72
4107 72
4108 72
4109 72
4110 68
4111 68
4112 68
4113 68
4114 68
4115 68
4116 68
4117 68
4118 68
4119 68
4120 144
4121 144
4122 144
4123 144
4124 144
4125 144
4126 144
4127 144
4128 144
4129 144
4130 151
4131 151
4132 151
4133 151
4134 151
4135 151
4136 151
4137 151
4138 151
4139 151
4140 152
4141 152
4142 152
4143 152
4144 152
4145 152
4146 152
4147 152
4148 152
4149 152
4150 153
4151 153
4152 153
4153 153
4154 153
4155 153
4156 153
4157 153
4158 153
4159 153
4160 66
4161 66
4162 66
4163 66
4164 66
4165 66
4166 66
4167 66
4168 66
4169 66
4170 57
4171 57
4172 57
4173 57
4174 57
4175 57
4176 57
4177 57
4178 57
4179 57
4180 220
4181 220
4182 220
4183 220
4184 220
4185 220
4186 220
4187 220
4188 220
4189 220
4190 154
4191 154
4192 154
4193 154
4194 154
4195 154
4196 154
4197 154
4198 154
4199 154
4200 76
4201 76
4202 76
4203 76
4204 76
4205 76
4206 76
4207 76
4208 76
4209 76
4210 77
4211 77
4212 77
4213 77
4214 77
4215 77
4216 77
4217 77
4218 77
4219 77
4220 72
4221 72
4222 72
4223 72
4224 72
4225 72
4226 72
4227 72
4228 72
4229 72
4230 221
4231 221
4232 221
4233 221
4234 221
4235 221
4236 221
4237 221
4238 221
4239 221
4240 63
4241 63
4242 63
4243 63
4244 63
4245 63
4246 63
4247 63
4248 63
4249 63
4250 59
4251 59
4252 59
4253 59
4254 59
4255 59
4256 59
4257 59
4258 59
4259 59
4260 155
4261 155
4262 155
4263 155
4264 155
4265 155
4266 155
4267 155
4268 155
4269 155
4270 85
4271 85
4272 85
4273 85
4274 85
4275 85
4276 85
4277 85
4278 85
4279 85
4280 71
4281 71
4282 71
4283 71
4284 71
4285 71
4286 71
4287 71
4288 71
4289 71
4290 222
4291 222
4292 222
4293 222
4294 222
4295 222
4296 222
4297 222
4298 222
4299 222
4300 78
4301 78
4302 78
4303 78
4304 78
4305 78
4306 78
4307 78
4308 78
4309 78
4310 223
4311 223
4312 223
4313 223
4314 223
4315 223
4316 223
4317 223
4318 223
4319 223
4320 79
4321 79
4322 79
4323 79
4324 79
4325 79
4326 79
4327 79
4328 79
4329 79
4330 14
4331 14
4332 14
4333 14
4334 14
4335 14
4336 14
4337 14
4338 14
4339 14
4340 224
4341 224
4342 224
4343 224
4344 224
4345 224
4346 224
4347 224
4348 224
4349 224
4350 10
4351 10
4352 10
4353 10
4354 10
4355 10
4356 10
4357 10
4358 10
4359 10
4360 54
4361 54
4362 54
4363 54
4364 54
4365 54
4366 54
4367 54
4368 54
4369 54
4370 33
4371 33
4372 33
4373 33
4374 33
4375 33
4376 33
4377 33
4378 33
4379 33
4380 13
4381 13
4382 13
4383 13
4384 13
4385 13
4386 13
4387 13
4388 13
4389 13
4390 80
4391 80
4392 80
4393 80
4394 80
4395 80
4396 80
4397 80
4398 80
4399 80
4400 143
4401 143
4402 143
4403 143
4404 143
4405 143
4406 143
4407 143
4408 143
4409 143
4410 29
4411 29
4412 29
4413 29
4414 29
4415 29
4416 29
4417 29
4418 29
4419 29
4420 47
4421 47
4422 47
4423 47
4424 47
4425 47
4426 47
4427 47
4428 47
4429 47
4430 11
4431 11
4432 11
4433 11
4434 11
4435 11
4436 11
4437 11
4438 11
4439 11
4440 81
4441 81
4442 81
4443 81
4444 81
4445 81
4446 81
4447 81
4448 81
4449 81
4450 81
4451 81
4452 81
4453 81
4454 81
4455 81
4456 81
4457 81
4458 81
4459 81
4460 1
4461 1
4462 1
4463 1
4464 1
4465 1
4466 1
4467 1
4468 1
4469 1
4470 156
4471 156
4472 156
4473 156
4474 156
4475 156
4476 156
4477 156
4478 156
4479 156
4480 225
4481 225
4482 225
4483 225
4484 225
4485 225
4486 225
4487 225
4488 225
4489 225
4490 82
4491 82
4492 82
4493 82
4494 82
4495 82
4496 82
4497 82
4498 82
4499 82
4500 82
4501 82
4502 82
4503 82
4504 82
4505 82
4506 82
4507 82
4508 82
4509 82
4510 226
4511 226
4512 226
4513 226
4514 226
4515 226
4516 226
4517 226
4518 226
4519 226
4520 157
4521 157
4522 157
4523 157
4524 157
4525 157
4526 157
4527 157
4528 157
4529 157
4530 158
4531 158
4532 158
4533 158
4534 158
4535 158
4536 158
4537 158
4538 158
4539 158
4540 77
4541 77
4542 77
4543 77
4544 77
4545 77
4546 77
4547 77
4548 77
4549 77
4550 74
4551 74
4552 74
4553 74
4554 74
4555 74
4556 74
4557 74
4558 74
4559 74
4560 20
4561 20
4562 20
4563 20
4564 20
4565 20
4566 20
4567 20
4568 20
4569 20
4570 227
4571 227
4572 227
4573 227
4574 227
4575 227
4576 227
4577 227
4578 227
4579 227
4580 92
4581 92
4582 92
4583 92
4584 92
4585 92
4586 92
4587 92
4588 92
4589 92
4590 45
4591 45
4592 45
4593 45
4594 45
4595 45
4596 45
4597 45
4598 45
4599 45
4600 159
4601 159
4602 159
4603 159
4604 159
4605 159
4606 159
4607 159
4608 159
4609 159
4610 149
4611 149
4612 149
4613 149
4614 149
4615 149
4616 149
4617 149
4618 149
4619 149
4620 16
4621 16
4622 16
4623 16
4624 16
4625 16
4626 16
4627 16
4628 16
4629 16
4630 27
4631 27
4632 27
4633 27
4634 27
4635 27
4636 27
4637 27
4638 27
4639 27
4640 228
4641 228
4642 228
4643 228
4644 228
4645 228
4646 228
4647 228
4648 228
4649 228
4650 154
4651 154
4652 154
4653 154
4654 154
4655 154
4656 154
4657 154
4658 154
4659 154
4660 229
4661 229
4662 229
4663 229
4664 229
4665 229
4666 229
4667 229
4668 229
4669 229
4670 137
4671 137
4672 137
4673 137
4674 137
4675 137
4676 137
4677 137
4678 137
4679 137
4680 70
4681 70
4682 70
4683 70
4684 70
4685 70
4686 70
4687 70
4688 70
4689 70
4690 70
4691 70
4692 70
4693 70
4694 70
4695 70
4696 70
4697 70
4698 70
4699 70
4700 34
4701 34
4702 34
4703 34
4704 34
4705 34
4706 34
4707 34
4708 34
4709 34
4710 78
4711 78
4712 78
4713 78
4714 78
4715 78
4716 78
4717 78
4718 78
4719 78
4720 160
4721 160
4722 160
4723 160
4724 160
4725 160
4726 160
4727 160
4728 160
4729 160
4730 161
4731 161
4732 161
4733 161
4734 161
4735 161
4736 161
4737 161
4738 161
4739 161
4740 6
4741 6
4742 6
4743 6
4744 6
4745 6
4746 6
4747 6
4748 6
4749 6
4750 230
4751 230
4752 230
4753 230
4754 230
4755 230
4756 230
4757 230
4758 230
4759 230
4760 49
4761 49
4762 49
4763 49
4764 49
4765 49
4766 49
4767 49
4768 49
4769 49
4770 100
4771 100
4772 100
4773 100
4774 100
4775 100
4776 100
4777 100
4778 100
4779 100
4780 162
4781 162
4782 162
4783 162
4784 162
4785 162
4786 162
4787 162
4788 162
4789 162
4790 83
4791 83
4792 83
4793 83
4794 83
4795 83
4796 83
4797 83
4798 83
4799 83
4800 163
4801 163
4802 163
4803 163
4804 163
4805 163
4806 163
4807 163
4808 163
4809 163
4810 0
4811 0
4812 0
4813 0
4814 0
4815 0
4816 0
4817 0
4818 0
4819 0
4820 231
4821 231
4822 231
4823 231
4824 231
4825 231
4826 231
4827 231
4828 231
4829 231
4830 146
4831 146
4832 146
4833 146
4834 146
4835 146
4836 146
4837 146
4838 146
4839 146
4840 80
4841 80
4842 80
4843 80
4844 80
4845 80
4846 80
4847 80
4848 80
4849 80
4850 11
4851 11
4852 11
4853 11
4854 11
4855 11
4856 11
4857 11
4858 11
4859 11
4860 164
4861 164
4862 164
4863 164
4864 164
4865 164
4866 164
4867 164
4868 164
4869 164
4870 138
4871 138
4872 138
4873 138
4874 138
4875 138
4876 138
4877 138
4878 138
4879 138
4880 12
4881 12
4882 12
4883 12
4884 12
4885 12
4886 12
4887 12
4888 12
4889 12
4890 58
4891 58
4892 58
4893 58
4894 58
4895 58
4896 58
4897 58
4898 58
4899 58
4900 84
4901 84
4902 84
4903 84
4904 84
4905 84
4906 84
4907 84
4908 84
4909 84
4910 7
4911 7
4912 7
4913 7
4914 7
4915 7
4916 7
4917 7
4918 7
4919 7
4920 232
4921 232
4922 232
4923 232
4924 232
4925 232
4926 232
4927 232
4928 232
4929 232
4930 73
4931 73
4932 73
4933 73
4934 73
4935 73
4936 73
4937 73
4938 73
4939 73
4940 127
4941 127
4942 127
4943 127
4944 127
4945 127
4946 127
4947 127
4948 127
4949 127
4950 53
4951 53
4952 53
4953 53
4954 53
4955 53
4956 53
4957 53
4958 53
4959 53
4960 114
4961 114
4962 114
4963 114
4964 114
4965 114
4966 114
4967 114
4968 114
4969 114
4970 139
4971 139
4972 139
4973 139
4974 139
4975 139
4976 139
4977 139
4978 139
4979 139
4980 158
4981 158
4982 158
4983 158
4984 158
4985 158
4986 158
4987 158
4988 158
4989 158
4990 85
4991 85
4992 85
4993 85
4994 85
4995 85
4996 85
4997 85
4998 85
4999 85
