0 0
1 1
2 2
3 2
4 3
5 4
6 4
7 3
8 4
9 3
10 1
11 0
12 0
13 2
14 2
15 5
16 3
17 1
18 6
19 1
20 0
21 1
22 3
23 4
24 3
25 1
26 4
27 4
28 1
29 4
30 6
31 4
32 1
33 7
34 2
35 4
36 4
37 3
38 2
39 3
40 1
41 3
42 1
43 3
44 3
45 3
46 6
47 3
48 6
49 1
50 4
51 7
52 3
53 7
54 8
55 3
56 3
57 3
58 6
59 4
60 6
61 4
62 3
63 6
64 0
65 4
66 4
67 7
68 4
69 2
70 2
71 9
72 1
73 2
74 4
75 6
76 4
77 4
78 3
79 1
80 1
81 6
82 2
83 8
84 1
85 2
86 6
87 6
88 1
89 7
90 4
91 8
92 3
93 4
94 2
95 4
96 7
97 3
98 1
99 2
100 2
101 0
102 1
103 3
104 1
105 2
106 1
107 2
108 4
109 2
110 5
111 2
112 1
113 2
114 6
115 5
116 4
117 6
118 3
119 1
120 3
121 3
122 6
123 3
124 2
125 7
126 2
127 6
128 10
129 2
130 0
131 0
132 3
133 0
134 1
135 1
136 8
137 9
138 3
139 2
140 4
141 1
142 1
143 4
144 1
145 1
146 4
147 4
148 2
149 2
150 3
151 2
152 3
153 0
154 3
155 2
156 1
157 3
158 3
159 2
160 6
161 1
162 3
163 3
164 1
165 1
166 2
167 3
168 3
169 2
170 3
171 1
172 1
173 3
174 5
175 3
176 3
177 6
178 1
179 6
180 3
181 2
182 6
183 0
184 3
185 1
186 3
187 1
188 1
189 2
190 1
191 1
192 8
193 3
194 2
195 3
196 1
197 4
198 1
199 2
200 3
201 1
202 1
203 0
204 2
205 1
206 1
207 4
208 3
209 2
210 9
211 2
212 10
213 4
214 5
215 9
216 1
217 1
218 1
219 3
220 7
221 6
222 0
223 2
224 7
225 10
226 4
227 4
228 9
229 1
230 4
231 2
232 1
233 1
234 4
235 9
236 3
237 1
238 3
239 5
240 3
241 0
242 1
243 1
244 2
245 3
246 1
247 3
248 1
249 3
250 4
251 3
252 1
253 1
254 8
255 2
256 6
257 2
258 1
259 4
260 2
261 3
262 0
263 6
264 3
265 4
266 2
267 5
268 5
269 3
270 3
271 2
272 3
273 1
274 1
275 3
276 8
277 3
278 9
279 4
280 3
281 1
282 2
283 3
284 1
285 4
286 1
287 2
288 6
289 3
290 3
291 1
292 9
293 1
294 2
295 4
296 3
297 4
298 2
299 2
300 2
301 3
302 1
303 3
304 4
305 4
306 9
307 4
308 3
309 3
310 10
311 3
312 9
313 4
314 7
315 2
316 2
317 4
318 4
319 2
320 2
321 10
322 6
323 4
324 1
325 1
326 2
327 2
328 3
329 4
330 1
331 4
332 1
333 3
334 3
335 3
336 4
337 3
338 6
339 1
340 4
341 3
342 4
343 5
344 1
345 4
346 1
347 1
348 2
349 1
350 2
351 1
352 2
353 0
354 7
355 3
356 9
357 5
358 3
359 3
360 4
361 6
362 4
363 2
364 1
365 1
366 1
367 0
368 6
369 5
370 2
371 4
372 0
373 4
374 6
375 1
376 4
377 3
378 4
379 4
380 8
381 2
382 1
383 3
384 1
385 7
386 3
387 9
388 2
389 3
390 5
391 4
392 4
393 3
394 7
395 6
396 1
397 5
398 1
399 3
400 1
401 4
402 1
403 2
404 4
405 2
406 6
407 1
408 3
409 0
410 2
411 4
412 4
413 4
414 3
415 3
416 1
417 0
418 8
419 1
420 3
421 1
422 1
423 4
424 2
425 3
426 1
427 1
428 8
429 2
430 3
431 1
432 1
433 3
434 3
435 3
436 4
437 2
438 0
439 4
440 2
441 3
442 3
443 4
444 4
445 6
446 4
447 1
448 2
449 4
450 2
451 4
452 3
453 2
454 8
455 3
456 4
457 3
458 2
459 3
460 8
461 3
462 3
463 4
464 4
465 1
466 4
467 4
468 4
469 2
470 6
471 3
472 1
473 6
474 9
475 3
476 10
477 1
478 4
479 3
480 5
481 4
482 4
483 6
484 3
485 2
486 1
487 5
488 4
489 3
490 0
491 4
492 2
493 4
494 3
495 4
496 8
497 1
498 1
499 10
500 2
501 1
502 4
503 3
504 1
505 3
506 1
507 4
508 7
509 2
510 3
511 3
512 6
513 6
514 2
515 3
516 6
517 1
518 4
519 4
520 1
521 4
522 2
523 4
524 1
525 1
526 4
527 10
528 3
529 3
530 2
531 3
532 3
533 4
534 4
535 2
536 7
537 3
538 4
539 4
540 2
541 1
542 1
543 3
544 2
545 1
546 8
547 1
548 1
549 1
550 7
551 2
552 3
553 3
554 3
555 3
556 4
557 3
558 1
559 3
560 2
561 4
562 3
563 4
564 4
565 3
566 6
567 3
568 4
569 1
570 8
571 0
572 1
573 4
574 5
575 1
576 10
577 6
578 1
579 7
580 4
581 0
582 1
583 3
584 9
585 1
586 6
587 2
588 4
589 4
590 2
591 3
592 4
593 2
594 4
595 1
596 2
597 6
598 3
599 2
600 3
601 8
602 1
603 1
604 4
605 3
606 2
607 3
608 3
609 3
610 2
611 1
612 6
613 3
614 9
615 1
616 1
617 1
618 2
619 9
620 8
621 4
622 6
623 3
624 4
625 1
626 3
627 2
628 1
629 0
630 8
631 1
632 7
633 4
634 1
635 9
636 6
637 4
638 5
639 4
640 3
641 2
642 3
643 3
644 9
645 3
646 4
647 5
648 3
649 1
650 6
651 1
652 3
653 1
654 3
655 2
656 0
657 8
658 2
659 4
660 2
661 1
662 4
663 4
664 4
665 3
666 4
667 1
668 4
669 2
670 4
671 1
672 2
673 2
674 1
675 4
676 6
677 5
678 0
679 1
680 1
681 3
682 3
683 2
684 2
685 10
686 3
687 2
688 1
689 1
690 3
691 1
692 1
693 6
694 1
695 3
696 2
697 3
698 6
699 1
700 1
701 2
702 4
703 4
704 1
705 4
706 1
707 1
708 3
709 2
710 4
711 4
712 6
713 4
714 4
715 4
716 3
717 1
718 2
719 4
720 1
721 4
722 1
723 4
724 4
725 3
726 7
727 1
728 9
729 5
730 0
731 3
732 6
733 3
734 2
735 3
736 4
737 4
738 1
739 3
740 3
741 4
742 9
743 3
744 1
745 4
746 3
747 4
748 3
749 4
750 6
751 1
752 7
753 3
754 6
755 2
756 6
757 3
758 1
759 1
760 9
761 2
762 4
763 3
764 2
765 3
766 4
767 6
768 4
769 1
770 3
771 3
772 0
773 4
774 6
775 1
776 4
777 1
778 6
779 3
780 4
781 1
782 3
783 3
784 3
785 1
786 5
787 0
788 3
789 3
790 9
791 4
792 3
793 9
794 1
795 1
796 7
797 1
798 1
799 2
800 4
801 4
802 7
803 6
804 8
805 6
806 7
807 5
808 3
809 3
810 9
811 4
812 7
813 2
814 1
815 3
816 3
817 1
818 1
819 3
820 1
821 3
822 3
823 3
824 1
825 4
826 2
827 6
828 4
829 1
830 3
831 2
832 2
833 4
834 1
835 3
836 1
837 6
838 1
839 8
840 4
841 8
842 3
843 3
844 2
845 9
846 4
847 4
848 4
849 10
850 4
851 8
852 1
853 0
854 2
855 9
856 4
857 4
858 9
859 4
860 1
861 1
862 6
863 1
864 2
865 0
866 1
867 4
868 3
869 1
870 2
871 3
872 6
873 3
874 1
875 2
876 3
877 1
878 4
879 5
880 9
881 6
882 4
883 4
884 1
885 2
886 1
887 1
888 4
889 3
890 9
891 1
892 3
893 1
894 4
895 1
896 9
897 2
898 3
899 0
900 1
901 4
902 4
903 4
904 3
905 9
906 2
907 6
908 3
909 1
910 4
911 1
912 3
913 3
914 2
915 7
916 2
917 2
918 3
919 3
920 0
921 3
922 1
923 3
924 4
925 2
926 2
927 4
928 6
929 1
930 5
931 6
932 1
933 3
934 3
935 3
936 1
937 3
938 1
939 4
940 7
941 4
942 1
943 3
944 3
945 3
946 2
947 0
948 3
949 2
950 8
951 2
952 2
953 4
954 9
955 1
956 1
957 4
958 2
959 4
960 5
961 6
962 4
963 1
964 4
965 0
966 2
967 4
968 3
969 8
970 0
971 3
972 1
973 4
974 1
975 3
976 2
977 6
978 7
979 9
980 3
981 2
982 5
983 1
984 8
985 1
986 6
987 1
988 2
989 9
990 4
991 2
992 2
993 4
994 4
995 2
996 1
997 10
998 6
999 6
1000 2
1001 2
1002 6
1003 3
1004 10
1005 9
1006 10
1007 6
1008 4
1009 5
1010 5
1011 3
1012 6
1013 1
1014 7
1015 4
1016 2
1017 1
1018 1
1019 8
1020 6
1021 1
1022 3
1023 4
1024 1
1025 3
1026 2
1027 9
1028 1
1029 3
1030 5
1031 3
1032 2
1033 2
1034 4
1035 8
1036 4
1037 1
1038 1
1039 1
1040 3
1041 3
1042 3
1043 2
1044 3
1045 4
1046 0
1047 5
1048 6
1049 3
1050 1
1051 1
1052 4
1053 4
1054 1
1055 9
1056 1
1057 2
1058 6
1059 3
1060 4
1061 3
1062 1
1063 2
1064 6
1065 3
1066 1
1067 4
1068 3
1069 6
1070 4
1071 4
1072 3
1073 4
1074 2
1075 3
1076 4
1077 2
1078 7
1079 4
1080 4
1081 1
1082 2
1083 2
1084 3
1085 1
1086 0
1087 3
1088 6
1089 3
1090 2
1091 2
1092 4
1093 4
1094 3
1095 6
1096 1
1097 0
1098 3
1099 1
1100 6
1101 6
1102 6
1103 6
1104 3
1105 3
1106 4
1107 2
1108 3
1109 2
1110 2
1111 6
1112 3
1113 3
1114 9
1115 4
1116 3
1117 6
1118 6
1119 3
1120 4
1121 2
1122 2
1123 3
1124 4
1125 1
1126 3
1127 1
1128 6
1129 3
1130 0
1131 1
1132 8
1133 4
1134 3
1135 2
1136 3
1137 6
1138 3
1139 5
1140 3
1141 4
1142 1
1143 6
1144 1
1145 3
1146 2
1147 3
1148 0
1149 7
1150 2
1151 1
1152 1
1153 1
1154 3
1155 0
1156 3
1157 7
1158 3
1159 2
1160 2
1161 4
1162 3
1163 10
1164 3
1165 4
1166 3
1167 1
1168 1
1169 7
1170 10
1171 5
1172 2
1173 4
1174 2
1175 6
1176 2
1177 2
1178 4
1179 1
1180 2
1181 2
1182 8
1183 1
1184 1
1185 2
1186 4
1187 3
1188 3
1189 3
1190 3
1191 9
1192 7
1193 6
1194 4
1195 4
1196 4
1197 1
1198 5
1199 3
1200 6
1201 2
1202 3
1203 4
1204 4
1205 3
1206 4
1207 7
1208 6
1209 2
1210 9
1211 3
1212 3
1213 0
1214 8
1215 4
1216 3
1217 2
1218 4
1219 6
1220 4
1221 4
1222 4
1223 1
1224 9
1225 4
1226 3
1227 2
1228 3
1229 0
1230 3
1231 7
1232 1
1233 4
1234 0
1235 1
1236 3
1237 3
1238 4
1239 2
1240 2
1241 1
1242 4
1243 3
1244 6
1245 0
1246 3
1247 7
1248 3
1249 6
1250 5
1251 1
1252 4
1253 1
1254 3
1255 4
1256 6
1257 4
1258 1
1259 3
1260 3
1261 3
1262 3
1263 1
1264 2
1265 1
1266 1
1267 6
1268 0
1269 1
1270 3
1271 2
1272 3
1273 2
1274 2
1275 1
1276 2
1277 3
1278 4
1279 3
1280 1
1281 3
1282 1
1283 4
1284 1
1285 4
1286 8
1287 7
1288 8
1289 3
1290 2
1291 4
1292 3
1293 6
1294 3
1295 1
1296 4
1297 6
1298 3
1299 4
1300 0
1301 7
1302 6
1303 3
1304 8
1305 8
1306 4
1307 4
1308 1
1309 2
1310 2
1311 4
1312 8
1313 0
1314 6
1315 2
1316 4
1317 6
1318 3
1319 0
1320 4
1321 8
1322 1
1323 4
1324 6
1325 4
1326 7
1327 1
1328 3
1329 2
1330 1
1331 3
1332 10
1333 3
1334 1
1335 6
1336 7
1337 6
1338 1
1339 3
1340 1
1341 6
1342 0
1343 3
1344 4
1345 4
1346 2
1347 3
1348 2
1349 0
1350 1
1351 4
1352 8
1353 2
1354 2
1355 3
1356 1
1357 4
1358 2
1359 2
1360 1
1361 1
1362 2
1363 2
1364 3
1365 6
1366 2
1367 1
1368 1
1369 2
1370 2
1371 4
1372 3
1373 8
1374 4
1375 4
1376 3
1377 4
1378 1
1379 4
1380 3
1381 2
1382 3
1383 1
1384 2
1385 3
1386 4
1387 3
1388 9
1389 9
1390 1
1391 2
1392 10
1393 3
1394 3
1395 1
1396 2
1397 4
1398 0
1399 3
1400 6
1401 1
1402 0
1403 2
1404 1
1405 3
1406 3
1407 1
1408 10
1409 2
1410 2
1411 2
1412 2
1413 4
1414 2
1415 6
1416 1
1417 4
1418 4
1419 1
1420 6
1421 2
1422 2
1423 1
1424 1
1425 3
1426 0
1427 6
1428 3
1429 6
1430 6
1431 1
1432 7
1433 1
1434 4
1435 3
1436 0
1437 6
1438 1
1439 1
1440 4
1441 9
1442 3
1443 7
1444 4
1445 1
1446 4
1447 2
1448 3
1449 7
1450 3
1451 1
1452 7
1453 4
1454 4
1455 3
1456 2
1457 4
1458 3
1459 4
1460 1
1461 4
1462 4
1463 2
1464 1
1465 2
1466 1
1467 2
1468 4
1469 2
1470 2
1471 3
1472 2
1473 2
1474 4
1475 0
1476 3
1477 2
1478 6
1479 6
1480 3
1481 4
1482 3
1483 0
1484 4
1485 6
1486 6
1487 1
1488 0
1489 3
1490 4
1491 2
1492 3
1493 4
1494 1
1495 2
1496 2
1497 3
1498 4
1499 2
1500 3
1501 3
1502 2
1503 3
1504 1
1505 1
1506 2
1507 6
1508 7
1509 3
1510 1
1511 2
1512 4
1513 4
1514 3
1515 1
1516 4
1517 2
1518 2
1519 3
1520 1
1521 4
1522 3
1523 1
1524 8
1525 3
1526 1
1527 3
1528 2
1529 3
1530 4
1531 4
1532 3
1533 1
1534 3
1535 6
1536 1
1537 4
1538 3
1539 2
1540 0
1541 1
1542 6
1543 4
1544 5
1545 1
1546 3
1547 8
1548 1
1549 3
1550 1
1551 4
1552 3
1553 3
1554 4
1555 4
1556 6
1557 3
1558 4
1559 3
1560 3
1561 7
1562 2
1563 7
1564 0
1565 4
1566 4
1567 1
1568 6
1569 1
1570 2
1571 2
1572 3
1573 2
1574 3
1575 3
1576 4
1577 1
1578 1
1579 4
1580 2
1581 2
1582 3
1583 1
1584 4
1585 4
1586 4
1587 2
1588 1
1589 3
1590 4
1591 3
1592 6
1593 1
1594 3
1595 3
1596 3
1597 2
1598 1
1599 1
1600 5
1601 2
1602 4
1603 1
1604 1
1605 2
1606 3
1607 6
1608 2
1609 1
1610 2
1611 1
1612 0
1613 0
1614 8
1615 3
1616 4
1617 7
1618 3
1619 1
1620 6
1621 7
1622 3
1623 4
1624 2
1625 3
1626 1
1627 4
1628 3
1629 6
1630 4
1631 1
1632 5
1633 1
1634 2
1635 6
1636 3
1637 9
1638 2
1639 3
1640 1
1641 2
1642 3
1643 3
1644 2
1645 4
1646 6
1647 8
1648 2
1649 4
1650 1
1651 1
1652 4
1653 4
1654 4
1655 3
1656 3
1657 1
1658 3
1659 4
1660 1
1661 1
1662 4
1663 4
1664 3
1665 3
1666 4
1667 3
1668 2
1669 2
1670 9
1671 2
1672 4
1673 0
1674 3
1675 4
1676 5
1677 1
1678 4
1679 3
1680 1
1681 4
1682 10
1683 5
1684 1
1685 2
1686 2
1687 6
1688 1
1689 1
1690 6
1691 4
1692 2
1693 1
1694 4
1695 1
1696 1
1697 3
1698 7
1699 0
1700 3
1701 4
1702 3
1703 1
1704 3
1705 3
1706 7
1707 1
1708 4
1709 4
1710 4
1711 3
1712 4
1713 3
1714 3
1715 8
1716 7
1717 2
1718 9
1719 3
1720 6
1721 1
1722 0
1723 4
1724 3
1725 5
1726 1
1727 6
1728 3
1729 6
1730 4
1731 5
1732 4
1733 1
1734 1
1735 7
1736 4
1737 3
1738 2
1739 1
1740 1
1741 4
1742 2
1743 3
1744 4
1745 1
1746 1
1747 2
1748 3
1749 3
1750 1
1751 1
1752 3
1753 3
1754 1
1755 1
1756 4
1757 0
1758 1
1759 3
1760 4
1761 4
1762 2
1763 3
1764 2
1765 0
1766 1
1767 4
1768 6
1769 1
1770 2
1771 6
1772 1
1773 6
1774 0
1775 6
1776 1
1777 3
1778 1
1779 4
1780 2
1781 7
1782 3
1783 4
1784 6
1785 1
1786 1
1787 6
1788 6
1789 2
1790 2
1791 3
1792 1
1793 6
1794 4
1795 4
1796 3
1797 0
1798 4
1799 2
1800 4
1801 2
1802 3
1803 3
1804 5
1805 3
1806 4
1807 1
1808 2
1809 4
1810 9
1811 4
1812 0
1813 6
1814 1
1815 3
1816 1
1817 1
1818 4
1819 2
1820 3
1821 3
1822 2
1823 6
1824 1
1825 5
1826 6
1827 4
1828 1
1829 1
1830 1
1831 0
1832 4
1833 3
1834 2
1835 4
1836 1
1837 4
1838 4
1839 6
1840 1
1841 6
1842 1
1843 3
1844 4
1845 3
1846 1
1847 4
1848 2
1849 4
1850 6
1851 2
1852 4
1853 2
1854 0
1855 1
1856 1
1857 1
1858 8
1859 3
1860 4
1861 2
1862 1
1863 2
1864 3
1865 1
1866 1
1867 3
1868 1
1869 4
1870 4
1871 2
1872 3
1873 1
1874 8
1875 4
1876 3
1877 1
1878 0
1879 4
1880 8
1881 1
1882 1
1883 6
1884 1
1885 1
1886 3
1887 1
1888 2
1889 3
1890 4
1891 1
1892 4
1893 5
1894 0
1895 3
1896 4
1897 4
1898 6
1899 4
1900 1
1901 8
1902 4
1903 2
1904 6
1905 4
1906 1
1907 1
1908 1
1909 2
1910 4
1911 2
1912 10
1913 1
1914 2
1915 3
1916 0
1917 4
1918 1
1919 3
1920 3
1921 3
1922 0
1923 10
1924 3
1925 3
1926 3
1927 4
1928 3
1929 1
1930 3
1931 4
1932 3
1933 3
1934 6
1935 1
1936 3
1937 3
1938 3
1939 1
1940 1
1941 2
1942 4
1943 2
1944 4
1945 6
1946 2
1947 1
1948 2
1949 4
1950 4
1951 2
1952 1
1953 4
1954 1
1955 6
1956 2
1957 1
1958 1
1959 4
1960 6
1961 3
1962 5
1963 8
1964 7
1965 3
1966 4
1967 3
1968 4
1969 0
1970 1
1971 2
1972 4
1973 4
1974 4
1975 4
1976 3
1977 8
1978 3
1979 1
1980 4
1981 1
1982 1
1983 1
1984 3
1985 4
1986 1
1987 3
1988 4
1989 1
1990 1
1991 3
1992 1
1993 1
1994 8
1995 4
1996 6
1997 1
1998 0
1999 6
2000 4
2001 1
2002 10
2003 4
2004 1
2005 2
2006 8
2007 3
2008 3
2009 0
2010 4
2011 0
2012 2
2013 3
2014 7
2015 8
2016 1
2017 4
2018 1
2019 2
2020 4
2021 3
2022 3
2023 6
2024 6
2025 7
2026 1
2027 6
2028 3
2029 1
2030 1
2031 6
2032 5
2033 3
2034 2
2035 9
2036 9
2037 4
2038 5
2039 2
2040 6
2041 3
2042 2
2043 0
2044 2
2045 1
2046 2
2047 3
2048 1
2049 3
2050 2
2051 4
2052 4
2053 3
2054 1
2055 4
2056 3
2057 3
2058 6
2059 3
2060 3
2061 2
2062 5
2063 1
2064 3
2065 6
2066 1
2067 4
2068 4
2069 1
2070 1
2071 6
2072 1
2073 1
2074 6
2075 3
2076 6
2077 3
2078 1
2079 4
2080 9
2081 2
2082 2
2083 1
2084 3
2085 1
2086 1
2087 1
2088 7
2089 3
2090 8
2091 2
2092 1
2093 3
2094 6
2095 2
2096 3
2097 6
2098 4
2099 2
2100 0
2101 3
2102 2
2103 6
2104 2
2105 3
2106 6
2107 2
2108 1
2109 3
2110 2
2111 4
2112 9
2113 1
2114 3
2115 3
2116 2
2117 3
2118 0
2119 6
2120 2
2121 3
2122 2
2123 1
2124 3
2125 4
2126 2
2127 4
2128 4
2129 3
2130 4
2131 2
2132 3
2133 3
2134 6
2135 8
2136 5
2137 6
2138 4
2139 2
2140 4
2141 1
2142 3
2143 3
2144 0
2145 4
2146 3
2147 1
2148 2
2149 6
2150 3
2151 4
2152 6
2153 2
2154 1
2155 2
2156 7
2157 1
2158 0
2159 2
2160 7
2161 1
2162 2
2163 3
2164 1
2165 3
2166 5
2167 4
2168 6
2169 4
2170 3
2171 3
2172 4
2173 3
2174 4
2175 1
2176 3
2177 4
2178 3
2179 2
2180 0
2181 4
2182 1
2183 1
2184 6
2185 3
2186 2
2187 4
2188 1
2189 3
2190 1
2191 6
2192 1
2193 0
2194 4
2195 1
2196 1
2197 6
2198 1
2199 9
2200 4
2201 4
2202 4
2203 1
2204 1
2205 6
2206 5
2207 6
2208 2
2209 4
2210 4
2211 1
2212 1
2213 3
2214 0
2215 6
2216 1
2217 3
2218 6
2219 4
2220 3
2221 2
2222 1
2223 1
2224 6
2225 1
2226 7
2227 3
2228 6
2229 1
2230 3
2231 2
2232 3
2233 4
2234 3
2235 2
2236 4
2237 1
2238 2
2239 4
2240 3
2241 2
2242 4
2243 3
2244 3
2245 3
2246 4
2247 10
2248 9
2249 2
2250 2
2251 1
2252 4
2253 2
2254 1
2255 2
2256 3
2257 1
2258 1
2259 1
2260 1
2261 1
2262 3
2263 4
2264 3
2265 2
2266 9
2267 1
2268 2
2269 2
2270 10
2271 7
2272 4
2273 3
2274 2
2275 3
2276 4
2277 6
2278 4
2279 2
2280 9
2281 4
2282 4
2283 8
2284 3
2285 4
2286 4
2287 4
2288 6
2289 6
2290 6
2291 4
2292 8
2293 1
2294 2
2295 4
2296 4
2297 1
2298 3
2299 3
2300 1
2301 1
2302 4
2303 9
2304 3
2305 3
2306 1
2307 1
2308 3
2309 10
2310 1
2311 2
2312 6
2313 1
2314 7
2315 4
2316 3
2317 4
2318 6
2319 2
2320 4
2321 8
2322 3
2323 6
2324 1
2325 0
2326 4
2327 7
2328 4
2329 1
2330 2
2331 1
2332 0
2333 3
2334 1
2335 4
2336 3
2337 3
2338 2
2339 1
2340 3
2341 2
2342 6
2343 6
2344 1
2345 6
2346 1
2347 4
2348 1
2349 7
2350 1
2351 4
2352 6
2353 9
2354 2
2355 1
2356 3
2357 3
2358 5
2359 8
2360 2
2361 4
2362 5
2363 1
2364 4
2365 4
2366 2
2367 2
2368 2
2369 2
2370 3
2371 4
2372 4
2373 3
2374 2
2375 3
2376 4
2377 1
2378 0
2379 9
2380 3
2381 4
2382 3
2383 3
2384 1
2385 3
2386 6
2387 3
2388 1
2389 7
2390 3
2391 6
2392 1
2393 0
2394 3
2395 2
2396 1
2397 3
2398 6
2399 5
2400 2
2401 2
2402 3
2403 1
2404 4
2405 0
2406 1
2407 6
2408 8
2409 4
2410 3
2411 3
2412 10
2413 2
2414 4
2415 4
2416 3
2417 2
2418 1
2419 2
2420 4
2421 4
2422 4
2423 3
2424 3
2425 1
2426 2
2427 3
2428 1
2429 9
2430 1
2431 4
2432 3
2433 1
2434 6
2435 6
2436 3
2437 2
2438 6
2439 1
2440 1
2441 3
2442 10
2443 2
2444 3
2445 3
2446 4
2447 3
2448 3
2449 3
2450 2
2451 10
2452 3
2453 6
2454 3
2455 2
2456 4
2457 4
2458 1
2459 1
2460 2
2461 6
2462 4
2463 1
2464 1
2465 1
2466 3
2467 3
2468 4
2469 6
2470 3
2471 2
2472 3
2473 4
2474 2
2475 8
2476 4
2477 1
2478 6
2479 5
2480 4
2481 1
2482 1
2483 0
2484 3
2485 1
2486 2
2487 7
2488 4
2489 9
2490 6
2491 4
2492 2
2493 1
2494 3
2495 3
2496 2
2497 1
2498 4
2499 2
2500 3
2501 4
2502 1
2503 4
2504 1
2505 3
2506 4
2507 2
2508 3
2509 4
2510 7
2511 4
2512 2
2513 7
2514 0
2515 5
2516 3
2517 3
2518 4
2519 1
2520 7
2521 4
2522 1
2523 1
2524 4
2525 4
2526 1
2527 1
2528 0
2529 4
2530 6
2531 6
2532 7
2533 6
2534 3
2535 2
2536 3
2537 2
2538 7
2539 4
2540 2
2541 6
2542 4
2543 3
2544 1
2545 1
2546 3
2547 1
2548 4
2549 4
2550 4
2551 1
2552 3
2553 4
2554 4
2555 4
2556 8
2557 2
2558 4
2559 1
2560 4
2561 1
2562 6
2563 4
2564 2
2565 2
2566 3
2567 4
2568 3
2569 1
2570 10
2571 0
2572 1
2573 2
2574 2
2575 8
2576 1
2577 3
2578 10
2579 4
2580 0
2581 2
2582 3
2583 3
2584 4
2585 7
2586 0
2587 2
2588 1
2589 3
2590 2
2591 1
2592 2
2593 5
2594 8
2595 8
2596 8
2597 4
2598 3
2599 3
2600 3
2601 3
2602 3
2603 9
2604 6
2605 4
2606 4
2607 3
2608 4
2609 6
2610 8
2611 4
2612 4
2613 6
2614 1
2615 4
2616 1
2617 2
2618 6
2619 3
2620 4
2621 4
2622 2
2623 4
2624 6
2625 3
2626 2
2627 2
2628 6
2629 0
2630 1
2631 4
2632 1
2633 4
2634 0
2635 4
2636 9
2637 6
2638 3
2639 1
2640 7
2641 2
2642 7
2643 1
2644 3
2645 1
2646 6
2647 1
2648 1
2649 3
2650 7
2651 2
2652 1
2653 1
2654 4
2655 2
2656 4
2657 1
2658 7
2659 6
2660 5
2661 4
2662 1
2663 3
2664 3
2665 2
2666 5
2667 4
2668 6
2669 1
2670 7
2671 1
2672 2
2673 2
2674 3
2675 4
2676 3
2677 2
2678 1
2679 1
2680 10
2681 3
2682 3
2683 1
2684 5
2685 0
2686 6
2687 1
2688 2
2689 1
2690 1
2691 6
2692 1
2693 7
2694 1
2695 4
2696 4
2697 6
2698 3
2699 3
2700 4
2701 4
2702 1
2703 9
2704 4
2705 4
2706 4
2707 1
2708 5
2709 1
2710 2
2711 4
2712 2
2713 4
2714 2
2715 5
2716 6
2717 4
2718 3
2719 4
2720 7
2721 1
2722 9
2723 2
2724 6
2725 9
2726 2
2727 2
2728 1
2729 2
2730 4
2731 3
2732 8
2733 2
2734 4
2735 9
2736 4
2737 4
2738 2
2739 3
2740 4
2741 1
2742 4
2743 2
2744 5
2745 2
2746 0
2747 3
2748 4
2749 3
2750 4
2751 3
2752 9
2753 2
2754 0
2755 6
2756 3
2757 2
2758 2
2759 3
2760 4
2761 3
2762 4
2763 1
2764 2
2765 1
2766 4
2767 4
2768 4
2769 1
2770 6
2771 10
2772 4
2773 4
2774 3
2775 2
2776 1
2777 4
2778 3
2779 3
2780 2
2781 3
2782 3
2783 1
2784 5
2785 1
2786 6
2787 4
2788 4
2789 7
2790 3
2791 2
2792 3
2793 1
2794 1
2795 2
2796 1
2797 0
2798 1
2799 1
2800 3
2801 7
2802 1
2803 3
2804 1
2805 3
2806 1
2807 2
2808 1
2809 1
2810 2
2811 1
2812 2
2813 4
2814 2
2815 4
2816 1
2817 8
2818 2
2819 2
2820 3
2821 4
2822 3
2823 3
2824 3
2825 4
2826 4
2827 2
2828 1
2829 4
2830 4
2831 2
2832 4
2833 3
2834 3
2835 1
2836 3
2837 6
2838 4
2839 1
2840 2
2841 6
2842 7
2843 3
2844 4
2845 4
2846 3
2847 4
2848 0
2849 3
2850 2
2851 0
2852 4
2853 1
2854 3
2855 3
2856 1
2857 5
2858 3
2859 4
2860 3
2861 4
2862 5
2863 6
2864 5
2865 3
2866 4
2867 4
2868 2
2869 2
2870 2
2871 4
2872 1
2873 4
2874 4
2875 8
2876 3
2877 2
2878 5
2879 3
2880 3
2881 6
2882 3
2883 2
2884 1
2885 6
2886 8
2887 2
2888 2
2889 2
2890 4
2891 3
2892 1
2893 4
2894 1
2895 4
2896 4
2897 3
2898 7
2899 4
2900 1
2901 2
2902 6
2903 7
2904 2
2905 9
2906 3
2907 1
2908 4
2909 1
2910 3
2911 9
2912 4
2913 6
2914 4
2915 2
2916 1
2917 2
2918 4
2919 1
2920 4
2921 2
2922 3
2923 3
2924 4
2925 3
2926 6
2927 6
2928 1
2929 1
2930 0
2931 4
2932 6
2933 4
2934 4
2935 6
2936 2
2937 4
2938 3
2939 3
2940 7
2941 4
2942 2
2943 4
2944 3
2945 1
2946 6
2947 4
2948 8
2949 3
2950 4
2951 3
2952 4
2953 3
2954 1
2955 3
2956 4
2957 1
2958 3
2959 2
2960 3
2961 4
2962 4
2963 1
2964 2
2965 2
2966 1
2967 7
2968 2
2969 1
2970 3
2971 3
2972 3
2973 1
2974 3
2975 4
2976 3
2977 2
2978 6
2979 8
2980 3
2981 4
2982 3
2983 5
2984 3
2985 1
2986 1
2987 9
2988 3
2989 4
2990 4
2991 1
2992 1
2993 2
2994 5
2995 1
2996 4
2997 4
2998 1
2999 3
3000 6
3001 4
3002 4
3003 2
3004 6
3005 6
3006 7
3007 1
3008 4
3009 6
3010 3
3011 2
3012 6
3013 2
3014 3
3015 4
3016 2
3017 2
3018 5
3019 10
3020 6
3021 1
3022 7
3023 8
3024 6
3025 1
3026 6
3027 5
3028 4
3029 0
3030 8
3031 0
3032 3
3033 2
3034 6
3035 4
3036 8
3037 7
3038 5
3039 4
3040 3
3041 3
3042 10
3043 3
3044 10
3045 3
3046 7
3047 2
3048 4
3049 3
3050 0
3051 1
3052 2
3053 5
3054 3
3055 4
3056 2
3057 4
3058 4
3059 1
3060 6
3061 4
3062 4
3063 4
3064 4
3065 6
3066 1
3067 5
3068 4
3069 4
3070 3
3071 1
3072 5
3073 0
3074 1
3075 3
3076 0
3077 4
3078 0
3079 3
3080 4
3081 6
3082 6
3083 1
3084 3
3085 9
3086 3
3087 3
3088 4
3089 1
3090 1
3091 3
3092 3
3093 3
3094 6
3095 2
3096 6
3097 3
3098 1
3099 2
3100 2
3101 1
3102 2
3103 5
3104 3
3105 4
3106 5
3107 2
3108 2
3109 6
3110 1
3111 2
3112 3
3113 3
3114 2
3115 1
3116 3
3117 3
3118 3
3119 1
3120 4
3121 3
3122 3
3123 1
3124 0
3125 4
3126 4
3127 6
3128 3
3129 3
3130 2
3131 8
3132 2
3133 3
3134 3
3135 0
3136 3
3137 3
3138 1
3139 3
3140 1
3141 1
3142 1
3143 3
3144 4
3145 3
3146 3
3147 0
3148 5
3149 4
3150 1
3151 1
3152 3
3153 4
3154 2
3155 3
3156 3
3157 3
3158 3
3159 9
3160 1
3161 5
3162 3
3163 4
3164 2
3165 3
3166 8
3167 1
3168 2
3169 2
3170 2
3171 1
3172 4
3173 6
3174 1
3175 3
3176 3
3177 4
3178 4
3179 4
3180 1
3181 0
3182 3
3183 2
3184 1
3185 8
3186 3
3187 4
3188 4
3189 4
3190 5
3191 2
3192 4
3193 2
3194 1
3195 4
3196 4
3197 3
3198 3
3199 7
3200 4
3201 0
3202 4
3203 1
3204 3
3205 1
3206 9
3207 2
3208 2
3209 3
3210 2
3211 3
3212 4
3213 1
3214 5
3215 3
3216 2
3217 1
3218 4
3219 4
3220 8
3221 3
3222 3
3223 4
3224 1
3225 3
3226 1
3227 3
3228 1
3229 6
3230 1
3231 1
3232 2
3233 4
3234 2
3235 2
3236 7
3237 3
3238 1
3239 2
3240 6
3241 8
3242 4
3243 3
3244 1
3245 3
3246 3
3247 4
3248 3
3249 3
3250 2
3251 2
3252 4
3253 0
3254 6
3255 9
3256 4
3257 5
3258 4
3259 3
3260 6
3261 2
3262 3
3263 3
3264 6
3265 2
3266 6
3267 6
3268 5
3269 1
3270 0
3271 2
3272 6
3273 1
3274 4
3275 8
3276 2
3277 6
3278 4
3279 6
3280 3
3281 6
3282 6
3283 2
3284 2
3285 1
3286 4
3287 5
3288 2
3289 7
3290 3
3291 3
3292 6
3293 2
3294 3
3295 8
3296 3
3297 1
3298 4
3299 1
3300 1
3301 3
3302 6
3303 4
3304 5
3305 1
3306 3
3307 2
3308 3
3309 4
3310 7
3311 6
3312 3
3313 6
3314 4
3315 1
3316 1
3317 2
3318 1
3319 2
3320 1
3321 1
3322 3
3323 3
3324 1
3325 8
3326 4
3327 3
3328 6
3329 6
3330 6
3331 7
3332 4
3333 2
3334 1
3335 6
3336 2
3337 1
3338 4
3339 6
3340 1
3341 2
3342 6
3343 4
3344 3
3345 1
3346 3
3347 1
3348 1
3349 3
3350 3
3351 4
3352 3
3353 4
3354 6
3355 1
3356 1
3357 8
3358 6
3359 5
3360 3
3361 4
3362 4
3363 4
3364 1
3365 2
3366 4
3367 2
3368 6
3369 3
3370 3
3371 0
3372 4
3373 1
3374 4
3375 4
3376 2
3377 1
3378 3
3379 4
3380 1
3381 6
3382 3
3383 4
3384 6
3385 2
3386 7
3387 7
3388 3
3389 2
3390 7
3391 4
3392 1
3393 3
3394 6
3395 4
3396 3
3397 0
3398 7
3399 3
3400 4
3401 3
3402 2
3403 0
3404 4
3405 1
3406 9
3407 3
3408 0
3409 4
3410 2
3411 7
3412 4
3413 3
3414 6
3415 4
3416 6
3417 4
3418 4
3419 1
3420 6
3421 1
3422 0
3423 2
3424 2
3425 1
3426 6
3427 3
3428 1
3429 2
3430 1
3431 3
3432 3
3433 6
3434 1
3435 2
3436 1
3437 7
3438 6
3439 8
3440 2
3441 8
3442 1
3443 1
3444 3
3445 0
3446 6
3447 3
3448 4
3449 1
3450 4
3451 4
3452 3
3453 2
3454 2
3455 1
3456 8
3457 4
3458 0
3459 0
3460 2
3461 0
3462 3
3463 2
3464 4
3465 2
3466 1
3467 1
3468 4
3469 2
3470 2
3471 4
3472 6
3473 0
3474 4
3475 4
3476 1
3477 8
3478 2
3479 2
3480 2
3481 4
3482 4
3483 3
3484 4
3485 4
3486 1
3487 10
3488 3
3489 1
3490 3
3491 7
3492 5
3493 4
3494 2
3495 2
3496 4
3497 1
3498 1
3499 6
3500 4
3501 4
3502 6
3503 1
3504 2
3505 8
3506 4
3507 1
3508 8
3509 2
3510 3
3511 4
3512 6
3513 2
3514 3
3515 2
3516 9
3517 6
3518 2
3519 3
3520 4
3521 3
3522 3
3523 3
3524 3
3525 6
3526 4
3527 2
3528 4
3529 4
3530 3
3531 1
3532 4
3533 0
3534 2
3535 0
3536 4
3537 2
3538 6
3539 2
3540 3
3541 4
3542 1
3543 3
3544 3
3545 2
3546 2
3547 1
3548 6
3549 3
3550 3
3551 2
3552 3
3553 2
3554 6
3555 3
3556 2
3557 4
3558 1
3559 6
3560 2
3561 4
3562 6
3563 8
3564 6
3565 2
3566 2
3567 4
3568 6
3569 1
3570 3
3571 6
3572 3
3573 2
3574 9
3575 3
3576 2
3577 2
3578 4
3579 4
3580 9
3581 3
3582 3
3583 2
3584 2
3585 3
3586 1
3587 5
3588 6
3589 6
3590 6
3591 4
3592 6
3593 1
3594 3
3595 3
3596 1
3597 3
3598 4
3599 3
3600 6
3601 2
3602 2
3603 1
3604 3
3605 1
3606 0
3607 0
3608 6
3609 1
3610 6
3611 6
3612 4
3613 4
3614 3
3615 1
3616 5
3617 4
3618 3
3619 8
3620 3
3621 3
3622 0
3623 4
3624 4
3625 4
3626 0
3627 2
3628 2
3629 6
3630 0
3631 2
3632 3
3633 4
3634 8
3635 1
3636 5
3637 6
3638 3
3639 8
3640 7
3641 2
3642 3
3643 4
3644 1
3645 3
3646 5
3647 4
3648 2
3649 2
3650 4
3651 2
3652 2
3653 5
3654 8
3655 4
3656 0
3657 2
3658 4
3659 1
3660 4
3661 2
3662 5
3663 4
3664 0
3665 2
3666 1
3667 7
3668 1
3669 3
3670 3
3671 4
3672 3
3673 2
3674 4
3675 10
3676 4
3677 3
3678 2
3679 6
3680 4
3681 4
3682 1
3683 4
3684 3
3685 0
3686 1
3687 1
3688 3
3689 3
3690 1
3691 4
3692 2
3693 4
3694 1
3695 1
3696 4
3697 6
3698 7
3699 2
3700 3
3701 0
3702 8
3703 3
3704 2
3705 4
3706 3
3707 3
3708 3
3709 1
3710 3
3711 1
3712 2
3713 7
3714 4
3715 4
3716 4
3717 7
3718 1
3719 8
3720 0
3721 4
3722 1
3723 3
3724 2
3725 4
3726 6
3727 6
3728 4
3729 3
3730 4
3731 3
3732 3
3733 1
3734 2
3735 5
3736 3
3737 3
3738 3
3739 4
3740 4
3741 2
3742 4
3743 4
3744 4
3745 2
3746 4
3747 6
3748 6
3749 3
3750 3
3751 4
3752 4
3753 4
3754 5
3755 1
3756 4
3757 3
3758 6
3759 3
3760 6
3761 3
3762 1
3763 1
3764 3
3765 1
3766 6
3767 9
3768 2
3769 1
3770 3
3771 1
3772 1
3773 1
3774 4
3775 1
3776 2
3777 1
3778 9
3779 2
3780 3
3781 8
3782 3
3783 4
3784 4
3785 1
3786 3
3787 6
3788 4
3789 4
3790 2
3791 2
3792 1
3793 6
3794 3
3795 4
3796 6
3797 1
3798 3
3799 6
3800 6
3801 4
3802 1
3803 1
3804 3
3805 2
3806 4
3807 3
3808 1
3809 4
3810 4
3811 1
3812 4
3813 3
3814 5
3815 1
3816 0
3817 4
3818 2
3819 2
3820 1
3821 0
3822 1
3823 1
3824 8
3825 4
3826 3
3827 3
3828 1
3829 2
3830 1
3831 3
3832 0
3833 3
3834 9
3835 1
3836 6
3837 1
3838 9
3839 3
3840 2
3841 1
3842 1
3843 2
3844 4
3845 1
3846 0
3847 1
3848 3
3849 4
3850 1
3851 6
3852 6
3853 6
3854 1
3855 3
3856 4
3857 1
3858 3
3859 1
3860 3
3861 0
3862 3
3863 3
3864 3
3865 8
3866 0
3867 2
3868 1
3869 6
3870 2
3871 3
3872 4
3873 4
3874 5
3875 7
3876 1
3877 1
3878 3
3879 2
3880 1
3881 6
3882 4
3883 1
3884 4
3885 6
3886 5
3887 9
3888 1
3889 3
3890 1
3891 8
3892 1
3893 4
3894 1
3895 3
3896 4
3897 1
3898 2
3899 6
3900 4
3901 4
3902 3
3903 2
3904 7
3905 2
3906 1
3907 4
3908 7
3909 0
3910 4
3911 3
3912 1
3913 6
3914 4
3915 3
3916 4
3917 6
3918 4
3919 3
3920 4
3921 1
3922 4
3923 2
3924 3
3925 6
3926 1
3927 4
3928 0
3929 3
3930 4
3931 2
3932 4
3933 1
3934 4
3935 1
3936 3
3937 5
3938 4
3939 4
3940 3
3941 3
3942 1
3943 1
3944 3
3945 3
3946 4
3947 1
3948 4
3949 1
3950 2
3951 2
3952 4
3953 6
3954 1
3955 1
3956 1
3957 3
3958 4
3959 1
3960 0
3961 6
3962 4
3963 4
3964 1
3965 9
3966 4
3967 3
3968 9
3969 3
3970 1
3971 2
3972 3
3973 4
3974 1
3975 6
3976 1
3977 4
3978 4
3979 4
3980 1
3981 8
3982 5
3983 1
3984 0
3985 3
3986 2
3987 7
3988 2
3989 3
3990 4
3991 8
3992 4
3993 6
3994 1
3995 8
3996 4
3997 2
3998 4
3999 3
4000 3
4001 2
4002 2
4003 2
4004 4
4005 1
4006 2
4007 0
4008 6
4009 4
4010 1
4011 2
4012 4
4013 1
4014 1
4015 5
4016 9
4017 2
4018 3
4019 2
4020 10
4021 7
4022 6
4023 6
4024 4
4025 3
4026 4
4027 4
4028 3
4029 3
4030 6
4031 1
4032 3
4033 4
4034 1
4035 4
4036 3
4037 1
4038 1
4039 3
4040 7
4041 3
4042 4
4043 3
4044 3
4045 2
4046 5
4047 7
4048 1
4049 1
4050 2
4051 3
4052 0
4053 7
4054 2
4055 4
4056 4
4057 3
4058 3
4059 2
4060 4
4061 2
4062 2
4063 9
4064 2
4065 1
4066 9
4067 1
4068 1
4069 5
4070 2
4071 3
4072 4
4073 6
4074 2
4075 3
4076 0
4077 3
4078 6
4079 4
4080 3
4081 9
4082 1
4083 1
4084 1
4085 3
4086 3
4087 1
4088 2
4089 1
4090 2
4091 1
4092 8
4093 0
4094 2
4095 1
4096 1
4097 6
4098 3
4099 4
4100 3
4101 4
4102 1
4103 0
4104 0
4105 1
4106 5
4107 6
4108 3
4109 1
4110 1
4111 1
4112 4
4113 1
4114 7
4115 4
4116 2
4117 3
4118 6
4119 3
4120 1
4121 3
4122 4
4123 2
4124 5
4125 3
4126 5
4127 3
4128 4
4129 2
4130 8
4131 5
4132 2
4133 1
4134 4
4135 2
4136 4
4137 1
4138 3
4139 2
4140 3
4141 6
4142 4
4143 2
4144 6
4145 3
4146 3
4147 2
4148 2
4149 8
4150 1
4151 2
4152 7
4153 3
4154 2
4155 6
4156 3
4157 1
4158 5
4159 6
4160 3
4161 1
4162 0
4163 3
4164 1
4165 2
4166 1
4167 2
4168 5
4169 3
4170 4
4171 1
4172 1
4173 6
4174 0
4175 3
4176 4
4177 1
4178 3
4179 1
4180 4
4181 2
4182 1
4183 2
4184 2
4185 1
4186 4
4187 4
4188 2
4189 1
4190 3
4191 3
4192 2
4193 5
4194 3
4195 4
4196 1
4197 1
4198 4
4199 4
4200 1
4201 8
4202 1
4203 3
4204 3
4205 3
4206 1
4207 1
4208 2
4209 6
4210 1
4211 3
4212 3
4213 3
4214 6
4215 1
4216 3
4217 1
4218 5
4219 3
4220 7
4221 4
4222 4
4223 2
4224 4
4225 3
4226 1
4227 8
4228 4
4229 2
4230 3
4231 4
4232 2
4233 2
4234 4
4235 2
4236 0
4237 0
4238 2
4239 4
4240 6
4241 6
4242 3
4243 3
4244 4
4245 4
4246 6
4247 1
4248 3
4249 2
4250 3
4251 3
4252 1
4253 4
4254 1
4255 1
4256 4
4257 2
4258 4
4259 1
4260 3
4261 3
4262 3
4263 1
4264 2
4265 4
4266 3
4267 8
4268 1
4269 2
4270 2
4271 2
4272 2
4273 3
4274 4
4275 2
4276 4
4277 3
4278 7
4279 5
4280 2
4281 10
4282 6
4283 5
4284 1
4285 3
4286 2
4287 4
4288 7
4289 3
4290 7
4291 6
4292 6
4293 3
4294 5
4295 4
4296 6
4297 3
4298 4
4299 3
4300 2
4301 2
4302 4
4303 4
4304 6
4305 5
4306 2
4307 1
4308 4
4309 5
4310 7
4311 1
4312 3
4313 3
4314 1
4315 4
4316 1
4317 1
4318 4
4319 2
4320 1
4321 4
4322 6
4323 4
4324 3
4325 1
4326 1
4327 5
4328 1
4329 6
4330 4
4331 9
4332 5
4333 1
4334 2
4335 9
4336 5
4337 3
4338 2
4339 3
4340 1
4341 4
4342 4
4343 1
4344 1
4345 3
4346 2
4347 6
4348 6
4349 3
4350 7
4351 1
4352 5
4353 0
4354 2
4355 4
4356 7
4357 2
4358 1
4359 1
4360 1
4361 2
4362 6
4363 1
4364 0
4365 7
4366 3
4367 4
4368 3
4369 1
4370 3
4371 1
4372 3
4373 4
4374 7
4375 3
4376 4
4377 2
4378 1
4379 6
4380 3
4381 4
4382 6
4383 4
4384 8
4385 6
4386 4
4387 6
4388 2
4389 6
4390 1
4391 2
4392 5
4393 3
4394 4
4395 1
4396 4
4397 6
4398 6
4399 8
4400 2
4401 4
4402 2
4403 3
4404 1
4405 2
4406 4
4407 6
4408 1
4409 1
4410 2
4411 3
4412 1
4413 6
4414 4
4415 1
4416 3
4417 4
4418 3
4419 3
4420 2
4421 0
4422 7
4423 4
4424 2
4425 3
4426 0
4427 4
4428 5
4429 3
4430 2
4431 6
4432 3
4433 3
4434 4
4435 1
4436 4
4437 2
4438 5
4439 3
4440 8
4441 2
4442 2
4443 2
4444 4
4445 3
4446 3
4447 10
4448 4
4449 3
4450 1
4451 5
4452 3
4453 1
4454 3
4455 2
4456 2
4457 6
4458 3
4459 2
4460 2
4461 4
4462 3
4463 0
4464 6
4465 3
4466 4
4467 6
4468 4
4469 6
4470 3
4471 4
4472 2
4473 4
4474 3
4475 7
4476 8
4477 2
4478 3
4479 2
4480 4
4481 2
4482 3
4483 8
4484 2
4485 3
4486 3
4487 6
4488 3
4489 1
4490 2
4491 3
4492 4
4493 4
4494 0
4495 2
4496 6
4497 2
4498 3
4499 3
4500 2
4501 6
4502 4
4503 4
4504 1
4505 4
4506 10
4507 2
4508 1
4509 4
4510 1
4511 4
4512 4
4513 5
4514 2
4515 1
4516 1
4517 7
4518 1
4519 1
4520 1
4521 3
4522 7
4523 2
4524 6
4525 3
4526 6
4527 6
4528 6
4529 6
4530 3
4531 7
4532 4
4533 1
4534 6
4535 5
4536 1
4537 1
4538 4
4539 2
4540 1
4541 3
4542 1
4543 4
4544 2
4545 2
4546 0
4547 3
4548 1
4549 1
4550 3
4551 8
4552 3
4553 3
4554 4
4555 1
4556 1
4557 2
4558 4
4559 3
4560 3
4561 2
4562 10
4563 1
4564 1
4565 1
4566 5
4567 4
4568 4
4569 3
4570 4
4571 7
4572 2
4573 7
4574 4
4575 2
4576 1
4577 6
4578 6
4579 2
4580 2
4581 6
4582 2
4583 4
4584 3
4585 3
4586 2
4587 3
4588 1
4589 6
4590 2
4591 3
4592 6
4593 6
4594 0
4595 1
4596 9
4597 3
4598 2
4599 6
4600 4
4601 4
4602 1
4603 4
4604 10
4605 3
4606 1
4607 6
4608 2
4609 7
4610 6
4611 0
4612 4
4613 2
4614 3
4615 3
4616 4
4617 2
4618 1
4619 3
4620 10
4621 3
4622 6
4623 6
4624 1
4625 3
4626 3
4627 6
4628 3
4629 1
4630 8
4631 4
4632 4
4633 7
4634 1
4635 5
4636 9
4637 1
4638 6
4639 1
4640 3
4641 6
4642 1
4643 3
4644 4
4645 2
4646 2
4647 1
4648 2
4649 3
4650 7
4651 4
4652 4
4653 1
4654 2
4655 3
4656 1
4657 1
4658 6
4659 3
4660 4
4661 6
4662 2
4663 1
4664 4
4665 0
4666 2
4667 1
4668 2
4669 5
4670 4
4671 1
4672 6
4673 3
4674 6
4675 1
4676 1
4677 4
4678 6
4679 6
4680 4
4681 0
4682 2
4683 3
4684 5
4685 1
4686 1
4687 1
4688 2
4689 3
4690 2
4691 7
4692 1
4693 6
4694 1
4695 4
4696 1
4697 3
4698 8
4699 1
4700 3
4701 1
4702 6
4703 4
4704 4
4705 0
4706 4
4707 2
4708 7
4709 4
4710 3
4711 6
4712 3
4713 9
4714 4
4715 4
4716 1
4717 6
4718 6
4719 4
4720 1
4721 3
4722 7
4723 3
4724 7
4725 1
4726 2
4727 1
4728 1
4729 0
4730 1
4731 4
4732 4
4733 4
4734 0
4735 6
4736 3
4737 4
4738 6
4739 6
4740 4
4741 6
4742 2
4743 1
4744 6
4745 0
4746 1
4747 2
4748 3
4749 3
4750 9
4751 4
4752 1
4753 7
4754 2
4755 1
4756 1
4757 2
4758 4
4759 2
4760 2
4761 4
4762 3
4763 2
4764 1
4765 1
4766 1
4767 2
4768 4
4769 1
4770 5
4771 0
4772 0
4773 1
4774 6
4775 4
4776 2
4777 3
4778 4
4779 2
4780 4
4781 1
4782 4
4783 3
4784 4
4785 4
4786 1
4787 1
4788 2
4789 1
4790 3
4791 1
4792 3
4793 6
4794 3
4795 2
4796 1
4797 2
4798 2
4799 2
4800 4
4801 1
4802 3
4803 4
4804 0
4805 4
4806 5
4807 1
4808 3
4809 8
4810 1
4811 9
4812 4
4813 7
4814 4
4815 9
4816 0
4817 7
4818 2
4819 1
4820 4
4821 8
4822 4
4823 1
4824 1
4825 2
4826 1
4827 4
4828 1
4829 3
4830 6
4831 3
4832 1
4833 3
4834 4
4835 2
4836 3
4837 4
4838 3
4839 1
4840 3
4841 5
4842 3
4843 4
4844 6
4845 3
4846 2
4847 5
4848 1
4849 4
4850 5
4851 4
4852 4
4853 3
4854 3
4855 8
4856 3
4857 4
4858 4
4859 4
4860 4
4861 1
4862 3
4863 9
4864 6
4865 3
4866 6
4867 5
4868 7
4869 2
4870 4
4871 1
4872 5
4873 8
4874 1
4875 4
4876 4
4877 4
4878 1
4879 2
4880 4
4881 2
4882 6
4883 1
4884 3
4885 2
4886 2
4887 4
4888 1
4889 3
4890 6
4891 4
4892 4
4893 3
4894 5
4895 4
4896 1
4897 4
4898 2
4899 1
4900 2
4901 0
4902 3
4903 4
4904 3
4905 1
4906 7
4907 1
4908 7
4909 1
4910 3
4911 4
4912 6
4913 6
4914 3
4915 0
4916 3
4917 3
4918 3
4919 3
4920 4
4921 6
4922 1
4923 4
4924 2
4925 6
4926 6
4927 6
4928 3
4929 4
4930 0
4931 2
4932 1
4933 1
4934 4
4935 4
4936 8
4937 4
4938 2
4939 1
4940 4
4941 3
4942 3
4943 3
4944 2
4945 1
4946 6
4947 3
4948 4
4949 3
4950 5
4951 2
4952 2
4953 6
4954 1
4955 2
4956 2
4957 4
4958 1
4959 7
4960 1
4961 1
4962 4
4963 4
4964 3
4965 6
4966 2
4967 1
4968 1
4969 3
4970 2
4971 4
4972 2
4973 9
4974 4
4975 3
4976 3
4977 8
4978 1
4979 4
4980 3
4981 2
4982 3
4983 4
4984 7
4985 4
4986 6
4987 3
4988 4
4989 9
4990 4
4991 1
4992 2
4993 3
4994 6
4995 4
4996 4
4997 3
4998 6
4999 2
5000 1
5001 2
5002 2
5003 4
5004 1
5005 5
5006 3
5007 3
5008 4
5009 1
5010 5
5011 2
5012 1
5013 3
5014 6
5015 5
5016 1
5017 6
5018 4
5019 9
5020 4
5021 4
5022 3
5023 2
5024 10
5025 1
5026 5
5027 1
5028 1
5029 3
5030 0
5031 3
5032 6
5033 3
5034 4
5035 4
5036 3
5037 3
5038 6
5039 2
5040 3
5041 6
5042 1
5043 3
5044 1
5045 3
5046 0
5047 1
5048 6
5049 3
5050 1
5051 0
5052 8
5053 1
5054 9
5055 3
5056 5
5057 4
5058 0
5059 4
5060 1
5061 4
5062 1
5063 4
5064 6
5065 1
5066 0
5067 6
5068 10
5069 3
5070 4
5071 3
5072 3
5073 6
5074 10
5075 3
5076 1
5077 1
5078 1
5079 8
5080 1
5081 4
5082 3
5083 2
5084 7
5085 1
5086 1
5087 4
5088 3
5089 2
5090 3
5091 10
5092 1
5093 6
5094 2
5095 5
5096 3
5097 6
5098 1
5099 3
5100 3
5101 1
5102 7
5103 4
5104 1
5105 3
5106 3
5107 3
5108 4
5109 2
5110 7
5111 1
5112 1
5113 4
5114 6
5115 1
5116 4
5117 1
5118 0
5119 0
5120 4
5121 2
5122 3
5123 4
5124 6
5125 1
5126 3
5127 2
5128 2
5129 2
5130 0
5131 4
5132 4
5133 1
5134 3
5135 4
5136 3
5137 4
5138 2
5139 6
5140 6
5141 5
5142 2
5143 3
5144 7
5145 5
5146 4
5147 5
5148 1
5149 8
5150 7
5151 1
5152 4
5153 4
5154 8
5155 4
5156 4
5157 6
5158 7
5159 4
5160 0
5161 2
5162 1
5163 4
5164 6
5165 1
5166 0
5167 7
5168 1
5169 2
5170 6
5171 1
5172 4
5173 1
5174 4
5175 1
5176 4
5177 3
5178 4
5179 3
5180 6
5181 2
5182 1
5183 1
5184 1
5185 9
5186 0
5187 7
5188 6
5189 8
5190 1
5191 1
5192 2
5193 2
5194 4
5195 5
5196 3
5197 1
5198 1
5199 1
5200 3
5201 3
5202 4
5203 2
5204 4
5205 1
5206 3
5207 3
5208 4
5209 6
5210 3
5211 4
5212 4
5213 6
5214 4
5215 1
5216 2
5217 8
5218 2
5219 4
5220 6
5221 1
5222 6
5223 5
5224 3
5225 3
5226 4
5227 4
5228 1
5229 3
5230 8
5231 6
5232 6
5233 10
5234 2
5235 1
5236 3
5237 4
5238 1
5239 0
5240 10
5241 3
5242 6
5243 3
5244 3
5245 4
5246 1
5247 1
5248 4
5249 2
5250 1
5251 4
5252 3
5253 3
5254 4
5255 5
5256 3
5257 6
5258 6
5259 2
5260 3
5261 6
5262 7
5263 2
5264 6
5265 3
5266 2
5267 4
5268 1
5269 6
5270 3
5271 3
5272 7
5273 1
5274 1
5275 1
5276 3
5277 7
5278 9
5279 2
5280 2
5281 4
5282 3
5283 3
5284 1
5285 4
5286 6
5287 7
5288 3
5289 4
5290 4
5291 1
5292 4
5293 6
5294 6
5295 6
5296 2
5297 4
5298 1
5299 1
5300 0
5301 3
5302 5
5303 5
5304 1
5305 7
5306 6
5307 3
5308 4
5309 4
5310 6
5311 3
5312 7
5313 4
5314 4
5315 1
5316 1
5317 4
5318 3
5319 1
5320 5
5321 3
5322 4
5323 4
5324 4
5325 2
5326 4
5327 1
5328 4
5329 2
5330 3
5331 1
5332 4
5333 4
5334 4
5335 6
5336 2
5337 3
5338 2
5339 4
5340 1
5341 7
5342 4
5343 2
5344 1
5345 3
5346 1
5347 7
5348 1
5349 1
5350 6
5351 7
5352 2
5353 4
5354 7
5355 2
5356 2
5357 4
5358 4
5359 7
5360 1
5361 2
5362 4
5363 1
5364 5
5365 2
5366 2
5367 2
5368 4
5369 4
5370 4
5371 4
5372 6
5373 9
5374 2
5375 1
5376 0
5377 2
5378 4
5379 9
5380 4
5381 6
5382 1
5383 5
5384 3
5385 3
5386 3
5387 4
5388 2
5389 6
5390 3
5391 1
5392 2
5393 3
5394 3
5395 2
5396 6
5397 0
5398 4
5399 6
5400 1
5401 4
5402 1
5403 3
5404 3
5405 1
5406 4
5407 3
5408 1
5409 6
5410 7
5411 1
5412 1
5413 2
5414 0
5415 5
5416 3
5417 7
5418 1
5419 4
5420 2
5421 4
5422 2
5423 1
5424 1
5425 6
5426 1
5427 4
5428 4
5429 4
5430 6
5431 4
5432 2
5433 9
5434 0
5435 3
5436 6
5437 3
5438 4
5439 2
5440 3
5441 3
5442 4
5443 3
5444 8
5445 4
5446 4
5447 2
5448 4
5449 8
5450 3
5451 1
5452 3
5453 3
5454 2
5455 1
5456 3
5457 3
5458 3
5459 1
5460 5
5461 1
5462 4
5463 2
5464 6
5465 8
5466 10
5467 3
5468 3
5469 5
5470 4
5471 4
5472 3
5473 6
5474 1
5475 2
5476 3
5477 2
5478 2
5479 1
5480 0
5481 2
5482 3
5483 3
5484 4
5485 1
5486 6
5487 4
5488 2
5489 7
5490 2
5491 1
5492 1
5493 2
5494 1
5495 4
5496 3
5497 3
5498 4
5499 4
5500 3
5501 6
5502 3
5503 7
5504 2
5505 4
5506 1
5507 2
5508 6
5509 4
5510 1
5511 4
5512 6
5513 1
5514 4
5515 6
5516 3
5517 3
5518 5
5519 7
5520 6
5521 1
5522 9
5523 6
5524 3
5525 2
5526 4
5527 0
5528 4
5529 4
5530 1
5531 4
5532 2
5533 4
5534 2
5535 8
5536 1
5537 3
5538 3
5539 4
5540 6
5541 3
5542 1
5543 4
5544 3
5545 4
5546 4
5547 2
5548 1
5549 5
5550 2
5551 4
5552 1
5553 1
5554 4
5555 1
5556 2
5557 10
5558 1
5559 2
5560 1
5561 3
5562 0
5563 6
5564 6
5565 1
5566 3
5567 2
5568 2
5569 1
5570 1
5571 2
5572 6
5573 3
5574 1
5575 3
5576 3
5577 6
5578 1
5579 1
5580 6
5581 3
5582 1
5583 4
5584 1
5585 9
5586 0
5587 6
5588 3
5589 2
5590 6
5591 3
5592 6
5593 4
5594 4
5595 3
5596 1
5597 4
5598 1
5599 2
5600 3
5601 6
5602 4
5603 8
5604 5
5605 1
5606 9
5607 0
5608 5
5609 4
5610 1
5611 6
5612 10
5613 2
5614 4
5615 1
5616 2
5617 7
5618 7
5619 0
5620 3
5621 4
5622 1
5623 6
5624 4
5625 3
5626 6
5627 1
5628 1
5629 3
5630 2
5631 0
5632 5
5633 3
5634 4
5635 0
5636 4
5637 3
5638 1
5639 1
5640 1
5641 4
5642 2
5643 2
5644 6
5645 3
5646 6
5647 7
5648 1
5649 0
5650 6
5651 4
5652 3
5653 10
5654 1
5655 3
5656 3
5657 2
5658 6
5659 2
5660 0
5661 0
5662 6
5663 3
5664 2
5665 3
5666 2
5667 4
5668 1
5669 5
5670 4
5671 1
5672 2
5673 1
5674 3
5675 9
5676 6
5677 2
5678 3
5679 4
5680 7
5681 3
5682 1
5683 4
5684 3
5685 4
5686 3
5687 3
5688 6
5689 1
5690 7
5691 1
5692 6
5693 8
5694 3
5695 3
5696 7
5697 4
5698 1
5699 2
5700 3
5701 2
5702 4
5703 4
5704 4
5705 7
5706 4
5707 4
5708 3
5709 3
5710 2
5711 2
5712 1
5713 4
5714 8
5715 8
5716 1
5717 4
5718 6
5719 6
5720 1
5721 3
5722 4
5723 1
5724 4
5725 3
5726 3
5727 6
5728 2
5729 4
5730 4
5731 6
5732 1
5733 5
5734 4
5735 1
5736 3
5737 2
5738 2
5739 7
5740 6
5741 3
5742 8
5743 1
5744 8
5745 2
5746 3
5747 1
5748 4
5749 3
5750 1
5751 3
5752 1
5753 6
5754 1
5755 1
5756 4
5757 2
5758 3
5759 1
5760 8
5761 3
5762 2
5763 1
5764 1
5765 3
5766 3
5767 6
5768 1
5769 4
5770 4
5771 1
5772 1
5773 3
5774 2
5775 1
5776 4
5777 9
5778 7
5779 4
5780 1
5781 3
5782 2
5783 1
5784 4
5785 4
5786 3
5787 4
5788 3
5789 3
5790 6
5791 2
5792 4
5793 3
5794 2
5795 4
5796 6
5797 4
5798 2
5799 4
5800 4
5801 1
5802 1
5803 1
5804 3
5805 4
5806 6
5807 4
5808 4
5809 8
5810 1
5811 4
5812 4
5813 1
5814 1
5815 1
5816 1
5817 4
5818 3
5819 1
5820 4
5821 5
5822 3
5823 3
5824 3
5825 3
5826 2
5827 1
5828 6
5829 4
5830 3
5831 2
5832 2
5833 1
5834 9
5835 1
5836 7
5837 6
5838 3
5839 1
5840 1
5841 3
5842 6
5843 2
5844 1
5845 2
5846 3
5847 6
5848 3
5849 4
5850 2
5851 1
5852 3
5853 3
5854 1
5855 2
5856 2
5857 2
5858 3
5859 2
5860 1
5861 0
5862 2
5863 4
5864 6
5865 1
5866 1
5867 1
5868 4
5869 2
5870 0
5871 0
5872 1
5873 1
5874 1
5875 1
5876 6
5877 3
5878 4
5879 2
5880 9
5881 2
5882 2
5883 9
5884 6
5885 9
5886 1
5887 3
5888 1
5889 6
5890 1
5891 1
5892 4
5893 2
5894 3
5895 3
5896 6
5897 2
5898 1
5899 4
5900 3
5901 6
5902 2
5903 3
5904 6
5905 2
5906 1
5907 4
5908 7
5909 4
5910 4
5911 6
5912 1
5913 2
5914 0
5915 3
5916 2
5917 1
5918 2
5919 3
5920 1
5921 4
5922 1
5923 4
5924 2
5925 0
5926 0
5927 1
5928 10
5929 1
5930 5
5931 4
5932 2
5933 4
5934 1
5935 6
5936 2
5937 1
5938 4
5939 7
5940 1
5941 3
5942 1
5943 2
5944 8
5945 4
5946 5
5947 6
5948 4
5949 7
5950 4
5951 2
5952 1
5953 1
5954 1
5955 2
5956 4
5957 3
5958 1
5959 3
5960 4
5961 3
5962 1
5963 2
5964 1
5965 0
5966 1
5967 7
5968 3
5969 3
5970 1
5971 3
5972 1
5973 3
5974 2
5975 1
5976 2
5977 3
5978 3
5979 1
5980 3
5981 1
5982 6
5983 0
5984 5
5985 4
5986 8
5987 8
5988 1
5989 3
5990 1
5991 2
5992 3
5993 0
5994 3
5995 1
5996 4
5997 3
5998 1
5999 10
6000 2
6001 1
6002 1
6003 3
6004 7
6005 3
6006 1
6007 2
6008 4
6009 3
6010 4
6011 2
6012 4
6013 3
6014 3
6015 4
6016 2
6017 3
6018 1
6019 2
6020 1
6021 1
6022 6
6023 3
6024 4
6025 2
6026 4
6027 4
6028 3
6029 3
6030 1
6031 1
6032 7
6033 1
6034 6
6035 3
6036 6
6037 4
6038 1
6039 2
6040 2
6041 6
6042 1
6043 6
6044 6
6045 0
6046 4
6047 5
6048 1
6049 3
6050 4
6051 3
6052 0
6053 3
6054 6
6055 4
6056 3
6057 4
6058 6
6059 4
6060 2
6061 3
6062 2
6063 7
6064 2
6065 2
6066 0
6067 0
6068 1
6069 3
6070 4
6071 0
6072 4
6073 4
6074 2
6075 2
6076 1
6077 3
6078 0
6079 8
6080 1
6081 4
6082 4
6083 2
6084 7
6085 1
6086 6
6087 2
6088 2
6089 3
6090 3
6091 2
6092 2
6093 4
6094 1
6095 1
6096 1
6097 4
6098 4
6099 6
6100 1
6101 1
6102 1
6103 4
6104 1
6105 1
6106 3
6107 3
6108 1
6109 5
6110 4
6111 1
6112 3
6113 4
6114 9
6115 3
6116 4
6117 3
6118 6
6119 1
6120 3
6121 5
6122 1
6123 3
6124 1
6125 0
6126 6
6127 3
6128 4
6129 8
6130 1
6131 2
6132 1
6133 2
6134 5
6135 1
6136 3
6137 9
6138 1
6139 3
6140 6
6141 8
6142 6
6143 8
6144 4
6145 2
6146 7
6147 6
6148 7
6149 6
6150 6
6151 2
6152 4
6153 1
6154 2
6155 2
6156 4
6157 4
6158 2
6159 3
6160 8
6161 4
6162 1
6163 6
6164 2
6165 4
6166 6
6167 5
6168 1
6169 2
6170 2
6171 3
6172 1
6173 3
6174 6
6175 2
6176 6
6177 1
6178 3
6179 7
6180 2
6181 6
6182 4
6183 3
6184 3
6185 1
6186 4
6187 2
6188 4
6189 1
6190 4
6191 1
6192 3
6193 4
6194 2
6195 2
6196 4
6197 4
6198 3
6199 3
6200 3
6201 2
6202 4
6203 2
6204 3
6205 4
6206 0
6207 1
6208 3
6209 2
6210 3
6211 7
6212 6
6213 2
6214 6
6215 6
6216 2
6217 4
6218 6
6219 4
6220 3
6221 2
6222 6
6223 0
6224 1
6225 4
6226 6
6227 9
6228 4
6229 4
6230 1
6231 1
6232 3
6233 9
6234 9
6235 1
6236 4
6237 3
6238 3
6239 2
6240 2
6241 3
6242 2
6243 4
6244 5
6245 9
6246 7
6247 2
6248 8
6249 7
6250 4
6251 2
6252 3
6253 8
6254 4
6255 4
6256 4
6257 1
6258 1
6259 9
6260 6
6261 2
6262 3
6263 4
6264 4
6265 0
6266 1
6267 3
6268 1
6269 1
6270 3
6271 3
6272 1
6273 6
6274 4
6275 4
6276 7
6277 1
6278 1
6279 1
6280 4
6281 2
6282 10
6283 2
6284 1
6285 3
6286 6
6287 3
6288 9
6289 5
6290 4
6291 2
6292 2
6293 4
6294 4
6295 1
6296 0
6297 2
6298 2
6299 4
6300 1
6301 0
6302 7
6303 4
6304 1
6305 3
6306 2
6307 2
6308 3
6309 3
6310 3
6311 1
6312 6
6313 2
6314 3
6315 3
6316 1
6317 8
6318 6
6319 9
6320 6
6321 3
6322 3
6323 4
6324 2
6325 4
6326 4
6327 2
6328 2
6329 4
6330 3
6331 0
6332 1
6333 0
6334 3
6335 2
6336 2
6337 1
6338 3
6339 1
6340 1
6341 1
6342 1
6343 9
6344 1
6345 3
6346 6
6347 4
6348 4
6349 0
6350 4
6351 7
6352 3
6353 2
6354 4
6355 7
6356 2
6357 3
6358 6
6359 6
6360 4
6361 1
6362 4
6363 1
6364 9
6365 2
6366 2
6367 3
6368 6
6369 3
6370 1
6371 1
6372 6
6373 1
6374 3
6375 6
6376 2
6377 6
6378 1
6379 2
6380 3
6381 2
6382 4
6383 1
6384 1
6385 2
6386 4
6387 4
6388 1
6389 3
6390 4
6391 2
6392 2
6393 1
6394 6
6395 1
6396 2
6397 3
6398 1
6399 4
6400 1
6401 3
6402 3
6403 1
6404 5
6405 4
6406 6
6407 6
6408 2
6409 7
6410 2
6411 6
6412 1
6413 8
6414 0
6415 3
6416 3
6417 3
6418 3
6419 3
6420 3
6421 3
6422 4
6423 0
6424 3
6425 0
6426 1
6427 3
6428 1
6429 4
6430 1
6431 1
6432 3
6433 5
6434 9
6435 8
6436 3
6437 2
6438 4
6439 0
6440 2
6441 3
6442 1
6443 1
6444 2
6445 1
6446 9
6447 5
6448 3
6449 4
6450 9
6451 3
6452 0
6453 4
6454 4
6455 3
6456 1
6457 3
6458 9
6459 1
6460 1
6461 1
6462 1
6463 1
6464 2
6465 4
6466 2
6467 6
6468 6
6469 1
6470 3
6471 1
6472 5
6473 1
6474 1
6475 4
6476 6
6477 2
6478 1
6479 1
6480 6
6481 4
6482 3
6483 4
6484 4
6485 3
6486 3
6487 2
6488 2
6489 2
6490 1
6491 1
6492 3
6493 3
6494 4
6495 1
6496 4
6497 3
6498 6
6499 1
6500 2
6501 4
6502 4
6503 10
6504 4
6505 1
6506 2
6507 3
6508 3
6509 1
6510 4
6511 3
6512 1
6513 6
6514 1
6515 3
6516 4
6517 2
6518 7
6519 10
6520 2
6521 4
6522 1
6523 3
6524 1
6525 3
6526 2
6527 3
6528 2
6529 3
6530 3
6531 6
6532 8
6533 7
6534 3
6535 1
6536 4
6537 4
6538 1
6539 3
6540 5
6541 1
6542 3
6543 4
6544 1
6545 2
6546 4
6547 0
6548 0
6549 2
6550 4
6551 3
6552 1
6553 5
6554 6
6555 1
6556 3
6557 4
6558 3
6559 10
6560 1
6561 2
6562 4
6563 8
6564 4
6565 3
6566 9
6567 1
6568 2
6569 3
6570 1
6571 4
6572 3
6573 0
6574 5
6575 4
6576 1
6577 3
6578 6
6579 4
6580 4
6581 4
6582 2
6583 2
6584 2
6585 3
6586 2
6587 0
6588 1
6589 5
6590 1
6591 4
6592 0
6593 0
6594 2
6595 0
6596 2
6597 4
6598 3
6599 3
6600 3
6601 2
6602 3
6603 3
6604 5
6605 1
6606 0
6607 7
6608 8
6609 4
6610 3
6611 9
6612 3
6613 4
6614 10
6615 1
6616 2
6617 1
6618 1
6619 0
6620 8
6621 6
6622 0
6623 2
6624 8
6625 4
6626 6
6627 3
6628 3
6629 6
6630 3
6631 5
6632 3
6633 2
6634 9
6635 3
6636 1
6637 3
6638 2
6639 1
6640 2
6641 6
6642 1
6643 3
6644 4
6645 1
6646 4
6647 2
6648 2
6649 7
6650 6
6651 7
6652 1
6653 1
6654 1
6655 2
6656 1
6657 1
6658 1
6659 2
6660 6
6661 4
6662 10
6663 1
6664 4
6665 6
6666 5
6667 6
6668 3
6669 3
6670 4
6671 1
6672 3
6673 1
6674 4
6675 1
6676 4
6677 7
6678 6
6679 6
6680 1
6681 3
6682 3
6683 9
6684 9
6685 4
6686 6
6687 3
6688 1
6689 2
6690 6
6691 1
6692 3
6693 4
6694 3
6695 3
6696 1
6697 1
6698 2
6699 2
6700 2
6701 3
6702 5
6703 3
6704 3
6705 3
6706 3
6707 3
6708 1
6709 4
6710 10
6711 7
6712 4
6713 4
6714 2
6715 1
6716 3
6717 3
6718 6
6719 3
6720 4
6721 1
6722 3
6723 2
6724 3
6725 4
6726 4
6727 3
6728 2
6729 2
6730 6
6731 4
6732 5
6733 3
6734 1
6735 3
6736 1
6737 2
6738 2
6739 0
6740 7
6741 8
6742 4
6743 8
6744 3
6745 3
6746 4
6747 3
6748 4
6749 7
6750 5
6751 3
6752 6
6753 9
6754 1
6755 7
6756 4
6757 3
6758 3
6759 9
6760 4
6761 4
6762 6
6763 1
6764 4
6765 5
6766 6
6767 2
6768 2
6769 1
6770 4
6771 0
6772 1
6773 3
6774 3
6775 2
6776 3
6777 3
6778 2
6779 2
6780 1
6781 0
6782 5
6783 6
6784 1
6785 1
6786 4
6787 0
6788 2
6789 2
6790 4
6791 1
6792 6
6793 3
6794 1
6795 2
6796 4
6797 4
6798 6
6799 3
6800 4
6801 3
6802 2
6803 1
6804 3
6805 4
6806 4
6807 3
6808 3
6809 10
6810 4
6811 2
6812 9
6813 8
6814 3
6815 2
6816 4
6817 3
6818 1
6819 1
6820 2
6821 3
6822 6
6823 3
6824 1
6825 1
6826 0
6827 1
6828 2
6829 6
6830 2
6831 1
6832 2
6833 4
6834 2
6835 6
6836 1
6837 3
6838 9
6839 4
6840 5
6841 2
6842 1
6843 2
6844 1
6845 5
6846 3
6847 3
6848 2
6849 9
6850 3
6851 3
6852 2
6853 1
6854 4
6855 1
6856 8
6857 3
6858 2
6859 2
6860 4
6861 4
6862 3
6863 4
6864 5
6865 6
6866 3
6867 4
6868 4
6869 4
6870 1
6871 4
6872 7
6873 2
6874 4
6875 2
6876 1
6877 4
6878 1
6879 2
6880 6
6881 3
6882 1
6883 3
6884 3
6885 4
6886 3
6887 6
6888 9
6889 4
6890 3
6891 4
6892 1
6893 2
6894 8
6895 1
6896 1
6897 3
6898 1
6899 5
6900 5
6901 3
6902 1
6903 2
6904 6
6905 3
6906 8
6907 1
6908 4
6909 6
6910 6
6911 1
6912 5
6913 10
6914 3
6915 1
6916 4
6917 2
6918 3
6919 3
6920 8
6921 4
6922 4
6923 6
6924 1
6925 1
6926 3
6927 3
6928 2
6929 2
6930 2
6931 1
6932 5
6933 3
6934 4
6935 4
6936 1
6937 1
6938 0
6939 10
6940 1
6941 3
6942 1
6943 2
6944 2
6945 1
6946 2
6947 4
6948 4
6949 6
6950 4
6951 7
6952 1
6953 8
6954 2
6955 6
6956 6
6957 2
6958 4
6959 2
6960 1
6961 1
6962 3
6963 3
6964 1
6965 2
6966 4
6967 3
6968 3
6969 3
6970 2
6971 4
6972 4
6973 1
6974 6
6975 2
6976 2
6977 3
6978 4
6979 3
6980 3
6981 1
6982 1
6983 1
6984 1
6985 1
6986 10
6987 3
6988 10
6989 1
6990 2
6991 1
6992 6
6993 3
6994 4
6995 7
6996 1
6997 1
6998 1
6999 0
7000 5
7001 1
7002 5
7003 4
7004 1
7005 3
7006 3
7007 3
7008 3
7009 1
7010 4
7011 3
7012 0
7013 1
7014 4
7015 2
7016 1
7017 4
7018 4
7019 5
7020 1
7021 8
7022 4
7023 3
7024 3
7025 2
7026 2
7027 4
7028 1
7029 2
7030 4
7031 4
7032 2
7033 4
7034 4
7035 1
7036 0
7037 6
7038 0
7039 2
7040 8
7041 2
7042 2
7043 0
7044 3
7045 2
7046 6
7047 3
7048 1
7049 4
7050 6
7051 3
7052 3
7053 4
7054 6
7055 1
7056 4
7057 3
7058 6
7059 2
7060 4
7061 4
7062 2
7063 2
7064 3
7065 1
7066 2
7067 2
7068 4
7069 4
7070 1
7071 9
7072 4
7073 2
7074 4
7075 3
7076 2
7077 1
7078 2
7079 5
7080 4
7081 6
7082 1
7083 6
7084 4
7085 0
7086 3
7087 2
7088 6
7089 4
7090 3
7091 4
7092 2
7093 3
7094 3
7095 2
7096 9
7097 1
7098 5
7099 6
7100 5
7101 5
7102 3
7103 1
7104 4
7105 4
7106 4
7107 4
7108 7
7109 5
7110 4
7111 4
7112 3
7113 6
7114 3
7115 3
7116 1
7117 2
7118 1
7119 2
7120 6
7121 1
7122 8
7123 1
7124 3
7125 1
7126 1
7127 3
7128 3
7129 2
7130 2
7131 3
7132 6
7133 3
7134 8
7135 1
7136 2
7137 10
7138 1
7139 4
7140 2
7141 6
7142 0
7143 4
7144 4
7145 4
7146 2
7147 3
7148 4
7149 4
7150 4
7151 4
7152 3
7153 3
7154 3
7155 5
7156 3
7157 6
7158 6
7159 0
7160 1
7161 6
7162 3
7163 6
7164 4
7165 3
7166 8
7167 1
7168 3
7169 6
7170 6
7171 4
7172 4
7173 4
7174 6
7175 1
7176 1
7177 4
7178 4
7179 1
7180 6
7181 4
7182 6
7183 1
7184 3
7185 2
7186 3
7187 6
7188 5
7189 8
7190 4
7191 3
7192 1
7193 1
7194 10
7195 2
7196 2
7197 3
7198 1
7199 1
7200 6
7201 2
7202 4
7203 2
7204 1
7205 4
7206 6
7207 0
7208 2
7209 3
7210 4
7211 7
7212 6
7213 10
7214 3
7215 4
7216 6
7217 3
7218 1
7219 6
7220 4
7221 2
7222 4
7223 1
7224 8
7225 9
7226 4
7227 3
7228 3
7229 1
7230 4
7231 6
7232 3
7233 1
7234 1
7235 1
7236 3
7237 7
7238 1
7239 3
7240 5
7241 2
7242 4
7243 2
7244 0
7245 2
7246 3
7247 1
7248 6
7249 4
7250 1
7251 5
7252 1
7253 3
7254 2
7255 2
7256 7
7257 1
7258 0
7259 2
7260 8
7261 3
7262 5
7263 4
7264 2
7265 3
7266 3
7267 1
7268 2
7269 0
7270 3
7271 6
7272 3
7273 1
7274 2
7275 4
7276 3
7277 8
7278 1
7279 1
7280 1
7281 2
7282 2
7283 7
7284 5
7285 4
7286 2
7287 1
7288 1
7289 2
7290 0
7291 1
7292 4
7293 8
7294 6
7295 4
7296 3
7297 2
7298 3
7299 4
7300 3
7301 1
7302 4
7303 3
7304 1
7305 4
7306 4
7307 1
7308 4
7309 2
7310 4
7311 3
7312 5
7313 6
7314 1
7315 2
7316 4
7317 9
7318 1
7319 3
7320 2
7321 2
7322 3
7323 2
7324 7
7325 4
7326 5
7327 0
7328 4
7329 8
7330 4
7331 2
7332 9
7333 1
7334 2
7335 9
7336 4
7337 2
7338 5
7339 0
7340 3
7341 2
7342 2
7343 1
7344 2
7345 2
7346 3
7347 2
7348 2
7349 6
7350 0
7351 4
7352 2
7353 4
7354 1
7355 1
7356 0
7357 4
7358 2
7359 3
7360 3
7361 6
7362 1
7363 8
7364 6
7365 1
7366 2
7367 1
7368 8
7369 4
7370 4
7371 1
7372 6
7373 1
7374 6
7375 7
7376 9
7377 1
7378 4
7379 2
7380 0
7381 4
7382 3
7383 1
7384 6
7385 1
7386 4
7387 4
7388 3
7389 7
7390 4
7391 4
7392 5
7393 2
7394 4
7395 6
7396 2
7397 4
7398 5
7399 1
7400 2
7401 2
7402 3
7403 4
7404 2
7405 1
7406 3
7407 3
7408 0
7409 3
7410 5
7411 6
7412 7
7413 5
7414 3
7415 4
7416 4
7417 6
7418 4
7419 3
7420 4
7421 4
7422 6
7423 3
7424 2
7425 2
7426 1
7427 2
7428 4
7429 3
7430 2
7431 1
7432 2
7433 3
7434 1
7435 4
7436 6
7437 0
7438 8
7439 5
7440 3
7441 8
7442 4
7443 4
7444 2
7445 1
7446 4
7447 1
7448 1
7449 4
7450 4
7451 4
7452 4
7453 9
7454 0
7455 2
7456 1
7457 6
7458 8
7459 1
7460 2
7461 6
7462 1
7463 2
7464 9
7465 4
7466 4
7467 3
7468 2
7469 3
7470 3
7471 5
7472 4
7473 1
7474 0
7475 3
7476 4
7477 0
7478 3
7479 2
7480 4
7481 8
7482 1
7483 1
7484 3
7485 2
7486 5
7487 3
7488 3
7489 3
7490 4
7491 4
7492 1
7493 2
7494 8
7495 1
7496 2
7497 2
7498 1
7499 4
7500 4
7501 2
7502 3
7503 1
7504 3
7505 1
7506 4
7507 10
7508 4
7509 2
7510 4
7511 4
7512 2
7513 5
7514 3
7515 3
7516 0
7517 3
7518 4
7519 5
7520 1
7521 3
7522 5
7523 4
7524 4
7525 2
7526 3
7527 2
7528 1
7529 3
7530 1
7531 1
7532 4
7533 1
7534 3
7535 3
7536 6
7537 4
7538 2
7539 6
7540 4
7541 5
7542 4
7543 2
7544 3
7545 1
7546 7
7547 4
7548 6
7549 9
7550 1
7551 6
7552 2
7553 1
7554 6
7555 3
7556 5
7557 1
7558 8
7559 4
7560 1
7561 2
7562 4
7563 4
7564 7
7565 1
7566 4
7567 3
7568 1
7569 3
7570 3
7571 1
7572 4
7573 9
7574 3
7575 4
7576 4
7577 1
7578 1
7579 2
7580 3
7581 4
7582 4
7583 1
7584 1
7585 3
7586 0
7587 7
7588 3
7589 2
7590 4
7591 4
7592 4
7593 1
7594 4
7595 3
7596 4
7597 3
7598 1
7599 4
7600 1
7601 6
7602 3
7603 2
7604 2
7605 3
7606 7
7607 4
7608 2
7609 3
7610 3
7611 4
7612 1
7613 2
7614 8
7615 4
7616 3
7617 5
7618 3
7619 4
7620 8
7621 2
7622 2
7623 2
7624 4
7625 4
7626 9
7627 6
7628 1
7629 1
7630 1
7631 7
7632 3
7633 1
7634 1
7635 4
7636 3
7637 3
7638 5
7639 3
7640 3
7641 4
7642 9
7643 9
7644 3
7645 4
7646 2
7647 2
7648 4
7649 4
7650 3
7651 6
7652 4
7653 3
7654 7
7655 4
7656 4
7657 0
7658 6
7659 3
7660 6
7661 2
7662 6
7663 1
7664 4
7665 1
7666 1
7667 4
7668 7
7669 6
7670 1
7671 2
7672 2
7673 1
7674 3
7675 2
7676 1
7677 3
7678 4
7679 3
7680 4
7681 2
7682 4
7683 1
7684 5
7685 1
7686 6
7687 1
7688 3
7689 3
7690 2
7691 1
7692 3
7693 5
7694 5
7695 5
7696 3
7697 6
7698 2
7699 3
7700 7
7701 4
7702 8
7703 8
7704 3
7705 3
7706 0
7707 6
7708 2
7709 2
7710 1
7711 5
7712 3
7713 1
7714 2
7715 3
7716 3
7717 2
7718 3
7719 6
7720 1
7721 3
7722 4
7723 2
7724 3
7725 3
7726 1
7727 4
7728 7
7729 3
7730 3
7731 1
7732 1
7733 4
7734 2
7735 3
7736 2
7737 0
7738 6
7739 1
7740 6
7741 1
7742 0
7743 3
7744 3
7745 4
7746 8
7747 4
7748 2
7749 2
7750 3
7751 2
7752 4
7753 1
7754 8
7755 4
7756 3
7757 7
7758 4
7759 4
7760 5
7761 3
7762 8
7763 0
7764 4
7765 6
7766 3
7767 1
7768 7
7769 3
7770 4
7771 4
7772 3
7773 1
7774 3
7775 1
7776 3
7777 3
7778 6
7779 8
7780 4
7781 4
7782 1
7783 7
7784 2
7785 2
7786 4
7787 2
7788 2
7789 1
7790 2
7791 1
7792 4
7793 1
7794 7
7795 4
7796 2
7797 6
7798 6
7799 5
7800 2
7801 1
7802 2
7803 1
7804 3
7805 4
7806 2
7807 1
7808 6
7809 3
7810 1
7811 1
7812 1
7813 5
7814 8
7815 0
7816 2
7817 3
7818 2
7819 1
7820 0
7821 1
7822 5
7823 2
7824 4
7825 1
7826 2
7827 1
7828 3
7829 1
7830 2
7831 8
7832 4
7833 0
7834 4
7835 3
7836 0
7837 3
7838 4
7839 6
7840 4
7841 6
7842 1
7843 3
7844 3
7845 3
7846 4
7847 4
7848 4
7849 4
7850 4
7851 4
7852 1
7853 4
7854 1
7855 6
7856 2
7857 0
7858 4
7859 1
7860 3
7861 3
7862 7
7863 1
7864 7
7865 4
7866 4
7867 2
7868 4
7869 6
7870 4
7871 6
7872 8
7873 9
7874 4
7875 1
7876 3
7877 3
7878 4
7879 8
7880 2
7881 0
7882 0
7883 6
7884 6
7885 3
7886 0
7887 4
7888 1
7889 3
7890 3
7891 3
7892 3
7893 2
7894 3
7895 4
7896 6
7897 1
7898 3
7899 6
7900 2
7901 0
7902 3
7903 2
7904 3
7905 1
7906 4
7907 1
7908 2
7909 3
7910 1
7911 8
7912 2
7913 3
7914 3
7915 6
7916 1
7917 10
7918 1
7919 8
7920 4
7921 4
7922 8
7923 6
7924 6
7925 3
7926 4
7927 4
7928 3
7929 4
7930 4
7931 3
7932 2
7933 3
7934 1
7935 4
7936 4
7937 3
7938 3
7939 6
7940 1
7941 7
7942 6
7943 8
7944 4
7945 2
7946 2
7947 0
7948 3
7949 6
7950 4
7951 3
7952 3
7953 7
7954 3
7955 8
7956 3
7957 6
7958 1
7959 1
7960 9
7961 8
7962 3
7963 3
7964 6
7965 8
7966 1
7967 3
7968 1
7969 5
7970 3
7971 4
7972 3
7973 8
7974 1
7975 3
7976 7
7977 4
7978 3
7979 7
7980 1
7981 2
7982 8
7983 3
7984 8
7985 2
7986 1
7987 4
7988 1
7989 4
7990 6
7991 2
7992 7
7993 1
7994 1
7995 3
7996 3
7997 4
7998 2
7999 8
8000 7
8001 5
8002 4
8003 3
8004 2
8005 2
8006 6
8007 2
8008 5
8009 1
8010 1
8011 5
8012 4
8013 2
8014 2
8015 10
8016 3
8017 4
8018 3
8019 3
8020 7
8021 1
8022 4
8023 7
8024 4
8025 3
8026 9
8027 2
8028 5
8029 2
8030 1
8031 5
8032 3
8033 3
8034 3
8035 1
8036 3
8037 4
8038 2
8039 2
8040 3
8041 4
8042 3
8043 7
8044 2
8045 1
8046 4
8047 1
8048 6
8049 4
8050 7
8051 4
8052 4
8053 4
8054 2
8055 3
8056 6
8057 6
8058 6
8059 6
8060 6
8061 2
8062 1
8063 1
8064 4
8065 6
8066 4
8067 6
8068 4
8069 4
8070 0
8071 2
8072 4
8073 2
8074 4
8075 1
8076 3
8077 1
8078 2
8079 1
8080 6
8081 8
8082 5
8083 4
8084 8
8085 3
8086 0
8087 3
8088 1
8089 3
8090 5
8091 2
8092 6
8093 4
8094 3
8095 3
8096 4
8097 4
8098 7
8099 6
8100 1
8101 2
8102 3
8103 1
8104 7
8105 0
8106 1
8107 1
8108 2
8109 4
8110 4
8111 2
8112 2
8113 2
8114 7
8115 2
8116 1
8117 3
8118 0
8119 2
8120 6
8121 10
8122 5
8123 3
8124 6
8125 6
8126 0
8127 4
8128 3
8129 1
8130 1
8131 4
8132 6
8133 3
8134 0
8135 4
8136 4
8137 7
8138 8
8139 0
8140 3
8141 3
8142 4
8143 4
8144 10
8145 2
8146 7
8147 3
8148 2
8149 4
8150 1
8151 2
8152 6
8153 4
8154 4
8155 3
8156 1
8157 4
8158 1
8159 3
8160 1
8161 3
8162 4
8163 1
8164 1
8165 1
8166 3
8167 3
8168 6
8169 3
8170 3
8171 1
8172 2
8173 0
8174 4
8175 1
8176 2
8177 4
8178 2
8179 4
8180 4
8181 6
8182 4
8183 7
8184 3
8185 3
8186 1
8187 4
8188 2
8189 7
8190 3
8191 0
8192 1
8193 2
8194 3
8195 3
8196 2
8197 2
8198 2
8199 1
8200 2
8201 3
8202 2
8203 5
8204 2
8205 2
8206 1
8207 3
8208 4
8209 1
8210 2
8211 1
8212 6
8213 5
8214 4
8215 2
8216 3
8217 3
8218 7
8219 4
8220 10
8221 4
8222 2
8223 4
8224 4
8225 4
8226 3
8227 1
8228 4
8229 6
8230 4
8231 8
8232 5
8233 1
8234 8
8235 7
8236 0
8237 1
8238 3
8239 3
8240 1
8241 6
8242 1
8243 2
8244 1
8245 4
8246 2
8247 3
8248 4
8249 3
8250 6
8251 10
8252 4
8253 1
8254 3
8255 6
8256 1
8257 3
8258 2
8259 4
8260 4
8261 1
8262 3
8263 10
8264 3
8265 1
8266 2
8267 6
8268 2
8269 3
8270 4
8271 3
8272 3
8273 4
8274 4
8275 4
8276 2
8277 8
8278 1
8279 1
8280 4
8281 1
8282 3
8283 4
8284 1
8285 9
8286 1
8287 4
8288 1
8289 1
8290 3
8291 4
8292 1
8293 3
8294 3
8295 6
8296 1
8297 0
8298 1
8299 1
8300 2
8301 1
8302 1
8303 2
8304 4
8305 1
8306 6
8307 7
8308 6
8309 2
8310 2
8311 1
8312 3
8313 2
8314 3
8315 2
8316 4
8317 1
8318 2
8319 2
8320 3
8321 1
8322 3
8323 4
8324 4
8325 4
8326 3
8327 3
8328 1
8329 3
8330 0
8331 4
8332 1
8333 0
8334 0
8335 1
8336 3
8337 6
8338 4
8339 1
8340 3
8341 2
8342 10
8343 1
8344 6
8345 1
8346 5
8347 1
8348 1
8349 1
8350 3
8351 2
8352 4
8353 3
8354 8
8355 6
8356 3
8357 1
8358 6
8359 2
8360 1
8361 1
8362 2
8363 6
8364 1
8365 3
8366 5
8367 6
8368 1
8369 1
8370 3
8371 0
8372 4
8373 6
8374 4
8375 4
8376 7
8377 4
8378 3
8379 3
8380 1
8381 1
8382 1
8383 2
8384 1
8385 3
8386 3
8387 3
8388 3
8389 1
8390 1
8391 6
8392 2
8393 4
8394 4
8395 6
8396 2
8397 9
8398 6
8399 4
8400 1
8401 1
8402 4
8403 2
8404 4
8405 2
8406 0
8407 7
8408 2
8409 7
8410 3
8411 2
8412 6
8413 6
8414 2
8415 4
8416 4
8417 4
8418 4
8419 6
8420 4
8421 7
8422 0
8423 6
8424 0
8425 1
8426 3
8427 4
8428 2
8429 1
8430 1
8431 4
8432 4
8433 4
8434 8
8435 1
8436 0
8437 3
8438 2
8439 1
8440 1
8441 6
8442 2
8443 3
8444 1
8445 4
8446 6
8447 1
8448 3
8449 1
8450 4
8451 3
8452 1
8453 0
8454 4
8455 7
8456 1
8457 4
8458 6
8459 3
8460 2
8461 1
8462 3
8463 6
8464 1
8465 2
8466 2
8467 4
8468 4
8469 4
8470 1
8471 0
8472 0
8473 1
8474 3
8475 3
8476 1
8477 3
8478 1
8479 3
8480 1
8481 4
8482 5
8483 4
8484 8
8485 4
8486 3
8487 6
8488 4
8489 4
8490 1
8491 2
8492 4
8493 5
8494 2
8495 9
8496 2
8497 2
8498 3
8499 4
8500 3
8501 1
8502 1
8503 5
8504 3
8505 6
8506 6
8507 3
8508 1
8509 4
8510 4
8511 3
8512 3
8513 4
8514 3
8515 3
8516 4
8517 3
8518 3
8519 3
8520 1
8521 2
8522 6
8523 1
8524 4
8525 4
8526 1
8527 3
8528 1
8529 8
8530 4
8531 5
8532 2
8533 4
8534 6
8535 2
8536 8
8537 4
8538 4
8539 1
8540 1
8541 1
8542 4
8543 4
8544 3
8545 8
8546 2
8547 4
8548 1
8549 7
8550 4
8551 1
8552 7
8553 3
8554 2
8555 5
8556 9
8557 4
8558 8
8559 1
8560 3
8561 0
8562 4
8563 7
8564 1
8565 3
8566 3
8567 1
8568 4
8569 3
8570 1
8571 3
8572 4
8573 4
8574 6
8575 1
8576 3
8577 2
8578 6
8579 1
8580 1
8581 6
8582 3
8583 6
8584 3
8585 3
8586 1
8587 2
8588 3
8589 6
8590 4
8591 3
8592 2
8593 4
8594 2
8595 3
8596 6
8597 1
8598 4
8599 2
8600 2
8601 1
8602 3
8603 2
8604 1
8605 1
8606 3
8607 0
8608 1
8609 4
8610 1
8611 3
8612 8
8613 1
8614 4
8615 0
8616 1
8617 4
8618 3
8619 4
8620 3
8621 3
8622 1
8623 1
8624 1
8625 3
8626 3
8627 2
8628 4
8629 4
8630 4
8631 4
8632 1
8633 1
8634 5
8635 4
8636 3
8637 2
8638 1
8639 6
8640 2
8641 6
8642 3
8643 2
8644 4
8645 1
8646 1
8647 3
8648 2
8649 8
8650 4
8651 3
8652 1
8653 1
8654 6
8655 3
8656 8
8657 6
8658 1
8659 6
8660 4
8661 6
8662 4
8663 4
8664 1
8665 1
8666 3
8667 3
8668 2
8669 0
8670 1
8671 3
8672 2
8673 3
8674 3
8675 4
8676 2
8677 3
8678 2
8679 0
8680 1
8681 3
8682 3
8683 1
8684 4
8685 1
8686 4
8687 4
8688 5
8689 2
8690 3
8691 1
8692 3
8693 8
8694 3
8695 4
8696 6
8697 4
8698 3
8699 2
8700 3
8701 1
8702 5
8703 2
8704 4
8705 1
8706 4
8707 1
8708 1
8709 6
8710 9
8711 1
8712 6
8713 6
8714 3
8715 1
8716 1
8717 6
8718 3
8719 3
8720 2
8721 1
8722 1
8723 1
8724 6
8725 4
8726 8
8727 6
8728 0
8729 1
8730 2
8731 3
8732 4
8733 2
8734 3
8735 3
8736 7
8737 3
8738 1
8739 5
8740 6
8741 3
8742 6
8743 8
8744 9
8745 2
8746 3
8747 2
8748 1
8749 2
8750 1
8751 4
8752 8
8753 1
8754 3
8755 3
8756 6
8757 3
8758 6
8759 8
8760 1
8761 4
8762 4
8763 6
8764 2
8765 5
8766 4
8767 3
8768 6
8769 0
8770 4
8771 0
8772 3
8773 3
8774 2
8775 2
8776 2
8777 2
8778 6
8779 3
8780 1
8781 1
8782 6
8783 1
8784 4
8785 9
8786 3
8787 4
8788 4
8789 1
8790 4
8791 2
8792 3
8793 5
8794 6
8795 3
8796 6
8797 4
8798 1
8799 8
8800 1
8801 1
8802 6
8803 1
8804 4
8805 3
8806 5
8807 3
8808 9
8809 4
8810 6
8811 1
8812 4
8813 4
8814 4
8815 3
8816 3
8817 2
8818 3
8819 4
8820 4
8821 4
8822 2
8823 6
8824 4
8825 2
8826 4
8827 0
8828 2
8829 4
8830 3
8831 1
8832 2
8833 0
8834 2
8835 2
8836 4
8837 4
8838 0
8839 8
8840 2
8841 6
8842 1
8843 8
8844 3
8845 3
8846 9
8847 4
8848 6
8849 3
8850 2
8851 2
8852 9
8853 5
8854 3
8855 3
8856 1
8857 2
8858 3
8859 4
8860 6
8861 3
8862 1
8863 0
8864 2
8865 3
8866 4
8867 2
8868 4
8869 3
8870 4
8871 4
8872 4
8873 1
8874 6
8875 5
8876 2
8877 2
8878 10
8879 4
8880 3
8881 1
8882 0
8883 3
8884 3
8885 4
8886 4
8887 4
8888 5
8889 3
8890 1
8891 4
8892 2
8893 1
8894 4
8895 6
8896 2
8897 8
8898 3
8899 3
8900 2
8901 3
8902 5
8903 6
8904 1
8905 4
8906 4
8907 2
8908 3
8909 4
8910 1
8911 3
8912 6
8913 4
8914 1
8915 4
8916 6
8917 2
8918 2
8919 8
8920 1
8921 2
8922 1
8923 2
8924 5
8925 2
8926 5
8927 3
8928 2
8929 0
8930 4
8931 3
8932 3
8933 3
8934 3
8935 6
8936 1
8937 2
8938 7
8939 4
8940 6
8941 6
8942 2
8943 2
8944 4
8945 3
8946 1
8947 0
8948 5
8949 1
8950 3
8951 3
8952 4
8953 4
8954 3
8955 1
8956 2
8957 3
8958 6
8959 3
8960 4
8961 3
8962 4
8963 1
8964 1
8965 3
8966 4
8967 6
8968 5
8969 3
8970 10
8971 2
8972 1
8973 2
8974 7
8975 6
8976 8
8977 2
8978 3
8979 3
8980 2
8981 0
8982 4
8983 4
8984 6
8985 4
8986 1
8987 4
8988 4
8989 0
8990 8
8991 2
8992 3
8993 3
8994 4
8995 1
8996 10
8997 3
8998 9
8999 1
9000 2
9001 4
9002 1
9003 3
9004 4
9005 4
9006 4
9007 2
9008 3
9009 4
9010 1
9011 1
9012 4
9013 2
9014 4
9015 3
9016 4
9017 3
9018 4
9019 7
9020 4
9021 1
9022 2
9023 4
9024 1
9025 4
9026 2
9027 4
9028 1
9029 6
9030 1
9031 4
9032 3
9033 10
9034 3
9035 4
9036 2
9037 2
9038 1
9039 3
9040 3
9041 2
9042 6
9043 1
9044 1
9045 1
9046 1
9047 2
9048 4
9049 1
9050 6
9051 8
9052 2
9053 1
9054 1
9055 3
9056 1
9057 2
9058 2
9059 5
9060 3
9061 1
9062 5
9063 4
9064 1
9065 2
9066 2
9067 2
9068 4
9069 1
9070 1
9071 5
9072 4
9073 4
9074 3
9075 2
9076 0
9077 6
9078 1
9079 6
9080 2
9081 2
9082 8
9083 3
9084 6
9085 6
9086 1
9087 4
9088 2
9089 5
9090 3
9091 4
9092 3
9093 3
9094 7
9095 2
9096 3
9097 3
9098 2
9099 8
9100 2
9101 1
9102 3
9103 2
9104 1
9105 9
9106 1
9107 2
9108 6
9109 0
9110 3
9111 2
9112 1
9113 9
9114 9
9115 2
9116 1
9117 0
9118 3
9119 4
9120 5
9121 2
9122 2
9123 2
9124 6
9125 1
9126 0
9127 1
9128 2
9129 1
9130 3
9131 3
9132 4
9133 7
9134 9
9135 0
9136 2
9137 3
9138 3
9139 4
9140 1
9141 3
9142 3
9143 4
9144 3
9145 4
9146 6
9147 3
9148 2
9149 2
9150 4
9151 2
9152 7
9153 4
9154 1
9155 6
9156 3
9157 2
9158 4
9159 0
9160 3
9161 3
9162 3
9163 4
9164 6
9165 3
9166 2
9167 4
9168 2
9169 4
9170 2
9171 2
9172 7
9173 2
9174 4
9175 8
9176 4
9177 1
9178 3
9179 2
9180 3
9181 1
9182 2
9183 3
9184 10
9185 4
9186 0
9187 1
9188 4
9189 2
9190 1
9191 4
9192 6
9193 4
9194 9
9195 4
9196 1
9197 5
9198 3
9199 2
9200 7
9201 8
9202 1
9203 6
9204 0
9205 1
9206 3
9207 2
9208 0
9209 6
9210 2
9211 1
9212 6
9213 4
9214 4
9215 4
9216 4
9217 1
9218 4
9219 10
9220 1
9221 3
9222 1
9223 8
9224 3
9225 4
9226 4
9227 1
9228 9
9229 4
9230 2
9231 1
9232 3
9233 4
9234 9
9235 7
9236 4
9237 2
9238 3
9239 1
9240 2
9241 3
9242 1
9243 1
9244 6
9245 4
9246 1
9247 4
9248 4
9249 0
9250 1
9251 2
9252 4
9253 3
9254 3
9255 1
9256 6
9257 8
9258 1
9259 1
9260 5
9261 2
9262 1
9263 5
9264 1
9265 1
9266 6
9267 2
9268 4
9269 5
9270 1
9271 6
9272 4
9273 9
9274 2
9275 5
9276 3
9277 6
9278 1
9279 1
9280 1
9281 1
9282 1
9283 4
9284 6
9285 4
9286 1
9287 6
9288 4
9289 4
9290 3
9291 3
9292 4
9293 1
9294 4
9295 3
9296 4
9297 4
9298 6
9299 7
9300 3
9301 2
9302 4
9303 4
9304 6
9305 3
9306 7
9307 4
9308 6
9309 4
9310 4
9311 7
9312 3
9313 1
9314 2
9315 0
9316 6
9317 4
9318 6
9319 1
9320 9
9321 2
9322 1
9323 4
9324 4
9325 8
9326 3
9327 2
9328 2
9329 4
9330 1
9331 3
9332 3
9333 2
9334 4
9335 3
9336 4
9337 1
9338 3
9339 6
9340 1
9341 3
9342 4
9343 4
9344 0
9345 4
9346 8
9347 3
9348 3
9349 1
9350 2
9351 0
9352 4
9353 4
9354 1
9355 4
9356 4
9357 3
9358 4
9359 1
9360 10
9361 4
9362 1
9363 3
9364 1
9365 4
9366 4
9367 4
9368 4
9369 4
9370 2
9371 2
9372 7
9373 1
9374 6
9375 0
9376 2
9377 2
9378 10
9379 3
9380 3
9381 6
9382 8
9383 4
9384 1
9385 0
9386 1
9387 1
9388 3
9389 1
9390 2
9391 3
9392 4
9393 2
9394 6
9395 1
9396 8
9397 3
9398 2
9399 4
9400 3
9401 8
9402 4
9403 2
9404 9
9405 4
9406 6
9407 4
9408 3
9409 4
9410 4
9411 8
9412 1
9413 3
9414 6
9415 4
9416 3
9417 2
9418 1
9419 4
9420 3
9421 4
9422 1
9423 3
9424 1
9425 2
9426 4
9427 4
9428 4
9429 2
9430 3
9431 4
9432 7
9433 8
9434 3
9435 1
9436 9
9437 3
9438 3
9439 1
9440 3
9441 3
9442 4
9443 7
9444 4
9445 3
9446 1
9447 1
9448 0
9449 4
9450 2
9451 7
9452 4
9453 2
9454 7
9455 3
9456 4
9457 5
9458 2
9459 3
9460 1
9461 3
9462 1
9463 1
9464 1
9465 1
9466 8
9467 0
9468 4
9469 4
9470 4
9471 2
9472 6
9473 6
9474 1
9475 1
9476 3
9477 1
9478 6
9479 6
9480 4
9481 4
9482 6
9483 4
9484 3
9485 3
9486 5
9487 6
9488 7
9489 5
9490 6
9491 7
9492 2
9493 2
9494 1
9495 2
9496 1
9497 1
9498 3
9499 4
9500 1
9501 6
9502 0
9503 2
9504 3
9505 2
9506 0
9507 1
9508 6
9509 3
9510 2
9511 3
9512 4
9513 8
9514 4
9515 6
9516 4
9517 3
9518 4
9519 1
9520 3
9521 3
9522 9
9523 4
9524 4
9525 4
9526 2
9527 4
9528 0
9529 4
9530 6
9531 4
9532 1
9533 10
9534 1
9535 3
9536 4
9537 3
9538 3
9539 1
9540 4
9541 1
9542 3
9543 4
9544 2
9545 3
9546 3
9547 1
9548 3
9549 7
9550 6
9551 7
9552 3
9553 3
9554 6
9555 4
9556 4
9557 4
9558 4
9559 3
9560 9
9561 4
9562 3
9563 1
9564 4
9565 1
9566 1
9567 1
9568 5
9569 2
9570 3
9571 2
9572 6
9573 4
9574 4
9575 1
9576 4
9577 7
9578 2
9579 4
9580 1
9581 1
9582 4
9583 4
9584 4
9585 8
9586 2
9587 3
9588 4
9589 3
9590 3
9591 1
9592 1
9593 2
9594 4
9595 1
9596 2
9597 4
9598 4
9599 2
9600 8
9601 9
9602 3
9603 2
9604 8
9605 2
9606 3
9607 3
9608 4
9609 3
9610 4
9611 3
9612 6
9613 8
9614 2
9615 3
9616 6
9617 6
9618 2
9619 1
9620 3
9621 8
9622 5
9623 3
9624 4
9625 4
9626 9
9627 7
9628 2
9629 4
9630 7
9631 3
9632 6
9633 4
9634 1
9635 2
9636 1
9637 4
9638 3
9639 2
9640 1
9641 4
9642 4
9643 4
9644 5
9645 1
9646 1
9647 3
9648 10
9649 2
9650 2
9651 2
9652 6
9653 1
9654 3
9655 0
9656 2
9657 1
9658 2
9659 9
9660 1
9661 3
9662 3
9663 3
9664 2
9665 4
9666 2
9667 9
9668 10
9669 4
9670 4
9671 1
9672 1
9673 1
9674 2
9675 3
9676 3
9677 1
9678 3
9679 6
9680 3
9681 1
9682 4
9683 6
9684 6
9685 6
9686 1
9687 2
9688 6
9689 3
9690 7
9691 1
9692 3
9693 2
9694 3
9695 3
9696 3
9697 1
9698 1
9699 2
9700 6
9701 1
9702 6
9703 4
9704 6
9705 3
9706 8
9707 1
9708 4
9709 4
9710 3
9711 6
9712 5
9713 4
9714 1
9715 3
9716 1
9717 3
9718 6
9719 3
9720 5
9721 3
9722 1
9723 2
9724 4
9725 6
9726 1
9727 4
9728 3
9729 1
9730 7
9731 1
9732 1
9733 8
9734 2
9735 0
9736 3
9737 2
9738 10
9739 1
9740 0
9741 3
9742 3
9743 1
9744 1
9745 2
9746 4
9747 4
9748 10
9749 4
9750 1
9751 3
9752 4
9753 3
9754 1
9755 4
9756 0
9757 3
9758 4
9759 2
9760 1
9761 1
9762 1
9763 1
9764 1
9765 6
9766 1
9767 6
9768 0
9769 3
9770 5
9771 1
9772 4
9773 1
9774 0
9775 2
9776 2
9777 1
9778 0
9779 2
9780 3
9781 1
9782 4
9783 4
9784 7
9785 8
9786 1
9787 3
9788 5
9789 2
9790 2
9791 0
9792 1
9793 1
9794 2
9795 6
9796 2
9797 6
9798 6
9799 1
9800 2
9801 3
9802 2
9803 2
9804 3
9805 1
9806 4
9807 0
9808 4
9809 1
9810 4
9811 4
9812 3
9813 2
9814 3
9815 4
9816 1
9817 5
9818 3
9819 3
9820 5
9821 3
9822 1
9823 0
9824 3
9825 1
9826 4
9827 3
9828 2
9829 4
9830 1
9831 3
9832 4
9833 3
9834 8
9835 6
9836 4
9837 3
9838 7
9839 5
9840 3
9841 4
9842 1
9843 2
9844 3
9845 8
9846 6
9847 3
9848 3
9849 4
9850 6
9851 2
9852 3
9853 10
9854 4
9855 1
9856 2
9857 6
9858 1
9859 2
9860 4
9861 3
9862 5
9863 9
9864 2
9865 4
9866 2
9867 0
9868 3
9869 4
9870 4
9871 1
9872 4
9873 4
9874 4
9875 5
9876 7
9877 2
9878 3
9879 6
9880 2
9881 1
9882 4
9883 6
9884 1
9885 4
9886 2
9887 3
9888 3
9889 1
9890 4
9891 4
9892 3
9893 1
9894 6
9895 9
9896 2
9897 3
9898 2
9899 6
9900 1
9901 1
9902 8
9903 4
9904 4
9905 3
9906 4
9907 1
9908 0
9909 3
9910 4
9911 7
9912 4
9913 1
9914 1
9915 3
9916 4
9917 5
9918 1
9919 2
9920 4
9921 2
9922 6
9923 4
9924 9
9925 2
9926 3
9927 1
9928 3
9929 1
9930 2
9931 4
9932 1
9933 1
9934 1
9935 2
9936 3
9937 2
9938 6
9939 2
9940 2
9941 4
9942 1
9943 2
9944 6
9945 6
9946 4
9947 6
9948 6
9949 1
9950 3
9951 5
9952 4
9953 6
9954 4
9955 0
9956 6
9957 3
9958 6
9959 4
9960 3
9961 0
9962 5
9963 2
9964 1
9965 3
9966 2
9967 6
9968 6
9969 4
9970 0
9971 2
9972 2
9973 2
9974 6
9975 4
9976 1
9977 3
9978 1
9979 3
9980 3
9981 0
9982 1
9983 4
9984 3
9985 2
9986 4
9987 6
9988 4
9989 4
9990 1
9991 6
9992 4
9993 6
9994 4
9995 2
9996 1
9997 10
9998 4
9999 3
