0 14
1 3
2 19
3 5
4 2
5 16
6 4
7 1
8 0
9 4
10 2
11 5
12 6
13 13
14 6
15 0
16 17
17 14
18 5
19 12
20 5
21 12
22 2
23 4
24 7
25 18
26 0
27 0
28 8
29 11
30 9
31 8
32 16
33 9
34 9
35 0
36 2
37 0
38 2
39 2
40 14
41 1
42 19
43 14
44 6
45 1
46 7
47 1
48 7
49 0
50 3
51 19
52 2
53 2
54 11
55 0
56 0
57 1
58 1
59 11
60 2
61 3
62 0
63 1
64 11
65 4
66 7
67 12
68 7
69 1
70 14
71 10
72 0
73 10
74 0
75 2
76 3
77 0
78 1
79 2
80 1
81 10
82 17
83 11
84 3
85 1
86 16
87 1
88 3
89 7
90 6
91 4
92 1
93 3
94 4
95 11
96 8
97 14
98 1
99 1
100 1
101 2
102 9
103 7
104 1
105 2
106 3
107 3
108 5
109 6
110 10
111 0
112 14
113 11
114 7
115 1
116 1
117 1
118 0
119 1
120 0
121 0
122 5
123 3
124 5
125 9
126 2
127 1
128 1
129 4
130 5
131 12
132 10
133 4
134 10
135 14
136 12
137 5
138 3
139 12
140 2
141 13
142 14
143 0
144 4
145 4
146 12
147 11
148 10
149 0
150 12
151 1
152 3
153 0
154 4
155 6
156 3
157 2
158 0
159 12
160 1
161 3
162 2
163 0
164 17
165 0
166 4
167 5
168 1
169 1
170 0
171 1
172 15
173 5
174 2
175 4
176 2
177 9
178 1
179 3
180 6
181 0
182 2
183 19
184 3
185 11
186 2
187 8
188 4
189 8
190 1
191 1
192 2
193 4
194 11
195 1
196 3
197 1
198 12
199 8
200 14
201 5
202 0
203 0
204 13
205 12
206 7
207 3
208 8
209 5
210 1
211 2
212 16
213 0
214 14
215 4
216 6
217 12
218 0
219 0
220 11
221 1
222 2
223 16
224 15
225 3
226 4
227 2
228 0
229 7
230 9
231 8
232 4
233 0
234 2
235 19
236 9
237 2
238 13
239 4
240 3
241 19
242 1
243 10
244 1
245 12
246 0
247 0
248 15
249 0
250 0
251 4
252 0
253 8
254 6
255 8
256 3
257 1
258 20
259 1
260 0
261 7
262 7
263 1
264 3
265 2
266 3
267 6
268 0
269 3
270 2
271 0
272 0
273 14
274 5
275 2
276 5
277 6
278 2
279 1
280 13
281 1
282 19
283 6
284 1
285 0
286 16
287 15
288 0
289 0
290 14
291 1
292 0
293 0
294 11
295 2
296 0
297 3
298 5
299 2
300 0
301 14
302 18
303 18
304 0
305 1
306 5
307 6
308 0
309 3
310 4
311 9
312 4
313 14
314 9
315 20
316 5
317 14
318 3
319 1
320 18
321 1
322 7
323 0
324 4
325 1
326 20
327 7
328 0
329 10
330 15
331 10
332 19
333 1
334 4
335 0
336 1
337 6
338 1
339 0
340 1
341 16
342 0
343 6
344 16
345 4
346 1
347 19
348 0
349 10
350 6
351 1
352 4
353 1
354 5
355 0
356 0
357 7
358 0
359 17
360 18
361 5
362 16
363 2
364 0
365 12
366 8
367 3
368 2
369 4
370 8
371 1
372 3
373 5
374 19
375 2
376 3
377 0
378 0
379 0
380 0
381 12
382 1
383 10
384 2
385 11
386 12
387 6
388 6
389 14
390 2
391 0
392 3
393 4
394 15
395 2
396 2
397 9
398 4
399 5
400 6
401 1
402 4
403 5
404 7
405 6
406 3
407 14
408 1
409 6
410 3
411 0
412 11
413 7
414 15
415 3
416 1
417 3
418 1
419 1
420 5
421 11
422 3
423 0
424 0
425 9
426 0
427 12
428 7
429 1
430 4
431 7
432 1
433 4
434 2
435 7
436 0
437 8
438 1
439 18
440 5
441 0
442 4
443 0
444 0
445 5
446 4
447 1
448 0
449 1
450 11
451 13
452 4
453 12
454 2
455 13
456 1
457 10
458 1
459 0
460 3
461 10
462 7
463 11
464 6
465 0
466 0
467 0
468 7
469 15
470 12
471 1
472 1
473 3
474 2
475 20
476 12
477 1
478 0
479 18
480 1
481 9
482 1
483 5
484 2
485 0
486 12
487 8
488 19
489 3
490 6
491 0
492 8
493 4
494 6
495 13
496 16
497 2
498 1
499 2
500 0
501 1
502 3
503 0
504 6
505 5
506 7
507 3
508 5
509 2
510 7
511 3
512 1
513 14
514 14
515 3
516 1
517 5
518 2
519 9
520 4
521 2
522 2
523 3
524 3
525 14
526 2
527 11
528 1
529 2
530 15
531 4
532 5
533 0
534 0
535 11
536 2
537 2
538 14
539 0
540 2
541 18
542 13
543 3
544 1
545 5
546 0
547 0
548 0
549 7
550 2
551 15
552 0
553 3
554 10
555 1
556 1
557 6
558 10
559 2
560 17
561 1
562 14
563 3
564 1
565 2
566 2
567 16
568 9
569 2
570 0
571 8
572 6
573 7
574 1
575 1
576 0
577 4
578 1
579 1
580 12
581 16
582 15
583 1
584 1
585 5
586 4
587 5
588 1
589 7
590 4
591 0
592 0
593 11
594 0
595 13
596 19
597 0
598 1
599 6
600 10
601 14
602 0
603 3
604 0
605 2
606 2
607 0
608 3
609 9
610 11
611 3
612 1
613 12
614 7
615 9
616 4
617 5
618 0
619 6
620 3
621 18
622 6
623 3
624 0
625 2
626 11
627 3
628 8
629 4
630 3
631 15
632 10
633 8
634 1
635 1
636 2
637 0
638 18
639 9
640 0
641 5
642 0
643 2
644 4
645 4
646 2
647 4
648 15
649 0
650 6
651 11
652 13
653 1
654 5
655 1
656 0
657 10
658 7
659 0
660 3
661 4
662 8
663 13
664 3
665 12
666 15
667 1
668 15
669 2
670 1
671 2
672 10
673 2
674 6
675 6
676 3
677 0
678 12
679 5
680 10
681 7
682 3
683 12
684 0
685 2
686 13
687 5
688 16
689 0
690 1
691 3
692 1
693 9
694 5
695 5
696 0
697 10
698 2
699 18
700 1
701 0
702 19
703 17
704 17
705 0
706 6
707 5
708 2
709 18
710 10
711 2
712 7
713 13
714 8
715 0
716 6
717 0
718 8
719 0
720 1
721 0
722 1
723 2
724 11
725 18
726 8
727 0
728 14
729 12
730 8
731 19
732 1
733 11
734 2
735 4
736 9
737 8
738 0
739 5
740 3
741 5
742 3
743 13
744 2
745 2
746 4
747 2
748 3
749 3
750 16
751 8
752 15
753 0
754 2
755 5
756 5
757 7
758 7
759 14
760 0
761 10
762 0
763 0
764 11
765 11
766 0
767 5
768 8
769 3
770 0
771 0
772 11
773 17
774 3
775 2
776 6
777 4
778 7
779 0
780 0
781 0
782 7
783 4
784 9
785 10
786 16
787 9
788 7
789 1
790 14
791 3
792 1
793 12
794 2
795 1
796 5
797 4
798 8
799 6
800 6
801 0
802 3
803 3
804 2
805 2
806 5
807 11
808 0
809 12
810 0
811 0
812 13
813 12
814 1
815 9
816 7
817 0
818 15
819 17
820 1
821 0
822 10
823 1
824 2
825 9
826 8
827 0
828 0
829 2
830 3
831 0
832 6
833 1
834 13
835 0
836 8
837 1
838 5
839 4
840 2
841 19
842 2
843 14
844 0
845 9
846 9
847 8
848 4
849 7
850 3
851 14
852 1
853 0
854 13
855 3
856 13
857 6
858 2
859 7
860 1
861 15
862 0
863 6
864 0
865 1
866 6
867 0
868 0
869 4
870 7
871 3
872 0
873 2
874 13
875 6
876 0
877 9
878 4
879 3
880 0
881 14
882 1
883 0
884 1
885 2
886 10
887 10
888 3
889 3
890 2
891 0
892 12
893 11
894 0
895 10
896 4
897 5
898 3
899 19
900 2
901 0
902 0
903 10
904 13
905 8
906 1
907 0
908 4
909 11
910 1
911 2
912 7
913 4
914 3
915 1
916 0
917 0
918 14
919 1
920 5
921 2
922 10
923 4
924 1
925 8
926 4
927 14
928 10
929 0
930 0
931 0
932 9
933 2
934 7
935 4
936 0
937 13
938 2
939 1
940 6
941 9
942 9
943 1
944 1
945 3
946 3
947 4
948 8
949 7
950 9
951 0
952 5
953 11
954 7
955 4
956 12
957 8
958 3
959 5
960 0
961 5
962 2
963 10
964 18
965 0
966 2
967 0
968 8
969 2
970 2
971 13
972 9
973 2
974 4
975 1
976 4
977 3
978 1
979 4
980 3
981 19
982 3
983 16
984 3
985 4
986 20
987 2
988 3
989 3
990 3
991 7
992 10
993 4
994 1
995 8
996 1
997 0
998 9
999 16
1000 5
1001 0
1002 14
1003 10
1004 1
1005 8
1006 3
1007 3
1008 0
1009 9
1010 0
1011 0
1012 6
1013 2
1014 3
1015 7
1016 2
1017 2
1018 17
1019 4
1020 0
1021 19
1022 2
1023 1
1024 2
1025 17
1026 2
1027 1
1028 2
1029 3
1030 18
1031 10
1032 7
1033 3
1034 5
1035 7
1036 2
1037 1
1038 13
1039 2
1040 2
1041 0
1042 11
1043 0
1044 1
1045 0
1046 6
1047 16
1048 2
1049 1
1050 3
1051 3
1052 2
1053 0
1054 1
1055 3
1056 15
1057 0
1058 2
1059 0
1060 11
1061 1
1062 4
1063 5
1064 3
1065 4
1066 0
1067 9
1068 0
1069 0
1070 3
1071 0
1072 4
1073 0
1074 8
1075 2
1076 0
1077 14
1078 19
1079 5
1080 7
1081 13
1082 1
1083 5
1084 0
1085 0
1086 5
1087 11
1088 2
1089 17
1090 13
1091 5
1092 7
1093 15
1094 0
1095 2
1096 2
1097 1
1098 0
1099 1
1100 1
1101 14
1102 0
1103 3
1104 7
1105 2
1106 2
1107 5
1108 7
1109 14
1110 3
1111 12
1112 6
1113 9
1114 0
1115 11
1116 1
1117 15
1118 0
1119 3
1120 10
1121 0
1122 7
1123 2
1124 9
1125 6
1126 1
1127 13
1128 14
1129 3
1130 12
1131 0
1132 2
1133 6
1134 0
1135 6
1136 17
1137 3
1138 0
1139 1
1140 5
1141 0
1142 4
1143 0
1144 1
1145 3
1146 18
1147 3
1148 8
1149 12
1150 1
1151 1
1152 1
1153 1
1154 0
1155 1
1156 4
1157 10
1158 20
1159 10
1160 8
1161 3
1162 14
1163 7
1164 10
1165 19
1166 9
1167 3
1168 3
1169 12
1170 0
1171 5
1172 2
1173 2
1174 2
1175 14
1176 0
1177 3
1178 2
1179 12
1180 11
1181 10
1182 1
1183 3
1184 1
1185 1
1186 13
1187 13
1188 3
1189 20
1190 13
1191 13
1192 9
1193 15
1194 0
1195 6
1196 3
1197 3
1198 1
1199 20
1200 1
1201 5
1202 2
1203 0
1204 0
1205 5
1206 0
1207 12
1208 14
1209 3
1210 8
1211 2
1212 4
1213 5
1214 10
1215 2
1216 6
1217 3
1218 0
1219 3
1220 1
1221 0
1222 14
1223 5
1224 19
1225 1
1226 4
1227 1
1228 6
1229 2
1230 3
1231 9
1232 2
1233 13
1234 6
1235 7
1236 13
1237 5
1238 3
1239 15
1240 4
1241 13
1242 7
1243 2
1244 3
1245 9
1246 14
1247 9
1248 18
1249 2
1250 6
1251 19
1252 17
1253 1
1254 4
1255 6
1256 0
1257 0
1258 1
1259 2
1260 4
1261 11
1262 5
1263 20
1264 2
1265 1
1266 5
1267 0
1268 8
1269 11
1270 3
1271 15
1272 10
1273 8
1274 12
1275 7
1276 2
1277 4
1278 17
1279 3
1280 1
1281 3
1282 3
1283 10
1284 1
1285 2
1286 0
1287 15
1288 3
1289 16
1290 12
1291 1
1292 14
1293 7
1294 20
1295 4
1296 19
1297 4
1298 0
1299 0
1300 0
1301 10
1302 2
1303 6
1304 2
1305 0
1306 3
1307 0
1308 0
1309 0
1310 2
1311 3
1312 0
1313 12
1314 4
1315 7
1316 5
1317 1
1318 7
1319 11
1320 19
1321 14
1322 3
1323 0
1324 7
1325 2
1326 2
1327 4
1328 3
1329 5
1330 5
1331 12
1332 12
1333 15
1334 11
1335 3
1336 2
1337 13
1338 18
1339 4
1340 18
1341 1
1342 0
1343 6
1344 14
1345 6
1346 3
1347 1
1348 2
1349 14
1350 5
1351 6
1352 7
1353 14
1354 15
1355 0
1356 2
1357 7
1358 1
1359 0
1360 14
1361 14
1362 4
1363 14
1364 3
1365 3
1366 14
1367 1
1368 4
1369 1
1370 1
1371 6
1372 2
1373 14
1374 4
1375 2
1376 13
1377 0
1378 16
1379 8
1380 1
1381 14
1382 2
1383 5
1384 8
1385 3
1386 16
1387 9
1388 3
1389 0
1390 4
1391 9
1392 3
1393 13
1394 20
1395 7
1396 3
1397 1
1398 6
1399 0
1400 0
1401 1
1402 5
1403 13
1404 3
1405 2
1406 3
1407 0
1408 17
1409 3
1410 5
1411 3
1412 1
1413 8
1414 7
1415 2
1416 17
1417 1
1418 0
1419 2
1420 5
1421 3
1422 9
1423 2
1424 6
1425 3
1426 3
1427 5
1428 3
1429 1
1430 2
1431 0
1432 10
1433 3
1434 16
1435 3
1436 2
1437 7
1438 17
1439 1
1440 14
1441 4
1442 2
1443 4
1444 2
1445 3
1446 14
1447 13
1448 3
1449 5
1450 20
1451 2
1452 2
1453 11
1454 12
1455 12
1456 5
1457 0
1458 0
1459 0
1460 3
1461 19
1462 2
1463 8
1464 0
1465 12
1466 11
1467 1
1468 1
1469 1
1470 16
1471 6
1472 3
1473 1
1474 0
1475 2
1476 2
1477 6
1478 1
1479 0
1480 5
1481 4
1482 3
1483 13
1484 2
1485 10
1486 13
1487 9
1488 12
1489 3
1490 0
1491 1
1492 5
1493 8
1494 1
1495 2
1496 3
1497 4
1498 13
1499 2
1500 5
1501 0
1502 1
1503 3
1504 1
1505 0
1506 0
1507 5
1508 0
1509 2
1510 1
1511 2
1512 0
1513 2
1514 9
1515 5
1516 9
1517 2
1518 12
1519 2
1520 8
1521 5
1522 7
1523 7
1524 7
1525 7
1526 1
1527 1
1528 9
1529 2
1530 7
1531 5
1532 2
1533 9
1534 13
1535 0
1536 17
1537 1
1538 0
1539 4
1540 5
1541 6
1542 4
1543 3
1544 11
1545 13
1546 0
1547 1
1548 1
1549 0
1550 6
1551 14
1552 6
1553 7
1554 13
1555 5
1556 14
1557 3
1558 18
1559 1
1560 8
1561 13
1562 17
1563 11
1564 9
1565 0
1566 0
1567 1
1568 0
1569 0
1570 13
1571 3
1572 4
1573 1
1574 7
1575 13
1576 0
1577 0
1578 6
1579 2
1580 7
1581 16
1582 0
1583 2
1584 5
1585 15
1586 5
1587 4
1588 1
1589 2
1590 3
1591 10
1592 0
1593 1
1594 13
1595 6
1596 1
1597 0
1598 1
1599 0
1600 4
1601 4
1602 1
1603 3
1604 1
1605 1
1606 1
1607 12
1608 3
1609 2
1610 2
1611 10
1612 6
1613 0
1614 3
1615 5
1616 10
1617 2
1618 1
1619 2
1620 10
1621 9
1622 6
1623 0
1624 3
1625 5
1626 6
1627 13
1628 3
1629 12
1630 4
1631 0
1632 11
1633 0
1634 2
1635 17
1636 3
1637 1
1638 10
1639 3
1640 0
1641 3
1642 2
1643 4
1644 0
1645 1
1646 2
1647 1
1648 10
1649 0
1650 1
1651 5
1652 2
1653 6
1654 1
1655 2
1656 3
1657 9
1658 1
1659 16
1660 12
1661 15
1662 3
1663 5
1664 1
1665 0
1666 0
1667 2
1668 4
1669 1
1670 10
1671 0
1672 17
1673 4
1674 3
1675 0
1676 13
1677 19
1678 7
1679 0
1680 1
1681 3
1682 3
1683 5
1684 3
1685 9
1686 0
1687 6
1688 1
1689 6
1690 12
1691 6
1692 8
1693 0
1694 3
1695 0
1696 2
1697 1
1698 6
1699 0
1700 14
1701 13
1702 14
1703 5
1704 0
1705 5
1706 12
1707 18
1708 12
1709 1
1710 7
1711 2
1712 3
1713 17
1714 4
1715 4
1716 9
1717 19
1718 1
1719 3
1720 4
1721 15
1722 16
1723 17
1724 0
1725 4
1726 18
1727 12
1728 8
1729 9
1730 2
1731 10
1732 4
1733 2
1734 6
1735 10
1736 8
1737 3
1738 12
1739 1
1740 6
1741 2
1742 0
1743 4
1744 0
1745 1
1746 1
1747 0
1748 6
1749 0
1750 0
1751 2
1752 2
1753 1
1754 1
1755 11
1756 4
1757 4
1758 1
1759 7
1760 7
1761 0
1762 2
1763 14
1764 8
1765 0
1766 3
1767 6
1768 7
1769 3
1770 5
1771 1
1772 1
1773 2
1774 0
1775 1
1776 0
1777 4
1778 2
1779 1
1780 0
1781 2
1782 9
1783 3
1784 1
1785 9
1786 2
1787 2
1788 4
1789 5
1790 4
1791 1
1792 1
1793 0
1794 2
1795 1
1796 12
1797 16
1798 11
1799 13
1800 4
1801 7
1802 18
1803 9
1804 0
1805 1
1806 3
1807 16
1808 0
1809 20
1810 1
1811 1
1812 6
1813 14
1814 2
1815 4
1816 4
1817 16
1818 1
1819 2
1820 2
1821 4
1822 2
1823 7
1824 1
1825 4
1826 11
1827 6
1828 3
1829 0
1830 1
1831 4
1832 16
1833 0
1834 1
1835 1
1836 5
1837 13
1838 0
1839 2
1840 14
1841 13
1842 1
1843 5
1844 8
1845 4
1846 1
1847 5
1848 7
1849 2
1850 6
1851 15
1852 4
1853 7
1854 5
1855 1
1856 10
1857 1
1858 9
1859 0
1860 3
1861 2
1862 0
1863 3
1864 19
1865 1
1866 7
1867 3
1868 0
1869 7
1870 6
1871 16
1872 4
1873 11
1874 13
1875 0
1876 3
1877 3
1878 0
1879 2
1880 2
1881 3
1882 0
1883 2
1884 2
1885 7
1886 12
1887 10
1888 2
1889 7
1890 5
1891 16
1892 13
1893 2
1894 10
1895 5
1896 11
1897 1
1898 12
1899 14
1900 1
1901 2
1902 3
1903 11
1904 0
1905 3
1906 1
1907 3
1908 2
1909 3
1910 15
1911 13
1912 5
1913 1
1914 7
1915 13
1916 10
1917 15
1918 7
1919 3
1920 4
1921 0
1922 4
1923 5
1924 0
1925 1
1926 13
1927 17
1928 8
1929 3
1930 0
1931 4
1932 6
1933 13
1934 12
1935 14
1936 12
1937 3
1938 1
1939 11
1940 2
1941 1
1942 11
1943 3
1944 18
1945 3
1946 4
1947 1
1948 6
1949 2
1950 17
1951 5
1952 1
1953 20
1954 3
1955 14
1956 6
1957 9
1958 1
1959 6
1960 14
1961 6
1962 1
1963 9
1964 12
1965 3
1966 3
1967 2
1968 1
1969 10
1970 6
1971 16
1972 10
1973 3
1974 2
1975 12
1976 0
1977 14
1978 5
1979 0
1980 7
1981 0
1982 18
1983 0
1984 2
1985 14
1986 6
1987 3
1988 13
1989 13
1990 12
1991 2
1992 2
1993 4
1994 4
1995 12
1996 6
1997 10
1998 13
1999 0
2000 4
2001 2
2002 0
2003 4
2004 1
2005 2
2006 9
2007 5
2008 0
2009 12
2010 0
2011 13
2012 9
2013 4
2014 2
2015 2
2016 3
2017 3
2018 1
2019 12
2020 3
2021 0
2022 11
2023 7
2024 11
2025 0
2026 18
2027 0
2028 3
2029 0
2030 1
2031 2
2032 16
2033 6
2034 3
2035 14
2036 7
2037 2
2038 0
2039 0
2040 1
2041 4
2042 1
2043 2
2044 2
2045 1
2046 7
2047 14
2048 4
2049 4
2050 1
2051 2
2052 4
2053 2
2054 2
2055 12
2056 3
2057 0
2058 2
2059 0
2060 1
2061 1
2062 2
2063 2
2064 2
2065 0
2066 9
2067 0
2068 3
2069 2
2070 20
2071 10
2072 3
2073 1
2074 2
2075 4
2076 10
2077 7
2078 18
2079 7
2080 3
2081 1
2082 1
2083 15
2084 2
2085 6
2086 1
2087 6
2088 15
2089 14
2090 4
2091 14
2092 1
2093 3
2094 2
2095 4
2096 13
2097 11
2098 2
2099 4
2100 16
2101 15
2102 13
2103 16
2104 5
2105 3
2106 2
2107 4
2108 7
2109 4
2110 1
2111 9
2112 14
2113 2
2114 6
2115 2
2116 2
2117 0
2118 17
2119 2
2120 0
2121 3
2122 12
2123 0
2124 12
2125 3
2126 0
2127 2
2128 2
2129 3
2130 15
2131 2
2132 1
2133 5
2134 3
2135 1
2136 8
2137 4
2138 5
2139 4
2140 10
2141 2
2142 6
2143 2
2144 4
2145 1
2146 10
2147 17
2148 0
2149 1
2150 3
2151 2
2152 2
2153 2
2154 19
2155 3
2156 0
2157 1
2158 1
2159 5
2160 12
2161 0
2162 0
2163 10
2164 6
2165 3
2166 4
2167 1
2168 0
2169 17
2170 7
2171 2
2172 3
2173 16
2174 4
2175 1
2176 7
2177 2
2178 3
2179 5
2180 1
2181 5
2182 4
2183 15
2184 0
2185 1
2186 10
2187 8
2188 10
2189 2
2190 3
2191 5
2192 9
2193 10
2194 10
2195 5
2196 6
2197 13
2198 3
2199 2
2200 0
2201 0
2202 0
2203 7
2204 6
2205 1
2206 8
2207 19
2208 6
2209 0
2210 9
2211 2
2212 0
2213 4
2214 9
2215 6
2216 16
2217 18
2218 14
2219 2
2220 0
2221 5
2222 1
2223 2
2224 13
2225 10
2226 11
2227 3
2228 2
2229 8
2230 2
2231 3
2232 7
2233 15
2234 2
2235 8
2236 6
2237 3
2238 2
2239 3
2240 14
2241 6
2242 0
2243 1
2244 12
2245 15
2246 3
2247 1
2248 20
2249 3
2250 8
2251 16
2252 2
2253 0
2254 1
2255 1
2256 13
2257 4
2258 4
2259 19
2260 1
2261 1
2262 6
2263 5
2264 3
2265 19
2266 13
2267 2
2268 0
2269 1
2270 6
2271 4
2272 8
2273 1
2274 4
2275 16
2276 0
2277 4
2278 3
2279 0
2280 3
2281 7
2282 3
2283 1
2284 7
2285 10
2286 0
2287 10
2288 9
2289 0
2290 6
2291 10
2292 13
2293 2
2294 2
2295 3
2296 0
2297 7
2298 9
2299 2
2300 2
2301 15
2302 12
2303 4
2304 3
2305 2
2306 11
2307 2
2308 0
2309 2
2310 6
2311 2
2312 6
2313 0
2314 13
2315 3
2316 1
2317 0
2318 3
2319 0
2320 7
2321 0
2322 7
2323 12
2324 14
2325 2
2326 0
2327 13
2328 2
2329 9
2330 8
2331 6
2332 5
2333 0
2334 1
2335 0
2336 0
2337 0
2338 1
2339 0
2340 2
2341 1
2342 16
2343 4
2344 8
2345 11
2346 6
2347 15
2348 0
2349 4
2350 4
2351 7
2352 4
2353 2
2354 10
2355 1
2356 4
2357 9
2358 9
2359 2
2360 3
2361 8
2362 6
2363 4
2364 4
2365 13
2366 5
2367 5
2368 7
2369 15
2370 2
2371 6
2372 5
2373 0
2374 6
2375 5
2376 3
2377 9
2378 10
2379 7
2380 10
2381 8
2382 1
2383 2
2384 19
2385 6
2386 9
2387 10
2388 7
2389 17
2390 3
2391 7
2392 7
2393 6
2394 0
2395 0
2396 7
2397 2
2398 1
2399 10
2400 2
2401 7
2402 8
2403 6
2404 7
2405 3
2406 9
2407 12
2408 6
2409 3
2410 1
2411 10
2412 0
2413 2
2414 9
2415 11
2416 10
2417 1
2418 3
2419 7
2420 1
2421 14
2422 1
2423 7
2424 3
2425 3
2426 1
2427 13
2428 9
2429 4
2430 1
2431 8
2432 0
2433 17
2434 1
2435 8
2436 0
2437 3
2438 0
2439 13
2440 1
2441 2
2442 10
2443 2
2444 3
2445 0
2446 1
2447 3
2448 2
2449 1
2450 1
2451 14
2452 3
2453 18
2454 2
2455 0
2456 4
2457 10
2458 1
2459 11
2460 2
2461 8
2462 17
2463 0
2464 0
2465 7
2466 10
2467 8
2468 0
2469 0
2470 15
2471 1
2472 10
2473 1
2474 2
2475 2
2476 0
2477 2
2478 9
2479 9
2480 7
2481 1
2482 17
2483 0
2484 19
2485 19
2486 1
2487 15
2488 3
2489 0
2490 19
2491 2
2492 2
2493 9
2494 8
2495 14
2496 13
2497 8
2498 15
2499 1
2500 3
2501 8
2502 20
2503 1
2504 5
2505 3
2506 9
2507 3
2508 5
2509 15
2510 16
2511 6
2512 1
2513 11
2514 18
2515 4
2516 10
2517 18
2518 4
2519 20
2520 3
2521 4
2522 1
2523 9
2524 9
2525 3
2526 10
2527 16
2528 10
2529 17
2530 12
2531 2
2532 11
2533 2
2534 3
2535 0
2536 0
2537 2
2538 3
2539 5
2540 0
2541 7
2542 14
2543 3
2544 0
2545 2
2546 3
2547 0
2548 0
2549 13
2550 16
2551 15
2552 10
2553 13
2554 0
2555 3
2556 2
2557 5
2558 8
2559 8
2560 0
2561 8
2562 5
2563 4
2564 1
2565 6
2566 14
2567 3
2568 2
2569 1
2570 9
2571 1
2572 1
2573 0
2574 2
2575 13
2576 1
2577 10
2578 5
2579 5
2580 14
2581 12
2582 1
2583 5
2584 6
2585 0
2586 7
2587 5
2588 0
2589 20
2590 10
2591 1
2592 15
2593 0
2594 10
2595 2
2596 19
2597 4
2598 1
2599 0
2600 9
2601 3
2602 0
2603 2
2604 4
2605 2
2606 1
2607 3
2608 16
2609 13
2610 2
2611 1
2612 0
2613 17
2614 0
2615 9
2616 7
2617 6
2618 4
2619 12
2620 3
2621 2
2622 2
2623 0
2624 15
2625 0
2626 14
2627 15
2628 2
2629 0
2630 9
2631 0
2632 4
2633 5
2634 16
2635 6
2636 7
2637 1
2638 0
2639 1
2640 19
2641 9
2642 5
2643 2
2644 1
2645 17
2646 9
2647 10
2648 7
2649 0
2650 8
2651 2
2652 11
2653 2
2654 2
2655 6
2656 1
2657 6
2658 11
2659 0
2660 3
2661 3
2662 2
2663 3
2664 3
2665 0
2666 2
2667 18
2668 6
2669 1
2670 3
2671 10
2672 12
2673 18
2674 3
2675 1
2676 1
2677 0
2678 8
2679 8
2680 4
2681 3
2682 0
2683 1
2684 1
2685 17
2686 7
2687 9
2688 12
2689 3
2690 14
2691 10
2692 16
2693 11
2694 18
2695 10
2696 0
2697 0
2698 1
2699 2
2700 16
2701 9
2702 5
2703 0
2704 3
2705 0
2706 17
2707 8
2708 10
2709 4
2710 4
2711 3
2712 0
2713 15
2714 1
2715 9
2716 12
2717 5
2718 12
2719 2
2720 1
2721 8
2722 9
2723 4
2724 2
2725 13
2726 5
2727 6
2728 2
2729 2
2730 11
2731 0
2732 6
2733 11
2734 13
2735 2
2736 11
2737 2
2738 6
2739 13
2740 12
2741 4
2742 15
2743 20
2744 11
2745 12
2746 12
2747 3
2748 9
2749 6
2750 1
2751 19
2752 3
2753 15
2754 1
2755 2
2756 1
2757 5
2758 12
2759 2
2760 11
2761 5
2762 0
2763 6
2764 5
2765 2
2766 4
2767 6
2768 18
2769 1
2770 2
2771 16
2772 4
2773 3
2774 2
2775 10
2776 16
2777 5
2778 18
2779 2
2780 18
2781 6
2782 4
2783 1
2784 6
2785 1
2786 7
2787 10
2788 0
2789 1
2790 3
2791 6
2792 14
2793 3
2794 1
2795 2
2796 12
2797 1
2798 1
2799 0
2800 0
2801 13
2802 5
2803 7
2804 1
2805 1
2806 5
2807 3
2808 1
2809 16
2810 3
2811 2
2812 15
2813 3
2814 0
2815 2
2816 1
2817 18
2818 2
2819 2
2820 8
2821 14
2822 0
2823 0
2824 12
2825 0
2826 0
2827 15
2828 16
2829 1
2830 3
2831 9
2832 0
2833 3
2834 6
2835 1
2836 19
2837 0
2838 10
2839 7
2840 15
2841 0
2842 7
2843 7
2844 14
2845 0
2846 7
2847 20
2848 2
2849 0
2850 3
2851 1
2852 2
2853 0
2854 2
2855 15
2856 5
2857 0
2858 6
2859 10
2860 13
2861 10
2862 1
2863 14
2864 19
2865 1
2866 3
2867 1
2868 11
2869 3
2870 0
2871 5
2872 9
2873 1
2874 1
2875 13
2876 1
2877 2
2878 8
2879 0
2880 5
2881 4
2882 3
2883 12
2884 2
2885 4
2886 2
2887 18
2888 1
2889 1
2890 0
2891 17
2892 1
2893 3
2894 3
2895 5
2896 10
2897 7
2898 0
2899 6
2900 6
2901 2
2902 3
2903 7
2904 5
2905 11
2906 4
2907 6
2908 9
2909 12
2910 4
2911 2
2912 13
2913 1
2914 7
2915 7
2916 18
2917 0
2918 6
2919 5
2920 3
2921 1
2922 18
2923 14
2924 5
2925 1
2926 3
2927 9
2928 12
2929 1
2930 4
2931 0
2932 1
2933 9
2934 3
2935 0
2936 1
2937 2
2938 8
2939 18
2940 6
2941 0
2942 8
2943 13
2944 13
2945 1
2946 2
2947 0
2948 4
2949 0
2950 0
2951 4
2952 6
2953 2
2954 3
2955 3
2956 13
2957 5
2958 0
2959 2
2960 3
2961 12
2962 4
2963 0
2964 4
2965 8
2966 2
2967 13
2968 4
2969 5
2970 0
2971 14
2972 18
2973 5
2974 3
2975 0
2976 4
2977 3
2978 2
2979 0
2980 5
2981 0
2982 1
2983 3
2984 0
2985 0
2986 17
2987 11
2988 3
2989 11
2990 15
2991 11
2992 1
2993 1
2994 5
2995 2
2996 5
2997 0
2998 1
2999 13
3000 6
3001 7
3002 2
3003 4
3004 2
3005 7
3006 4
3007 6
3008 14
3009 1
3010 9
3011 0
3012 1
3013 2
3014 3
3015 13
3016 2
3017 2
3018 2
3019 5
3020 13
3021 0
3022 1
3023 1
3024 1
3025 6
3026 0
3027 4
3028 13
3029 8
3030 2
3031 0
3032 4
3033 0
3034 9
3035 0
3036 3
3037 13
3038 1
3039 9
3040 5
3041 3
3042 0
3043 1
3044 1
3045 1
3046 2
3047 5
3048 0
3049 12
3050 18
3051 8
3052 1
3053 8
3054 0
3055 13
3056 17
3057 14
3058 12
3059 2
3060 10
3061 0
3062 2
3063 20
3064 2
3065 3
3066 11
3067 0
3068 8
3069 13
3070 17
3071 4
3072 0
3073 3
3074 1
3075 19
3076 2
3077 2
3078 0
3079 0
3080 4
3081 5
3082 9
3083 3
3084 0
3085 3
3086 0
3087 0
3088 1
3089 1
3090 13
3091 13
3092 3
3093 7
3094 1
3095 10
3096 2
3097 0
3098 11
3099 2
3100 1
3101 16
3102 6
3103 1
3104 13
3105 2
3106 0
3107 0
3108 3
3109 1
3110 3
3111 2
3112 1
3113 17
3114 16
3115 18
3116 8
3117 6
3118 14
3119 0
3120 0
3121 0
3122 6
3123 2
3124 5
3125 0
3126 0
3127 11
3128 3
3129 13
3130 1
3131 2
3132 0
3133 2
3134 7
3135 16
3136 5
3137 2
3138 2
3139 3
3140 2
3141 2
3142 1
3143 12
3144 0
3145 2
3146 8
3147 5
3148 5
3149 3
3150 2
3151 2
3152 7
3153 0
3154 1
3155 12
3156 0
3157 3
3158 4
3159 14
3160 5
3161 0
3162 10
3163 0
3164 4
3165 2
3166 4
3167 1
3168 2
3169 1
3170 3
3171 8
3172 0
3173 0
3174 3
3175 18
3176 1
3177 5
3178 18
3179 0
3180 5
3181 6
3182 5
3183 2
3184 1
3185 14
3186 2
3187 5
3188 5
3189 2
3190 7
3191 1
3192 8
3193 1
3194 1
3195 1
3196 3
3197 2
3198 3
3199 11
3200 0
3201 7
3202 12
3203 11
3204 4
3205 9
3206 17
3207 2
3208 6
3209 2
3210 1
3211 17
3212 12
3213 1
3214 5
3215 5
3216 5
3217 18
3218 1
3219 0
3220 4
3221 1
3222 0
3223 6
3224 12
3225 4
3226 2
3227 0
3228 0
3229 16
3230 12
3231 1
3232 1
3233 1
3234 2
3235 2
3236 1
3237 1
3238 11
3239 3
3240 2
3241 4
3242 0
3243 2
3244 1
3245 7
3246 13
3247 0
3248 6
3249 14
3250 5
3251 0
3252 7
3253 15
3254 6
3255 9
3256 1
3257 5
3258 3
3259 0
3260 0
3261 3
3262 4
3263 2
3264 0
3265 3
3266 1
3267 2
3268 8
3269 11
3270 4
3271 6
3272 0
3273 12
3274 2
3275 13
3276 1
3277 0
3278 3
3279 10
3280 0
3281 5
3282 18
3283 13
3284 1
3285 1
3286 0
3287 0
3288 13
3289 8
3290 1
3291 10
3292 2
3293 0
3294 3
3295 2
3296 0
3297 6
3298 13
3299 8
3300 13
3301 7
3302 2
3303 2
3304 9
3305 1
3306 13
3307 0
3308 2
3309 13
3310 17
3311 2
3312 0
3313 13
3314 0
3315 6
3316 2
3317 13
3318 1
3319 3
3320 18
3321 2
3322 4
3323 15
3324 8
3325 3
3326 0
3327 0
3328 4
3329 5
3330 8
3331 15
3332 10
3333 1
3334 18
3335 7
3336 9
3337 0
3338 2
3339 0
3340 6
3341 13
3342 16
3343 10
3344 3
3345 11
3346 3
3347 0
3348 1
3349 0
3350 0
3351 15
3352 1
3353 7
3354 16
3355 1
3356 4
3357 9
3358 2
3359 3
3360 1
3361 0
3362 9
3363 0
3364 3
3365 4
3366 0
3367 6
3368 1
3369 3
3370 2
3371 0
3372 13
3373 7
3374 3
3375 9
3376 1
3377 15
3378 12
3379 18
3380 7
3381 2
3382 9
3383 1
3384 5
3385 4
3386 2
3387 3
3388 6
3389 9
3390 16
3391 0
3392 8
3393 3
3394 2
3395 5
3396 11
3397 10
3398 1
3399 0
3400 0
3401 19
3402 7
3403 2
3404 5
3405 1
3406 4
3407 0
3408 17
3409 3
3410 17
3411 9
3412 0
3413 7
3414 1
3415 15
3416 1
3417 0
3418 0
3419 12
3420 5
3421 2
3422 0
3423 7
3424 1
3425 1
3426 14
3427 3
3428 2
3429 4
3430 1
3431 3
3432 1
3433 11
3434 5
3435 19
3436 0
3437 12
3438 13
3439 3
3440 4
3441 4
3442 1
3443 14
3444 5
3445 5
3446 5
3447 9
3448 0
3449 2
3450 11
3451 13
3452 9
3453 1
3454 4
3455 17
3456 7
3457 2
3458 2
3459 11
3460 0
3461 0
3462 13
3463 3
3464 0
3465 0
3466 0
3467 2
3468 0
3469 4
3470 20
3471 4
3472 1
3473 2
3474 0
3475 0
3476 1
3477 2
3478 4
3479 10
3480 4
3481 6
3482 3
3483 17
3484 13
3485 15
3486 16
3487 7
3488 7
3489 3
3490 0
3491 0
3492 0
3493 5
3494 14
3495 13
3496 0
3497 4
3498 1
3499 4
3500 2
3501 4
3502 6
3503 18
3504 7
3505 2
3506 1
3507 9
3508 0
3509 1
3510 4
3511 4
3512 11
3513 5
3514 0
3515 0
3516 8
3517 1
3518 1
3519 5
3520 12
3521 2
3522 13
3523 1
3524 0
3525 1
3526 0
3527 16
3528 4
3529 0
3530 4
3531 1
3532 1
3533 12
3534 0
3535 1
3536 0
3537 3
3538 3
3539 17
3540 6
3541 3
3542 1
3543 1
3544 0
3545 2
3546 9
3547 4
3548 4
3549 2
3550 0
3551 8
3552 0
3553 0
3554 15
3555 3
3556 2
3557 2
3558 1
3559 1
3560 19
3561 18
3562 0
3563 11
3564 9
3565 1
3566 1
3567 2
3568 5
3569 1
3570 4
3571 1
3572 9
3573 9
3574 0
3575 3
3576 2
3577 8
3578 10
3579 4
3580 2
3581 7
3582 0
3583 18
3584 4
3585 6
3586 5
3587 17
3588 1
3589 10
3590 4
3591 13
3592 3
3593 15
3594 10
3595 6
3596 16
3597 1
3598 0
3599 4
3600 1
3601 6
3602 2
3603 1
3604 0
3605 17
3606 16
3607 11
3608 1
3609 2
3610 17
3611 7
3612 7
3613 0
3614 1
3615 2
3616 7
3617 0
3618 3
3619 1
3620 19
3621 14
3622 11
3623 3
3624 3
3625 10
3626 3
3627 2
3628 1
3629 6
3630 19
3631 19
3632 12
3633 0
3634 7
3635 5
3636 6
3637 11
3638 1
3639 11
3640 7
3641 8
3642 3
3643 1
3644 17
3645 2
3646 5
3647 2
3648 3
3649 3
3650 0
3651 7
3652 1
3653 0
3654 2
3655 3
3656 5
3657 18
3658 9
3659 2
3660 1
3661 14
3662 0
3663 5
3664 10
3665 3
3666 2
3667 4
3668 12
3669 12
3670 11
3671 5
3672 4
3673 13
3674 14
3675 10
3676 0
3677 1
3678 0
3679 0
3680 0
3681 8
3682 5
3683 3
3684 2
3685 0
3686 11
3687 11
3688 1
3689 2
3690 1
3691 7
3692 0
3693 19
3694 9
3695 2
3696 0
3697 12
3698 13
3699 2
3700 2
3701 1
3702 2
3703 6
3704 0
3705 0
3706 8
3707 2
3708 18
3709 0
3710 11
3711 2
3712 7
3713 5
3714 14
3715 7
3716 1
3717 2
3718 1
3719 9
3720 4
3721 4
3722 0
3723 0
3724 12
3725 12
3726 0
3727 12
3728 2
3729 7
3730 10
3731 12
3732 1
3733 1
3734 7
3735 3
3736 1
3737 3
3738 4
3739 12
3740 20
3741 1
3742 6
3743 8
3744 1
3745 16
3746 3
3747 8
3748 7
3749 8
3750 4
3751 12
3752 6
3753 0
3754 0
3755 14
3756 6
3757 3
3758 3
3759 11
3760 4
3761 5
3762 7
3763 15
3764 9
3765 2
3766 5
3767 2
3768 14
3769 0
3770 10
3771 3
3772 2
3773 1
3774 1
3775 1
3776 14
3777 10
3778 4
3779 20
3780 3
3781 6
3782 2
3783 3
3784 1
3785 1
3786 3
3787 1
3788 7
3789 14
3790 1
3791 2
3792 1
3793 20
3794 3
3795 5
3796 2
3797 1
3798 6
3799 18
3800 11
3801 14
3802 8
3803 0
3804 2
3805 1
3806 0
3807 0
3808 4
3809 1
3810 3
3811 4
3812 0
3813 13
3814 4
3815 10
3816 0
3817 4
3818 4
3819 3
3820 19
3821 1
3822 8
3823 0
3824 3
3825 6
3826 2
3827 14
3828 0
3829 2
3830 11
3831 1
3832 4
3833 12
3834 2
3835 3
3836 1
3837 3
3838 11
3839 5
3840 3
3841 0
3842 1
3843 6
3844 0
3845 6
3846 0
3847 1
3848 3
3849 0
3850 9
3851 1
3852 2
3853 2
3854 8
3855 14
3856 3
3857 17
3858 0
3859 17
3860 7
3861 0
3862 0
3863 17
3864 0
3865 8
3866 9
3867 2
3868 0
3869 1
3870 4
3871 2
3872 5
3873 8
3874 4
3875 11
3876 0
3877 8
3878 4
3879 7
3880 16
3881 1
3882 0
3883 0
3884 3
3885 12
3886 0
3887 19
3888 9
3889 8
3890 2
3891 5
3892 6
3893 20
3894 17
3895 2
3896 16
3897 2
3898 6
3899 2
3900 6
3901 8
3902 16
3903 15
3904 8
3905 2
3906 12
3907 3
3908 0
3909 18
3910 9
3911 3
3912 0
3913 2
3914 11
3915 1
3916 3
3917 13
3918 9
3919 0
3920 12
3921 7
3922 2
3923 3
3924 3
3925 0
3926 1
3927 0
3928 12
3929 10
3930 15
3931 13
3932 0
3933 11
3934 8
3935 5
3936 9
3937 3
3938 2
3939 4
3940 2
3941 3
3942 1
3943 13
3944 5
3945 4
3946 5
3947 8
3948 8
3949 6
3950 6
3951 20
3952 15
3953 11
3954 5
3955 2
3956 16
3957 3
3958 1
3959 2
3960 12
3961 0
3962 20
3963 0
3964 15
3965 6
3966 9
3967 0
3968 0
3969 3
3970 0
3971 2
3972 13
3973 15
3974 12
3975 7
3976 16
3977 14
3978 19
3979 2
3980 16
3981 12
3982 6
3983 1
3984 1
3985 18
3986 1
3987 1
3988 2
3989 0
3990 11
3991 6
3992 1
3993 14
3994 4
3995 5
3996 15
3997 4
3998 0
3999 1
4000 0
4001 4
4002 12
4003 0
4004 1
4005 1
4006 6
4007 7
4008 2
4009 7
4010 8
4011 17
4012 2
4013 10
4014 12
4015 1
4016 8
4017 5
4018 3
4019 0
4020 14
4021 3
4022 14
4023 17
4024 0
4025 3
4026 0
4027 18
4028 0
4029 3
4030 10
4031 10
4032 1
4033 1
4034 1
4035 2
4036 3
4037 1
4038 7
4039 3
4040 2
4041 1
4042 5
4043 1
4044 3
4045 0
4046 1
4047 11
4048 4
4049 1
4050 8
4051 3
4052 7
4053 15
4054 16
4055 0
4056 8
4057 5
4058 1
4059 16
4060 2
4061 14
4062 2
4063 17
4064 6
4065 0
4066 1
4067 3
4068 3
4069 8
4070 0
4071 2
4072 0
4073 3
4074 4
4075 13
4076 10
4077 3
4078 14
4079 1
4080 8
4081 0
4082 3
4083 16
4084 12
4085 6
4086 2
4087 15
4088 2
4089 10
4090 13
4091 9
4092 18
4093 9
4094 4
4095 11
4096 3
4097 1
4098 6
4099 0
4100 2
4101 7
4102 7
4103 2
4104 2
4105 0
4106 5
4107 12
4108 2
4109 17
4110 1
4111 3
4112 1
4113 0
4114 6
4115 6
4116 2
4117 1
4118 14
4119 11
4120 14
4121 7
4122 6
4123 20
4124 11
4125 3
4126 8
4127 0
4128 10
4129 18
4130 3
4131 2
4132 6
4133 4
4134 8
4135 2
4136 0
4137 1
4138 0
4139 12
4140 2
4141 3
4142 9
4143 20
4144 1
4145 11
4146 5
4147 2
4148 1
4149 11
4150 5
4151 2
4152 10
4153 2
4154 4
4155 6
4156 3
4157 13
4158 11
4159 12
4160 9
4161 3
4162 4
4163 11
4164 3
4165 2
4166 4
4167 0
4168 20
4169 3
4170 6
4171 11
4172 6
4173 0
4174 2
4175 11
4176 11
4177 11
4178 3
4179 9
4180 3
4181 16
4182 14
4183 4
4184 0
4185 9
4186 3
4187 2
4188 2
4189 5
4190 15
4191 7
4192 13
4193 7
4194 0
4195 0
4196 1
4197 3
4198 11
4199 0
4200 3
4201 7
4202 0
4203 0
4204 4
4205 2
4206 1
4207 1
4208 5
4209 8
4210 4
4211 2
4212 4
4213 1
4214 3
4215 0
4216 3
4217 9
4218 2
4219 5
4220 17
4221 0
4222 1
4223 14
4224 17
4225 12
4226 7
4227 2
4228 5
4229 1
4230 14
4231 0
4232 0
4233 5
4234 7
4235 5
4236 19
4237 2
4238 5
4239 6
4240 3
4241 0
4242 4
4243 18
4244 6
4245 1
4246 0
4247 19
4248 1
4249 8
4250 0
4251 9
4252 1
4253 6
4254 6
4255 14
4256 0
4257 3
4258 9
4259 2
4260 9
4261 3
4262 17
4263 7
4264 2
4265 14
4266 3
4267 7
4268 1
4269 6
4270 6
4271 11
4272 17
4273 11
4274 10
4275 0
4276 9
4277 2
4278 0
4279 4
4280 3
4281 9
4282 1
4283 13
4284 2
4285 20
4286 4
4287 8
4288 2
4289 7
4290 14
4291 7
4292 3
4293 14
4294 6
4295 11
4296 7
4297 1
4298 7
4299 5
4300 0
4301 1
4302 2
4303 11
4304 3
4305 4
4306 11
4307 0
4308 5
4309 2
4310 0
4311 0
4312 0
4313 19
4314 11
4315 1
4316 0
4317 4
4318 2
4319 0
4320 1
4321 6
4322 8
4323 9
4324 2
4325 11
4326 1
4327 4
4328 12
4329 5
4330 8
4331 11
4332 7
4333 4
4334 1
4335 7
4336 2
4337 3
4338 1
4339 4
4340 0
4341 0
4342 0
4343 16
4344 1
4345 17
4346 11
4347 7
4348 6
4349 3
4350 15
4351 4
4352 4
4353 2
4354 3
4355 20
4356 7
4357 18
4358 2
4359 13
4360 1
4361 16
4362 2
4363 7
4364 14
4365 4
4366 2
4367 0
4368 5
4369 0
4370 5
4371 1
4372 6
4373 2
4374 0
4375 1
4376 18
4377 2
4378 0
4379 16
4380 3
4381 3
4382 14
4383 11
4384 4
4385 12
4386 6
4387 5
4388 5
4389 5
4390 9
4391 18
4392 1
4393 20
4394 9
4395 0
4396 2
4397 2
4398 11
4399 20
4400 8
4401 2
4402 3
4403 3
4404 13
4405 4
4406 11
4407 7
4408 15
4409 10
4410 1
4411 12
4412 10
4413 1
4414 5
4415 1
4416 0
4417 1
4418 0
4419 2
4420 12
4421 10
4422 10
4423 0
4424 1
4425 0
4426 13
4427 5
4428 14
4429 12
4430 3
4431 1
4432 13
4433 1
4434 19
4435 5
4436 2
4437 15
4438 1
4439 0
4440 1
4441 8
4442 4
4443 15
4444 6
4445 1
4446 0
4447 18
4448 10
4449 4
4450 14
4451 6
4452 2
4453 5
4454 0
4455 8
4456 5
4457 6
4458 2
4459 15
4460 13
4461 6
4462 16
4463 0
4464 18
4465 3
4466 2
4467 0
4468 3
4469 3
4470 0
4471 2
4472 11
4473 2
4474 3
4475 12
4476 3
4477 16
4478 0
4479 0
4480 18
4481 6
4482 3
4483 2
4484 0
4485 0
4486 1
4487 2
4488 8
4489 1
4490 6
4491 0
4492 1
4493 1
4494 2
4495 7
4496 9
4497 0
4498 2
4499 5
4500 3
4501 20
4502 2
4503 1
4504 3
4505 0
4506 3
4507 8
4508 5
4509 2
4510 0
4511 10
4512 0
4513 1
4514 0
4515 9
4516 3
4517 12
4518 2
4519 3
4520 8
4521 2
4522 6
4523 8
4524 2
4525 4
4526 18
4527 1
4528 1
4529 14
4530 7
4531 1
4532 11
4533 2
4534 7
4535 3
4536 5
4537 2
4538 0
4539 1
4540 0
4541 10
4542 8
4543 6
4544 0
4545 12
4546 6
4547 8
4548 5
4549 11
4550 19
4551 4
4552 10
4553 7
4554 8
4555 0
4556 9
4557 3
4558 6
4559 18
4560 0
4561 10
4562 2
4563 6
4564 1
4565 0
4566 7
4567 0
4568 0
4569 3
4570 11
4571 11
4572 8
4573 5
4574 9
4575 11
4576 12
4577 11
4578 14
4579 3
4580 2
4581 11
4582 1
4583 2
4584 15
4585 4
4586 0
4587 7
4588 8
4589 7
4590 1
4591 16
4592 11
4593 1
4594 4
4595 1
4596 7
4597 1
4598 2
4599 8
4600 2
4601 1
4602 3
4603 2
4604 10
4605 5
4606 4
4607 0
4608 10
4609 0
4610 2
4611 0
4612 6
4613 4
4614 2
4615 1
4616 4
4617 3
4618 2
4619 1
4620 7
4621 10
4622 7
4623 1
4624 4
4625 0
4626 17
4627 2
4628 1
4629 0
4630 0
4631 8
4632 9
4633 17
4634 1
4635 9
4636 0
4637 14
4638 0
4639 0
4640 0
4641 1
4642 4
4643 4
4644 3
4645 0
4646 2
4647 10
4648 0
4649 2
4650 13
4651 2
4652 4
4653 1
4654 3
4655 2
4656 2
4657 9
4658 0
4659 1
4660 2
4661 5
4662 14
4663 3
4664 0
4665 14
4666 2
4667 13
4668 6
4669 6
4670 9
4671 13
4672 11
4673 2
4674 2
4675 0
4676 3
4677 16
4678 5
4679 1
4680 1
4681 8
4682 14
4683 1
4684 6
4685 13
4686 17
4687 5
4688 4
4689 5
4690 4
4691 12
4692 0
4693 3
4694 19
4695 0
4696 14
4697 5
4698 4
4699 4
4700 11
4701 1
4702 4
4703 9
4704 8
4705 12
4706 3
4707 1
4708 2
4709 0
4710 5
4711 1
4712 19
4713 16
4714 1
4715 10
4716 9
4717 0
4718 12
4719 16
4720 2
4721 0
4722 10
4723 7
4724 5
4725 5
4726 7
4727 0
4728 7
4729 19
4730 14
4731 6
4732 2
4733 1
4734 4
4735 7
4736 4
4737 12
4738 11
4739 1
4740 19
4741 1
4742 12
4743 1
4744 4
4745 2
4746 2
4747 7
4748 12
4749 13
4750 2
4751 9
4752 0
4753 0
4754 15
4755 4
4756 1
4757 6
4758 3
4759 14
4760 2
4761 11
4762 1
4763 0
4764 0
4765 1
4766 2
4767 18
4768 12
4769 1
4770 4
4771 1
4772 3
4773 2
4774 1
4775 2
4776 11
4777 1
4778 7
4779 0
4780 0
4781 1
4782 0
4783 13
4784 11
4785 7
4786 17
4787 5
4788 4
4789 15
4790 11
4791 3
4792 1
4793 1
4794 1
4795 3
4796 2
4797 17
4798 10
4799 9
4800 10
4801 1
4802 5
4803 20
4804 0
4805 1
4806 2
4807 2
4808 9
4809 1
4810 9
4811 9
4812 1
4813 7
4814 2
4815 8
4816 7
4817 3
4818 1
4819 0
4820 4
4821 2
4822 6
4823 2
4824 12
4825 4
4826 4
4827 5
4828 4
4829 1
4830 14
4831 0
4832 9
4833 2
4834 3
4835 2
4836 18
4837 1
4838 9
4839 1
4840 10
4841 8
4842 17
4843 3
4844 2
4845 10
4846 10
4847 2
4848 0
4849 2
4850 14
4851 6
4852 2
4853 10
4854 0
4855 11
4856 0
4857 1
4858 0
4859 10
4860 0
4861 4
4862 7
4863 2
4864 2
4865 12
4866 17
4867 5
4868 19
4869 2
4870 19
4871 2
4872 4
4873 19
4874 8
4875 0
4876 9
4877 10
4878 1
4879 8
4880 10
4881 1
4882 4
4883 16
4884 0
4885 3
4886 6
4887 7
4888 15
4889 0
4890 14
4891 0
4892 13
4893 12
4894 4
4895 0
4896 8
4897 16
4898 11
4899 1
4900 1
4901 5
4902 20
4903 1
4904 18
4905 0
4906 3
4907 2
4908 5
4909 10
4910 3
4911 0
4912 4
4913 5
4914 2
4915 8
4916 5
4917 12
4918 2
4919 15
4920 0
4921 0
4922 12
4923 3
4924 12
4925 1
4926 0
4927 2
4928 8
4929 6
4930 2
4931 13
4932 1
4933 13
4934 0
4935 0
4936 0
4937 1
4938 1
4939 12
4940 3
4941 0
4942 4
4943 3
4944 3
4945 0
4946 4
4947 2
4948 7
4949 3
4950 20
4951 1
4952 1
4953 14
4954 3
4955 4
4956 1
4957 0
4958 7
4959 18
4960 5
4961 0
4962 0
4963 3
4964 4
4965 4
4966 16
4967 7
4968 4
4969 1
4970 2
4971 6
4972 5
4973 1
4974 4
4975 3
4976 11
4977 12
4978 3
4979 12
4980 5
4981 5
4982 20
4983 2
4984 3
4985 5
4986 4
4987 0
4988 5
4989 0
4990 0
4991 7
4992 17
4993 4
4994 7
4995 2
4996 8
4997 7
4998 1
4999 6
5000 1
5001 15
5002 8
5003 16
5004 5
5005 3
5006 7
5007 1
5008 2
5009 1
5010 1
5011 16
5012 2
5013 12
5014 0
5015 4
5016 11
5017 9
5018 0
5019 2
5020 11
5021 0
5022 0
5023 10
5024 9
5025 5
5026 5
5027 6
5028 5
5029 17
5030 6
5031 11
5032 17
5033 3
5034 3
5035 0
5036 5
5037 2
5038 16
5039 3
5040 0
5041 19
5042 11
5043 19
5044 19
5045 0
5046 5
5047 12
5048 9
5049 5
5050 2
5051 2
5052 11
5053 8
5054 19
5055 18
5056 19
5057 14
5058 16
5059 1
5060 7
5061 3
5062 1
5063 6
5064 2
5065 1
5066 14
5067 19
5068 10
5069 10
5070 2
5071 4
5072 0
5073 0
5074 6
5075 0
5076 0
5077 0
5078 1
5079 7
5080 4
5081 4
5082 14
5083 10
5084 15
5085 18
5086 0
5087 0
5088 3
5089 1
5090 1
5091 9
5092 2
5093 0
5094 0
5095 0
5096 10
5097 13
5098 14
5099 8
5100 9
5101 4
5102 1
5103 0
5104 0
5105 4
5106 0
5107 3
5108 0
5109 2
5110 0
5111 16
5112 0
5113 14
5114 0
5115 3
5116 7
5117 3
5118 1
5119 11
5120 2
5121 2
5122 3
5123 0
5124 5
5125 18
5126 18
5127 3
5128 9
5129 12
5130 8
5131 1
5132 0
5133 1
5134 3
5135 9
5136 0
5137 16
5138 5
5139 4
5140 0
5141 4
5142 3
5143 0
5144 9
5145 0
5146 0
5147 16
5148 1
5149 8
5150 17
5151 1
5152 1
5153 1
5154 1
5155 13
5156 12
5157 3
5158 3
5159 1
5160 13
5161 1
5162 1
5163 10
5164 0
5165 6
5166 17
5167 10
5168 1
5169 17
5170 9
5171 11
5172 2
5173 4
5174 3
5175 0
5176 0
5177 12
5178 14
5179 1
5180 2
5181 10
5182 2
5183 4
5184 6
5185 2
5186 6
5187 12
5188 0
5189 0
5190 0
5191 1
5192 14
5193 0
5194 1
5195 20
5196 14
5197 9
5198 0
5199 5
5200 1
5201 4
5202 1
5203 1
5204 0
5205 3
5206 0
5207 2
5208 1
5209 4
5210 4
5211 0
5212 9
5213 14
5214 2
5215 9
5216 9
5217 2
5218 19
5219 2
5220 0
5221 2
5222 2
5223 4
5224 1
5225 1
5226 4
5227 8
5228 2
5229 0
5230 2
5231 9
5232 8
5233 3
5234 0
5235 17
5236 7
5237 0
5238 1
5239 10
5240 4
5241 3
5242 1
5243 3
5244 2
5245 0
5246 5
5247 3
5248 0
5249 3
5250 9
5251 11
5252 13
5253 19
5254 0
5255 0
5256 1
5257 1
5258 5
5259 4
5260 12
5261 2
5262 2
5263 3
5264 2
5265 1
5266 12
5267 2
5268 8
5269 6
5270 0
5271 4
5272 13
5273 8
5274 4
5275 9
5276 1
5277 2
5278 7
5279 11
5280 0
5281 2
5282 12
5283 6
5284 8
5285 2
5286 1
5287 16
5288 2
5289 12
5290 15
5291 1
5292 1
5293 10
5294 0
5295 9
5296 11
5297 5
5298 8
5299 0
5300 10
5301 2
5302 9
5303 2
5304 1
5305 12
5306 2
5307 0
5308 4
5309 5
5310 1
5311 0
5312 6
5313 3
5314 1
5315 13
5316 1
5317 12
5318 2
5319 12
5320 0
5321 0
5322 5
5323 0
5324 0
5325 7
5326 17
5327 14
5328 2
5329 3
5330 0
5331 0
5332 1
5333 1
5334 8
5335 1
5336 1
5337 2
5338 1
5339 11
5340 7
5341 8
5342 9
5343 3
5344 9
5345 3
5346 1
5347 19
5348 9
5349 2
5350 3
5351 0
5352 2
5353 0
5354 1
5355 5
5356 0
5357 16
5358 3
5359 5
5360 11
5361 0
5362 17
5363 7
5364 5
5365 7
5366 0
5367 4
5368 2
5369 15
5370 2
5371 4
5372 0
5373 7
5374 9
5375 11
5376 19
5377 20
5378 7
5379 4
5380 7
5381 0
5382 2
5383 13
5384 1
5385 13
5386 5
5387 0
5388 7
5389 3
5390 9
5391 6
5392 3
5393 14
5394 7
5395 2
5396 0
5397 1
5398 7
5399 2
5400 1
5401 1
5402 1
5403 2
5404 14
5405 0
5406 3
5407 9
5408 6
5409 2
5410 14
5411 2
5412 1
5413 7
5414 10
5415 2
5416 4
5417 11
5418 1
5419 6
5420 7
5421 14
5422 4
5423 13
5424 3
5425 0
5426 12
5427 2
5428 0
5429 8
5430 0
5431 1
5432 1
5433 2
5434 4
5435 11
5436 1
5437 0
5438 0
5439 4
5440 10
5441 14
5442 0
5443 0
5444 3
5445 17
5446 10
5447 0
5448 1
5449 3
5450 3
5451 1
5452 0
5453 13
5454 1
5455 18
5456 14
5457 18
5458 12
5459 1
5460 1
5461 0
5462 0
5463 15
5464 2
5465 1
5466 0
5467 2
5468 7
5469 0
5470 6
5471 4
5472 0
5473 2
5474 3
5475 0
5476 1
5477 0
5478 1
5479 1
5480 8
5481 1
5482 19
5483 9
5484 0
5485 4
5486 7
5487 13
5488 1
5489 14
5490 9
5491 9
5492 2
5493 15
5494 13
5495 7
5496 1
5497 2
5498 10
5499 0
5500 20
5501 4
5502 2
5503 2
5504 2
5505 11
5506 3
5507 0
5508 13
5509 19
5510 2
5511 7
5512 5
5513 0
5514 8
5515 2
5516 0
5517 0
5518 4
5519 1
5520 5
5521 14
5522 3
5523 1
5524 14
5525 3
5526 6
5527 8
5528 1
5529 12
5530 2
5531 9
5532 4
5533 1
5534 5
5535 3
5536 1
5537 1
5538 18
5539 19
5540 9
5541 9
5542 11
5543 8
5544 3
5545 14
5546 16
5547 4
5548 5
5549 4
5550 3
5551 0
5552 8
5553 8
5554 1
5555 8
5556 13
5557 9
5558 16
5559 0
5560 8
5561 1
5562 1
5563 15
5564 7
5565 13
5566 1
5567 5
5568 2
5569 6
5570 0
5571 0
5572 1
5573 5
5574 9
5575 0
5576 3
5577 1
5578 14
5579 0
5580 0
5581 10
5582 4
5583 0
5584 6
5585 2
5586 1
5587 4
5588 3
5589 3
5590 0
5591 0
5592 3
5593 4
5594 6
5595 3
5596 10
5597 11
5598 4
5599 2
5600 4
5601 2
5602 3
5603 1
5604 15
5605 7
5606 5
5607 8
5608 4
5609 11
5610 1
5611 2
5612 2
5613 0
5614 3
5615 3
5616 0
5617 1
5618 12
5619 18
5620 3
5621 0
5622 5
5623 5
5624 9
5625 0
5626 6
5627 11
5628 3
5629 6
5630 0
5631 12
5632 18
5633 18
5634 7
5635 2
5636 8
5637 4
5638 3
5639 13
5640 10
5641 6
5642 7
5643 5
5644 14
5645 18
5646 0
5647 4
5648 2
5649 1
5650 2
5651 0
5652 3
5653 19
5654 4
5655 5
5656 3
5657 7
5658 1
5659 9
5660 1
5661 13
5662 1
5663 0
5664 16
5665 15
5666 2
5667 6
5668 8
5669 2
5670 6
5671 17
5672 1
5673 4
5674 1
5675 12
5676 6
5677 3
5678 1
5679 3
5680 9
5681 2
5682 1
5683 0
5684 15
5685 0
5686 4
5687 2
5688 9
5689 3
5690 2
5691 1
5692 10
5693 0
5694 0
5695 1
5696 11
5697 3
5698 4
5699 0
5700 4
5701 2
5702 14
5703 13
5704 2
5705 13
5706 18
5707 0
5708 16
5709 4
5710 8
5711 6
5712 0
5713 2
5714 1
5715 4
5716 7
5717 0
5718 7
5719 6
5720 10
5721 9
5722 3
5723 17
5724 10
5725 6
5726 1
5727 3
5728 10
5729 6
5730 5
5731 14
5732 2
5733 3
5734 14
5735 1
5736 20
5737 0
5738 5
5739 18
5740 14
5741 7
5742 12
5743 12
5744 2
5745 18
5746 4
5747 4
5748 5
5749 3
5750 13
5751 19
5752 0
5753 1
5754 10
5755 4
5756 15
5757 1
5758 0
5759 0
5760 4
5761 19
5762 1
5763 10
5764 2
5765 3
5766 2
5767 12
5768 13
5769 0
5770 4
5771 16
5772 2
5773 1
5774 3
5775 9
5776 5
5777 2
5778 13
5779 0
5780 2
5781 13
5782 12
5783 14
5784 0
5785 10
5786 5
5787 6
5788 13
5789 10
5790 2
5791 6
5792 0
5793 0
5794 1
5795 3
5796 2
5797 16
5798 3
5799 9
5800 0
5801 1
5802 11
5803 4
5804 4
5805 3
5806 6
5807 4
5808 8
5809 1
5810 2
5811 6
5812 14
5813 1
5814 0
5815 1
5816 2
5817 1
5818 6
5819 8
5820 1
5821 0
5822 9
5823 0
5824 20
5825 3
5826 9
5827 20
5828 0
5829 0
5830 3
5831 16
5832 1
5833 3
5834 13
5835 16
5836 11
5837 1
5838 0
5839 9
5840 1
5841 5
5842 17
5843 1
5844 6
5845 0
5846 0
5847 5
5848 0
5849 17
5850 8
5851 11
5852 0
5853 0
5854 2
5855 2
5856 7
5857 6
5858 8
5859 8
5860 1
5861 2
5862 2
5863 2
5864 8
5865 1
5866 1
5867 1
5868 0
5869 1
5870 4
5871 8
5872 2
5873 9
5874 8
5875 11
5876 2
5877 3
5878 3
5879 3
5880 2
5881 11
5882 15
5883 0
5884 0
5885 14
5886 6
5887 0
5888 0
5889 1
5890 2
5891 1
5892 14
5893 12
5894 7
5895 18
5896 4
5897 2
5898 3
5899 13
5900 0
5901 0
5902 4
5903 0
5904 2
5905 11
5906 4
5907 0
5908 13
5909 2
5910 10
5911 20
5912 8
5913 2
5914 2
5915 2
5916 0
5917 10
5918 3
5919 5
5920 3
5921 1
5922 3
5923 12
5924 2
5925 5
5926 1
5927 11
5928 2
5929 2
5930 6
5931 0
5932 2
5933 4
5934 1
5935 1
5936 4
5937 13
5938 3
5939 4
5940 1
5941 0
5942 1
5943 19
5944 2
5945 9
5946 3
5947 0
5948 5
5949 2
5950 2
5951 1
5952 1
5953 4
5954 3
5955 4
5956 0
5957 5
5958 13
5959 3
5960 0
5961 4
5962 2
5963 4
5964 7
5965 4
5966 1
5967 8
5968 1
5969 1
5970 17
5971 6
5972 8
5973 1
5974 12
5975 9
5976 11
5977 0
5978 15
5979 2
5980 0
5981 11
5982 1
5983 6
5984 14
5985 5
5986 11
5987 4
5988 0
5989 17
5990 1
5991 14
5992 10
5993 4
5994 0
5995 1
5996 5
5997 11
5998 6
5999 17
6000 14
6001 0
6002 13
6003 2
6004 12
6005 6
6006 10
6007 2
6008 0
6009 0
6010 10
6011 1
6012 8
6013 1
6014 9
6015 0
6016 10
6017 15
6018 4
6019 1
6020 3
6021 16
6022 2
6023 3
6024 7
6025 10
6026 1
6027 1
6028 1
6029 3
6030 12
6031 0
6032 2
6033 0
6034 5
6035 5
6036 11
6037 3
6038 11
6039 13
6040 5
6041 2
6042 2
6043 16
6044 0
6045 2
6046 3
6047 6
6048 7
6049 2
6050 0
6051 20
6052 1
6053 13
6054 0
6055 0
6056 11
6057 1
6058 1
6059 5
6060 1
6061 0
6062 8
6063 17
6064 18
6065 6
6066 2
6067 7
6068 1
6069 7
6070 4
6071 3
6072 0
6073 10
6074 20
6075 4
6076 0
6077 0
6078 12
6079 4
6080 1
6081 16
6082 0
6083 2
6084 12
6085 11
6086 11
6087 4
6088 10
6089 4
6090 1
6091 8
6092 12
6093 9
6094 4
6095 1
6096 16
6097 9
6098 0
6099 7
6100 0
6101 4
6102 1
6103 12
6104 1
6105 0
6106 0
6107 2
6108 1
6109 8
6110 1
6111 2
6112 0
6113 3
6114 5
6115 0
6116 0
6117 6
6118 10
6119 0
6120 11
6121 17
6122 3
6123 8
6124 3
6125 1
6126 0
6127 2
6128 0
6129 2
6130 5
6131 10
6132 5
6133 9
6134 0
6135 13
6136 11
6137 3
6138 18
6139 0
6140 0
6141 4
6142 12
6143 0
6144 5
6145 2
6146 11
6147 1
6148 1
6149 2
6150 1
6151 2
6152 2
6153 0
6154 1
6155 3
6156 0
6157 6
6158 12
6159 5
6160 3
6161 2
6162 0
6163 16
6164 13
6165 11
6166 5
6167 4
6168 1
6169 6
6170 7
6171 2
6172 0
6173 2
6174 7
6175 0
6176 8
6177 16
6178 0
6179 12
6180 8
6181 10
6182 12
6183 0
6184 20
6185 10
6186 3
6187 2
6188 2
6189 3
6190 3
6191 1
6192 13
6193 10
6194 14
6195 12
6196 3
6197 8
6198 14
6199 1
6200 1
6201 11
6202 4
6203 3
6204 16
6205 11
6206 0
6207 6
6208 6
6209 0
6210 16
6211 13
6212 0
6213 0
6214 7
6215 6
6216 2
6217 10
6218 0
6219 0
6220 3
6221 3
6222 6
6223 3
6224 0
6225 0
6226 0
6227 8
6228 1
6229 11
6230 8
6231 8
6232 6
6233 11
6234 13
6235 2
6236 1
6237 2
6238 10
6239 0
6240 13
6241 0
6242 9
6243 0
6244 5
6245 0
6246 14
6247 15
6248 1
6249 9
6250 2
6251 10
6252 2
6253 1
6254 0
6255 2
6256 1
6257 8
6258 6
6259 0
6260 7
6261 11
6262 13
6263 0
6264 0
6265 0
6266 7
6267 0
6268 5
6269 0
6270 19
6271 2
6272 15
6273 2
6274 2
6275 0
6276 2
6277 0
6278 13
6279 1
6280 0
6281 7
6282 2
6283 10
6284 2
6285 1
6286 1
6287 3
6288 13
6289 0
6290 0
6291 19
6292 7
6293 2
6294 5
6295 5
6296 2
6297 15
6298 1
6299 0
6300 1
6301 13
6302 9
6303 1
6304 2
6305 1
6306 1
6307 18
6308 3
6309 3
6310 16
6311 5
6312 6
6313 3
6314 19
6315 1
6316 7
6317 2
6318 7
6319 0
6320 4
6321 3
6322 3
6323 0
6324 0
6325 15
6326 6
6327 2
6328 1
6329 14
6330 3
6331 4
6332 4
6333 0
6334 15
6335 10
6336 0
6337 7
6338 0
6339 0
6340 0
6341 1
6342 12
6343 0
6344 0
6345 20
6346 0
6347 0
6348 2
6349 1
6350 6
6351 2
6352 10
6353 0
6354 3
6355 4
6356 4
6357 10
6358 2
6359 2
6360 5
6361 1
6362 2
6363 5
6364 2
6365 7
6366 17
6367 6
6368 1
6369 8
6370 11
6371 0
6372 3
6373 2
6374 3
6375 11
6376 3
6377 4
6378 0
6379 6
6380 0
6381 0
6382 12
6383 2
6384 0
6385 13
6386 2
6387 17
6388 1
6389 9
6390 0
6391 8
6392 1
6393 5
6394 2
6395 8
6396 6
6397 13
6398 2
6399 10
6400 3
6401 10
6402 8
6403 6
6404 0
6405 0
6406 7
6407 0
6408 8
6409 1
6410 10
6411 3
6412 6
6413 10
6414 13
6415 2
6416 12
6417 6
6418 2
6419 1
6420 1
6421 2
6422 0
6423 1
6424 8
6425 16
6426 2
6427 3
6428 10
6429 17
6430 1
6431 2
6432 7
6433 4
6434 16
6435 7
6436 0
6437 5
6438 8
6439 14
6440 3
6441 11
6442 12
6443 1
6444 9
6445 4
6446 6
6447 2
6448 0
6449 7
6450 16
6451 1
6452 10
6453 0
6454 20
6455 8
6456 0
6457 2
6458 1
6459 1
6460 15
6461 2
6462 3
6463 1
6464 3
6465 3
6466 6
6467 1
6468 14
6469 16
6470 0
6471 6
6472 11
6473 0
6474 14
6475 11
6476 5
6477 1
6478 4
6479 20
6480 5
6481 6
6482 20
6483 14
6484 0
6485 20
6486 0
6487 9
6488 3
6489 2
6490 2
6491 17
6492 4
6493 9
6494 0
6495 1
6496 3
6497 4
6498 3
6499 7
6500 4
6501 0
6502 1
6503 4
6504 17
6505 3
6506 5
6507 3
6508 1
6509 2
6510 3
6511 0
6512 0
6513 4
6514 4
6515 1
6516 2
6517 20
6518 12
6519 1
6520 0
6521 0
6522 9
6523 2
6524 7
6525 2
6526 5
6527 6
6528 0
6529 3
6530 10
6531 1
6532 16
6533 20
6534 0
6535 8
6536 0
6537 2
6538 2
6539 9
6540 19
6541 4
6542 13
6543 3
6544 1
6545 2
6546 2
6547 0
6548 5
6549 6
6550 11
6551 2
6552 9
6553 5
6554 2
6555 1
6556 10
6557 5
6558 3
6559 9
6560 4
6561 1
6562 0
6563 19
6564 0
6565 9
6566 0
6567 3
6568 2
6569 0
6570 1
6571 0
6572 1
6573 0
6574 8
6575 0
6576 19
6577 8
6578 0
6579 0
6580 6
6581 3
6582 5
6583 3
6584 8
6585 0
6586 12
6587 2
6588 13
6589 2
6590 1
6591 6
6592 2
6593 4
6594 0
6595 15
6596 4
6597 0
6598 8
6599 0
6600 3
6601 0
6602 3
6603 3
6604 7
6605 1
6606 12
6607 8
6608 0
6609 13
6610 0
6611 2
6612 12
6613 8
6614 5
6615 5
6616 8
6617 16
6618 3
6619 6
6620 17
6621 2
6622 5
6623 3
6624 7
6625 17
6626 1
6627 12
6628 6
6629 4
6630 3
6631 2
6632 17
6633 3
6634 0
6635 0
6636 18
6637 8
6638 3
6639 1
6640 5
6641 2
6642 3
6643 3
6644 3
6645 16
6646 0
6647 4
6648 14
6649 2
6650 1
6651 2
6652 2
6653 5
6654 0
6655 10
6656 1
6657 0
6658 2
6659 0
6660 16
6661 3
6662 19
6663 14
6664 0
6665 12
6666 17
6667 0
6668 18
6669 9
6670 4
6671 1
6672 11
6673 3
6674 5
6675 3
6676 5
6677 0
6678 16
6679 0
6680 14
6681 3
6682 0
6683 1
6684 1
6685 0
6686 2
6687 15
6688 1
6689 9
6690 17
6691 9
6692 16
6693 8
6694 5
6695 8
6696 0
6697 8
6698 6
6699 3
6700 2
6701 8
6702 5
6703 1
6704 1
6705 3
6706 14
6707 3
6708 2
6709 10
6710 0
6711 5
6712 18
6713 7
6714 8
6715 2
6716 5
6717 9
6718 9
6719 8
6720 12
6721 10
6722 0
6723 2
6724 7
6725 2
6726 0
6727 8
6728 8
6729 0
6730 2
6731 9
6732 13
6733 4
6734 17
6735 0
6736 5
6737 15
6738 4
6739 0
6740 14
6741 11
6742 9
6743 2
6744 1
6745 3
6746 10
6747 19
6748 4
6749 0
6750 3
6751 1
6752 3
6753 1
6754 1
6755 19
6756 2
6757 1
6758 11
6759 0
6760 10
6761 18
6762 17
6763 2
6764 0
6765 0
6766 0
6767 3
6768 0
6769 14
6770 2
6771 1
6772 0
6773 0
6774 18
6775 12
6776 2
6777 20
6778 3
6779 8
6780 0
6781 13
6782 8
6783 0
6784 1
6785 3
6786 4
6787 11
6788 8
6789 2
6790 19
6791 18
6792 9
6793 0
6794 3
6795 0
6796 18
6797 0
6798 7
6799 4
6800 9
6801 14
6802 1
6803 5
6804 0
6805 18
6806 2
6807 1
6808 18
6809 3
6810 9
6811 1
6812 10
6813 2
6814 1
6815 0
6816 4
6817 1
6818 8
6819 5
6820 3
6821 1
6822 7
6823 13
6824 11
6825 2
6826 13
6827 1
6828 5
6829 11
6830 0
6831 1
6832 2
6833 0
6834 11
6835 4
6836 3
6837 3
6838 1
6839 1
6840 18
6841 20
6842 6
6843 4
6844 13
6845 2
6846 14
6847 3
6848 2
6849 1
6850 3
6851 4
6852 3
6853 1
6854 2
6855 8
6856 7
6857 1
6858 1
6859 10
6860 0
6861 6
6862 2
6863 19
6864 3
6865 1
6866 0
6867 0
6868 7
6869 4
6870 10
6871 8
6872 12
6873 6
6874 7
6875 1
6876 1
6877 2
6878 7
6879 6
6880 1
6881 9
6882 5
6883 10
6884 0
6885 0
6886 3
6887 14
6888 15
6889 0
6890 0
6891 0
6892 0
6893 10
6894 1
6895 1
6896 10
6897 8
6898 0
6899 5
6900 5
6901 2
6902 1
6903 3
6904 0
6905 1
6906 8
6907 6
6908 5
6909 0
6910 2
6911 11
6912 1
6913 14
6914 4
6915 1
6916 0
6917 6
6918 3
6919 6
6920 1
6921 5
6922 2
6923 11
6924 2
6925 1
6926 10
6927 9
6928 0
6929 3
6930 2
6931 7
6932 8
6933 4
6934 6
6935 4
6936 10
6937 8
6938 2
6939 0
6940 15
6941 5
6942 1
6943 13
6944 6
6945 6
6946 12
6947 13
6948 16
6949 0
6950 3
6951 5
6952 0
6953 6
6954 9
6955 1
6956 6
6957 9
6958 5
6959 3
6960 1
6961 9
6962 1
6963 3
6964 0
6965 10
6966 6
6967 11
6968 6
6969 0
6970 13
6971 9
6972 0
6973 11
6974 8
6975 0
6976 3
6977 1
6978 2
6979 3
6980 2
6981 15
6982 2
6983 5
6984 17
6985 4
6986 10
6987 2
6988 2
6989 18
6990 2
6991 17
6992 0
6993 2
6994 0
6995 7
6996 16
6997 5
6998 14
6999 1
7000 10
7001 13
7002 4
7003 2
7004 2
7005 0
7006 1
7007 14
7008 0
7009 5
7010 15
7011 3
7012 4
7013 1
7014 3
7015 3
7016 0
7017 0
7018 0
7019 2
7020 3
7021 2
7022 11
7023 1
7024 3
7025 2
7026 0
7027 12
7028 2
7029 2
7030 0
7031 7
7032 2
7033 0
7034 0
7035 2
7036 5
7037 1
7038 6
7039 3
7040 0
7041 4
7042 0
7043 1
7044 0
7045 2
7046 8
7047 10
7048 6
7049 14
7050 3
7051 12
7052 16
7053 1
7054 3
7055 0
7056 5
7057 8
7058 1
7059 5
7060 10
7061 3
7062 0
7063 4
7064 1
7065 1
7066 5
7067 0
7068 0
7069 2
7070 3
7071 0
7072 7
7073 0
7074 0
7075 2
7076 2
7077 1
7078 12
7079 3
7080 1
7081 14
7082 8
7083 2
7084 7
7085 0
7086 9
7087 6
7088 2
7089 3
7090 0
7091 4
7092 3
7093 6
7094 2
7095 2
7096 13
7097 9
7098 0
7099 0
7100 1
7101 1
7102 18
7103 1
7104 10
7105 12
7106 2
7107 1
7108 12
7109 2
7110 0
7111 11
7112 8
7113 0
7114 2
7115 8
7116 9
7117 1
7118 1
7119 12
7120 19
7121 5
7122 19
7123 0
7124 7
7125 12
7126 15
7127 3
7128 7
7129 15
7130 12
7131 6
7132 2
7133 0
7134 2
7135 11
7136 0
7137 9
7138 7
7139 12
7140 0
7141 1
7142 12
7143 3
7144 12
7145 4
7146 1
7147 14
7148 0
7149 19
7150 13
7151 0
7152 2
7153 1
7154 5
7155 2
7156 1
7157 9
7158 0
7159 1
7160 2
7161 4
7162 8
7163 6
7164 1
7165 2
7166 3
7167 0
7168 3
7169 12
7170 7
7171 2
7172 9
7173 4
7174 19
7175 1
7176 5
7177 2
7178 0
7179 11
7180 12
7181 14
7182 1
7183 10
7184 4
7185 0
7186 3
7187 8
7188 4
7189 0
7190 4
7191 5
7192 4
7193 0
7194 1
7195 1
7196 1
7197 2
7198 18
7199 13
7200 2
7201 0
7202 2
7203 7
7204 3
7205 1
7206 5
7207 2
7208 0
7209 12
7210 0
7211 7
7212 0
7213 3
7214 10
7215 0
7216 0
7217 6
7218 3
7219 2
7220 0
7221 1
7222 14
7223 8
7224 6
7225 11
7226 8
7227 0
7228 2
7229 1
7230 2
7231 4
7232 3
7233 2
7234 0
7235 1
7236 5
7237 4
7238 14
7239 8
7240 1
7241 0
7242 0
7243 2
7244 19
7245 5
7246 0
7247 2
7248 19
7249 7
7250 9
7251 1
7252 3
7253 6
7254 1
7255 4
7256 13
7257 4
7258 5
7259 4
7260 8
7261 10
7262 4
7263 20
7264 3
7265 3
7266 8
7267 1
7268 1
7269 2
7270 18
7271 3
7272 2
7273 10
7274 0
7275 6
7276 12
7277 4
7278 7
7279 2
7280 2
7281 1
7282 17
7283 8
7284 0
7285 13
7286 14
7287 19
7288 1
7289 3
7290 11
7291 1
7292 9
7293 4
7294 3
7295 3
7296 13
7297 0
7298 16
7299 2
7300 2
7301 8
7302 0
7303 10
7304 1
7305 19
7306 0
7307 2
7308 3
7309 7
7310 9
7311 6
7312 1
7313 12
7314 4
7315 15
7316 0
7317 14
7318 1
7319 1
7320 8
7321 1
7322 9
7323 7
7324 12
7325 2
7326 15
7327 5
7328 16
7329 11
7330 11
7331 3
7332 4
7333 0
7334 4
7335 4
7336 5
7337 3
7338 0
7339 0
7340 10
7341 13
7342 1
7343 8
7344 8
7345 3
7346 12
7347 4
7348 6
7349 1
7350 0
7351 11
7352 20
7353 0
7354 14
7355 0
7356 0
7357 2
7358 6
7359 4
7360 7
7361 12
7362 2
7363 3
7364 13
7365 0
7366 8
7367 4
7368 5
7369 0
7370 6
7371 1
7372 3
7373 11
7374 11
7375 9
7376 1
7377 14
7378 16
7379 1
7380 1
7381 0
7382 11
7383 4
7384 3
7385 9
7386 1
7387 8
7388 0
7389 11
7390 2
7391 3
7392 17
7393 8
7394 0
7395 1
7396 4
7397 1
7398 0
7399 3
7400 0
7401 3
7402 3
7403 3
7404 16
7405 2
7406 0
7407 2
7408 14
7409 1
7410 7
7411 5
7412 19
7413 8
7414 12
7415 8
7416 11
7417 18
7418 0
7419 0
7420 7
7421 6
7422 3
7423 3
7424 15
7425 18
7426 4
7427 5
7428 5
7429 3
7430 2
7431 8
7432 13
7433 13
7434 1
7435 1
7436 10
7437 11
7438 11
7439 12
7440 4
7441 12
7442 2
7443 8
7444 4
7445 7
7446 8
7447 14
7448 0
7449 3
7450 1
7451 9
7452 7
7453 0
7454 0
7455 2
7456 1
7457 15
7458 0
7459 0
7460 7
7461 3
7462 4
7463 1
7464 2
7465 8
7466 8
7467 9
7468 17
7469 0
7470 12
7471 1
7472 0
7473 9
7474 13
7475 0
7476 11
7477 6
7478 0
7479 11
7480 0
7481 2
7482 16
7483 15
7484 1
7485 0
7486 4
7487 3
7488 0
7489 12
7490 2
7491 2
7492 8
7493 2
7494 0
7495 1
7496 3
7497 3
7498 2
7499 17
7500 0
7501 15
7502 3
7503 13
7504 20
7505 6
7506 0
7507 3
7508 2
7509 20
7510 2
7511 12
7512 3
7513 7
7514 1
7515 10
7516 2
7517 2
7518 10
7519 4
7520 18
7521 3
7522 3
7523 11
7524 17
7525 2
7526 0
7527 2
7528 1
7529 8
7530 10
7531 0
7532 0
7533 0
7534 0
7535 13
7536 4
7537 9
7538 3
7539 4
7540 11
7541 11
7542 0
7543 7
7544 4
7545 0
7546 1
7547 1
7548 20
7549 0
7550 2
7551 16
7552 3
7553 1
7554 13
7555 0
7556 4
7557 1
7558 0
7559 4
7560 9
7561 14
7562 0
7563 11
7564 3
7565 5
7566 7
7567 18
7568 12
7569 5
7570 14
7571 0
7572 0
7573 3
7574 3
7575 7
7576 12
7577 3
7578 0
7579 2
7580 12
7581 3
7582 2
7583 9
7584 0
7585 11
7586 6
7587 16
7588 4
7589 18
7590 2
7591 0
7592 13
7593 2
7594 1
7595 3
7596 3
7597 1
7598 1
7599 11
7600 2
7601 15
7602 13
7603 4
7604 6
7605 5
7606 8
7607 9
7608 18
7609 17
7610 0
7611 6
7612 4
7613 1
7614 0
7615 9
7616 10
7617 0
7618 6
7619 12
7620 0
7621 8
7622 7
7623 5
7624 11
7625 2
7626 2
7627 3
7628 1
7629 7
7630 4
7631 2
7632 0
7633 2
7634 13
7635 0
7636 0
7637 9
7638 1
7639 1
7640 0
7641 1
7642 0
7643 7
7644 3
7645 0
7646 2
7647 8
7648 10
7649 4
7650 3
7651 2
7652 0
7653 12
7654 4
7655 5
7656 20
7657 13
7658 4
7659 0
7660 3
7661 8
7662 6
7663 4
7664 2
7665 5
7666 1
7667 13
7668 15
7669 6
7670 7
7671 2
7672 10
7673 0
7674 13
7675 6
7676 8
7677 0
7678 5
7679 0
7680 0
7681 9
7682 0
7683 0
7684 6
7685 12
7686 8
7687 2
7688 2
7689 1
7690 4
7691 2
7692 6
7693 4
7694 8
7695 2
7696 13
7697 2
7698 1
7699 1
7700 7
7701 0
7702 8
7703 1
7704 0
7705 0
7706 2
7707 9
7708 8
7709 15
7710 0
7711 0
7712 1
7713 3
7714 0
7715 5
7716 14
7717 1
7718 0
7719 1
7720 1
7721 0
7722 0
7723 7
7724 1
7725 0
7726 0
7727 5
7728 14
7729 11
7730 3
7731 9
7732 1
7733 15
7734 2
7735 15
7736 5
7737 11
7738 11
7739 5
7740 2
7741 15
7742 4
7743 16
7744 10
7745 18
7746 17
7747 9
7748 13
7749 11
7750 1
7751 0
7752 7
7753 9
7754 5
7755 2
7756 10
7757 3
7758 1
7759 13
7760 18
7761 3
7762 6
7763 0
7764 0
7765 1
7766 10
7767 0
7768 0
7769 7
7770 0
7771 8
7772 16
7773 7
7774 3
7775 12
7776 3
7777 4
7778 1
7779 10
7780 9
7781 7
7782 3
7783 0
7784 4
7785 4
7786 9
7787 10
7788 2
7789 18
7790 12
7791 12
7792 0
7793 0
7794 6
7795 15
7796 0
7797 18
7798 2
7799 0
7800 8
7801 15
7802 10
7803 17
7804 1
7805 1
7806 3
7807 9
7808 2
7809 18
7810 0
7811 5
7812 1
7813 14
7814 3
7815 7
7816 2
7817 6
7818 2
7819 1
7820 0
7821 13
7822 6
7823 2
7824 9
7825 2
7826 0
7827 2
7828 9
7829 1
7830 0
7831 8
7832 2
7833 1
7834 5
7835 1
7836 0
7837 1
7838 4
7839 2
7840 15
7841 3
7842 0
7843 16
7844 3
7845 1
7846 8
7847 19
7848 0
7849 1
7850 0
7851 5
7852 8
7853 0
7854 2
7855 19
7856 7
7857 9
7858 8
7859 3
7860 3
7861 9
7862 11
7863 3
7864 10
7865 0
7866 3
7867 0
7868 0
7869 14
7870 7
7871 9
7872 1
7873 0
7874 0
7875 13
7876 2
7877 1
7878 6
7879 9
7880 6
7881 2
7882 0
7883 0
7884 4
7885 3
7886 2
7887 7
7888 11
7889 0
7890 10
7891 4
7892 7
7893 12
7894 13
7895 7
7896 6
7897 0
7898 0
7899 4
7900 12
7901 3
7902 1
7903 4
7904 3
7905 0
7906 1
7907 0
7908 1
7909 2
7910 0
7911 0
7912 4
7913 1
7914 3
7915 9
7916 4
7917 8
7918 4
7919 0
7920 8
7921 8
7922 5
7923 15
7924 1
7925 3
7926 0
7927 9
7928 15
7929 0
7930 2
7931 2
7932 3
7933 15
7934 2
7935 1
7936 15
7937 0
7938 16
7939 2
7940 13
7941 8
7942 12
7943 3
7944 14
7945 10
7946 2
7947 0
7948 2
7949 0
7950 0
7951 0
7952 1
7953 1
7954 16
7955 4
7956 6
7957 11
7958 7
7959 16
7960 7
7961 2
7962 0
7963 8
7964 12
7965 3
7966 2
7967 4
7968 2
7969 3
7970 16
7971 10
7972 14
7973 3
7974 1
7975 2
7976 10
7977 2
7978 3
7979 7
7980 3
7981 6
7982 4
7983 10
7984 6
7985 19
7986 13
7987 2
7988 2
7989 10
7990 1
7991 17
7992 9
7993 9
7994 11
7995 3
7996 1
7997 1
7998 1
7999 1
8000 1
8001 1
8002 12
8003 1
8004 19
8005 3
8006 3
8007 1
8008 4
8009 3
8010 2
8011 8
8012 1
8013 5
8014 20
8015 12
8016 12
8017 15
8018 3
8019 1
8020 1
8021 9
8022 16
8023 12
8024 3
8025 3
8026 0
8027 0
8028 0
8029 4
8030 18
8031 19
8032 3
8033 3
8034 3
8035 7
8036 1
8037 0
8038 10
8039 1
8040 2
8041 0
8042 4
8043 3
8044 6
8045 1
8046 13
8047 2
8048 0
8049 9
8050 1
8051 4
8052 0
8053 7
8054 1
8055 3
8056 11
8057 0
8058 11
8059 0
8060 7
8061 3
8062 0
8063 1
8064 2
8065 0
8066 15
8067 7
8068 0
8069 1
8070 15
8071 12
8072 0
8073 9
8074 20
8075 1
8076 0
8077 14
8078 4
8079 7
8080 0
8081 0
8082 7
8083 4
8084 8
8085 1
8086 5
8087 10
8088 0
8089 18
8090 2
8091 2
8092 0
8093 2
8094 0
8095 3
8096 0
8097 6
8098 10
8099 2
8100 11
8101 0
8102 11
8103 0
8104 0
8105 12
8106 1
8107 1
8108 3
8109 1
8110 13
8111 1
8112 13
8113 14
8114 8
8115 0
8116 10
8117 3
8118 1
8119 3
8120 2
8121 7
8122 17
8123 12
8124 14
8125 2
8126 5
8127 20
8128 4
8129 6
8130 1
8131 20
8132 15
8133 4
8134 1
8135 1
8136 5
8137 14
8138 2
8139 14
8140 3
8141 6
8142 19
8143 15
8144 6
8145 4
8146 8
8147 14
8148 2
8149 2
8150 2
8151 2
8152 1
8153 1
8154 0
8155 14
8156 0
8157 1
8158 0
8159 3
8160 16
8161 18
8162 4
8163 2
8164 10
8165 12
8166 1
8167 1
8168 4
8169 0
8170 7
8171 10
8172 5
8173 2
8174 3
8175 14
8176 13
8177 18
8178 1
8179 13
8180 3
8181 0
8182 2
8183 1
8184 0
8185 1
8186 3
8187 0
8188 4
8189 2
8190 4
8191 18
8192 2
8193 3
8194 4
8195 15
8196 0
8197 18
8198 20
8199 1
8200 12
8201 0
8202 2
8203 5
8204 0
8205 10
8206 11
8207 12
8208 1
8209 6
8210 16
8211 12
8212 2
8213 2
8214 3
8215 0
8216 20
8217 18
8218 2
8219 4
8220 1
8221 1
8222 1
8223 4
8224 6
8225 2
8226 3
8227 13
8228 1
8229 11
8230 0
8231 12
8232 5
8233 5
8234 10
8235 5
8236 19
8237 7
8238 2
8239 5
8240 2
8241 8
8242 8
8243 0
8244 1
8245 0
8246 5
8247 13
8248 3
8249 4
8250 3
8251 0
8252 1
8253 1
8254 0
8255 19
8256 0
8257 2
8258 1
8259 2
8260 14
8261 3
8262 12
8263 1
8264 7
8265 0
8266 3
8267 3
8268 1
8269 7
8270 0
8271 0
8272 2
8273 1
8274 0
8275 2
8276 1
8277 9
8278 3
8279 7
8280 1
8281 1
8282 3
8283 6
8284 15
8285 2
8286 3
8287 9
8288 2
8289 2
8290 3
8291 7
8292 7
8293 3
8294 1
8295 11
8296 10
8297 0
8298 0
8299 0
8300 18
8301 8
8302 13
8303 4
8304 5
8305 1
8306 5
8307 11
8308 3
8309 1
8310 7
8311 1
8312 5
8313 10
8314 3
8315 1
8316 0
8317 10
8318 8
8319 5
8320 2
8321 1
8322 12
8323 1
8324 10
8325 3
8326 0
8327 0
8328 7
8329 6
8330 2
8331 0
8332 7
8333 10
8334 0
8335 2
8336 20
8337 3
8338 4
8339 0
8340 14
8341 8
8342 18
8343 0
8344 0
8345 8
8346 3
8347 8
8348 5
8349 4
8350 1
8351 12
8352 2
8353 3
8354 3
8355 8
8356 18
8357 18
8358 0
8359 3
8360 19
8361 5
8362 4
8363 13
8364 10
8365 0
8366 14
8367 9
8368 7
8369 1
8370 0
8371 0
8372 0
8373 1
8374 3
8375 7
8376 5
8377 3
8378 0
8379 12
8380 10
8381 2
8382 0
8383 4
8384 1
8385 0
8386 2
8387 1
8388 14
8389 2
8390 2
8391 3
8392 15
8393 2
8394 6
8395 1
8396 5
8397 0
8398 3
8399 8
8400 1
8401 3
8402 11
8403 3
8404 0
8405 11
8406 0
8407 5
8408 6
8409 0
8410 0
8411 1
8412 0
8413 1
8414 3
8415 0
8416 1
8417 2
8418 17
8419 13
8420 1
8421 3
8422 0
8423 1
8424 4
8425 13
8426 0
8427 5
8428 6
8429 1
8430 9
8431 4
8432 2
8433 2
8434 11
8435 4
8436 10
8437 6
8438 0
8439 1
8440 3
8441 17
8442 3
8443 2
8444 8
8445 5
8446 1
8447 0
8448 3
8449 13
8450 0
8451 3
8452 5
8453 8
8454 0
8455 10
8456 0
8457 7
8458 12
8459 11
8460 13
8461 12
8462 13
8463 17
8464 13
8465 12
8466 2
8467 6
8468 0
8469 0
8470 1
8471 2
8472 14
8473 13
8474 0
8475 2
8476 2
8477 0
8478 12
8479 0
8480 2
8481 9
8482 8
8483 7
8484 20
8485 4
8486 3
8487 1
8488 2
8489 17
8490 0
8491 1
8492 7
8493 5
8494 11
8495 6
8496 1
8497 18
8498 3
8499 0
8500 4
8501 20
8502 11
8503 0
8504 3
8505 2
8506 4
8507 7
8508 1
8509 6
8510 12
8511 1
8512 8
8513 0
8514 9
8515 2
8516 4
8517 3
8518 10
8519 2
8520 0
8521 3
8522 4
8523 2
8524 9
8525 4
8526 1
8527 3
8528 5
8529 10
8530 0
8531 17
8532 12
8533 8
8534 6
8535 4
8536 7
8537 11
8538 9
8539 0
8540 8
8541 1
8542 0
8543 17
8544 13
8545 2
8546 13
8547 4
8548 15
8549 4
8550 0
8551 8
8552 17
8553 4
8554 13
8555 2
8556 15
8557 0
8558 14
8559 3
8560 2
8561 10
8562 19
8563 11
8564 0
8565 2
8566 8
8567 1
8568 0
8569 0
8570 9
8571 4
8572 4
8573 2
8574 3
8575 1
8576 0
8577 2
8578 2
8579 7
8580 1
8581 4
8582 2
8583 4
8584 3
8585 3
8586 0
8587 1
8588 14
8589 0
8590 0
8591 10
8592 2
8593 16
8594 13
8595 8
8596 4
8597 6
8598 5
8599 12
8600 1
8601 2
8602 3
8603 3
8604 2
8605 2
8606 0
8607 2
8608 2
8609 10
8610 2
8611 7
8612 2
8613 2
8614 2
8615 4
8616 1
8617 14
8618 2
8619 5
8620 2
8621 1
8622 2
8623 11
8624 9
8625 0
8626 2
8627 12
8628 3
8629 11
8630 3
8631 2
8632 2
8633 3
8634 7
8635 15
8636 2
8637 14
8638 2
8639 10
8640 2
8641 2
8642 18
8643 7
8644 0
8645 1
8646 0
8647 0
8648 2
8649 1
8650 10
8651 2
8652 8
8653 14
8654 12
8655 3
8656 4
8657 8
8658 1
8659 6
8660 4
8661 2
8662 0
8663 10
8664 17
8665 14
8666 0
8667 1
8668 3
8669 4
8670 15
8671 13
8672 8
8673 1
8674 1
8675 3
8676 4
8677 13
8678 11
8679 1
8680 15
8681 1
8682 9
8683 1
8684 2
8685 5
8686 11
8687 4
8688 4
8689 12
8690 12
8691 0
8692 6
8693 0
8694 3
8695 4
8696 12
8697 0
8698 0
8699 0
8700 10
8701 9
8702 2
8703 14
8704 12
8705 1
8706 0
8707 3
8708 1
8709 0
8710 0
8711 1
8712 1
8713 14
8714 7
8715 2
8716 1
8717 5
8718 5
8719 15
8720 6
8721 19
8722 9
8723 17
8724 7
8725 0
8726 4
8727 0
8728 13
8729 3
8730 10
8731 4
8732 13
8733 2
8734 1
8735 4
8736 17
8737 0
8738 13
8739 6
8740 13
8741 3
8742 11
8743 1
8744 10
8745 2
8746 10
8747 0
8748 17
8749 2
8750 17
8751 2
8752 15
8753 2
8754 8
8755 4
8756 12
8757 12
8758 0
8759 19
8760 5
8761 13
8762 0
8763 3
8764 3
8765 0
8766 0
8767 0
8768 2
8769 7
8770 2
8771 12
8772 20
8773 3
8774 7
8775 2
8776 1
8777 0
8778 1
8779 7
8780 14
8781 13
8782 1
8783 0
8784 0
8785 0
8786 13
8787 3
8788 14
8789 1
8790 9
8791 2
8792 2
8793 0
8794 0
8795 16
8796 4
8797 8
8798 16
8799 3
8800 17
8801 1
8802 0
8803 8
8804 11
8805 17
8806 5
8807 7
8808 19
8809 9
8810 3
8811 20
8812 5
8813 2
8814 11
8815 9
8816 1
8817 2
8818 3
8819 1
8820 8
8821 4
8822 2
8823 2
8824 10
8825 1
8826 16
8827 6
8828 7
8829 0
8830 4
8831 0
8832 12
8833 0
8834 8
8835 5
8836 0
8837 2
8838 1
8839 11
8840 12
8841 2
8842 3
8843 3
8844 8
8845 7
8846 0
8847 1
8848 20
8849 0
8850 1
8851 10
8852 6
8853 0
8854 1
8855 2
8856 9
8857 12
8858 4
8859 2
8860 3
8861 13
8862 19
8863 8
8864 0
8865 1
8866 0
8867 0
8868 7
8869 1
8870 13
8871 3
8872 3
8873 2
8874 2
8875 3
8876 0
8877 0
8878 4
8879 2
8880 2
8881 7
8882 1
8883 3
8884 9
8885 3
8886 0
8887 4
8888 11
8889 15
8890 2
8891 0
8892 4
8893 0
8894 2
8895 2
8896 9
8897 2
8898 4
8899 0
8900 8
8901 1
8902 0
8903 0
8904 16
8905 0
8906 5
8907 20
8908 4
8909 9
8910 2
8911 11
8912 7
8913 0
8914 0
8915 1
8916 15
8917 5
8918 5
8919 8
8920 1
8921 2
8922 0
8923 20
8924 8
8925 2
8926 1
8927 3
8928 1
8929 14
8930 9
8931 10
8932 18
8933 7
8934 2
8935 4
8936 1
8937 0
8938 2
8939 3
8940 4
8941 13
8942 17
8943 11
8944 3
8945 3
8946 6
8947 7
8948 0
8949 4
8950 3
8951 3
8952 1
8953 15
8954 0
8955 3
8956 16
8957 15
8958 13
8959 5
8960 7
8961 12
8962 0
8963 11
8964 2
8965 3
8966 3
8967 1
8968 4
8969 9
8970 0
8971 14
8972 15
8973 12
8974 7
8975 8
8976 2
8977 0
8978 5
8979 19
8980 1
8981 2
8982 3
8983 2
8984 8
8985 5
8986 7
8987 5
8988 0
8989 18
8990 3
8991 4
8992 16
8993 3
8994 2
8995 1
8996 1
8997 0
8998 7
8999 3
9000 20
9001 9
9002 7
9003 1
9004 1
9005 1
9006 2
9007 10
9008 0
9009 11
9010 1
9011 0
9012 1
9013 3
9014 1
9015 3
9016 1
9017 15
9018 3
9019 4
9020 1
9021 3
9022 1
9023 9
9024 10
9025 3
9026 2
9027 4
9028 1
9029 0
9030 1
9031 0
9032 0
9033 18
9034 0
9035 2
9036 10
9037 8
9038 2
9039 0
9040 10
9041 0
9042 3
9043 1
9044 14
9045 3
9046 8
9047 1
9048 1
9049 0
9050 3
9051 4
9052 13
9053 1
9054 2
9055 2
9056 4
9057 3
9058 13
9059 3
9060 4
9061 5
9062 17
9063 2
9064 1
9065 4
9066 2
9067 6
9068 0
9069 12
9070 1
9071 5
9072 7
9073 7
9074 9
9075 3
9076 8
9077 1
9078 15
9079 1
9080 0
9081 0
9082 3
9083 3
9084 2
9085 0
9086 4
9087 1
9088 2
9089 1
9090 3
9091 11
9092 4
9093 12
9094 17
9095 3
9096 6
9097 14
9098 11
9099 5
9100 6
9101 3
9102 5
9103 15
9104 2
9105 0
9106 3
9107 2
9108 2
9109 14
9110 2
9111 3
9112 1
9113 7
9114 0
9115 0
9116 1
9117 6
9118 0
9119 8
9120 5
9121 14
9122 1
9123 3
9124 4
9125 15
9126 4
9127 17
9128 15
9129 14
9130 5
9131 19
9132 0
9133 5
9134 2
9135 5
9136 0
9137 1
9138 4
9139 15
9140 17
9141 2
9142 1
9143 9
9144 16
9145 18
9146 1
9147 6
9148 2
9149 4
9150 1
9151 0
9152 15
9153 3
9154 7
9155 17
9156 12
9157 16
9158 3
9159 7
9160 0
9161 6
9162 0
9163 11
9164 0
9165 0
9166 7
9167 1
9168 13
9169 0
9170 4
9171 9
9172 2
9173 1
9174 3
9175 2
9176 0
9177 13
9178 3
9179 6
9180 0
9181 6
9182 10
9183 15
9184 3
9185 3
9186 13
9187 16
9188 3
9189 3
9190 5
9191 11
9192 12
9193 0
9194 1
9195 12
9196 8
9197 0
9198 7
9199 5
9200 19
9201 10
9202 13
9203 1
9204 12
9205 4
9206 3
9207 3
9208 4
9209 0
9210 0
9211 2
9212 0
9213 0
9214 14
9215 2
9216 5
9217 8
9218 2
9219 3
9220 9
9221 2
9222 4
9223 1
9224 4
9225 19
9226 6
9227 1
9228 0
9229 0
9230 14
9231 12
9232 3
9233 0
9234 10
9235 19
9236 0
9237 19
9238 8
9239 5
9240 0
9241 7
9242 3
9243 0
9244 5
9245 1
9246 1
9247 3
9248 15
9249 3
9250 7
9251 0
9252 4
9253 2
9254 10
9255 8
9256 3
9257 4
9258 11
9259 2
9260 7
9261 20
9262 4
9263 2
9264 1
9265 0
9266 2
9267 12
9268 2
9269 13
9270 1
9271 10
9272 13
9273 1
9274 20
9275 8
9276 4
9277 9
9278 4
9279 5
9280 7
9281 1
9282 4
9283 18
9284 3
9285 0
9286 1
9287 2
9288 11
9289 20
9290 10
9291 9
9292 14
9293 4
9294 2
9295 0
9296 10
9297 9
9298 2
9299 15
9300 1
9301 2
9302 0
9303 0
9304 2
9305 1
9306 11
9307 13
9308 3
9309 2
9310 7
9311 11
9312 5
9313 4
9314 4
9315 14
9316 2
9317 3
9318 2
9319 9
9320 0
9321 13
9322 1
9323 5
9324 1
9325 12
9326 7
9327 3
9328 11
9329 13
9330 11
9331 3
9332 0
9333 5
9334 4
9335 11
9336 10
9337 0
9338 1
9339 1
9340 0
9341 2
9342 1
9343 9
9344 0
9345 1
9346 8
9347 1
9348 13
9349 2
9350 10
9351 6
9352 1
9353 4
9354 1
9355 0
9356 5
9357 7
9358 14
9359 9
9360 1
9361 16
9362 6
9363 0
9364 1
9365 4
9366 11
9367 7
9368 8
9369 6
9370 10
9371 1
9372 0
9373 18
9374 4
9375 3
9376 2
9377 13
9378 2
9379 20
9380 1
9381 7
9382 13
9383 7
9384 16
9385 1
9386 6
9387 1
9388 12
9389 4
9390 1
9391 3
9392 9
9393 1
9394 4
9395 2
9396 2
9397 2
9398 1
9399 0
9400 3
9401 1
9402 11
9403 3
9404 0
9405 0
9406 2
9407 0
9408 3
9409 0
9410 4
9411 9
9412 0
9413 5
9414 10
9415 0
9416 3
9417 12
9418 6
9419 10
9420 3
9421 6
9422 11
9423 10
9424 2
9425 9
9426 0
9427 0
9428 1
9429 10
9430 10
9431 0
9432 7
9433 6
9434 10
9435 0
9436 2
9437 2
9438 2
9439 1
9440 5
9441 3
9442 4
9443 11
9444 6
9445 0
9446 7
9447 1
9448 4
9449 1
9450 3
9451 2
9452 4
9453 4
9454 6
9455 1
9456 13
9457 5
9458 1
9459 0
9460 11
9461 20
9462 17
9463 1
9464 0
9465 4
9466 16
9467 8
9468 18
9469 4
9470 11
9471 1
9472 0
9473 2
9474 1
9475 3
9476 1
9477 1
9478 1
9479 14
9480 6
9481 11
9482 0
9483 15
9484 3
9485 3
9486 8
9487 2
9488 3
9489 2
9490 20
9491 13
9492 1
9493 3
9494 2
9495 10
9496 1
9497 4
9498 7
9499 0
9500 5
9501 12
9502 3
9503 3
9504 2
9505 0
9506 14
9507 3
9508 6
9509 11
9510 0
9511 4
9512 1
9513 8
9514 11
9515 2
9516 0
9517 0
9518 10
9519 3
9520 4
9521 3
9522 2
9523 3
9524 1
9525 3
9526 13
9527 8
9528 3
9529 2
9530 3
9531 13
9532 3
9533 9
9534 0
9535 0
9536 20
9537 2
9538 4
9539 7
9540 6
9541 1
9542 2
9543 6
9544 6
9545 11
9546 7
9547 1
9548 6
9549 3
9550 2
9551 4
9552 11
9553 14
9554 1
9555 1
9556 4
9557 10
9558 0
9559 2
9560 1
9561 0
9562 1
9563 1
9564 0
9565 5
9566 11
9567 14
9568 4
9569 3
9570 1
9571 20
9572 10
9573 5
9574 9
9575 15
9576 11
9577 3
9578 3
9579 2
9580 1
9581 4
9582 2
9583 2
9584 2
9585 0
9586 2
9587 3
9588 0
9589 12
9590 3
9591 15
9592 9
9593 20
9594 17
9595 3
9596 2
9597 4
9598 7
9599 9
9600 3
9601 0
9602 6
9603 1
9604 7
9605 0
9606 0
9607 8
9608 0
9609 2
9610 1
9611 6
9612 1
9613 7
9614 0
9615 0
9616 3
9617 0
9618 9
9619 5
9620 3
9621 4
9622 3
9623 8
9624 2
9625 6
9626 10
9627 0
9628 6
9629 1
9630 5
9631 2
9632 0
9633 14
9634 1
9635 4
9636 0
9637 12
9638 0
9639 2
9640 3
9641 0
9642 6
9643 15
9644 0
9645 4
9646 1
9647 6
9648 2
9649 1
9650 16
9651 4
9652 0
9653 0
9654 4
9655 8
9656 11
9657 7
9658 13
9659 7
9660 2
9661 9
9662 8
9663 4
9664 12
9665 1
9666 4
9667 5
9668 7
9669 2
9670 12
9671 12
9672 1
9673 5
9674 6
9675 5
9676 20
9677 6
9678 15
9679 1
9680 12
9681 5
9682 0
9683 2
9684 11
9685 6
9686 3
9687 5
9688 12
9689 3
9690 1
9691 3
9692 20
9693 8
9694 9
9695 0
9696 6
9697 2
9698 3
9699 5
9700 1
9701 2
9702 13
9703 1
9704 0
9705 6
9706 2
9707 0
9708 11
9709 11
9710 0
9711 10
9712 1
9713 0
9714 3
9715 13
9716 2
9717 19
9718 3
9719 0
9720 0
9721 8
9722 7
9723 8
9724 9
9725 1
9726 10
9727 3
9728 1
9729 1
9730 12
9731 8
9732 1
9733 0
9734 8
9735 9
9736 0
9737 18
9738 4
9739 0
9740 8
9741 9
9742 0
9743 8
9744 2
9745 4
9746 10
9747 2
9748 3
9749 0
9750 3
9751 6
9752 3
9753 0
9754 9
9755 3
9756 1
9757 2
9758 8
9759 0
9760 3
9761 5
9762 13
9763 2
9764 19
9765 2
9766 11
9767 0
9768 8
9769 2
9770 1
9771 17
9772 2
9773 13
9774 3
9775 0
9776 1
9777 9
9778 5
9779 15
9780 10
9781 1
9782 5
9783 2
9784 5
9785 4
9786 1
9787 5
9788 4
9789 2
9790 2
9791 8
9792 1
9793 7
9794 2
9795 7
9796 4
9797 14
9798 3
9799 5
9800 0
9801 8
9802 7
9803 16
9804 9
9805 8
9806 0
9807 0
9808 0
9809 1
9810 16
9811 3
9812 8
9813 0
9814 3
9815 0
9816 1
9817 3
9818 8
9819 11
9820 0
9821 4
9822 7
9823 8
9824 5
9825 17
9826 2
9827 3
9828 4
9829 15
9830 7
9831 4
9832 0
9833 10
9834 5
9835 12
9836 18
9837 3
9838 14
9839 11
9840 13
9841 1
9842 1
9843 1
9844 20
9845 3
9846 6
9847 8
9848 3
9849 12
9850 10
9851 10
9852 2
9853 14
9854 0
9855 11
9856 6
9857 6
9858 1
9859 7
9860 4
9861 2
9862 4
9863 3
9864 2
9865 0
9866 3
9867 2
9868 4
9869 3
9870 2
9871 12
9872 0
9873 0
9874 2
9875 8
9876 13
9877 0
9878 11
9879 2
9880 1
9881 3
9882 9
9883 7
9884 4
9885 7
9886 0
9887 20
9888 7
9889 5
9890 2
9891 10
9892 19
9893 0
9894 19
9895 1
9896 10
9897 8
9898 1
9899 10
9900 15
9901 11
9902 0
9903 1
9904 0
9905 0
9906 20
9907 1
9908 17
9909 5
9910 5
9911 0
9912 3
9913 17
9914 1
9915 20
9916 0
9917 4
9918 4
9919 2
9920 0
9921 0
9922 10
9923 5
9924 1
9925 3
9926 10
9927 3
9928 1
9929 1
9930 0
9931 0
9932 1
9933 6
9934 0
9935 6
9936 0
9937 12
9938 0
9939 6
9940 2
9941 18
9942 7
9943 1
9944 0
9945 4
9946 0
9947 5
9948 12
9949 3
9950 0
9951 4
9952 2
9953 4
9954 5
9955 2
9956 3
9957 3
9958 0
9959 4
9960 11
9961 5
9962 14
9963 7
9964 4
9965 4
9966 2
9967 4
9968 11
9969 9
9970 4
9971 1
9972 15
9973 20
9974 4
9975 9
9976 0
9977 10
9978 19
9979 2
9980 6
9981 11
9982 2
9983 0
9984 0
9985 8
9986 0
9987 1
9988 1
9989 2
9990 11
9991 3
9992 13
9993 0
9994 0
9995 3
9996 0
9997 4
9998 3
9999 1
