0 1
1 2
2 1
3 2
4 1
5 1
6 1
7 1
8 1
9 2
10 2
11 1
12 1
13 2
14 2
15 1
16 1
17 1
18 1
19 1
20 1
21 1
22 1
23 2
24 1
25 2
26 1
27 2
28 2
29 2
30 1
31 2
32 2
33 2
34 1
35 2
36 1
37 2
38 1
39 1
40 2
41 1
42 1
43 1
44 2
45 1
46 1
47 1
48 1
49 1
50 2
51 1
52 2
53 2
54 1
55 2
56 2
57 2
58 1
59 1
60 1
61 2
62 1
63 2
64 1
65 1
66 2
67 2
68 1
69 2
70 2
71 1
72 1
73 1
74 2
75 2
76 1
77 1
78 1
79 1
80 1
81 2
82 1
83 1
84 2
85 2
86 1
87 1
88 1
89 1
90 1
91 2
92 1
93 1
94 1
95 1
96 1
97 1
98 1
99 1
100 1
101 1
102 1
103 2
104 2
105 1
106 1
107 2
108 1
109 1
110 1
111 2
112 2
113 1
114 1
115 2
116 1
117 1
118 1
119 2
120 1
121 1
122 1
123 1
124 1
125 2
126 1
127 2
128 2
129 1
130 1
131 2
132 2
133 1
134 2
135 1
136 1
137 1
138 1
139 2
140 1
141 1
142 2
143 1
144 1
145 2
146 2
147 2
148 1
149 1
150 1
151 1
152 1
153 1
154 1
155 1
156 2
157 2
158 1
159 1
160 1
161 1
162 1
163 1
164 1
165 2
166 1
167 1
168 1
169 2
170 2
171 1
172 1
173 1
174 2
175 2
176 2
177 1
178 1
179 1
180 2
181 1
182 2
183 2
184 1
185 1
186 1
187 1
188 2
189 2
190 1
191 1
192 1
193 1
194 1
195 2
196 1
197 2
198 1
199 1
200 2
201 2
202 1
203 2
204 1
205 1
206 1
207 1
208 1
209 1
210 1
211 2
212 2
213 2
214 1
215 1
216 1
217 1
218 1
219 1
220 2
221 1
222 1
223 1
224 1
225 1
226 1
227 1
228 2
229 1
230 2
231 2
232 1
233 1
234 1
235 1
236 2
237 2
238 2
239 1
240 2
241 2
242 1
243 2
244 1
245 2
246 2
247 2
248 2
249 1
250 1
251 1
252 2
253 1
254 2
255 2
256 2
257 2
258 2
259 2
260 1
261 1
262 2
263 1
264 1
265 1
266 1
267 2
268 1
269 1
270 1
271 1
272 2
273 2
274 1
275 2
276 2
277 2
278 1
279 1
280 1
281 2
282 1
283 1
284 2
285 1
286 1
287 2
288 1
289 1
290 2
291 1
292 2
293 1
294 1
295 2
296 1
297 2
298 2
299 1
300 1
301 2
302 2
303 2
304 1
305 1
306 1
307 2
308 2
309 1
310 1
311 1
312 2
313 2
314 1
315 2
316 2
317 1
318 2
319 1
320 1
321 1
322 1
323 2
324 1
325 2
326 2
327 1
328 1
329 1
330 1
331 2
332 2
333 2
334 2
335 2
336 2
337 1
338 2
339 1
340 2
341 1
342 1
343 1
344 1
345 1
346 1
347 1
348 1
349 1
350 2
351 1
352 1
353 1
354 1
355 1
356 1
357 1
358 1
359 1
360 2
361 1
362 2
363 1
364 1
365 2
366 2
367 1
368 1
369 1
370 1
371 2
372 1
373 2
374 2
375 1
376 1
377 1
378 1
379 1
380 1
381 1
382 2
383 1
384 1
385 2
386 1
387 1
388 2
389 2
390 1
391 2
392 1
393 2
394 2
395 2
396 2
397 2
398 1
399 1
400 1
401 1
402 1
403 2
404 1
405 1
406 2
407 1
408 1
409 2
410 1
411 1
412 1
413 2
414 1
415 1
416 1
417 1
418 2
419 2
420 1
421 1
422 1
423 2
424 1
425 1
426 1
427 1
428 1
429 1
430 1
431 2
432 2
433 1
434 1
435 1
436 1
437 2
438 2
439 2
440 2
441 1
442 2
443 1
444 1
445 1
446 2
447 2
448 1
449 1
450 2
451 1
452 2
453 1
454 2
455 1
456 1
457 1
458 1
459 2
460 2
461 2
462 2
463 1
464 1
465 2
466 1
467 1
468 1
469 2
470 2
471 2
472 1
473 2
474 2
475 2
476 1
477 1
478 2
479 2
480 2
481 1
482 1
483 1
484 2
485 1
486 2
487 1
488 1
489 1
490 1
491 2
492 1
493 2
494 2
495 2
496 1
497 1
498 1
499 2
500 2
501 1
502 2
503 1
504 2
505 1
506 1
507 1
508 2
509 1
510 2
511 1
512 2
513 2
514 1
515 2
516 2
517 2
518 1
519 2
520 1
521 1
522 1
523 1
524 1
525 1
526 2
527 1
528 1
529 1
530 1
531 1
532 2
533 2
534 1
535 2
536 1
537 1
538 1
539 1
540 1
541 2
542 2
543 1
544 1
545 2
546 1
547 1
548 2
549 2
550 1
551 2
552 2
553 1
554 1
555 1
556 1
557 2
558 1
559 2
560 2
561 2
562 2
563 2
564 1
565 2
566 2
567 2
568 1
569 1
570 1
571 2
572 1
573 1
574 1
575 1
576 1
577 1
578 2
579 1
580 1
581 2
582 1
583 1
584 2
585 1
586 2
587 2
588 1
589 1
590 2
591 2
592 2
593 1
594 2
595 1
596 2
597 2
598 1
599 1
600 2
601 1
602 1
603 1
604 1
605 1
606 1
607 1
608 1
609 2
610 1
611 2
612 1
613 1
614 2
615 2
616 2
617 2
618 2
619 2
620 2
621 2
622 1
623 1
624 1
625 1
626 2
627 1
628 2
629 1
630 1
631 1
632 1
633 1
634 1
635 1
636 1
637 1
638 1
639 2
640 1
641 2
642 2
643 2
644 1
645 2
646 1
647 1
648 1
649 1
650 2
651 2
652 1
653 2
654 1
655 2
656 1
657 1
658 2
659 1
660 1
661 2
662 1
663 2
664 1
665 1
666 2
667 1
668 2
669 2
670 2
671 2
672 1
673 1
674 1
675 2
676 1
677 2
678 2
679 1
680 2
681 1
682 1
683 2
684 2
685 1
686 2
687 1
688 1
689 1
690 1
691 1
692 2
693 1
694 1
695 1
696 1
697 2
698 1
699 2
700 2
701 2
702 2
703 2
704 1
705 2
706 1
707 2
708 1
709 2
710 1
711 2
712 2
713 1
714 1
715 2
716 2
717 2
718 2
719 1
720 1
721 2
722 1
723 2
724 2
725 1
726 1
727 2
728 2
729 1
730 2
731 1
732 2
733 1
734 2
735 2
736 2
737 2
738 2
739 2
740 1
741 1
742 2
743 2
744 1
745 1
746 2
747 2
748 2
749 2
750 1
751 2
752 2
753 1
754 1
755 1
756 1
757 2
758 1
759 1
760 1
761 2
762 1
763 1
764 1
765 2
766 1
767 2
768 2
769 1
770 2
771 1
772 2
773 1
774 1
775 2
776 1
777 1
778 2
779 2
780 1
781 2
782 1
783 2
784 2
785 1
786 2
787 1
788 1
789 1
790 2
791 1
792 1
793 2
794 2
795 2
796 2
797 2
798 1
799 1
800 1
801 1
802 1
803 2
804 1
805 2
806 1
807 2
808 2
809 1
810 2
811 2
812 1
813 2
814 1
815 1
816 1
817 2
818 1
819 1
820 1
821 2
822 2
823 1
824 1
825 1
826 2
827 2
828 1
829 2
830 1
831 1
832 2
833 1
834 1
835 2
836 2
837 1
838 1
839 1
840 2
841 1
842 1
843 2
844 1
845 1
846 2
847 2
848 2
849 2
850 2
851 1
852 2
853 1
854 2
855 1
856 1
857 2
858 1
859 1
860 1
861 1
862 1
863 2
864 2
865 1
866 1
867 1
868 1
869 1
870 1
871 1
872 2
873 1
874 1
875 1
876 1
877 2
878 1
879 1
880 1
881 1
882 2
883 1
884 1
885 2
886 1
887 2
888 1
889 1
890 1
891 1
892 1
893 2
894 2
895 2
896 1
897 1
898 1
899 1
900 2
901 2
902 2
903 2
904 1
905 2
906 1
907 1
908 2
909 1
910 2
911 2
912 1
913 1
914 1
915 2
916 1
917 2
918 1
919 2
920 1
921 1
922 2
923 1
924 2
925 1
926 1
927 1
928 2
929 1
930 1
931 1
932 1
933 2
934 1
935 2
936 1
937 1
938 2
939 1
940 1
941 1
942 1
943 1
944 1
945 2
946 1
947 2
948 2
949 2
950 1
951 2
952 2
953 1
954 1
955 1
956 1
957 2
958 1
959 2
960 1
961 2
962 2
963 2
964 1
965 1
966 1
967 1
968 1
969 2
970 1
971 1
972 2
973 2
974 2
975 1
976 2
977 1
978 2
979 2
980 1
981 2
982 1
983 1
984 2
985 2
986 2
987 1
988 2
989 1
990 1
991 2
992 1
993 2
994 1
995 1
996 2
997 1
998 1
999 1
1000 0
1001 0
1002 0
1003 0
1004 0
1005 0
1006 0
1007 3
1008 0
1009 0
1010 0
1011 0
1012 0
1013 0
1014 0
1015 3
1016 0
1017 0
1018 0
1019 0
1020 0
1021 0
1022 0
1023 0
1024 0
1025 0
1026 0
1027 0
1028 0
1029 0
1030 0
1031 3
1032 0
1033 0
1034 0
1035 0
1036 0
1037 0
1038 0
1039 0
1040 3
1041 3
1042 0
1043 3
1044 0
1045 0
1046 0
1047 0
1048 0
1049 3
1050 0
1051 0
1052 0
1053 0
1054 0
1055 0
1056 0
1057 0
1058 0
1059 0
1060 0
1061 0
1062 0
1063 3
1064 3
1065 0
1066 0
1067 3
1068 3
1069 0
1070 0
1071 0
1072 0
1073 0
1074 0
1075 0
1076 0
1077 0
1078 0
1079 0
1080 0
1081 0
1082 0
1083 0
1084 0
1085 0
1086 0
1087 0
1088 0
1089 0
1090 0
1091 0
1092 0
1093 0
1094 0
1095 0
1096 0
1097 0
1098 0
1099 0
1100 0
1101 0
1102 0
1103 0
1104 3
1105 0
1106 0
1107 0
1108 0
1109 0
1110 0
1111 0
1112 0
1113 0
1114 0
1115 0
1116 0
1117 3
1118 0
1119 0
1120 0
1121 0
1122 3
1123 0
1124 0
1125 0
1126 0
1127 0
1128 0
1129 3
1130 0
1131 0
1132 3
1133 0
1134 0
1135 0
1136 0
1137 0
1138 0
1139 0
1140 0
1141 3
1142 0
1143 0
1144 0
1145 0
1146 0
1147 0
1148 3
1149 0
1150 0
1151 0
1152 3
1153 0
1154 0
1155 3
1156 0
1157 0
1158 0
1159 0
1160 0
1161 0
1162 0
1163 0
1164 0
1165 0
1166 0
1167 0
1168 0
1169 3
1170 0
1171 0
1172 0
1173 0
1174 3
1175 0
1176 0
1177 0
1178 0
1179 0
1180 0
1181 0
1182 0
1183 0
1184 0
1185 0
1186 0
1187 0
1188 0
1189 0
1190 0
1191 0
1192 0
1193 3
1194 0
1195 3
1196 0
1197 0
1198 0
1199 0
1200 0
1201 0
1202 3
1203 0
1204 0
1205 0
1206 0
1207 0
1208 0
1209 0
1210 0
1211 3
1212 0
1213 0
1214 0
1215 0
1216 0
1217 0
1218 0
1219 0
1220 0
1221 3
1222 0
1223 0
1224 0
1225 0
1226 0
1227 0
1228 0
1229 0
1230 0
1231 0
1232 3
1233 0
1234 0
1235 0
1236 0
1237 0
1238 0
1239 0
1240 0
1241 0
1242 0
1243 0
1244 0
1245 3
1246 0
1247 0
1248 0
1249 0
1250 0
1251 0
1252 0
1253 0
1254 0
1255 0
1256 0
1257 0
1258 0
1259 3
1260 0
1261 3
1262 0
1263 0
1264 0
1265 0
1266 0
1267 3
1268 0
1269 3
1270 0
1271 0
1272 0
1273 0
1274 0
1275 0
1276 3
1277 0
1278 0
1279 0
1280 0
1281 0
1282 3
1283 0
1284 3
1285 3
1286 0
1287 0
1288 0
1289 0
1290 0
1291 0
1292 0
1293 0
1294 0
1295 0
1296 0
1297 0
1298 0
1299 0
1300 0
1301 0
1302 3
1303 0
1304 0
1305 0
1306 0
1307 3
1308 0
1309 3
1310 0
1311 0
1312 0
1313 0
1314 0
1315 3
1316 3
1317 3
1318 3
1319 0
1320 0
1321 0
1322 3
1323 3
1324 0
1325 0
1326 0
1327 0
1328 3
1329 0
1330 0
1331 0
1332 3
1333 0
1334 0
1335 0
1336 3
1337 0
1338 0
1339 0
1340 3
1341 0
1342 0
1343 0
1344 0
1345 0
1346 0
1347 0
1348 0
1349 0
1350 0
1351 3
1352 0
1353 0
1354 3
1355 3
1356 3
1357 0
1358 0
1359 0
1360 0
1361 0
1362 0
1363 0
1364 3
1365 0
1366 0
1367 0
1368 3
1369 0
1370 0
1371 0
1372 0
1373 0
1374 0
1375 0
1376 0
1377 0
1378 0
1379 0
1380 0
1381 0
1382 0
1383 0
1384 0
1385 0
1386 0
1387 0
1388 0
1389 0
1390 0
1391 0
1392 0
1393 0
1394 0
1395 0
1396 0
1397 0
1398 3
1399 0
1400 0
1401 0
1402 0
1403 0
1404 0
1405 0
1406 0
1407 0
1408 0
1409 0
1410 3
1411 0
1412 3
1413 0
1414 0
1415 0
1416 0
1417 0
1418 0
1419 0
1420 0
1421 0
1422 0
1423 0
1424 0
1425 3
1426 3
1427 0
1428 0
1429 0
1430 0
1431 0
1432 0
1433 0
1434 0
1435 3
1436 0
1437 0
1438 0
1439 0
1440 0
1441 3
1442 0
1443 0
1444 0
1445 0
1446 0
1447 0
1448 0
1449 0
1450 0
1451 0
1452 0
1453 0
1454 3
1455 0
1456 3
1457 3
1458 0
1459 3
1460 0
1461 0
1462 0
1463 0
1464 0
1465 0
1466 0
1467 0
1468 0
1469 0
1470 0
1471 0
1472 0
1473 0
1474 0
1475 0
1476 0
1477 0
1478 0
1479 0
1480 0
1481 0
1482 3
1483 0
1484 0
1485 3
1486 0
1487 0
1488 0
1489 0
1490 0
1491 0
1492 3
1493 0
1494 0
1495 0
1496 0
1497 0
1498 0
1499 0
1500 0
1501 3
1502 0
1503 0
1504 3
1505 3
1506 0
1507 0
1508 0
1509 0
1510 3
1511 3
1512 3
1513 0
1514 0
1515 0
1516 0
1517 0
1518 0
1519 0
1520 0
1521 0
1522 0
1523 0
1524 0
1525 0
1526 0
1527 0
1528 3
1529 0
1530 0
1531 0
1532 0
1533 0
1534 0
1535 0
1536 0
1537 0
1538 0
1539 0
1540 0
1541 0
1542 0
1543 0
1544 0
1545 0
1546 3
1547 3
1548 0
1549 3
1550 0
1551 0
1552 0
1553 0
1554 0
1555 3
1556 3
1557 0
1558 0
1559 0
1560 0
1561 3
1562 0
1563 0
1564 0
1565 0
1566 0
1567 0
1568 0
1569 3
1570 3
1571 0
1572 0
1573 0
1574 3
1575 0
1576 0
1577 3
1578 0
1579 3
1580 0
1581 0
1582 0
1583 3
1584 0
1585 3
1586 0
1587 3
1588 0
1589 3
1590 0
1591 3
1592 3
1593 0
1594 0
1595 0
1596 3
1597 3
1598 3
1599 0
1600 0
1601 0
1602 0
1603 0
1604 0
1605 0
1606 0
1607 0
1608 0
1609 0
1610 0
1611 0
1612 0
1613 0
1614 3
1615 0
1616 0
1617 0
1618 0
1619 0
1620 0
1621 0
1622 0
1623 3
1624 0
1625 0
1626 0
1627 0
1628 0
1629 3
1630 0
1631 0
1632 0
1633 0
1634 0
1635 0
1636 3
1637 0
1638 0
1639 0
1640 3
1641 0
1642 0
1643 0
1644 0
1645 3
1646 0
1647 0
1648 0
1649 0
1650 3
1651 0
1652 0
1653 0
1654 0
1655 0
1656 3
1657 0
1658 0
1659 0
1660 0
1661 0
1662 0
1663 0
1664 3
1665 0
1666 0
1667 0
1668 0
1669 0
1670 0
1671 0
1672 0
1673 0
1674 0
1675 3
1676 0
1677 0
1678 0
1679 3
1680 3
1681 0
1682 0
1683 3
1684 0
1685 0
1686 0
1687 0
1688 0
1689 0
1690 0
1691 0
1692 3
1693 0
1694 0
1695 0
1696 0
1697 0
1698 3
1699 0
1700 3
1701 0
1702 0
1703 0
1704 3
1705 0
1706 0
1707 3
1708 0
1709 0
1710 0
1711 0
1712 0
1713 0
1714 3
1715 0
1716 0
1717 0
1718 0
1719 0
1720 0
1721 3
1722 3
1723 0
1724 0
1725 0
1726 0
1727 0
1728 0
1729 0
1730 0
1731 0
1732 0
1733 0
1734 0
1735 0
1736 3
1737 0
1738 0
1739 0
1740 0
1741 0
1742 0
1743 0
1744 0
1745 0
1746 0
1747 0
1748 0
1749 0
1750 0
1751 0
1752 0
1753 0
1754 3
1755 0
1756 0
1757 0
1758 0
1759 0
1760 0
1761 0
1762 0
1763 0
1764 0
1765 0
1766 0
1767 0
1768 3
1769 0
1770 0
1771 3
1772 0
1773 0
1774 0
1775 3
1776 0
1777 0
1778 0
1779 0
1780 3
1781 0
1782 3
1783 0
1784 0
1785 0
1786 0
1787 0
1788 3
1789 0
1790 0
1791 0
1792 0
1793 0
1794 0
1795 0
1796 0
1797 0
1798 0
1799 3
1800 3
1801 3
1802 3
1803 0
1804 0
1805 3
1806 3
1807 0
1808 0
1809 0
1810 0
1811 0
1812 0
1813 0
1814 0
1815 0
1816 0
1817 0
1818 3
1819 3
1820 0
1821 0
1822 0
1823 3
1824 3
1825 0
1826 3
1827 0
1828 0
1829 3
1830 0
1831 0
1832 0
1833 0
1834 0
1835 0
1836 3
1837 0
1838 0
1839 0
1840 0
1841 0
1842 0
1843 0
1844 3
1845 3
1846 0
1847 0
1848 0
1849 0
1850 0
1851 0
1852 0
1853 0
1854 0
1855 0
1856 0
1857 0
1858 0
1859 0
1860 0
1861 3
1862 0
1863 3
1864 3
1865 0
1866 3
1867 3
1868 0
1869 0
1870 0
1871 3
1872 0
1873 0
1874 0
1875 0
1876 0
1877 0
1878 0
1879 0
1880 0
1881 0
1882 0
1883 0
1884 0
1885 0
1886 0
1887 0
1888 0
1889 0
1890 0
1891 0
1892 0
1893 0
1894 0
1895 0
1896 0
1897 0
1898 3
1899 3
1900 0
1901 0
1902 0
1903 0
1904 0
1905 0
1906 0
1907 0
1908 0
1909 3
1910 0
1911 0
1912 3
1913 0
1914 0
1915 0
1916 0
1917 0
1918 0
1919 0
1920 0
1921 0
1922 0
1923 0
1924 0
1925 0
1926 0
1927 0
1928 3
1929 0
1930 0
1931 0
1932 0
1933 3
1934 0
1935 0
1936 3
1937 0
1938 0
1939 0
1940 0
1941 0
1942 0
1943 0
1944 0
1945 0
1946 0
1947 0
1948 0
1949 0
1950 0
1951 0
1952 0
1953 0
1954 0
1955 0
1956 0
1957 0
1958 0
1959 0
1960 0
1961 0
1962 0
1963 0
1964 0
1965 0
1966 0
1967 3
1968 0
1969 0
1970 0
1971 0
1972 0
1973 0
1974 0
1975 0
1976 0
1977 0
1978 0
1979 0
1980 3
1981 0
1982 0
1983 0
1984 0
1985 0
1986 0
1987 0
1988 0
1989 0
1990 0
1991 3
1992 0
1993 0
1994 0
1995 0
1996 0
1997 0
1998 0
1999 0
