0 97
1 87
2 180
3 153
4 233
5 253
6 64
7 106
8 110
9 272
10 198
11 184
12 88
13 224
14 47
15 40
16 151
17 181
18 155
19 198
20 154
21 39
22 277
23 16
24 79
25 146
26 67
27 0
28 205
29 291
30 269
31 184
32 82
33 8
34 8
35 284
36 195
37 155
38 232
39 153
40 213
41 215
42 28
43 83
44 274
45 80
46 46
47 182
48 35
49 245
50 119
51 183
52 160
53 183
54 229
55 33
56 36
57 71
58 116
59 282
60 183
61 37
62 93
63 213
64 146
65 74
66 84
67 138
68 17
69 0
70 146
71 215
72 279
73 284
74 183
75 187
76 61
77 148
78 48
79 47
80 278
81 254
82 37
83 139
84 17
85 157
86 192
87 66
88 205
89 123
90 226
91 165
92 175
93 230
94 219
95 61
96 29
97 37
98 167
99 287
100 2
101 2
102 291
103 49
104 83
105 88
106 37
107 20
108 105
109 17
110 195
111 6
112 84
113 247
114 161
115 132
116 121
117 209
118 62
119 291
120 258
121 50
122 252
123 85
124 86
125 216
126 274
127 154
128 231
129 253
130 156
131 184
132 103
133 17
134 165
135 290
136 220
137 106
138 289
139 205
140 94
141 155
142 117
143 183
144 51
145 113
146 287
147 213
148 120
149 161
150 52
151 269
152 102
153 25
154 0
155 14
156 253
157 170
158 251
159 87
160 180
161 205
162 259
163 120
164 143
165 260
166 81
167 157
168 134
169 263
170 205
171 217
172 110
173 235
174 144
175 30
176 87
177 193
178 166
179 99
180 221
181 1
182 209
183 41
184 206
185 118
186 145
187 3
188 194
189 129
190 38
191 51
192 117
193 158
194 120
195 285
196 287
197 41
198 2
199 34
200 63
201 155
202 249
203 264
204 134
205 267
206 217
207 249
208 175
209 285
210 167
211 6
212 206
213 264
214 274
215 161
216 136
217 102
218 282
219 194
220 101
221 186
222 162
223 50
224 84
225 204
226 53
227 167
228 231
229 28
230 146
231 195
232 119
233 36
234 16
235 54
236 170
237 288
238 94
239 48
240 210
241 4
242 111
243 106
244 205
245 42
246 273
247 165
248 145
249 289
250 7
251 275
252 234
253 101
254 10
255 200
256 276
257 283
258 274
259 155
260 222
261 167
262 6
263 183
264 46
265 213
266 264
267 107
268 53
269 68
270 31
271 25
272 117
273 176
274 205
275 53
276 272
277 20
278 145
279 212
280 36
281 84
282 54
283 264
284 194
285 71
286 122
287 99
288 51
289 135
290 6
291 222
292 51
293 9
294 120
295 200
296 74
297 239
298 192
299 25
300 246
301 155
302 7
303 145
304 206
305 120
306 93
307 170
308 47
309 64
310 214
311 267
312 194
313 103
314 124
315 178
316 167
317 271
318 102
319 14
320 240
321 172
322 205
323 284
324 75
325 219
326 52
327 167
328 105
329 205
330 4
331 113
332 201
333 159
334 290
335 33
336 279
337 267
338 8
339 138
340 48
341 117
342 10
343 162
344 99
345 279
346 44
347 222
348 93
349 31
350 38
351 132
352 271
353 20
354 221
355 175
356 60
357 123
358 139
359 7
360 125
361 6
362 291
363 144
364 172
365 4
366 271
367 55
368 225
369 82
370 97
371 282
372 93
373 280
374 126
375 143
376 0
377 205
378 100
379 253
380 56
381 241
382 73
383 75
384 187
385 36
386 134
387 62
388 204
389 134
390 47
391 229
392 44
393 0
394 281
395 231
396 290
397 175
398 161
399 74
400 176
401 246
402 84
403 255
404 185
405 197
406 215
407 231
408 101
409 163
410 15
411 43
412 245
413 212
414 130
415 89
416 178
417 229
418 241
419 187
420 119
421 30
422 143
423 38
424 136
425 221
426 10
427 284
428 136
429 93
430 276
431 283
432 6
433 134
434 29
435 45
436 284
437 31
438 167
439 264
440 41
441 77
442 266
443 188
444 167
445 185
446 15
447 2
448 249
449 84
450 216
451 91
452 223
453 14
454 274
455 253
456 246
457 182
458 129
459 119
460 56
461 230
462 159
463 93
464 268
465 236
466 254
467 143
468 135
469 241
470 221
471 245
472 33
473 48
474 256
475 28
476 189
477 251
478 145
479 129
480 0
481 17
482 5
483 107
484 93
485 61
486 162
487 237
488 108
489 206
490 165
491 214
492 246
493 135
494 14
495 117
496 134
497 93
498 230
499 109
500 229
501 183
502 248
503 10
504 147
505 109
506 109
507 177
508 47
509 239
510 74
511 200
512 106
513 179
514 177
515 222
516 101
517 201
518 187
519 212
520 291
521 52
522 47
523 28
524 224
525 19
526 110
527 192
528 205
529 1
530 23
531 19
532 85
533 61
534 61
535 135
536 196
537 16
538 129
539 60
540 73
541 276
542 241
543 188
544 81
545 51
546 134
547 113
548 216
549 260
550 86
551 264
552 122
553 251
554 125
555 120
556 98
557 275
558 223
559 208
560 2
561 239
562 119
563 214
564 260
565 35
566 32
567 257
568 122
569 230
570 163
571 155
572 104
573 275
574 224
575 9
576 160
577 106
578 5
579 247
580 267
581 179
582 287
583 234
584 197
585 168
586 52
587 155
588 146
589 228
590 103
591 192
592 46
593 68
594 148
595 16
596 42
597 263
598 215
599 131
600 135
601 269
602 246
603 11
604 185
605 76
606 17
607 75
608 223
609 19
610 285
611 44
612 261
613 208
614 41
615 229
616 221
617 291
618 78
619 185
620 17
621 76
622 234
623 161
624 21
625 194
626 260
627 6
628 145
629 239
630 151
631 28
632 287
633 148
634 17
635 126
636 97
637 193
638 215
639 218
640 253
641 2
642 174
643 28
644 124
645 155
646 275
647 252
648 262
649 25
650 251
651 43
652 158
653 283
654 14
655 190
656 93
657 212
658 42
659 103
660 16
661 268
662 14
663 87
664 205
665 51
666 227
667 228
668 229
669 71
670 201
671 175
672 110
673 57
674 39
675 164
676 83
677 20
678 190
679 190
680 47
681 213
682 132
683 66
684 165
685 260
686 155
687 75
688 283
689 267
690 258
691 291
692 0
693 68
694 47
695 236
696 47
697 127
698 278
699 139
700 115
701 287
702 125
703 118
704 219
705 130
706 276
707 91
708 102
709 41
710 240
711 155
712 197
713 155
714 246
715 38
716 238
717 226
718 134
719 237
720 237
721 46
722 36
723 41
724 188
725 132
726 276
727 241
728 89
729 203
730 71
731 175
732 200
733 134
734 47
735 21
736 41
737 47
738 229
739 142
740 188
741 223
742 199
743 155
744 109
745 126
746 268
747 231
748 265
749 51
750 243
751 15
752 87
753 167
754 43
755 121
756 171
757 148
758 91
759 91
760 0
761 135
762 148
763 111
764 290
765 10
766 200
767 101
768 165
769 23
770 207
771 16
772 171
773 253
774 20
775 159
776 259
777 234
778 0
779 78
780 28
781 4
782 159
783 103
784 185
785 158
786 31
787 223
788 237
789 104
790 206
791 85
792 91
793 52
794 50
795 123
796 74
797 204
798 31
799 43
800 32
801 68
802 268
803 3
804 271
805 197
806 134
807 274
808 213
809 213
810 132
811 102
812 203
813 237
814 52
815 17
816 119
817 86
818 16
819 255
820 103
821 267
822 155
823 163
824 140
825 166
826 271
827 2
828 163
829 37
830 17
831 241
832 286
833 167
834 159
835 145
836 234
837 42
838 93
839 230
840 90
841 242
842 6
843 275
844 271
845 166
846 221
847 264
848 163
849 157
850 133
851 165
852 82
853 221
854 263
855 256
856 59
857 132
858 237
859 246
860 188
861 143
862 253
863 149
864 143
865 145
866 280
867 100
868 99
869 47
870 274
871 177
872 163
873 129
874 174
875 13
876 105
877 25
878 132
879 188
880 42
881 184
882 192
883 165
884 209
885 237
886 264
887 234
888 51
889 82
890 199
891 166
892 120
893 25
894 253
895 161
896 185
897 48
898 51
899 137
900 127
901 185
902 226
903 212
904 188
905 276
906 234
907 268
908 132
909 134
910 273
911 260
912 234
913 99
914 264
915 276
916 246
917 124
918 61
919 25
920 165
921 132
922 44
923 213
924 29
925 264
926 84
927 278
928 145
929 253
930 102
931 225
932 163
933 192
934 131
935 234
936 165
937 196
938 195
939 114
940 44
941 66
942 134
943 229
944 244
945 256
946 161
947 119
948 20
949 266
950 8
951 73
952 275
953 275
954 14
955 239
956 268
957 200
958 213
959 250
960 287
961 129
962 251
963 77
964 129
965 276
966 188
967 77
968 267
969 103
970 223
971 242
972 132
973 132
974 239
975 6
976 287
977 41
978 71
979 49
980 267
981 86
982 209
983 103
984 41
985 119
986 251
987 10
988 86
989 79
990 119
991 119
992 86
993 99
994 51
995 253
996 260
997 254
998 129
999 247
1000 155
1001 253
1002 209
1003 208
1004 45
1005 141
1006 277
1007 291
1008 214
1009 223
1010 230
1011 28
1012 145
1013 175
1014 129
1015 28
1016 17
1017 218
1018 103
1019 132
1020 217
1021 20
1022 155
1023 85
1024 85
1025 148
1026 276
1027 67
1028 213
1029 136
1030 36
1031 43
1032 52
1033 25
1034 147
1035 113
1036 253
1037 183
1038 284
1039 44
1040 142
1041 59
1042 79
1043 233
1044 126
1045 192
1046 276
1047 159
1048 205
1049 210
1050 213
1051 44
1052 85
1053 155
1054 178
1055 89
1056 264
1057 33
1058 172
1059 271
1060 151
1061 17
1062 20
1063 255
1064 222
1065 278
1066 71
1067 163
1068 6
1069 220
1070 50
1071 56
1072 111
1073 197
1074 215
1075 198
1076 2
1077 97
1078 165
1079 155
1080 10
1081 40
1082 58
1083 52
1084 260
1085 183
1086 75
1087 247
1088 40
1089 37
1090 234
1091 274
1092 124
1093 84
1094 274
1095 93
1096 175
1097 179
1098 43
1099 1
1100 145
1101 36
1102 253
1103 221
1104 234
1105 242
1106 113
1107 245
1108 155
1109 267
1110 141
1111 60
1112 238
1113 60
1114 10
1115 148
1116 6
1117 272
1118 67
1119 281
1120 118
1121 81
1122 51
1123 43
1124 229
1125 85
1126 212
1127 97
1128 195
1129 267
1130 197
1131 243
1132 91
1133 267
1134 288
1135 291
1136 41
1137 98
1138 288
1139 170
1140 50
1141 170
1142 190
1143 194
1144 109
1145 267
1146 43
1147 132
1148 275
1149 218
1150 29
1151 10
1152 82
1153 222
1154 4
1155 272
1156 135
1157 209
1158 125
1159 165
1160 41
1161 25
1162 74
1163 198
1164 204
1165 151
1166 101
1167 155
1168 239
1169 10
1170 130
1171 277
1172 71
1173 277
1174 45
1175 155
1176 84
1177 46
1178 132
1179 251
1180 202
1181 31
1182 284
1183 10
1184 79
1185 118
1186 266
1187 197
1188 45
1189 264
1190 45
1191 260
1192 91
1193 201
1194 253
1195 125
1196 215
1197 237
1198 234
1199 178
1200 245
1201 134
1202 43
1203 277
1204 179
1205 235
1206 25
1207 197
1208 277
1209 276
1210 69
1211 51
1212 194
1213 93
1214 115
1215 14
1216 164
1217 100
1218 61
1219 142
1220 145
1221 276
1222 255
1223 142
1224 268
1225 200
1226 167
1227 117
1228 212
1229 178
1230 202
1231 51
1232 103
1233 162
1234 267
1235 42
1236 246
1237 240
1238 45
1239 42
1240 145
1241 252
1242 145
1243 266
1244 113
1245 113
1246 100
1247 136
1248 183
1249 32
1250 244
1251 71
1252 264
1253 74
1254 149
1255 74
1256 241
1257 276
1258 252
1259 20
1260 225
1261 160
1262 188
1263 15
1264 233
1265 201
1266 74
1267 268
1268 79
1269 50
1270 13
1271 283
1272 237
1273 99
1274 145
1275 94
1276 205
1277 43
1278 172
1279 43
1280 126
1281 85
1282 43
1283 15
1284 204
1285 204
1286 150
1287 229
1288 237
1289 15
1290 237
1291 212
1292 200
1293 99
1294 147
1295 25
1296 237
1297 155
1298 222
1299 15
1300 4
1301 10
1302 246
1303 51
1304 147
1305 185
1306 46
1307 86
1308 165
1309 2
1310 84
1311 89
1312 188
1313 238
1314 3
1315 44
1316 158
1317 185
1318 171
1319 213
1320 31
1321 241
1322 246
1323 253
1324 85
1325 241
1326 138
1327 200
1328 29
1329 260
1330 45
1331 246
1332 61
1333 244
1334 287
1335 110
1336 221
1337 136
1338 267
1339 37
1340 38
1341 17
1342 51
1343 288
1344 160
1345 241
1346 249
1347 275
1348 16
1349 100
1350 93
1351 7
1352 187
1353 248
1354 256
1355 51
1356 256
1357 119
1358 196
1359 73
1360 200
1361 253
1362 188
1363 73
1364 166
1365 155
1366 188
1367 15
1368 15
1369 25
1370 188
1371 217
1372 119
1373 283
1374 232
1375 93
1376 47
1377 76
1378 163
1379 68
1380 157
1381 109
1382 133
1383 251
1384 268
1385 93
1386 75
1387 232
1388 170
1389 277
1390 287
1391 240
1392 83
1393 188
1394 31
1395 165
1396 204
1397 61
1398 239
1399 210
1400 44
1401 263
1402 134
1403 240
1404 231
1405 47
1406 253
1407 238
1408 224
1409 220
1410 15
1411 160
1412 138
1413 51
1414 246
1415 15
1416 276
1417 195
1418 122
1419 231
1420 143
1421 31
1422 234
1423 263
1424 145
1425 0
1426 156
1427 89
1428 260
1429 163
1430 31
1431 61
1432 253
1433 134
1434 231
1435 270
1436 220
1437 227
1438 4
1439 288
1440 2
1441 47
1442 150
1443 79
1444 264
1445 45
1446 86
1447 202
1448 14
1449 93
1450 14
1451 227
1452 252
1453 228
1454 113
1455 212
1456 31
1457 52
1458 15
1459 14
1460 79
1461 264
1462 14
1463 173
1464 284
1465 6
1466 200
1467 164
1468 21
1469 17
1470 157
1471 33
1472 200
1473 134
1474 231
1475 91
1476 284
1477 136
1478 230
1479 239
1480 255
1481 47
1482 135
1483 286
1484 222
1485 162
1486 17
1487 87
1488 38
1489 230
1490 206
1491 136
1492 89
1493 165
1494 44
1495 66
1496 79
1497 118
1498 10
1499 32
1500 41
1501 260
1502 44
1503 200
1504 20
1505 14
1506 7
1507 28
1508 270
1509 168
1510 89
1511 246
1512 97
1513 268
1514 183
1515 135
1516 14
1517 86
1518 111
1519 97
1520 251
1521 160
1522 13
1523 10
1524 275
1525 48
1526 147
1527 155
1528 151
1529 36
1530 198
1531 148
1532 52
1533 60
1534 234
1535 239
1536 262
1537 80
1538 60
1539 105
1540 183
1541 147
1542 193
1543 150
1544 79
1545 100
1546 82
1547 274
1548 38
1549 86
1550 46
1551 109
1552 286
1553 267
1554 255
1555 100
1556 279
1557 158
1558 218
1559 82
1560 184
1561 251
1562 37
1563 289
1564 134
1565 98
1566 26
1567 190
1568 50
1569 239
1570 85
1571 32
1572 245
1573 183
1574 41
1575 264
1576 159
1577 230
1578 16
1579 36
1580 85
1581 190
1582 154
1583 129
1584 74
1585 175
1586 113
1587 173
1588 79
1589 91
1590 260
1591 212
1592 106
1593 266
1594 125
1595 74
1596 267
1597 256
1598 129
1599 60
1600 3
1601 15
1602 216
1603 125
1604 44
1605 251
1606 100
1607 242
1608 242
1609 282
1610 113
1611 287
1612 46
1613 57
1614 228
1615 85
1616 26
1617 282
1618 156
1619 163
1620 155
1621 260
1622 216
1623 271
1624 264
1625 115
1626 262
1627 287
1628 51
1629 258
1630 246
1631 283
1632 290
1633 267
1634 286
1635 46
1636 166
1637 234
1638 268
1639 166
1640 28
1641 287
1642 267
1643 164
1644 21
1645 287
1646 267
1647 112
1648 78
1649 245
1650 231
1651 222
1652 288
1653 274
1654 0
1655 7
1656 41
1657 231
1658 166
1659 2
1660 150
1661 124
1662 41
1663 175
1664 51
1665 61
1666 50
1667 23
1668 260
1669 252
1670 101
1671 275
1672 98
1673 120
1674 10
1675 25
1676 156
1677 150
1678 290
1679 248
1680 71
1681 128
1682 136
1683 158
1684 212
1685 269
1686 138
1687 234
1688 142
1689 75
1690 51
1691 242
1692 50
1693 51
1694 15
1695 281
1696 39
1697 193
1698 275
1699 10
1700 264
1701 65
1702 280
1703 6
1704 117
1705 170
1706 115
1707 2
1708 82
1709 24
1710 100
1711 271
1712 234
1713 164
1714 51
1715 164
1716 19
1717 234
1718 59
1719 177
1720 2
1721 264
1722 165
1723 273
1724 129
1725 193
1726 211
1727 170
1728 48
1729 10
1730 206
1731 51
1732 18
1733 196
1734 154
1735 4
1736 220
1737 28
1738 10
1739 198
1740 241
1741 18
1742 88
1743 101
1744 268
1745 18
1746 52
1747 111
1748 169
1749 55
1750 167
1751 245
1752 77
1753 99
1754 273
1755 213
1756 282
1757 86
1758 12
1759 103
1760 135
1761 47
1762 36
1763 119
1764 188
1765 134
1766 223
1767 171
1768 237
1769 133
1770 34
1771 237
1772 205
1773 141
1774 265
1775 36
1776 51
1777 272
1778 239
1779 204
1780 275
1781 230
1782 276
1783 278
1784 74
1785 227
1786 251
1787 12
1788 269
1789 197
1790 75
1791 145
1792 12
1793 18
1794 230
1795 288
1796 245
1797 188
1798 155
1799 10
1800 154
1801 37
1802 119
1803 205
1804 108
1805 31
1806 222
1807 260
1808 27
1809 25
1810 200
1811 142
1812 260
1813 16
1814 163
1815 92
1816 41
1817 46
1818 197
1819 197
1820 270
1821 16
1822 221
1823 200
1824 221
1825 102
1826 87
1827 79
1828 212
1829 64
1830 217
1831 46
1832 147
1833 269
1834 47
1835 163
1836 200
1837 32
1838 93
1839 119
1840 192
1841 221
1842 74
1843 252
1844 241
1845 255
1846 171
1847 145
1848 238
1849 132
1850 92
1851 14
1852 81
1853 160
1854 246
1855 83
1856 148
1857 110
1858 185
1859 264
1860 86
1861 134
1862 26
1863 185
1864 175
1865 181
1866 123
1867 236
1868 230
1869 205
1870 209
1871 60
1872 132
1873 132
1874 134
1875 44
1876 23
1877 10
1878 279
1879 267
1880 50
1881 103
1882 188
1883 234
1884 278
1885 136
1886 14
1887 187
1888 141
1889 77
1890 75
1891 154
1892 28
1893 51
1894 11
1895 202
1896 7
1897 165
1898 122
1899 50
1900 269
1901 239
1902 100
1903 277
1904 14
1905 288
1906 202
1907 17
1908 246
1909 264
1910 44
1911 126
1912 267
1913 207
1914 241
1915 262
1916 239
1917 14
1918 165
1919 105
1920 241
1921 14
1922 239
1923 96
1924 224
1925 272
1926 256
1927 73
1928 68
1929 126
1930 276
1931 241
1932 86
1933 234
1934 200
1935 25
1936 268
1937 235
1938 13
1939 31
1940 93
1941 98
1942 241
1943 25
1944 155
1945 155
1946 41
1947 120
1948 188
1949 175
1950 185
1951 31
1952 66
1953 246
1954 37
1955 79
1956 276
1957 155
1958 125
1959 87
1960 289
1961 108
1962 96
1963 284
1964 276
1965 69
1966 253
1967 253
1968 244
1969 276
1970 15
1971 175
1972 196
1973 126
1974 79
1975 246
1976 48
1977 182
1978 237
1979 96
1980 105
1981 183
1982 28
1983 46
1984 50
1985 179
1986 128
1987 223
1988 47
1989 142
1990 279
1991 288
1992 84
1993 43
1994 246
1995 155
1996 237
1997 237
1998 288
1999 15
2000 266
2001 61
2002 74
2003 251
2004 53
2005 248
2006 17
2007 226
2008 9
2009 4
2010 276
2011 155
2012 119
2013 185
2014 81
2015 200
2016 72
2017 256
2018 79
2019 276
2020 9
2021 264
2022 29
2023 251
2024 61
2025 268
2026 172
2027 25
2028 256
2029 82
2030 61
2031 136
2032 19
2033 251
2034 159
2035 37
2036 251
2037 110
2038 43
2039 7
2040 190
2041 134
2042 75
2043 145
2044 124
2045 275
2046 288
2047 198
2048 197
2049 16
2050 129
2051 174
2052 44
2053 232
2054 130
2055 155
2056 93
2057 117
2058 277
2059 213
2060 106
2061 250
2062 113
2063 26
2064 218
2065 122
2066 143
2067 135
2068 205
2069 135
2070 46
2071 188
2072 239
2073 112
2074 79
2075 86
2076 120
2077 99
2078 146
2079 163
2080 183
2081 113
2082 130
2083 84
2084 164
2085 26
2086 212
2087 78
2088 245
2089 175
2090 188
2091 106
2092 79
2093 45
2094 239
2095 71
2096 84
2097 179
2098 234
2099 171
2100 16
2101 128
2102 245
2103 271
2104 135
2105 10
2106 85
2107 145
2108 247
2109 239
2110 215
2111 223
2112 287
2113 96
2114 171
2115 10
2116 135
2117 246
2118 136
2119 147
2120 79
2121 115
2122 167
2123 219
2124 122
2125 60
2126 287
2127 256
2128 93
2129 38
2130 141
2131 287
2132 79
2133 43
2134 165
2135 214
2136 286
2137 0
2138 46
2139 205
2140 285
2141 160
2142 103
2143 187
2144 175
2145 176
2146 10
2147 164
2148 269
2149 43
2150 93
2151 60
2152 60
2153 43
2154 43
2155 83
2156 145
2157 258
2158 208
2159 10
2160 14
2161 211
2162 270
2163 155
2164 37
2165 166
2166 185
2167 271
2168 223
2169 209
2170 167
2171 209
2172 216
2173 214
2174 272
2175 169
2176 194
2177 154
2178 269
2179 172
2180 167
2181 6
2182 2
2183 69
2184 19
2185 234
2186 201
2187 32
2188 154
2189 144
2190 207
2191 120
2192 284
2193 239
2194 227
2195 281
2196 194
2197 170
2198 241
2199 136
2200 116
2201 174
2202 219
2203 173
2204 277
2205 284
2206 89
2207 163
2208 116
2209 91
2210 250
2211 159
2212 10
2213 117
2214 264
2215 190
2216 104
2217 274
2218 95
2219 212
2220 85
2221 235
2222 255
2223 79
2224 47
2225 129
2226 91
2227 43
2228 138
2229 273
2230 210
2231 250
2232 248
2233 254
2234 138
2235 221
2236 224
2237 239
2238 29
2239 229
2240 47
2241 97
2242 33
2243 123
2244 155
2245 217
2246 285
2247 276
2248 130
2249 47
2250 287
2251 166
2252 12
2253 234
2254 251
2255 103
2256 33
2257 260
2258 79
2259 253
2260 88
2261 68
2262 50
2263 200
2264 234
2265 51
2266 35
2267 95
2268 72
2269 103
2270 93
2271 103
2272 212
2273 232
2274 41
2275 140
2276 223
2277 36
2278 240
2279 233
2280 267
2281 237
2282 131
2283 165
2284 15
2285 197
2286 135
2287 165
2288 211
2289 110
2290 275
2291 146
2292 171
2293 28
2294 62
2295 188
2296 16
2297 43
2298 205
2299 51
2300 31
2301 94
2302 206
2303 100
2304 102
2305 15
2306 103
2307 165
2308 62
2309 282
2310 229
2311 237
2312 127
2313 280
2314 199
2315 47
2316 119
2317 79
2318 0
2319 188
2320 86
2321 165
2322 165
2323 97
2324 113
2325 155
2326 254
2327 203
2328 269
2329 205
2330 103
2331 254
2332 197
2333 269
2334 201
2335 2
2336 41
2337 47
2338 110
2339 89
2340 69
2341 50
2342 46
2343 83
2344 165
2345 260
2346 171
2347 137
2348 206
2349 84
2350 148
2351 84
2352 267
2353 10
2354 289
2355 155
2356 269
2357 93
2358 241
2359 175
2360 223
2361 14
2362 30
2363 267
2364 251
2365 6
2366 237
2367 126
2368 241
2369 247
2370 119
2371 100
2372 159
2373 16
2374 25
2375 38
2376 73
2377 74
2378 163
2379 260
2380 14
2381 123
2382 242
2383 269
2384 10
2385 179
2386 17
2387 163
2388 215
2389 276
2390 289
2391 204
2392 132
2393 164
2394 110
2395 246
2396 145
2397 74
2398 212
2399 143
2400 175
2401 82
2402 82
2403 237
2404 54
2405 241
2406 47
2407 134
2408 140
2409 10
2410 204
2411 84
2412 51
2413 194
2414 263
2415 94
2416 177
2417 269
2418 78
2419 186
2420 179
2421 267
2422 274
2423 61
2424 168
2425 234
2426 236
2427 34
2428 132
2429 174
2430 124
2431 79
2432 234
2433 134
2434 268
2435 25
2436 248
2437 200
2438 281
2439 117
2440 44
2441 23
2442 15
2443 73
2444 15
2445 268
2446 166
2447 47
2448 238
2449 130
2450 25
2451 10
2452 10
2453 119
2454 31
2455 10
2456 267
2457 8
2458 31
2459 214
2460 157
2461 252
2462 175
2463 73
2464 91
2465 86
2466 51
2467 241
2468 253
2469 245
2470 31
2471 79
2472 36
2473 268
2474 145
2475 47
2476 25
2477 164
2478 25
2479 82
2480 241
2481 52
2482 41
2483 194
2484 214
2485 15
2486 85
2487 62
2488 115
2489 46
2490 165
2491 47
2492 31
2493 44
2494 237
2495 6
2496 207
2497 93
2498 32
2499 14
2500 103
2501 78
2502 103
2503 163
2504 25
2505 157
2506 165
2507 237
2508 156
2509 129
2510 99
2511 93
2512 188
2513 133
2514 264
2515 13
2516 10
2517 25
2518 260
2519 141
2520 239
2521 202
2522 132
2523 76
2524 6
2525 74
2526 246
2527 5
2528 74
2529 82
2530 5
2531 103
2532 233
2533 134
2534 264
2535 168
2536 241
2537 134
2538 237
2539 243
2540 134
2541 25
2542 25
2543 204
2544 99
2545 231
2546 170
2547 204
2548 256
2549 61
2550 36
2551 258
2552 279
2553 147
2554 201
2555 165
2556 188
2557 204
2558 28
2559 189
2560 174
2561 179
2562 146
2563 204
2564 147
2565 174
2566 179
2567 62
2568 248
2569 155
2570 205
2571 197
2572 135
2573 155
2574 231
2575 177
2576 202
2577 114
2578 69
2579 235
2580 269
2581 52
2582 176
2583 2
2584 223
2585 41
2586 41
2587 43
2588 200
2589 213
2590 94
2591 197
2592 289
2593 162
2594 238
2595 155
2596 109
2597 185
2598 223
2599 85
2600 215
2601 267
2602 230
2603 201
2604 17
2605 268
2606 81
2607 32
2608 56
2609 256
2610 106
2611 36
2612 175
2613 84
2614 40
2615 187
2616 94
2617 214
2618 160
2619 20
2620 209
2621 222
2622 44
2623 79
2624 182
2625 129
2626 260
2627 109
2628 165
2629 285
2630 169
2631 79
2632 260
2633 166
2634 187
2635 266
2636 97
2637 60
2638 165
2639 72
2640 79
2641 103
2642 143
2643 143
2644 150
2645 165
2646 82
2647 85
2648 20
2649 110
2650 188
2651 65
2652 48
2653 99
2654 223
2655 79
2656 15
2657 261
2658 217
2659 171
2660 31
2661 103
2662 3
2663 144
2664 186
2665 183
2666 198
2667 264
2668 280
2669 187
2670 146
2671 286
2672 105
2673 148
2674 37
2675 13
2676 92
2677 266
2678 42
2679 164
2680 222
2681 154
2682 165
2683 222
2684 57
2685 0
2686 231
2687 91
2688 36
2689 251
2690 82
2691 277
2692 0
2693 2
2694 223
2695 61
2696 186
2697 48
2698 0
2699 136
2700 81
2701 214
2702 109
2703 274
2704 134
2705 209
2706 267
2707 0
2708 252
2709 141
2710 177
2711 161
2712 192
2713 1
2714 75
2715 136
2716 86
2717 75
2718 143
2719 105
2720 82
2721 149
2722 71
2723 73
2724 7
2725 225
2726 145
2727 41
2728 258
2729 19
2730 234
2731 205
2732 178
2733 247
2734 236
2735 200
2736 99
2737 111
2738 43
2739 91
2740 239
2741 250
2742 47
2743 196
2744 278
2745 132
2746 211
2747 87
2748 269
2749 129
2750 141
2751 2
2752 40
2753 12
2754 207
2755 276
2756 168
2757 116
2758 200
2759 98
2760 145
2761 129
2762 239
2763 49
2764 263
2765 58
2766 70
2767 121
2768 165
2769 12
2770 86
2771 36
2772 172
2773 246
2774 231
2775 194
2776 165
2777 72
2778 35
2779 178
2780 260
2781 123
2782 129
2783 266
2784 37
2785 276
2786 197
2787 206
2788 113
2789 280
2790 155
2791 145
2792 109
2793 42
2794 180
2795 234
2796 204
2797 278
2798 251
2799 86
2800 227
2801 15
2802 13
2803 150
2804 36
2805 4
2806 47
2807 200
2808 119
2809 239
2810 274
2811 75
2812 47
2813 16
2814 109
2815 206
2816 194
2817 162
2818 43
2819 250
2820 51
2821 31
2822 276
2823 52
2824 145
2825 110
2826 16
2827 278
2828 82
2829 68
2830 240
2831 94
2832 230
2833 286
2834 223
2835 105
2836 134
2837 145
2838 25
2839 31
2840 2
2841 94
2842 32
2843 178
2844 134
2845 275
2846 286
2847 171
2848 27
2849 15
2850 44
2851 275
2852 51
2853 269
2854 222
2855 51
2856 256
2857 132
2858 21
2859 119
2860 239
2861 252
2862 60
2863 105
2864 36
2865 53
2866 197
2867 276
2868 197
2869 10
2870 43
2871 10
2872 87
2873 36
2874 15
2875 267
2876 5
2877 50
2878 163
2879 124
2880 15
2881 99
2882 145
2883 278
2884 180
2885 39
2886 275
2887 47
2888 207
2889 202
2890 285
2891 155
2892 253
2893 200
2894 198
2895 165
2896 237
2897 38
2898 50
2899 125
2900 99
2901 36
2902 38
2903 246
2904 86
2905 268
2906 146
2907 202
2908 185
2909 112
2910 31
2911 14
2912 148
2913 25
2914 187
2915 30
2916 134
2917 117
2918 151
2919 14
2920 70
2921 73
2922 91
2923 270
2924 237
2925 148
2926 157
2927 234
2928 31
2929 91
2930 68
2931 66
2932 43
2933 54
2934 37
2935 47
2936 48
2937 275
2938 290
2939 106
2940 170
2941 86
2942 17
2943 32
2944 6
2945 258
2946 85
2947 75
2948 215
2949 21
2950 234
2951 145
2952 204
2953 14
2954 14
2955 38
2956 134
2957 51
2958 99
2959 6
2960 61
2961 31
2962 260
2963 188
2964 45
2965 256
2966 61
2967 271
2968 0
2969 229
2970 155
2971 147
2972 102
2973 191
2974 182
2975 14
2976 113
2977 200
2978 234
2979 278
2980 155
2981 185
2982 261
2983 65
2984 227
2985 239
2986 237
2987 47
2988 0
2989 155
2990 4
2991 125
2992 145
2993 47
2994 256
2995 10
2996 145
2997 237
2998 241
2999 33
3000 99
3001 42
3002 135
3003 268
3004 202
3005 251
3006 246
3007 129
3008 31
3009 28
3010 154
3011 251
3012 28
3013 12
3014 264
3015 86
3016 69
3017 6
3018 201
3019 28
3020 260
3021 76
3022 86
3023 253
3024 17
3025 241
3026 175
3027 47
3028 31
3029 223
3030 25
3031 237
3032 119
3033 51
3034 242
3035 237
3036 129
3037 163
3038 41
3039 24
3040 251
3041 204
3042 86
3043 15
3044 251
3045 258
3046 111
3047 242
3048 252
3049 74
3050 234
3051 145
3052 275
3053 192
3054 279
3055 192
3056 134
3057 129
3058 44
3059 185
3060 241
3061 88
3062 275
3063 72
3064 241
3065 188
3066 214
3067 163
3068 61
3069 110
3070 275
3071 31
3072 265
3073 143
3074 134
3075 131
3076 222
3077 107
3078 205
3079 245
3080 275
3081 25
3082 31
3083 146
3084 136
3085 274
3086 288
3087 155
3088 267
3089 106
3090 25
3091 69
3092 138
3093 155
3094 19
3095 196
3096 267
3097 222
3098 106
3099 81
3100 253
3101 206
3102 66
3103 246
3104 197
3105 192
3106 89
3107 78
3108 113
3109 79
3110 79
3111 172
3112 281
3113 11
3114 52
3115 260
3116 256
3117 269
3118 20
3119 105
3120 223
3121 89
3122 131
3123 55
3124 146
3125 239
3126 222
3127 230
3128 105
3129 36
3130 175
3131 239
3132 75
3133 44
3134 57
3135 79
3136 10
3137 244
3138 167
3139 260
3140 75
3141 81
3142 225
3143 269
3144 195
3145 84
3146 286
3147 285
3148 73
3149 234
3150 287
3151 93
3152 84
3153 157
3154 128
3155 31
3156 256
3157 192
3158 164
3159 223
3160 101
3161 46
3162 253
3163 10
3164 260
3165 36
3166 185
3167 28
3168 75
3169 241
3170 73
3171 145
3172 267
3173 283
3174 269
3175 231
3176 246
3177 109
3178 113
3179 159
3180 27
3181 234
3182 275
3183 26
3184 52
3185 29
3186 260
3187 50
3188 75
3189 14
3190 209
3191 163
3192 291
3193 231
3194 237
3195 258
3196 51
3197 212
3198 239
3199 165
3200 175
3201 170
3202 209
3203 184
3204 10
3205 217
3206 246
3207 116
3208 9
3209 214
3210 105
3211 170
3212 185
3213 84
3214 283
3215 117
3216 130
3217 104
3218 82
3219 268
3220 154
3221 244
3222 136
3223 170
3224 105
3225 279
3226 268
3227 120
3228 12
3229 267
3230 105
3231 145
3232 129
3233 134
3234 145
3235 6
3236 62
3237 67
3238 130
3239 69
3240 125
3241 234
3242 36
3243 162
3244 129
3245 115
3246 19
3247 264
3248 58
3249 153
3250 237
3251 239
3252 137
3253 64
3254 173
3255 169
3256 139
3257 131
3258 145
3259 194
3260 51
3261 75
3262 145
3263 139
3264 288
3265 230
3266 205
3267 97
3268 155
3269 155
3270 52
3271 81
3272 49
3273 114
3274 149
3275 234
3276 178
3277 254
3278 187
3279 37
3280 230
3281 237
3282 101
3283 241
3284 239
3285 266
3286 10
3287 152
3288 15
3289 51
3290 267
3291 264
3292 82
3293 259
3294 204
3295 145
3296 58
3297 156
3298 124
3299 230
3300 80
3301 136
3302 271
3303 275
3304 229
3305 28
3306 271
3307 253
3308 247
3309 147
3310 274
3311 275
3312 61
3313 16
3314 268
3315 272
3316 47
3317 86
3318 205
3319 203
3320 179
3321 276
3322 161
3323 266
3324 28
3325 180
3326 268
3327 252
3328 82
3329 15
3330 131
3331 260
3332 265
3333 237
3334 113
3335 150
3336 185
3337 51
3338 200
3339 24
3340 20
3341 187
3342 255
3343 188
3344 237
3345 246
3346 85
3347 264
3348 113
3349 41
3350 190
3351 25
3352 268
3353 52
3354 161
3355 52
3356 122
3357 275
3358 276
3359 20
3360 270
3361 261
3362 275
3363 268
3364 286
3365 5
3366 28
3367 84
3368 2
3369 86
3370 258
3371 113
3372 25
3373 46
3374 246
3375 5
3376 17
3377 246
3378 155
3379 85
3380 60
3381 75
3382 119
3383 75
3384 155
3385 215
3386 205
3387 131
3388 197
3389 230
3390 229
3391 264
3392 188
3393 108
3394 15
3395 31
3396 10
3397 123
3398 195
3399 102
3400 161
3401 269
3402 75
3403 17
3404 185
3405 51
3406 132
3407 44
3408 147
3409 15
3410 188
3411 155
3412 274
3413 101
3414 12
3415 229
3416 6
3417 24
3418 185
3419 155
3420 246
3421 19
3422 106
3423 188
3424 6
3425 43
3426 241
3427 117
3428 163
3429 25
3430 242
3431 264
3432 234
3433 132
3434 155
3435 221
3436 164
3437 13
3438 48
3439 47
3440 199
3441 62
3442 86
3443 50
3444 185
3445 107
3446 52
3447 200
3448 81
3449 27
3450 108
3451 239
3452 6
3453 188
3454 21
3455 194
3456 260
3457 25
3458 25
3459 181
3460 10
3461 139
3462 31
3463 80
3464 31
3465 239
3466 143
3467 269
3468 47
3469 83
3470 239
3471 253
3472 10
3473 209
3474 117
3475 99
3476 86
3477 234
3478 165
3479 132
3480 134
3481 246
3482 81
3483 202
3484 201
3485 258
3486 234
3487 73
3488 158
3489 256
3490 43
3491 234
3492 6
3493 119
3494 102
3495 59
3496 253
3497 87
3498 17
3499 86
3500 246
3501 251
3502 155
3503 145
3504 25
3505 264
3506 86
3507 144
3508 135
3509 7
3510 271
3511 160
3512 51
3513 81
3514 17
3515 79
3516 253
3517 99
3518 165
3519 247
3520 10
3521 185
3522 44
3523 211
3524 54
3525 6
3526 15
3527 202
3528 141
3529 239
3530 185
3531 86
3532 199
3533 86
3534 155
3535 214
3536 267
3537 73
3538 283
3539 225
3540 99
3541 75
3542 268
3543 268
3544 57
3545 268
3546 35
3547 278
3548 25
3549 187
3550 74
3551 17
3552 134
3553 168
3554 86
3555 28
3556 125
3557 229
3558 11
3559 185
3560 267
3561 252
3562 79
3563 251
3564 258
3565 51
3566 43
3567 237
3568 218
3569 146
3570 246
3571 51
3572 14
3573 251
3574 110
3575 136
3576 256
3577 60
3578 147
3579 86
3580 155
3581 256
3582 129
3583 222
3584 275
3585 13
3586 67
3587 276
3588 223
3589 157
3590 129
3591 75
3592 272
3593 13
3594 76
3595 52
3596 124
3597 205
3598 101
3599 194
3600 151
3601 288
3602 43
3603 129
3604 256
3605 37
3606 99
3607 230
3608 271
3609 50
3610 241
3611 190
3612 289
3613 36
3614 172
3615 254
3616 33
3617 261
3618 274
3619 188
3620 72
3621 254
3622 251
3623 71
3624 122
3625 182
3626 276
3627 197
3628 260
3629 272
3630 239
3631 2
3632 223
3633 286
3634 223
3635 72
3636 5
3637 133
3638 31
3639 217
3640 269
3641 194
3642 282
3643 213
3644 234
3645 132
3646 3
3647 139
3648 251
3649 260
3650 126
3651 159
3652 279
3653 41
3654 241
3655 148
3656 260
3657 213
3658 256
3659 93
3660 255
3661 131
3662 41
3663 201
3664 154
3665 171
3666 42
3667 202
3668 214
3669 3
3670 147
3671 291
3672 234
3673 271
3674 37
3675 246
3676 2
3677 37
3678 185
3679 18
3680 227
3681 183
3682 256
3683 170
3684 123
3685 50
3686 141
3687 179
3688 85
3689 145
3690 3
3691 46
3692 195
3693 274
3694 41
3695 62
3696 14
3697 62
3698 260
3699 85
3700 145
3701 25
3702 194
3703 283
3704 209
3705 235
3706 290
3707 163
3708 17
3709 153
3710 130
3711 255
3712 51
3713 84
3714 273
3715 165
3716 98
3717 9
3718 165
3719 46
3720 268
3721 268
3722 267
3723 101
3724 43
3725 234
3726 260
3727 74
3728 267
3729 134
3730 222
3731 234
3732 284
3733 290
3734 44
3735 158
3736 192
3737 171
3738 282
3739 85
3740 17
3741 10
3742 270
3743 136
3744 181
3745 106
3746 276
3747 159
3748 234
3749 84
3750 110
3751 237
3752 255
3753 175
3754 72
3755 230
3756 285
3757 178
3758 14
3759 157
3760 171
3761 109
3762 234
3763 210
3764 279
3765 172
3766 11
3767 6
3768 248
3769 85
3770 47
3771 6
3772 125
3773 150
3774 10
3775 16
3776 115
3777 111
3778 262
3779 126
3780 267
3781 158
3782 187
3783 168
3784 127
3785 99
3786 165
3787 251
3788 266
3789 4
3790 215
3791 136
3792 43
3793 10
3794 210
3795 250
3796 47
3797 227
3798 138
3799 1
3800 260
3801 96
3802 5
3803 134
3804 237
3805 134
3806 51
3807 36
3808 16
3809 168
3810 234
3811 134
3812 198
3813 252
3814 290
3815 165
3816 8
3817 198
3818 28
3819 143
3820 286
3821 19
3822 260
3823 125
3824 276
3825 200
3826 126
3827 171
3828 268
3829 110
3830 114
3831 200
3832 270
3833 264
3834 86
3835 79
3836 282
3837 154
3838 104
3839 74
3840 20
3841 287
3842 88
3843 241
3844 256
3845 252
3846 145
3847 275
3848 237
3849 159
3850 128
3851 119
3852 90
3853 256
3854 100
3855 286
3856 230
3857 205
3858 234
3859 252
3860 212
3861 212
3862 6
3863 246
3864 6
3865 268
3866 271
3867 256
3868 28
3869 148
3870 275
3871 31
3872 31
3873 227
3874 256
3875 135
3876 286
3877 213
3878 145
3879 165
3880 134
3881 253
3882 25
3883 132
3884 241
3885 137
3886 86
3887 253
3888 134
3889 36
3890 253
3891 253
3892 264
3893 110
3894 48
3895 115
3896 237
3897 74
3898 160
3899 86
3900 264
3901 253
3902 48
3903 243
3904 188
3905 113
3906 50
3907 183
3908 119
3909 246
3910 15
3911 271
3912 215
3913 44
3914 218
3915 52
3916 168
3917 190
3918 6
3919 163
3920 182
3921 210
3922 246
3923 134
3924 253
3925 267
3926 0
3927 47
3928 220
3929 197
3930 145
3931 14
3932 253
3933 14
3934 17
3935 119
3936 73
3937 44
3938 270
3939 25
3940 35
3941 25
3942 267
3943 285
3944 260
3945 25
3946 201
3947 163
3948 93
3949 14
3950 86
3951 119
3952 121
3953 155
3954 202
3955 194
3956 145
3957 99
3958 231
3959 202
3960 93
3961 253
3962 146
3963 145
3964 246
3965 253
3966 139
3967 281
3968 47
3969 264
3970 9
3971 14
3972 265
3973 154
3974 239
3975 6
3976 239
3977 143
3978 44
3979 237
3980 205
3981 246
3982 274
3983 163
3984 163
3985 217
3986 275
3987 185
3988 6
3989 246
3990 283
3991 241
3992 165
3993 241
3994 63
3995 188
3996 7
3997 234
3998 25
3999 201
4000 267
4001 24
4002 10
4003 212
4004 61
4005 120
4006 129
4007 284
4008 246
4009 163
4010 260
4011 276
4012 2
4013 14
4014 253
4015 241
4016 239
4017 256
4018 253
4019 44
4020 166
4021 214
4022 119
4023 17
4024 86
4025 99
4026 134
4027 153
4028 93
4029 251
4030 241
4031 241
4032 275
4033 130
4034 276
4035 260
4036 87
4037 256
4038 129
4039 99
4040 61
4041 253
4042 251
4043 264
4044 61
4045 33
4046 200
4047 106
4048 134
4049 198
4050 13
4051 277
4052 188
4053 280
4054 132
4055 177
4056 51
4057 48
4058 165
4059 149
4060 243
4061 200
4062 10
4063 9
4064 237
4065 101
4066 268
4067 259
4068 276
4069 246
4070 20
4071 44
4072 110
4073 275
4074 9
4075 251
4076 190
4077 165
4078 185
4079 183
4080 125
4081 246
4082 210
4083 99
4084 44
4085 245
4086 256
4087 179
4088 223
4089 70
4090 113
4091 54
4092 223
4093 14
4094 42
4095 44
4096 17
4097 229
4098 101
4099 76
4100 212
4101 257
4102 275
4103 19
4104 5
4105 202
4106 103
4107 291
4108 214
4109 46
4110 150
4111 212
4112 204
4113 85
4114 241
4115 139
4116 85
4117 1
4118 109
4119 91
4120 147
4121 92
4122 212
4123 202
4124 155
4125 15
4126 216
4127 277
4128 140
4129 113
4130 116
4131 155
4132 212
4133 110
4134 103
4135 52
4136 288
4137 45
4138 197
4139 267
4140 113
4141 155
4142 190
4143 234
4144 135
4145 105
4146 260
4147 234
4148 170
4149 5
4150 36
4151 194
4152 153
4153 160
4154 165
4155 44
4156 85
4157 277
4158 221
4159 269
4160 97
4161 235
4162 85
4163 36
4164 2
4165 81
4166 266
4167 246
4168 114
4169 25
4170 167
4171 222
4172 192
4173 209
4174 10
4175 133
4176 193
4177 46
4178 2
4179 164
4180 28
4181 14
4182 154
4183 79
4184 43
4185 12
4186 274
4187 52
4188 75
4189 266
4190 46
4191 53
4192 99
4193 222
4194 125
4195 106
4196 222
4197 278
4198 260
4199 266
4200 93
4201 166
4202 253
4203 141
4204 239
4205 274
4206 134
4207 84
4208 199
4209 27
4210 34
4211 169
4212 231
4213 234
4214 145
4215 25
4216 205
4217 22
4218 195
4219 186
4220 161
4221 214
4222 277
4223 28
4224 117
4225 136
4226 189
4227 214
4228 107
4229 212
4230 88
4231 270
4232 103
4233 143
4234 114
4235 140
4236 177
4237 43
4238 60
4239 269
4240 134
4241 267
4242 147
4243 43
4244 100
4245 190
4246 227
4247 22
4248 176
4249 10
4250 276
4251 1
4252 88
4253 249
4254 113
4255 93
4256 102
4257 17
4258 61
4259 143
4260 287
4261 205
4262 276
4263 214
4264 105
4265 237
4266 186
4267 264
4268 82
4269 45
4270 237
4271 284
4272 200
4273 228
4274 40
4275 229
4276 47
4277 148
4278 10
4279 149
4280 231
4281 47
4282 3
4283 143
4284 209
4285 55
4286 44
4287 129
4288 61
4289 28
4290 52
4291 193
4292 267
4293 285
4294 51
4295 173
4296 125
4297 288
4298 145
4299 234
4300 276
4301 3
4302 260
4303 230
4304 25
4305 148
4306 170
4307 190
4308 47
4309 32
4310 200
4311 100
4312 155
4313 202
4314 203
4315 41
4316 157
4317 77
4318 103
4319 117
4320 198
4321 113
4322 10
4323 188
4324 144
4325 51
4326 62
4327 188
4328 119
4329 56
4330 205
4331 47
4332 268
4333 189
4334 193
4335 128
4336 229
4337 51
4338 99
4339 246
4340 276
4341 103
4342 129
4343 24
4344 146
4345 86
4346 287
4347 85
4348 85
4349 103
4350 75
4351 161
4352 287
4353 117
4354 188
4355 43
4356 1
4357 155
4358 90
4359 232
4360 110
4361 173
4362 159
4363 24
4364 134
4365 246
4366 134
4367 185
4368 86
4369 75
4370 60
4371 86
4372 255
4373 93
4374 241
4375 182
4376 93
4377 221
4378 6
4379 47
4380 2
4381 68
4382 110
4383 5
4384 103
4385 145
4386 286
4387 267
4388 268
4389 15
4390 25
4391 268
4392 47
4393 134
4394 234
4395 78
4396 205
4397 234
4398 188
4399 165
4400 234
4401 111
4402 268
4403 244
4404 267
4405 256
4406 260
4407 192
4408 17
4409 163
4410 17
4411 119
4412 200
4413 145
4414 251
4415 188
4416 122
4417 105
4418 163
4419 132
4420 105
4421 38
4422 114
4423 216
4424 86
4425 200
4426 133
4427 241
4428 82
4429 260
4430 25
4431 157
4432 101
4433 51
4434 89
4435 202
4436 31
4437 253
4438 9
4439 135
4440 246
4441 212
4442 31
4443 47
4444 60
4445 251
4446 117
4447 43
4448 60
4449 168
4450 271
4451 276
4452 15
4453 106
4454 276
4455 132
4456 246
4457 132
4458 185
4459 266
4460 159
4461 239
4462 253
4463 145
4464 133
4465 56
4466 209
4467 222
4468 149
4469 43
4470 155
4471 4
4472 280
4473 47
4474 126
4475 14
4476 6
4477 165
4478 31
4479 253
4480 43
4481 15
4482 267
4483 177
4484 145
4485 132
4486 188
4487 216
4488 117
4489 99
4490 31
4491 41
4492 199
4493 44
4494 51
4495 119
4496 271
4497 160
4498 256
4499 250
4500 118
4501 166
4502 85
4503 246
4504 134
4505 241
4506 237
4507 222
4508 136
4509 14
4510 45
4511 14
4512 230
4513 200
4514 283
4515 82
4516 246
4517 41
4518 163
4519 239
4520 185
4521 160
4522 155
4523 43
4524 160
4525 175
4526 237
4527 162
4528 6
4529 35
4530 214
4531 239
4532 135
4533 89
4534 200
4535 188
4536 250
4537 180
4538 221
4539 53
4540 14
4541 134
4542 256
4543 43
4544 225
4545 105
4546 41
4547 130
4548 10
4549 119
4550 230
4551 148
4552 177
4553 17
4554 185
4555 41
4556 17
4557 61
4558 264
4559 28
4560 204
4561 133
4562 10
4563 198
4564 10
4565 44
4566 282
4567 138
4568 276
4569 150
4570 44
4571 79
4572 113
4573 239
4574 93
4575 234
4576 145
4577 155
4578 113
4579 32
4580 26
4581 223
4582 189
4583 22
4584 176
4585 94
4586 151
4587 16
4588 206
4589 136
4590 74
4591 20
4592 164
4593 99
4594 194
4595 205
4596 240
4597 230
4598 58
4599 41
4600 36
4601 223
4602 253
4603 10
4604 165
4605 146
4606 99
4607 139
4608 172
4609 185
4610 33
4611 44
4612 291
4613 142
4614 107
4615 68
4616 61
4617 42
4618 46
4619 198
4620 13
4621 244
4622 8
4623 41
4624 44
4625 45
4626 286
4627 275
4628 20
4629 214
4630 26
4631 106
4632 159
4633 9
4634 84
4635 9
4636 148
4637 83
4638 37
4639 37
4640 197
4641 108
4642 119
4643 275
4644 6
4645 50
4646 260
4647 221
4648 20
4649 196
4650 132
4651 144
4652 93
4653 171
4654 146
4655 260
4656 96
4657 110
4658 54
4659 85
4660 110
4661 16
4662 14
4663 60
4664 199
4665 10
4666 144
4667 212
4668 17
4669 234
4670 145
4671 239
4672 2
4673 60
4674 127
4675 17
4676 145
4677 190
4678 132
4679 14
4680 122
4681 148
4682 275
4683 193
4684 150
4685 234
4686 205
4687 100
4688 100
4689 16
4690 226
4691 164
4692 44
4693 238
4694 38
4695 123
4696 104
4697 267
4698 132
4699 245
4700 165
4701 30
4702 93
4703 229
4704 183
4705 51
4706 260
4707 53
4708 60
4709 3
4710 78
4711 260
4712 118
4713 254
4714 52
4715 145
4716 164
4717 159
4718 239
4719 21
4720 255
4721 234
4722 165
4723 62
4724 155
4725 159
4726 239
4727 161
4728 175
4729 48
4730 253
4731 152
4732 154
4733 182
4734 168
4735 188
4736 283
4737 195
4738 49
4739 277
4740 195
4741 291
4742 39
4743 172
4744 95
4745 191
4746 43
4747 90
4748 35
4749 113
4750 178
4751 147
4752 160
4753 134
4754 251
4755 112
4756 215
4757 74
4758 259
4759 74
4760 284
4761 234
4762 215
4763 24
4764 105
4765 256
4766 268
4767 134
4768 28
4769 260
4770 47
4771 51
4772 164
4773 185
4774 201
4775 85
4776 291
4777 194
4778 129
4779 44
4780 51
4781 52
4782 148
4783 80
4784 45
4785 129
4786 204
4787 284
4788 20
4789 52
4790 234
4791 206
4792 276
4793 275
4794 178
4795 132
4796 73
4797 41
4798 40
4799 196
4800 139
4801 47
4802 81
4803 206
4804 14
4805 251
4806 28
4807 103
4808 162
4809 200
4810 134
4811 168
4812 170
4813 145
4814 276
4815 86
4816 165
4817 99
4818 36
4819 129
4820 43
4821 103
4822 268
4823 28
4824 5
4825 150
4826 17
4827 204
4828 145
4829 216
4830 183
4831 290
4832 250
4833 81
4834 28
4835 255
4836 194
4837 82
4838 174
4839 20
4840 146
4841 3
4842 253
4843 15
4844 16
4845 43
4846 26
4847 172
4848 197
4849 145
4850 246
4851 134
4852 268
4853 254
4854 256
4855 60
4856 121
4857 258
4858 234
4859 168
4860 209
4861 119
4862 241
4863 260
4864 26
4865 241
4866 268
4867 258
4868 151
4869 155
4870 32
4871 134
4872 203
4873 141
4874 37
4875 113
4876 1
4877 272
4878 82
4879 51
4880 230
4881 267
4882 192
4883 57
4884 148
4885 237
4886 267
4887 241
4888 77
4889 110
4890 128
4891 284
4892 251
4893 185
4894 256
4895 201
4896 200
4897 109
4898 75
4899 104
4900 146
4901 89
4902 132
4903 6
4904 210
4905 197
4906 200
4907 120
4908 267
4909 219
4910 6
4911 185
4912 85
4913 51
4914 132
4915 41
4916 50
4917 241
4918 15
4919 47
4920 268
4921 252
4922 241
4923 128
4924 267
4925 267
4926 234
4927 159
4928 31
4929 81
4930 123
4931 271
4932 264
4933 175
4934 163
4935 145
4936 51
4937 264
4938 145
4939 79
4940 215
4941 258
4942 267
4943 72
4944 14
4945 113
4946 134
4947 188
4948 0
4949 84
4950 19
4951 186
4952 93
4953 256
4954 47
4955 48
4956 30
4957 183
4958 122
4959 86
4960 99
4961 272
4962 117
4963 264
4964 200
4965 24
4966 103
4967 277
4968 160
4969 132
4970 172
4971 26
4972 182
4973 221
4974 14
4975 106
4976 150
4977 242
4978 246
4979 61
4980 246
4981 17
4982 237
4983 239
4984 246
4985 260
4986 277
4987 96
4988 276
4989 15
4990 38
4991 172
4992 246
4993 51
4994 132
4995 97
4996 268
4997 231
4998 157
4999 156
5000 51
5001 99
5002 200
5003 184
5004 31
5005 253
5006 276
5007 10
5008 6
5009 31
5010 121
5011 93
5012 181
5013 17
5014 100
5015 106
5016 145
5017 109
5018 89
5019 194
5020 106
5021 93
5022 155
5023 200
5024 26
5025 86
5026 100
5027 99
5028 43
5029 163
5030 214
5031 245
5032 225
5033 281
5034 25
5035 208
5036 260
5037 278
5038 268
5039 80
5040 79
5041 268
5042 6
5043 165
5044 276
5045 51
5046 128
5047 165
5048 38
5049 145
5050 262
5051 260
5052 116
5053 234
5054 93
5055 134
5056 256
5057 52
5058 170
5059 16
5060 256
5061 234
5062 276
5063 135
5064 260
5065 168
5066 161
5067 6
5068 239
5069 107
5070 25
5071 13
5072 6
5073 264
5074 267
5075 177
5076 103
5077 115
5078 6
5079 258
5080 264
5081 255
5082 256
5083 43
5084 251
5085 14
5086 253
5087 104
5088 200
5089 183
5090 283
5091 61
5092 163
5093 86
5094 275
5095 185
5096 252
5097 113
5098 15
5099 41
5100 185
5101 145
5102 217
5103 79
5104 59
5105 74
5106 256
5107 288
5108 274
5109 264
5110 106
5111 99
5112 53
5113 160
5114 141
5115 197
5116 195
5117 251
5118 134
5119 235
5120 151
5121 54
5122 256
5123 207
5124 155
5125 109
5126 14
5127 135
5128 102
5129 37
5130 214
5131 230
5132 167
5133 185
5134 91
5135 21
5136 73
5137 14
5138 128
5139 20
5140 146
5141 291
5142 223
5143 254
5144 255
5145 50
5146 277
5147 85
5148 278
5149 237
5150 52
5151 36
5152 276
5153 5
5154 109
5155 233
5156 218
5157 71
5158 27
5159 215
5160 286
5161 188
5162 73
5163 278
5164 147
5165 162
5166 210
5167 12
5168 289
5169 61
5170 46
5171 165
5172 267
5173 204
5174 109
5175 287
5176 112
5177 31
5178 246
5179 195
5180 267
5181 140
5182 146
5183 267
5184 221
5185 249
5186 123
5187 165
5188 215
5189 154
5190 5
5191 43
5192 132
5193 215
5194 165
5195 256
5196 41
5197 148
5198 279
5199 16
5200 48
5201 146
5202 223
5203 122
5204 100
5205 266
5206 73
5207 226
5208 37
5209 287
5210 269
5211 38
5212 82
5213 105
5214 137
5215 63
5216 145
5217 159
5218 101
5219 145
5220 148
5221 155
5222 35
5223 4
5224 285
5225 56
5226 267
5227 236
5228 86
5229 183
5230 159
5231 73
5232 172
5233 94
5234 204
5235 258
5236 157
5237 164
5238 146
5239 226
5240 264
5241 43
5242 146
5243 145
5244 50
5245 154
5246 38
5247 62
5248 43
5249 214
5250 117
5251 257
5252 234
5253 234
5254 146
5255 273
5256 141
5257 7
5258 177
5259 174
5260 158
5261 19
5262 140
5263 282
5264 51
5265 68
5266 69
5267 260
5268 0
5269 284
5270 89
5271 110
5272 152
5273 16
5274 47
5275 166
5276 0
5277 254
5278 14
5279 51
5280 178
5281 268
5282 245
5283 213
5284 187
5285 237
5286 117
5287 27
5288 10
5289 146
5290 44
5291 143
5292 46
5293 44
5294 283
5295 204
5296 245
5297 165
5298 202
5299 137
5300 145
5301 237
5302 233
5303 51
5304 43
5305 251
5306 202
5307 218
5308 132
5309 249
5310 60
5311 10
5312 38
5313 278
5314 206
5315 258
5316 6
5317 260
5318 155
5319 63
5320 155
5321 267
5322 44
5323 115
5324 73
5325 159
5326 165
5327 246
5328 268
5329 205
5330 47
5331 117
5332 169
5333 47
5334 267
5335 162
5336 82
5337 216
5338 123
5339 200
5340 47
5341 26
5342 158
5343 73
5344 145
5345 80
5346 223
5347 280
5348 174
5349 99
5350 165
5351 188
5352 165
5353 110
5354 241
5355 276
5356 145
5357 245
5358 53
5359 276
5360 99
5361 20
5362 148
5363 241
5364 32
5365 106
5366 247
5367 154
5368 66
5369 155
5370 125
5371 103
5372 43
5373 73
5374 31
5375 177
5376 202
5377 204
5378 200
5379 73
5380 43
5381 165
5382 6
5383 267
5384 55
5385 252
5386 287
5387 109
5388 120
5389 186
5390 49
5391 134
5392 286
5393 30
5394 45
5395 103
5396 241
5397 264
5398 121
5399 276
5400 60
5401 261
5402 118
5403 220
5404 50
5405 85
5406 132
5407 25
5408 122
5409 256
5410 185
5411 204
5412 93
5413 51
5414 205
5415 52
5416 132
5417 52
5418 237
5419 2
5420 222
5421 71
5422 182
5423 119
5424 209
5425 166
5426 274
5427 276
5428 222
5429 160
5430 289
5431 31
5432 208
5433 175
5434 3
5435 55
5436 236
5437 68
5438 163
5439 264
5440 250
5441 46
5442 246
5443 15
5444 14
5445 66
5446 118
5447 272
5448 175
5449 51
5450 67
5451 205
5452 155
5453 56
5454 268
5455 12
5456 226
5457 212
5458 134
5459 268
5460 185
5461 233
5462 188
5463 267
5464 9
5465 0
5466 237
5467 157
5468 242
5469 86
5470 243
5471 185
5472 155
5473 51
5474 134
5475 234
5476 25
5477 225
5478 154
5479 47
5480 50
5481 150
5482 226
5483 175
5484 253
5485 253
5486 134
5487 160
5488 13
5489 269
5490 175
5491 234
5492 276
5493 134
5494 221
5495 61
5496 94
5497 258
5498 260
5499 44
5500 76
5501 155
5502 159
5503 110
5504 115
5505 264
5506 152
5507 32
5508 165
5509 264
5510 165
5511 237
5512 276
5513 267
5514 36
5515 267
5516 264
5517 86
5518 264
5519 152
5520 241
5521 163
5522 47
5523 44
5524 124
5525 93
5526 277
5527 277
5528 145
5529 246
5530 61
5531 278
5532 197
5533 157
5534 163
5535 132
5536 163
5537 60
5538 260
5539 155
5540 99
5541 183
5542 166
5543 210
5544 47
5545 72
5546 51
5547 165
5548 158
5549 264
5550 132
5551 98
5552 65
5553 186
5554 285
5555 99
5556 43
5557 17
5558 200
5559 181
5560 145
5561 269
5562 99
5563 118
5564 105
5565 51
5566 91
5567 253
5568 123
5569 246
5570 25
5571 6
5572 260
5573 206
5574 74
5575 200
5576 46
5577 41
5578 79
5579 155
5580 14
5581 36
5582 268
5583 256
5584 266
5585 61
5586 165
5587 65
5588 155
5589 15
5590 15
5591 230
5592 10
5593 183
5594 279
5595 81
5596 256
5597 108
5598 129
5599 93
5600 91
5601 232
5602 20
5603 253
5604 134
5605 92
5606 113
5607 82
5608 274
5609 134
5610 252
5611 268
5612 241
5613 283
5614 155
5615 17
5616 237
5617 177
5618 165
5619 274
5620 214
5621 188
5622 86
5623 2
5624 213
5625 268
5626 132
5627 38
5628 251
5629 256
5630 52
5631 60
5632 246
5633 269
5634 214
5635 47
5636 239
5637 246
5638 212
5639 204
5640 279
5641 184
5642 113
5643 75
5644 122
5645 71
5646 93
5647 23
5648 64
5649 6
5650 253
5651 42
5652 286
5653 46
5654 253
5655 258
5656 16
5657 251
5658 159
5659 252
5660 254
5661 250
5662 15
5663 155
5664 260
5665 255
5666 30
5667 171
5668 6
5669 275
5670 37
5671 140
5672 290
5673 264
5674 238
5675 290
5676 238
5677 57
5678 46
5679 251
5680 197
5681 113
5682 148
5683 205
5684 160
5685 183
5686 221
5687 159
5688 274
5689 183
5690 38
5691 275
5692 222
5693 249
5694 282
5695 209
5696 267
5697 42
5698 84
5699 279
5700 159
5701 215
5702 86
5703 73
5704 153
5705 223
5706 209
5707 6
5708 79
5709 5
5710 197
5711 74
5712 46
5713 246
5714 123
5715 33
5716 15
5717 44
5718 282
5719 73
5720 52
5721 146
5722 285
5723 51
5724 94
5725 234
5726 193
5727 70
5728 155
5729 15
5730 61
5731 163
5732 155
5733 109
5734 46
5735 79
5736 145
5737 203
5738 76
5739 37
5740 226
5741 177
5742 80
5743 30
5744 74
5745 146
5746 218
5747 170
5748 154
5749 93
5750 110
5751 120
5752 234
5753 239
5754 197
5755 149
5756 274
5757 197
5758 145
5759 132
5760 195
5761 209
5762 260
5763 2
5764 280
5765 74
5766 275
5767 175
5768 127
5769 120
5770 68
5771 43
5772 268
5773 109
5774 264
5775 134
5776 287
5777 271
5778 56
5779 19
5780 37
5781 143
5782 268
5783 165
5784 145
5785 200
5786 25
5787 267
5788 128
5789 267
5790 225
5791 134
5792 83
5793 170
5794 210
5795 33
5796 250
5797 239
5798 215
5799 164
5800 134
5801 285
5802 40
5803 134
5804 70
5805 251
5806 71
5807 23
5808 21
5809 180
5810 267
5811 234
5812 134
5813 272
5814 89
5815 279
5816 158
5817 126
5818 58
5819 50
5820 47
5821 203
5822 47
5823 100
5824 254
5825 157
5826 47
5827 231
5828 68
5829 184
5830 51
5831 79
5832 196
5833 31
5834 165
5835 11
5836 143
5837 10
5838 129
5839 223
5840 105
5841 200
5842 122
5843 51
5844 11
5845 93
5846 219
5847 253
5848 28
5849 283
5850 217
5851 47
5852 50
5853 22
5854 36
5855 281
5856 86
5857 146
5858 143
5859 135
5860 36
5861 194
5862 286
5863 16
5864 179
5865 160
5866 113
5867 47
5868 246
5869 246
5870 86
5871 170
5872 136
5873 118
5874 148
5875 69
5876 82
5877 119
5878 85
5879 1
5880 170
5881 159
5882 147
5883 102
5884 196
5885 257
5886 162
5887 264
5888 110
5889 276
5890 276
5891 119
5892 4
5893 47
5894 234
5895 6
5896 15
5897 197
5898 148
5899 60
5900 234
5901 200
5902 20
5903 188
5904 264
5905 188
5906 86
5907 230
5908 129
5909 276
5910 77
5911 43
5912 277
5913 277
5914 28
5915 256
5916 109
5917 185
5918 18
5919 83
5920 122
5921 147
5922 148
5923 75
5924 86
5925 65
5926 264
5927 4
5928 188
5929 10
5930 37
5931 132
5932 27
5933 225
5934 89
5935 45
5936 104
5937 155
5938 156
5939 173
5940 267
5941 99
5942 163
5943 14
5944 165
5945 185
5946 214
5947 269
5948 126
5949 52
5950 228
5951 257
5952 132
5953 160
5954 256
5955 264
5956 163
5957 240
5958 237
5959 3
5960 85
5961 163
5962 85
5963 84
5964 25
5965 179
5966 89
5967 207
5968 126
5969 75
5970 212
5971 235
5972 51
5973 52
5974 99
5975 165
5976 60
5977 76
5978 17
5979 283
5980 259
5981 31
5982 171
5983 234
5984 200
5985 200
5986 103
5987 253
5988 287
5989 286
5990 141
5991 141
5992 113
5993 4
5994 43
5995 199
5996 86
5997 117
5998 163
5999 212
6000 189
6001 222
6002 287
6003 94
6004 82
6005 44
6006 62
6007 267
6008 258
6009 202
6010 99
6011 124
6012 14
6013 197
6014 73
6015 73
6016 49
6017 5
6018 56
6019 178
6020 185
6021 165
6022 216
6023 160
6024 134
6025 15
6026 161
6027 239
6028 104
6029 14
6030 231
6031 209
6032 24
6033 44
6034 268
6035 67
6036 69
6037 241
6038 61
6039 120
6040 147
6041 268
6042 264
6043 278
6044 255
6045 255
6046 41
6047 57
6048 136
6049 188
6050 42
6051 165
6052 165
6053 211
6054 150
6055 39
6056 44
6057 177
6058 10
6059 247
6060 278
6061 79
6062 145
6063 203
6064 86
6065 68
6066 260
6067 214
6068 185
6069 129
6070 134
6071 254
6072 61
6073 246
6074 31
6075 269
6076 234
6077 77
6078 99
6079 41
6080 41
6081 132
6082 43
6083 165
6084 44
6085 251
6086 276
6087 267
6088 146
6089 188
6090 134
6091 278
6092 241
6093 122
6094 267
6095 200
6096 36
6097 82
6098 285
6099 74
6100 129
6101 230
6102 93
6103 260
6104 99
6105 223
6106 189
6107 226
6108 223
6109 227
6110 45
6111 14
6112 119
6113 87
6114 251
6115 230
6116 99
6117 31
6118 76
6119 223
6120 168
6121 47
6122 215
6123 259
6124 204
6125 103
6126 252
6127 234
6128 210
6129 230
6130 210
6131 93
6132 264
6133 279
6134 6
6135 2
6136 184
6137 55
6138 14
6139 234
6140 276
6141 62
6142 201
6143 268
6144 214
6145 253
6146 223
6147 63
6148 231
6149 194
6150 214
6151 253
6152 5
6153 155
6154 204
6155 41
6156 217
6157 197
6158 190
6159 129
6160 180
6161 276
6162 132
6163 121
6164 230
6165 110
6166 88
6167 178
6168 155
6169 283
6170 87
6171 275
6172 74
6173 239
6174 204
6175 252
6176 225
6177 159
6178 86
6179 151
6180 209
6181 75
6182 222
6183 289
6184 143
6185 197
6186 207
6187 93
6188 26
6189 201
6190 217
6191 138
6192 215
6193 103
6194 200
6195 274
6196 38
6197 38
6198 110
6199 160
6200 232
6201 267
6202 85
6203 48
6204 60
6205 140
6206 109
6207 256
6208 275
6209 205
6210 97
6211 109
6212 163
6213 6
6214 5
6215 234
6216 239
6217 18
6218 197
6219 55
6220 6
6221 157
6222 252
6223 84
6224 246
6225 206
6226 69
6227 6
6228 13
6229 99
6230 75
6231 197
6232 82
6233 198
6234 227
6235 195
6236 2
6237 164
6238 126
6239 14
6240 260
6241 100
6242 75
6243 28
6244 215
6245 220
6246 175
6247 214
6248 105
6249 43
6250 162
6251 259
6252 110
6253 215
6254 45
6255 205
6256 230
6257 197
6258 147
6259 132
6260 246
6261 154
6262 202
6263 99
6264 123
6265 154
6266 94
6267 85
6268 43
6269 185
6270 52
6271 84
6272 274
6273 143
6274 165
6275 212
6276 10
6277 38
6278 246
6279 211
6280 195
6281 124
6282 12
6283 114
6284 16
6285 214
6286 267
6287 79
6288 226
6289 267
6290 94
6291 178
6292 12
6293 68
6294 165
6295 289
6296 71
6297 59
6298 145
6299 45
6300 155
6301 234
6302 37
6303 134
6304 108
6305 117
6306 70
6307 34
6308 143
6309 134
6310 42
6311 243
6312 199
6313 129
6314 77
6315 10
6316 136
6317 260
6318 209
6319 179
6320 155
6321 170
6322 51
6323 146
6324 78
6325 134
6326 95
6327 143
6328 89
6329 160
6330 157
6331 237
6332 16
6333 155
6334 213
6335 2
6336 21
6337 3
6338 4
6339 171
6340 51
6341 282
6342 237
6343 72
6344 26
6345 266
6346 141
6347 6
6348 179
6349 245
6350 134
6351 200
6352 179
6353 284
6354 86
6355 103
6356 280
6357 61
6358 237
6359 231
6360 223
6361 214
6362 269
6363 10
6364 200
6365 99
6366 45
6367 152
6368 286
6369 154
6370 3
6371 14
6372 123
6373 120
6374 43
6375 237
6376 20
6377 6
6378 268
6379 16
6380 214
6381 263
6382 78
6383 47
6384 123
6385 155
6386 34
6387 188
6388 74
6389 252
6390 38
6391 197
6392 280
6393 246
6394 51
6395 273
6396 165
6397 252
6398 200
6399 90
6400 163
6401 91
6402 280
6403 241
6404 290
6405 246
6406 264
6407 285
6408 85
6409 276
6410 134
6411 241
6412 167
6413 200
6414 228
6415 114
6416 265
6417 164
6418 222
6419 114
6420 47
6421 271
6422 10
6423 118
6424 89
6425 264
6426 81
6427 161
6428 185
6429 63
6430 243
6431 134
6432 291
6433 237
6434 147
6435 5
6436 291
6437 132
6438 189
6439 86
6440 185
6441 64
6442 134
6443 179
6444 6
6445 267
6446 89
6447 136
6448 190
6449 86
6450 237
6451 31
6452 129
6453 180
6454 268
6455 169
6456 163
6457 256
6458 256
6459 274
6460 205
6461 79
6462 268
6463 134
6464 200
6465 241
6466 200
6467 130
6468 217
6469 2
6470 267
6471 99
6472 6
6473 268
6474 166
6475 132
6476 202
6477 120
6478 16
6479 10
6480 29
6481 247
6482 157
6483 17
6484 164
6485 174
6486 154
6487 276
6488 155
6489 181
6490 134
6491 275
6492 46
6493 15
6494 73
6495 84
6496 159
6497 132
6498 233
6499 237
6500 258
6501 86
6502 4
6503 70
6504 240
6505 260
6506 177
6507 6
6508 264
6509 84
6510 277
6511 223
6512 237
6513 283
6514 235
6515 47
6516 283
6517 47
6518 246
6519 20
6520 160
6521 236
6522 31
6523 14
6524 17
6525 0
6526 137
6527 277
6528 99
6529 154
6530 51
6531 64
6532 209
6533 113
6534 222
6535 165
6536 99
6537 10
6538 47
6539 153
6540 236
6541 188
6542 14
6543 237
6544 86
6545 124
6546 291
6547 41
6548 155
6549 276
6550 7
6551 272
6552 42
6553 234
6554 180
6555 176
6556 41
6557 95
6558 41
6559 27
6560 221
6561 46
6562 190
6563 146
6564 161
6565 129
6566 256
6567 60
6568 31
6569 130
6570 236
6571 104
6572 237
6573 155
6574 101
6575 264
6576 93
6577 174
6578 50
6579 116
6580 129
6581 234
6582 155
6583 138
6584 31
6585 253
6586 154
6587 73
6588 232
6589 61
6590 182
6591 281
6592 285
6593 31
6594 67
6595 61
6596 10
6597 103
6598 114
6599 239
6600 28
6601 188
6602 68
6603 237
6604 40
6605 141
6606 105
6607 283
6608 282
6609 155
6610 68
6611 188
6612 51
6613 10
6614 234
6615 28
6616 220
6617 200
6618 31
6619 93
6620 28
6621 31
6622 223
6623 239
6624 73
6625 223
6626 191
6627 144
6628 43
6629 256
6630 214
6631 103
6632 241
6633 230
6634 14
6635 237
6636 6
6637 47
6638 246
6639 246
6640 232
6641 51
6642 67
6643 173
6644 55
6645 260
6646 148
6647 289
6648 252
6649 32
6650 185
6651 214
6652 212
6653 48
6654 74
6655 52
6656 61
6657 212
6658 103
6659 284
6660 250
6661 42
6662 274
6663 89
6664 222
6665 86
6666 6
6667 14
6668 25
6669 75
6670 230
6671 37
6672 86
6673 185
6674 15
6675 143
6676 212
6677 133
6678 238
6679 221
6680 168
6681 256
6682 99
6683 255
6684 107
6685 170
6686 71
6687 46
6688 267
6689 84
6690 171
6691 124
6692 242
6693 214
6694 103
6695 245
6696 106
6697 202
6698 101
6699 50
6700 124
6701 61
6702 252
6703 46
6704 2
6705 247
6706 252
6707 132
6708 31
6709 110
6710 291
6711 133
6712 79
6713 286
6714 46
6715 171
6716 236
6717 145
6718 215
6719 153
6720 84
6721 145
6722 165
6723 260
6724 272
6725 271
6726 6
6727 146
6728 234
6729 221
6730 60
6731 193
6732 80
6733 174
6734 155
6735 253
6736 13
6737 260
6738 75
6739 44
6740 48
6741 43
6742 215
6743 97
6744 176
6745 71
6746 105
6747 74
6748 106
6749 110
6750 163
6751 165
6752 264
6753 122
6754 160
6755 204
6756 123
6757 31
6758 284
6759 74
6760 163
6761 63
6762 74
6763 31
6764 183
6765 264
6766 177
6767 52
6768 268
6769 235
6770 166
6771 51
6772 251
6773 79
6774 104
6775 46
6776 168
6777 282
6778 109
6779 282
6780 180
6781 252
6782 79
6783 229
6784 163
6785 143
6786 239
6787 155
6788 281
6789 53
6790 123
6791 120
6792 10
6793 195
6794 43
6795 119
6796 234
6797 175
6798 165
6799 38
6800 43
6801 239
6802 120
6803 175
6804 14
6805 161
6806 110
6807 277
6808 51
6809 197
6810 43
6811 268
6812 10
6813 167
6814 82
6815 126
6816 177
6817 263
6818 269
6819 82
6820 204
6821 79
6822 164
6823 192
6824 85
6825 279
6826 217
6827 47
6828 112
6829 165
6830 77
6831 179
6832 91
6833 38
6834 28
6835 197
6836 89
6837 234
6838 194
6839 41
6840 245
6841 155
6842 147
6843 71
6844 115
6845 161
6846 175
6847 42
6848 45
6849 119
6850 168
6851 10
6852 244
6853 134
6854 79
6855 279
6856 222
6857 10
6858 18
6859 18
6860 223
6861 254
6862 43
6863 44
6864 219
6865 192
6866 36
6867 30
6868 194
6869 129
6870 269
6871 190
6872 47
6873 154
6874 239
6875 71
6876 86
6877 245
6878 224
6879 241
6880 43
6881 49
6882 165
6883 229
6884 188
6885 223
6886 126
6887 55
6888 146
6889 194
6890 22
6891 193
6892 188
6893 146
6894 145
6895 78
6896 178
6897 241
6898 147
6899 41
6900 188
6901 90
6902 183
6903 241
6904 191
6905 258
6906 15
6907 170
6908 32
6909 275
6910 152
6911 28
6912 159
6913 163
6914 200
6915 165
6916 206
6917 165
6918 275
6919 188
6920 134
6921 256
6922 185
6923 119
6924 106
6925 86
6926 94
6927 32
6928 260
6929 191
6930 93
6931 109
6932 130
6933 112
6934 130
6935 34
6936 0
6937 174
6938 47
6939 130
6940 256
6941 149
6942 45
6943 6
6944 260
6945 75
6946 93
6947 110
6948 17
6949 148
6950 58
6951 274
6952 43
6953 31
6954 246
6955 185
6956 45
6957 163
6958 86
6959 246
6960 86
6961 120
6962 140
6963 267
6964 145
6965 268
6966 72
6967 57
6968 246
6969 145
6970 43
6971 171
6972 3
6973 267
6974 132
6975 182
6976 160
6977 86
6978 59
6979 17
6980 38
6981 74
6982 267
6983 246
6984 234
6985 74
6986 154
6987 132
6988 268
6989 134
6990 287
6991 131
6992 86
6993 267
6994 38
6995 163
6996 163
6997 14
6998 200
6999 25
7000 161
7001 237
7002 41
7003 105
7004 43
7005 51
7006 237
7007 43
7008 276
7009 134
7010 200
7011 276
7012 45
7013 15
7014 14
7015 256
7016 108
7017 19
7018 135
7019 222
7020 205
7021 287
7022 10
7023 15
7024 187
7025 25
7026 185
7027 47
7028 44
7029 107
7030 256
7031 268
7032 253
7033 160
7034 291
7035 256
7036 165
7037 256
7038 146
7039 28
7040 234
7041 234
7042 188
7043 56
7044 194
7045 134
7046 17
7047 51
7048 43
7049 37
7050 256
7051 185
7052 198
7053 25
7054 8
7055 84
7056 268
7057 276
7058 256
7059 19
7060 170
7061 115
7062 27
7063 60
7064 182
7065 10
7066 6
7067 253
7068 47
7069 79
7070 31
7071 202
7072 166
7073 77
7074 84
7075 51
7076 241
7077 17
7078 291
7079 234
7080 260
7081 47
7082 165
7083 268
7084 284
7085 22
7086 145
7087 158
7088 79
7089 188
7090 109
7091 246
7092 182
7093 188
7094 79
7095 200
7096 264
7097 188
7098 214
7099 79
7100 31
7101 119
7102 99
7103 0
7104 170
7105 42
7106 115
7107 87
7108 61
7109 256
7110 170
7111 4
7112 163
7113 46
7114 168
7115 207
7116 179
7117 44
7118 155
7119 41
7120 134
7121 23
7122 82
7123 61
7124 167
7125 94
7126 38
7127 45
7128 230
7129 23
7130 32
7131 175
7132 276
7133 252
7134 230
7135 268
7136 264
7137 186
7138 51
7139 220
7140 185
7141 186
7142 93
7143 230
7144 246
7145 99
7146 183
7147 86
7148 41
7149 16
7150 10
7151 15
7152 42
7153 124
7154 47
7155 103
7156 152
7157 13
7158 159
7159 75
7160 31
7161 189
7162 212
7163 15
7164 237
7165 279
7166 13
7167 90
7168 134
7169 212
7170 9
7171 251
7172 95
7173 288
7174 102
7175 181
7176 147
7177 37
7178 118
7179 274
7180 116
7181 287
7182 106
7183 120
7184 91
7185 191
7186 214
7187 75
7188 68
7189 4
7190 67
7191 222
7192 200
7193 159
7194 183
7195 151
7196 60
7197 238
7198 122
7199 58
7200 260
7201 79
7202 36
7203 231
7204 269
7205 68
7206 161
7207 50
7208 155
7209 254
7210 84
7211 247
7212 241
7213 215
7214 122
7215 213
7216 15
7217 205
7218 5
7219 155
7220 257
7221 285
7222 154
7223 106
7224 269
7225 245
7226 221
7227 192
7228 286
7229 134
7230 267
7231 39
7232 264
7233 196
7234 16
7235 222
7236 197
7237 159
7238 271
7239 36
7240 271
7241 111
7242 266
7243 56
7244 165
7245 196
7246 237
7247 206
7248 89
7249 192
7250 144
7251 101
7252 267
7253 132
7254 157
7255 97
7256 164
7257 10
7258 281
7259 10
7260 160
7261 8
7262 43
7263 68
7264 73
7265 105
7266 135
7267 19
7268 279
7269 110
7270 86
7271 117
7272 251
7273 127
7274 291
7275 222
7276 282
7277 273
7278 43
7279 202
7280 242
7281 275
7282 182
7283 20
7284 161
7285 0
7286 157
7287 268
7288 201
7289 49
7290 201
7291 161
7292 218
7293 207
7294 187
7295 191
7296 10
7297 175
7298 100
7299 185
7300 268
7301 234
7302 100
7303 43
7304 51
7305 194
7306 165
7307 126
7308 68
7309 167
7310 10
7311 291
7312 29
7313 119
7314 119
7315 36
7316 234
7317 170
7318 19
7319 195
7320 209
7321 197
7322 43
7323 124
7324 14
7325 143
7326 145
7327 93
7328 162
7329 194
7330 145
7331 209
7332 187
7333 271
7334 245
7335 261
7336 268
7337 125
7338 201
7339 213
7340 21
7341 239
7342 94
7343 264
7344 213
7345 187
7346 237
7347 43
7348 231
7349 264
7350 268
7351 265
7352 18
7353 54
7354 285
7355 214
7356 258
7357 165
7358 61
7359 209
7360 103
7361 28
7362 188
7363 217
7364 80
7365 81
7366 160
7367 135
7368 154
7369 99
7370 58
7371 86
7372 86
7373 32
7374 246
7375 282
7376 38
7377 241
7378 36
7379 103
7380 39
7381 266
7382 187
7383 201
7384 5
7385 86
7386 103
7387 254
7388 262
7389 285
7390 56
7391 50
7392 51
7393 129
7394 119
7395 32
7396 26
7397 163
7398 200
7399 132
7400 96
7401 100
7402 77
7403 22
7404 100
7405 92
7406 94
7407 205
7408 246
7409 146
7410 246
7411 39
7412 31
7413 41
7414 256
7415 51
7416 63
7417 287
7418 43
7419 172
7420 32
7421 155
7422 36
7423 103
7424 47
7425 241
7426 180
7427 277
7428 241
7429 110
7430 19
7431 246
7432 268
7433 205
7434 51
7435 86
7436 10
7437 155
7438 241
7439 145
7440 82
7441 29
7442 109
7443 134
7444 265
7445 206
7446 168
7447 36
7448 200
7449 145
7450 276
7451 267
7452 11
7453 110
7454 260
7455 165
7456 204
7457 254
7458 134
7459 219
7460 15
7461 106
7462 250
7463 178
7464 163
7465 260
7466 86
7467 267
7468 134
7469 221
7470 236
7471 268
7472 166
7473 47
7474 119
7475 175
7476 253
7477 93
7478 86
7479 264
7480 132
7481 106
7482 119
7483 106
7484 25
7485 145
7486 148
7487 20
7488 165
7489 103
7490 262
7491 208
7492 171
7493 268
7494 31
7495 74
7496 242
7497 185
7498 132
7499 10
7500 237
7501 60
7502 185
7503 215
7504 264
7505 140
7506 134
7507 15
7508 166
7509 185
7510 145
7511 163
7512 6
7513 200
7514 61
7515 125
7516 160
7517 33
7518 221
7519 106
7520 226
7521 256
7522 9
7523 25
7524 171
7525 269
7526 175
7527 223
7528 214
7529 237
7530 109
7531 202
7532 6
7533 50
7534 272
7535 119
7536 173
7537 94
7538 43
7539 281
7540 276
7541 246
7542 61
7543 25
7544 273
7545 165
7546 267
7547 268
7548 280
7549 120
7550 145
7551 256
7552 119
7553 188
7554 260
7555 163
7556 145
7557 93
7558 90
7559 25
7560 185
7561 25
7562 47
7563 256
7564 163
7565 165
7566 14
7567 164
7568 158
7569 246
7570 6
7571 47
7572 239
7573 14
7574 43
7575 241
7576 234
7577 260
7578 137
7579 60
7580 154
7581 10
7582 238
7583 119
7584 237
7585 222
7586 41
7587 185
7588 136
7589 253
7590 51
7591 260
7592 157
7593 201
7594 51
7595 186
7596 31
7597 79
7598 162
7599 15
7600 289
7601 251
7602 165
7603 44
7604 267
7605 61
7606 14
7607 79
7608 245
7609 260
7610 232
7611 8
7612 139
7613 14
7614 157
7615 141
7616 179
7617 111
7618 287
7619 251
7620 276
7621 61
7622 214
7623 141
7624 145
7625 93
7626 86
7627 10
7628 10
7629 188
7630 276
7631 124
7632 10
7633 15
7634 28
7635 43
7636 264
7637 147
7638 286
7639 70
7640 43
7641 251
7642 163
7643 175
7644 74
7645 223
7646 260
7647 99
7648 56
7649 53
7650 260
7651 103
7652 28
7653 200
7654 132
7655 210
7656 188
7657 288
7658 230
7659 204
7660 17
7661 239
7662 267
7663 140
7664 53
7665 214
7666 268
7667 200
7668 134
7669 25
7670 156
7671 10
7672 251
7673 99
7674 117
7675 74
7676 47
7677 106
7678 119
7679 246
7680 262
7681 56
7682 60
7683 163
7684 71
7685 39
7686 79
7687 180
7688 51
7689 36
7690 53
7691 188
7692 169
7693 223
7694 85
7695 286
7696 169
7697 283
7698 67
7699 147
7700 91
7701 73
7702 200
7703 177
7704 197
7705 36
7706 92
7707 106
7708 75
7709 2
7710 90
7711 66
7712 84
7713 164
7714 177
7715 75
7716 232
7717 178
7718 74
7719 271
7720 85
7721 103
7722 260
7723 185
7724 132
7725 6
7726 197
7727 163
7728 274
7729 286
7730 159
7731 260
7732 119
7733 225
7734 286
7735 20
7736 231
7737 130
7738 269
7739 157
7740 230
7741 277
7742 150
7743 260
7744 92
7745 159
7746 121
7747 81
7748 47
7749 288
7750 287
7751 44
7752 166
7753 221
7754 75
7755 118
7756 5
7757 73
7758 193
7759 222
7760 282
7761 59
7762 52
7763 286
7764 126
7765 234
7766 129
7767 177
7768 159
7769 214
7770 82
7771 229
7772 283
7773 154
7774 61
7775 214
7776 275
7777 73
7778 267
7779 52
7780 67
7781 284
7782 140
7783 265
7784 0
7785 231
7786 14
7787 92
7788 37
7789 122
7790 3
7791 239
7792 164
7793 3
7794 14
7795 206
7796 252
7797 162
7798 32
7799 82
7800 61
7801 151
7802 284
7803 0
7804 61
7805 94
7806 208
7807 6
7808 119
7809 58
7810 266
7811 90
7812 75
7813 61
7814 148
7815 219
7816 4
7817 172
7818 288
7819 145
7820 93
7821 224
7822 160
7823 243
7824 149
7825 68
7826 10
7827 165
7828 175
7829 53
7830 155
7831 239
7832 186
7833 197
7834 256
7835 66
7836 196
7837 63
7838 143
7839 63
7840 98
7841 117
7842 35
7843 33
7844 178
7845 79
7846 6
7847 51
7848 59
7849 91
7850 99
7851 134
7852 196
7853 126
7854 214
7855 117
7856 51
7857 134
7858 255
7859 200
7860 264
7861 194
7862 259
7863 260
7864 10
7865 47
7866 166
7867 136
7868 282
7869 260
7870 234
7871 206
7872 136
7873 257
7874 200
7875 41
7876 28
7877 200
7878 73
7879 267
7880 188
7881 63
7882 80
7883 264
7884 95
7885 28
7886 43
7887 79
7888 237
7889 237
7890 234
7891 133
7892 93
7893 194
7894 43
7895 65
7896 10
7897 96
7898 14
7899 27
7900 253
7901 126
7902 249
7903 183
7904 226
7905 99
7906 241
7907 176
7908 86
7909 183
7910 2
7911 19
7912 226
7913 276
7914 183
7915 103
7916 174
7917 234
7918 102
7919 130
7920 80
7921 48
7922 191
7923 186
7924 113
7925 205
7926 137
7927 68
7928 17
7929 165
7930 36
7931 204
7932 14
7933 246
7934 91
7935 288
7936 16
7937 142
7938 86
7939 43
7940 237
7941 48
7942 1
7943 251
7944 275
7945 19
7946 127
7947 165
7948 161
7949 51
7950 118
7951 234
7952 159
7953 214
7954 24
7955 256
7956 267
7957 271
7958 113
7959 200
7960 223
7961 25
7962 84
7963 194
7964 122
7965 252
7966 194
7967 113
7968 134
7969 31
7970 47
7971 74
7972 89
7973 262
7974 114
7975 166
7976 43
7977 237
7978 142
7979 37
7980 46
7981 222
7982 104
7983 188
7984 288
7985 241
7986 182
7987 28
7988 196
7989 284
7990 263
7991 171
7992 241
7993 256
7994 25
7995 146
7996 267
7997 46
7998 157
7999 260
8000 275
8001 122
8002 20
8003 230
8004 75
8005 51
8006 132
8007 253
8008 161
8009 234
8010 39
8011 76
8012 132
8013 276
8014 10
8015 15
8016 143
8017 185
8018 268
8019 168
8020 37
8021 260
8022 145
8023 185
8024 200
8025 3
8026 31
8027 188
8028 226
8029 25
8030 206
8031 44
8032 31
8033 269
8034 145
8035 143
8036 143
8037 256
8038 195
8039 86
8040 170
8041 145
8042 237
8043 190
8044 0
8045 90
8046 210
8047 108
8048 92
8049 28
8050 121
8051 6
8052 200
8053 10
8054 256
8055 86
8056 172
8057 102
8058 224
8059 288
8060 117
8061 68
8062 32
8063 101
8064 246
8065 51
8066 185
8067 109
8068 260
8069 188
8070 188
8071 86
8072 80
8073 252
8074 6
8075 15
8076 57
8077 47
8078 183
8079 188
8080 43
8081 14
8082 25
8083 74
8084 73
8085 170
8086 45
8087 17
8088 160
8089 22
8090 31
8091 246
8092 102
8093 278
8094 61
8095 192
8096 60
8097 272
8098 284
8099 147
8100 185
8101 70
8102 6
8103 129
8104 86
8105 47
8106 267
8107 163
8108 86
8109 41
8110 54
8111 118
8112 258
8113 283
8114 134
8115 44
8116 178
8117 167
8118 221
8119 135
8120 193
8121 77
8122 260
8123 43
8124 262
8125 25
8126 47
8127 14
8128 241
8129 4
8130 49
8131 260
8132 79
8133 17
8134 257
8135 55
8136 165
8137 214
8138 193
8139 132
8140 119
8141 164
8142 44
8143 154
8144 237
8145 31
8146 112
8147 99
8148 268
8149 9
8150 14
8151 145
8152 101
8153 84
8154 86
8155 237
8156 256
8157 132
8158 145
8159 221
8160 279
8161 20
8162 132
8163 79
8164 51
8165 6
8166 183
8167 132
8168 284
8169 51
8170 268
8171 113
8172 276
8173 28
8174 276
8175 133
8176 132
8177 165
8178 218
8179 20
8180 260
8181 78
8182 268
8183 121
8184 260
8185 197
8186 230
8187 275
8188 260
8189 93
8190 44
8191 94
8192 109
8193 119
8194 162
8195 275
8196 194
8197 5
8198 162
8199 86
8200 155
8201 223
8202 244
8203 125
8204 85
8205 44
8206 15
8207 85
8208 230
8209 44
8210 4
8211 228
8212 60
8213 80
8214 122
8215 172
8216 274
8217 87
8218 146
8219 15
8220 221
8221 212
8222 136
8223 36
8224 72
8225 113
8226 176
8227 71
8228 84
8229 162
8230 269
8231 65
8232 120
8233 148
8234 61
8235 17
8236 222
8237 286
8238 40
8239 255
8240 147
8241 171
8242 157
8243 163
8244 164
8245 271
8246 132
8247 255
8248 175
8249 105
8250 241
8251 16
8252 214
8253 197
8254 52
8255 32
8256 100
8257 110
8258 134
8259 15
8260 31
8261 222
8262 266
8263 76
8264 165
8265 20
8266 279
8267 72
8268 160
8269 3
8270 183
8271 260
8272 100
8273 14
8274 171
8275 234
8276 13
8277 223
8278 273
8279 155
8280 146
8281 28
8282 179
8283 14
8284 274
8285 179
8286 281
8287 271
8288 154
8289 52
8290 146
8291 186
8292 286
8293 105
8294 201
8295 234
8296 19
8297 9
8298 147
8299 15
8300 182
8301 276
8302 281
8303 94
8304 267
8305 279
8306 161
8307 288
8308 95
8309 267
8310 151
8311 7
8312 145
8313 212
8314 215
8315 122
8316 44
8317 198
8318 100
8319 164
8320 59
8321 165
8322 61
8323 117
8324 133
8325 160
8326 10
8327 252
8328 10
8329 136
8330 234
8331 179
8332 166
8333 157
8334 216
8335 119
8336 204
8337 267
8338 165
8339 38
8340 49
8341 10
8342 69
8343 76
8344 291
8345 194
8346 14
8347 94
8348 86
8349 172
8350 85
8351 253
8352 47
8353 36
8354 165
8355 147
8356 100
8357 170
8358 51
8359 149
8360 247
8361 10
8362 132
8363 215
8364 43
8365 220
8366 85
8367 34
8368 50
8369 283
8370 274
8371 148
8372 63
8373 155
8374 268
8375 43
8376 205
8377 259
8378 225
8379 253
8380 210
8381 182
8382 3
8383 171
8384 222
8385 97
8386 81
8387 118
8388 237
8389 5
8390 157
8391 129
8392 173
8393 51
8394 160
8395 253
8396 54
8397 111
8398 255
8399 215
8400 81
8401 57
8402 210
8403 134
8404 268
8405 213
8406 215
8407 10
8408 103
8409 79
8410 164
8411 32
8412 135
8413 90
8414 7
8415 276
8416 272
8417 261
8418 256
8419 204
8420 129
8421 31
8422 223
8423 28
8424 274
8425 275
8426 240
8427 231
8428 149
8429 103
8430 230
8431 274
8432 15
8433 145
8434 36
8435 276
8436 223
8437 78
8438 263
8439 13
8440 177
8441 110
8442 63
8443 20
8444 236
8445 145
8446 129
8447 109
8448 15
8449 36
8450 86
8451 234
8452 52
8453 51
8454 51
8455 163
8456 145
8457 155
8458 188
8459 1
8460 60
8461 113
8462 148
8463 256
8464 109
8465 43
8466 75
8467 277
8468 50
8469 10
8470 20
8471 61
8472 276
8473 15
8474 178
8475 171
8476 68
8477 122
8478 245
8479 271
8480 47
8481 260
8482 198
8483 145
8484 221
8485 117
8486 43
8487 215
8488 165
8489 230
8490 109
8491 243
8492 235
8493 110
8494 271
8495 222
8496 62
8497 230
8498 178
8499 125
8500 170
8501 6
8502 17
8503 40
8504 37
8505 179
8506 286
8507 93
8508 119
8509 86
8510 234
8511 3
8512 105
8513 95
8514 119
8515 16
8516 276
8517 132
8518 181
8519 145
8520 163
8521 10
8522 93
8523 134
8524 241
8525 260
8526 181
8527 109
8528 164
8529 161
8530 44
8531 287
8532 145
8533 241
8534 260
8535 119
8536 106
8537 47
8538 44
8539 44
8540 73
8541 143
8542 241
8543 202
8544 283
8545 19
8546 268
8547 268
8548 286
8549 163
8550 110
8551 50
8552 256
8553 37
8554 151
8555 111
8556 46
8557 132
8558 145
8559 119
8560 166
8561 160
8562 260
8563 6
8564 156
8565 25
8566 233
8567 19
8568 242
8569 152
8570 261
8571 152
8572 47
8573 25
8574 195
8575 188
8576 14
8577 103
8578 213
8579 274
8580 70
8581 120
8582 120
8583 274
8584 86
8585 234
8586 47
8587 267
8588 110
8589 119
8590 246
8591 155
8592 10
8593 200
8594 283
8595 165
8596 268
8597 99
8598 230
8599 256
8600 253
8601 222
8602 119
8603 14
8604 198
8605 222
8606 158
8607 260
8608 47
8609 256
8610 237
8611 44
8612 93
8613 119
8614 237
8615 47
8616 267
8617 217
8618 190
8619 79
8620 260
8621 216
8622 119
8623 163
8624 10
8625 6
8626 206
8627 79
8628 51
8629 25
8630 265
8631 99
8632 10
8633 6
8634 25
8635 179
8636 51
8637 47
8638 236
8639 268
8640 200
8641 276
8642 93
8643 163
8644 134
8645 43
8646 44
8647 28
8648 135
8649 160
8650 5
8651 239
8652 251
8653 145
8654 14
8655 230
8656 170
8657 241
8658 31
8659 253
8660 223
8661 95
8662 246
8663 260
8664 234
8665 242
8666 230
8667 132
8668 230
8669 163
8670 230
8671 225
8672 261
8673 239
8674 51
8675 241
8676 258
8677 218
8678 281
8679 51
8680 168
8681 87
8682 114
8683 246
8684 237
8685 275
8686 172
8687 229
8688 246
8689 146
8690 84
8691 153
8692 85
8693 146
8694 223
8695 174
8696 223
8697 239
8698 256
8699 38
8700 119
8701 32
8702 6
8703 93
8704 252
8705 19
8706 79
8707 222
8708 25
8709 252
8710 53
8711 104
8712 239
8713 28
8714 118
8715 273
8716 280
8717 212
8718 57
8719 204
8720 187
8721 25
8722 41
8723 153
8724 239
8725 129
8726 112
8727 44
8728 218
8729 264
8730 134
8731 83
8732 13
8733 239
8734 158
8735 159
8736 182
8737 18
8738 106
8739 129
8740 166
8741 113
8742 72
8743 175
8744 61
8745 193
8746 87
8747 272
8748 245
8749 105
8750 269
8751 140
8752 166
8753 222
8754 286
8755 41
8756 171
8757 208
8758 275
8759 183
8760 106
8761 155
8762 52
8763 145
8764 254
8765 267
8766 260
8767 155
8768 165
8769 204
8770 267
8771 43
8772 261
8773 267
8774 267
8775 87
8776 159
8777 81
8778 254
8779 204
8780 42
8781 98
8782 155
8783 242
8784 145
8785 105
8786 170
8787 97
8788 85
8789 188
8790 204
8791 287
8792 10
8793 38
8794 50
8795 130
8796 260
8797 205
8798 104
8799 35
8800 0
8801 93
8802 287
8803 38
8804 15
8805 283
8806 35
8807 22
8808 267
8809 268
8810 221
8811 256
8812 46
8813 221
8814 164
8815 34
8816 173
8817 145
8818 106
8819 260
8820 56
8821 151
8822 69
8823 6
8824 43
8825 19
8826 10
8827 215
8828 260
8829 84
8830 100
8831 93
8832 231
8833 82
8834 100
8835 2
8836 198
8837 157
8838 43
8839 250
8840 271
8841 230
8842 23
8843 73
8844 258
8845 5
8846 165
8847 9
8848 100
8849 134
8850 128
8851 43
8852 17
8853 43
8854 252
8855 288
8856 139
8857 43
8858 180
8859 77
8860 168
8861 51
8862 179
8863 106
8864 276
8865 146
8866 134
8867 43
8868 225
8869 10
8870 213
8871 46
8872 268
8873 276
8874 267
8875 264
8876 278
8877 45
8878 185
8879 73
8880 22
8881 89
8882 196
8883 185
8884 43
8885 126
8886 106
8887 169
8888 51
8889 255
8890 150
8891 48
8892 267
8893 200
8894 217
8895 3
8896 240
8897 276
8898 134
8899 165
8900 111
8901 237
8902 4
8903 85
8904 178
8905 120
8906 145
8907 134
8908 197
8909 237
8910 276
8911 260
8912 5
8913 275
8914 286
8915 91
8916 6
8917 73
8918 150
8919 86
8920 33
8921 267
8922 137
8923 2
8924 15
8925 102
8926 152
8927 230
8928 188
8929 38
8930 9
8931 28
8932 279
8933 264
8934 192
8935 113
8936 200
8937 141
8938 275
8939 190
8940 206
8941 62
8942 241
8943 91
8944 165
8945 237
8946 73
8947 170
8948 144
8949 55
8950 161
8951 226
8952 256
8953 5
8954 44
8955 87
8956 36
8957 268
8958 204
8959 37
8960 86
8961 202
8962 237
8963 200
8964 212
8965 269
8966 110
8967 258
8968 286
8969 222
8970 110
8971 136
8972 268
8973 6
8974 15
8975 185
8976 212
8977 122
8978 212
8979 261
8980 47
8981 246
8982 155
8983 260
8984 200
8985 278
8986 291
8987 180
8988 45
8989 283
8990 218
8991 25
8992 282
8993 206
8994 241
8995 234
8996 84
8997 72
8998 256
8999 60
9000 58
9001 103
9002 60
9003 145
9004 148
9005 163
9006 17
9007 197
9008 198
9009 99
9010 171
9011 260
9012 10
9013 260
9014 76
9015 178
9016 256
9017 3
9018 165
9019 6
9020 36
9021 255
9022 38
9023 197
9024 15
9025 6
9026 86
9027 25
9028 241
9029 145
9030 253
9031 2
9032 264
9033 81
9034 287
9035 268
9036 6
9037 260
9038 251
9039 10
9040 51
9041 256
9042 84
9043 145
9044 154
9045 163
9046 187
9047 103
9048 165
9049 183
9050 202
9051 134
9052 31
9053 276
9054 268
9055 145
9056 188
9057 268
9058 258
9059 25
9060 70
9061 272
9062 113
9063 106
9064 147
9065 154
9066 160
9067 91
9068 132
9069 276
9070 74
9071 200
9072 283
9073 188
9074 100
9075 53
9076 276
9077 123
9078 145
9079 14
9080 274
9081 148
9082 53
9083 175
9084 119
9085 264
9086 25
9087 267
9088 260
9089 91
9090 239
9091 17
9092 241
9093 185
9094 43
9095 248
9096 257
9097 15
9098 267
9099 232
9100 93
9101 140
9102 287
9103 14
9104 25
9105 69
9106 15
9107 51
9108 6
9109 46
9110 130
9111 6
9112 205
9113 35
9114 253
9115 278
9116 241
9117 267
9118 246
9119 79
9120 253
9121 155
9122 56
9123 188
9124 43
9125 10
9126 40
9127 15
9128 51
9129 165
9130 81
9131 278
9132 117
9133 43
9134 264
9135 285
9136 155
9137 44
9138 126
9139 214
9140 253
9141 148
9142 54
9143 41
9144 257
9145 154
9146 21
9147 79
9148 25
9149 109
9150 155
9151 51
9152 25
9153 188
9154 32
9155 86
9156 31
9157 223
9158 223
9159 237
9160 120
9161 51
9162 93
9163 135
9164 28
9165 170
9166 99
9167 256
9168 264
9169 134
9170 216
9171 252
9172 47
9173 86
9174 52
9175 43
9176 61
9177 202
9178 86
9179 239
9180 217
9181 206
9182 266
9183 210
9184 187
9185 163
9186 65
9187 183
9188 200
9189 268
9190 129
9191 66
9192 43
9193 188
9194 134
9195 48
9196 135
9197 44
9198 267
9199 288
9200 264
9201 282
9202 223
9203 183
9204 256
9205 234
9206 64
9207 106
9208 68
9209 165
9210 239
9211 55
9212 205
9213 195
9214 239
9215 119
9216 113
9217 183
9218 193
9219 36
9220 109
9221 205
9222 26
9223 47
9224 242
9225 170
9226 113
9227 155
9228 122
9229 291
9230 286
9231 155
9232 47
9233 267
9234 251
9235 114
9236 231
9237 122
9238 74
9239 183
9240 46
9241 68
9242 198
9243 3
9244 139
9245 245
9246 267
9247 30
9248 15
9249 291
9250 241
9251 75
9252 120
9253 134
9254 221
9255 178
9256 20
9257 10
9258 68
9259 73
9260 22
9261 109
9262 9
9263 234
9264 214
9265 52
9266 215
9267 221
9268 260
9269 274
9270 254
9271 84
9272 46
9273 271
9274 144
9275 269
9276 271
9277 260
9278 138
9279 2
9280 84
9281 6
9282 100
9283 222
9284 79
9285 0
9286 256
9287 221
9288 10
9289 73
9290 269
9291 42
9292 43
9293 37
9294 38
9295 251
9296 109
9297 103
9298 211
9299 82
9300 164
9301 274
9302 251
9303 267
9304 104
9305 205
9306 148
9307 0
9308 260
9309 221
9310 165
9311 248
9312 55
9313 9
9314 49
9315 257
9316 10
9317 183
9318 38
9319 274
9320 82
9321 229
9322 222
9323 212
9324 145
9325 141
9326 267
9327 197
9328 10
9329 105
9330 143
9331 91
9332 230
9333 106
9334 128
9335 258
9336 79
9337 272
9338 180
9339 54
9340 155
9341 180
9342 202
9343 211
9344 182
9345 2
9346 142
9347 36
9348 43
9349 117
9350 166
9351 105
9352 261
9353 223
9354 214
9355 50
9356 51
9357 53
9358 165
9359 145
9360 122
9361 170
9362 134
9363 265
9364 256
9365 91
9366 84
9367 54
9368 283
9369 178
9370 93
9371 286
9372 276
9373 222
9374 209
9375 85
9376 123
9377 145
9378 276
9379 214
9380 47
9381 204
9382 264
9383 165
9384 43
9385 136
9386 143
9387 246
9388 171
9389 264
9390 264
9391 136
9392 69
9393 87
9394 99
9395 60
9396 283
9397 117
9398 18
9399 211
9400 73
9401 252
9402 123
9403 195
9404 212
9405 72
9406 224
9407 73
9408 28
9409 281
9410 218
9411 279
9412 259
9413 279
9414 129
9415 267
9416 247
9417 47
9418 200
9419 260
9420 194
9421 223
9422 44
9423 196
9424 287
9425 167
9426 129
9427 129
9428 285
9429 43
9430 267
9431 51
9432 70
9433 34
9434 126
9435 1
9436 99
9437 192
9438 268
9439 91
9440 35
9441 239
9442 267
9443 27
9444 43
9445 237
9446 4
9447 267
9448 165
9449 222
9450 204
9451 7
9452 15
9453 103
9454 208
9455 145
9456 264
9457 183
9458 206
9459 31
9460 214
9461 60
9462 31
9463 274
9464 11
9465 156
9466 200
9467 188
9468 291
9469 287
9470 212
9471 124
9472 214
9473 241
9474 134
9475 134
9476 212
9477 260
9478 148
9479 260
9480 20
9481 200
9482 234
9483 155
9484 234
9485 76
9486 222
9487 148
9488 20
9489 209
9490 260
9491 163
9492 113
9493 31
9494 134
9495 146
9496 31
9497 110
9498 268
9499 17
9500 116
9501 278
9502 188
9503 185
9504 163
9505 256
9506 119
9507 17
9508 43
9509 163
9510 20
9511 166
9512 46
9513 133
9514 163
9515 62
9516 34
9517 268
9518 160
9519 124
9520 246
9521 196
9522 22
9523 51
9524 157
9525 204
9526 84
9527 230
9528 145
9529 85
9530 89
9531 268
9532 214
9533 146
9534 181
9535 246
9536 185
9537 276
9538 86
9539 145
9540 256
9541 145
9542 163
9543 37
9544 84
9545 47
9546 17
9547 268
9548 86
9549 47
9550 241
9551 47
9552 155
9553 204
9554 148
9555 230
9556 211
9557 38
9558 202
9559 15
9560 61
9561 99
9562 15
9563 93
9564 215
9565 253
9566 119
9567 202
9568 18
9569 188
9570 17
9571 188
9572 185
9573 61
9574 0
9575 264
9576 0
9577 226
9578 234
9579 188
9580 146
9581 51
9582 185
9583 61
9584 61
9585 253
9586 154
9587 287
9588 44
9589 84
9590 15
9591 246
9592 51
9593 100
9594 106
9595 188
9596 43
9597 62
9598 185
9599 209
9600 90
9601 264
9602 127
9603 269
9604 264
9605 59
9606 155
9607 2
9608 286
9609 134
9610 213
9611 134
9612 249
9613 25
9614 31
9615 271
9616 61
9617 64
9618 93
9619 43
9620 267
9621 260
9622 246
9623 170
9624 99
9625 171
9626 163
9627 252
9628 158
9629 195
9630 96
9631 154
9632 145
9633 163
9634 86
9635 158
9636 256
9637 222
9638 11
9639 47
9640 165
9641 165
9642 41
9643 253
9644 175
9645 69
9646 228
9647 132
9648 254
9649 222
9650 254
9651 86
9652 226
9653 61
9654 237
9655 171
9656 136
9657 181
9658 46
9659 231
9660 44
9661 252
9662 61
9663 267
9664 119
9665 63
9666 41
9667 43
9668 232
9669 47
9670 185
9671 154
9672 89
9673 170
9674 251
9675 200
9676 59
9677 107
9678 254
9679 202
9680 52
9681 268
9682 69
9683 14
9684 187
9685 61
9686 10
9687 25
9688 32
9689 228
9690 129
9691 167
9692 268
9693 14
9694 28
9695 36
9696 134
9697 133
9698 234
9699 280
9700 6
9701 214
9702 25
9703 215
9704 15
9705 132
9706 119
9707 51
9708 185
9709 204
9710 37
9711 198
9712 43
9713 155
9714 165
9715 6
9716 14
9717 106
9718 134
9719 274
9720 86
9721 173
9722 252
9723 185
9724 3
9725 237
9726 6
9727 146
9728 183
9729 9
9730 253
9731 62
9732 61
9733 189
9734 204
9735 119
9736 142
9737 5
9738 13
9739 17
9740 105
9741 177
9742 210
9743 214
9744 252
9745 108
9746 91
9747 6
9748 109
9749 263
9750 213
9751 143
9752 6
9753 127
9754 148
9755 179
9756 44
9757 253
9758 214
9759 113
9760 204
9761 119
9762 225
9763 195
9764 234
9765 136
9766 32
9767 142
9768 247
9769 44
9770 252
9771 203
9772 270
9773 28
9774 278
9775 93
9776 291
9777 274
9778 215
9779 106
9780 205
9781 84
9782 155
9783 115
9784 132
9785 139
9786 232
9787 148
9788 103
9789 215
9790 16
9791 95
9792 169
9793 214
9794 77
9795 99
9796 160
9797 107
9798 125
9799 163
9800 52
9801 285
9802 156
9803 10
9804 84
9805 0
9806 286
9807 281
9808 112
9809 225
9810 204
9811 106
9812 110
9813 113
9814 214
9815 269
9816 76
9817 122
9818 152
9819 51
9820 46
9821 110
9822 186
9823 18
9824 166
9825 50
9826 201
9827 41
9828 146
9829 185
9830 267
9831 41
9832 141
9833 210
9834 205
9835 217
9836 62
9837 100
9838 104
9839 183
9840 109
9841 215
9842 82
9843 28
9844 272
9845 0
9846 260
9847 198
9848 84
9849 115
9850 145
9851 231
9852 1
9853 76
9854 46
9855 31
9856 80
9857 267
9858 214
9859 194
9860 177
9861 277
9862 88
9863 230
9864 215
9865 93
9866 239
9867 215
9868 214
9869 38
9870 275
9871 241
9872 76
9873 256
9874 64
9875 0
9876 227
9877 67
9878 69
9879 146
9880 63
9881 225
9882 105
9883 177
9884 228
9885 122
9886 215
9887 269
9888 286
9889 43
9890 34
9891 158
9892 125
9893 102
9894 50
9895 155
9896 145
9897 47
9898 129
9899 50
9900 165
9901 50
9902 51
9903 154
9904 234
9905 134
9906 135
9907 268
9908 6
9909 267
9910 10
9911 155
9912 45
9913 251
9914 222
9915 145
9916 206
9917 285
9918 122
9919 129
9920 201
9921 28
9922 10
9923 285
9924 260
9925 48
9926 122
9927 14
9928 191
9929 155
9930 175
9931 239
9932 29
9933 102
9934 59
9935 288
9936 88
9937 18
9938 165
9939 246
9940 47
9941 213
9942 141
9943 252
9944 129
9945 144
9946 267
9947 130
9948 191
9949 91
9950 175
9951 198
9952 25
9953 65
9954 209
9955 113
9956 279
9957 123
9958 129
9959 71
9960 270
9961 240
9962 266
9963 188
9964 281
9965 74
9966 89
9967 154
9968 223
9969 155
9970 31
9971 251
9972 148
9973 130
9974 286
9975 15
9976 223
9977 205
9978 57
9979 237
9980 206
9981 235
9982 146
9983 110
9984 145
9985 172
9986 74
9987 149
9988 246
9989 122
9990 20
9991 231
9992 241
9993 57
9994 99
9995 95
9996 5
9997 212
9998 191
9999 234
