0 28
1 10
2 1
3 2
4 21
5 19
6 17
7 14
8 9
9 20
10 29
11 9
12 29
13 13
14 30
15 12
16 18
17 30
18 9
19 14
20 15
21 6
22 32
23 3
24 8
25 16
26 6
27 6
28 8
29 13
30 8
31 26
32 17
33 23
34 9
35 18
36 22
37 24
38 11
39 32
40 13
41 28
42 0
43 8
44 14
45 35
46 17
47 27
48 24
49 8
50 33
51 28
52 21
53 3
54 15
55 14
56 16
57 11
58 27
59 6
60 5
61 27
62 10
63 32
64 22
65 25
66 14
67 35
68 21
69 0
70 16
71 1
72 3
73 31
74 5
75 19
76 7
77 2
78 18
79 14
80 36
81 19
82 4
83 15
84 31
85 19
86 19
87 22
88 27
89 30
90 5
91 2
92 18
93 2
94 5
95 24
96 4
97 0
98 6
99 4
100 25
101 15
102 13
103 6
104 17
105 19
106 26
107 19
108 12
109 23
110 13
111 17
112 19
113 11
114 26
115 11
116 28
117 13
118 15
119 8
120 6
121 2
122 35
123 25
124 17
125 4
126 25
127 13
128 7
129 12
130 3
131 24
132 27
133 9
134 19
135 23
136 11
137 14
138 23
139 14
140 18
141 29
142 29
143 0
144 12
145 30
146 36
147 1
148 13
149 17
150 23
151 6
152 16
153 13
154 16
155 13
156 11
157 12
158 34
159 13
160 9
161 11
162 4
163 3
164 5
165 31
166 3
167 13
168 12
169 1
170 26
171 4
172 13
173 20
174 12
175 24
176 17
177 11
178 39
179 6
180 23
181 6
182 16
183 6
184 9
185 17
186 7
187 8
188 5
189 7
190 39
191 32
192 3
193 8
194 15
195 13
196 6
197 16
198 24
199 17
200 22
201 14
202 17
203 11
204 19
205 9
206 4
207 16
208 6
209 26
210 12
211 5
212 16
213 20
214 6
215 26
216 15
217 32
218 3
219 21
220 9
221 3
222 19
223 4
224 12
225 9
226 31
227 0
228 12
229 28
230 3
231 17
232 31
233 20
234 1
235 8
236 13
237 5
238 0
239 7
240 17
241 19
242 7
243 17
244 14
245 8
246 3
247 14
248 20
249 2
250 22
251 7
252 20
253 4
254 20
255 18
256 5
257 15
258 23
259 16
260 29
261 38
262 9
263 9
264 13
265 14
266 36
267 2
268 23
269 9
270 9
271 9
272 7
273 17
274 25
275 35
276 0
277 29
278 1
279 23
280 0
281 37
282 20
283 13
284 40
285 5
286 0
287 3
288 1
289 32
290 6
291 3
292 6
293 21
294 13
295 30
296 14
297 5
298 7
299 8
300 25
301 7
302 17
303 6
304 9
305 5
306 6
307 12
308 25
309 20
310 30
311 19
312 18
313 19
314 19
315 19
316 26
317 13
318 29
319 21
320 19
321 20
322 28
323 6
324 8
325 6
326 20
327 6
328 18
329 37
330 1
331 2
332 26
333 2
334 10
335 4
336 2
337 25
338 2
339 15
340 2
341 7
342 8
343 9
344 20
345 4
346 2
347 4
348 4
349 7
350 10
351 30
352 0
353 8
354 8
355 3
356 6
357 5
358 18
359 17
360 18
361 13
362 6
363 16
364 12
365 8
366 6
367 6
368 9
369 30
370 32
371 20
372 10
373 6
374 0
375 5
376 23
377 10
378 26
379 7
380 10
381 12
382 0
383 10
384 33
385 2
386 34
387 7
388 2
389 35
390 36
391 6
392 4
393 24
394 2
395 19
396 2
397 17
398 22
399 0
400 32
401 9
402 16
403 16
404 0
405 22
406 18
407 19
408 3
409 22
410 14
411 12
412 8
413 23
414 3
415 6
416 2
417 2
418 31
419 20
420 7
421 4
422 6
423 16
424 23
425 20
426 7
427 7
428 30
429 19
430 16
431 18
432 15
433 10
434 5
435 32
436 10
437 6
438 20
439 2
440 13
441 6
442 22
443 4
444 5
445 7
446 13
447 18
448 7
449 10
450 8
451 15
452 17
453 34
454 10
455 10
456 32
457 22
458 15
459 10
460 20
461 8
462 24
463 0
464 12
465 31
466 20
467 12
468 18
469 17
470 7
471 22
472 1
473 2
474 10
475 20
476 25
477 6
478 19
479 7
480 0
481 3
482 15
483 31
484 7
485 8
486 19
487 5
488 1
489 7
490 11
491 10
492 22
493 34
494 6
495 1
496 35
497 18
498 10
499 26
500 25
501 5
502 6
503 28
504 1
505 6
506 18
507 0
508 11
509 2
510 11
511 7
512 30
513 15
514 26
515 8
516 6
517 15
518 26
519 2
520 7
521 15
522 28
523 22
524 23
525 3
526 15
527 1
528 19
529 19
530 10
531 18
532 6
533 26
534 13
535 28
536 3
537 19
538 10
539 18
540 11
541 11
542 7
543 15
544 26
545 2
546 3
547 3
548 26
549 0
550 5
551 18
552 8
553 8
554 17
555 10
556 6
557 11
558 3
559 15
560 2
561 24
562 6
563 24
564 2
565 19
566 15
567 27
568 18
569 37
570 27
571 11
572 10
573 10
574 4
575 20
576 11
577 18
578 0
579 18
580 7
581 9
582 8
583 20
584 6
585 11
586 2
587 2
588 0
589 7
590 9
591 17
592 8
593 9
594 23
595 18
596 1
597 21
598 0
599 10
600 8
601 0
602 6
603 3
604 0
605 7
606 10
607 19
608 6
609 6
610 11
611 3
612 15
613 12
614 9
615 6
616 28
617 15
618 8
619 6
620 15
621 10
622 1
623 3
624 8
625 0
626 19
627 24
628 36
629 9
630 1
631 13
632 37
633 19
634 30
635 9
636 1
637 2
638 11
639 3
640 18
641 5
642 23
643 11
644 14
645 21
646 15
647 7
648 26
649 37
650 20
651 22
652 10
653 2
654 11
655 6
656 23
657 3
658 3
659 10
660 6
661 28
662 17
663 3
664 10
665 33
666 2
667 7
668 26
669 9
670 31
671 10
672 23
673 1
674 3
675 13
676 14
677 19
678 24
679 27
680 37
681 7
682 15
683 8
684 15
685 36
686 3
687 18
688 25
689 27
690 15
691 18
692 2
693 12
694 22
695 5
696 3
697 13
698 18
699 13
700 28
701 22
702 35
703 3
704 2
705 14
706 4
707 10
708 13
709 4
710 1
711 1
712 18
713 5
714 6
715 24
716 17
717 13
718 9
719 0
720 10
721 2
722 27
723 10
724 11
725 3
726 11
727 26
728 5
729 11
730 8
731 3
732 35
733 12
734 23
735 1
736 10
737 1
738 8
739 19
740 10
741 29
742 13
743 0
744 5
745 4
746 15
747 2
748 4
749 20
750 11
751 34
752 13
753 11
754 0
755 32
756 12
757 11
758 8
759 4
760 4
761 0
762 9
763 33
764 10
765 14
766 0
767 3
768 22
769 14
770 17
771 2
772 6
773 12
774 12
775 0
776 10
777 11
778 12
779 26
780 10
781 4
782 2
783 3
784 15
785 1
786 9
787 0
788 11
789 31
790 1
791 14
792 11
793 2
794 9
795 4
796 23
797 3
798 10
799 26
800 22
801 8
802 4
803 1
804 0
805 1
806 9
807 40
808 0
809 0
810 10
811 5
812 18
813 26
814 12
815 24
816 21
817 10
818 2
819 15
820 13
821 4
822 9
823 3
824 18
825 2
826 29
827 23
828 8
829 4
830 2
831 4
832 21
833 7
834 12
835 5
836 16
837 17
838 12
839 16
840 3
841 12
842 2
843 16
844 16
845 12
846 13
847 12
848 13
849 4
850 4
851 16
852 12
853 3
854 18
855 4
856 1
857 35
858 2
859 11
860 1
861 15
862 9
863 10
864 22
865 31
866 5
867 0
868 7
869 12
870 14
871 9
872 11
873 4
874 7
875 10
876 9
877 25
878 22
879 2
880 0
881 30
882 10
883 29
884 12
885 8
886 17
887 1
888 0
889 6
890 1
891 21
892 14
893 29
894 0
895 4
896 29
897 12
898 22
899 11
900 36
901 7
902 19
903 10
904 6
905 2
906 11
907 7
908 37
909 25
910 8
911 7
912 29
913 26
914 16
915 16
916 25
917 4
918 25
919 0
920 25
921 0
922 37
923 10
924 38
925 34
926 0
927 4
928 3
929 2
930 12
931 7
932 8
933 13
934 9
935 3
936 1
937 19
938 2
939 11
940 1
941 33
942 0
943 1
944 30
945 11
946 16
947 4
948 1
949 5
950 2
951 25
952 23
953 25
954 0
955 17
956 10
957 2
958 14
959 25
960 10
961 10
962 7
963 4
964 23
965 17
966 4
967 28
968 36
969 6
970 16
971 6
972 17
973 30
974 0
975 17
976 8
977 17
978 7
979 2
980 30
981 16
982 4
983 37
984 17
985 10
986 3
987 10
988 10
989 3
990 1
991 3
992 12
993 9
994 12
995 29
996 3
997 9
998 1
999 0
1000 2
1001 4
1002 14
1003 10
1004 4
1005 0
1006 8
1007 25
1008 1
1009 29
1010 12
1011 28
1012 1
1013 20
1014 16
1015 16
1016 0
1017 11
1018 26
1019 25
1020 0
1021 13
1022 3
1023 5
1024 15
1025 0
1026 12
1027 5
1028 29
1029 2
1030 26
1031 0
1032 13
1033 4
1034 12
1035 4
1036 12
1037 17
1038 7
1039 9
1040 4
1041 17
1042 3
1043 25
1044 4
1045 1
1046 0
1047 6
1048 17
1049 25
1050 9
1051 14
1052 3
1053 26
1054 12
1055 8
1056 26
1057 28
1058 3
1059 2
1060 4
1061 33
1062 25
1063 12
1064 25
1065 0
1066 16
1067 2
1068 7
1069 4
1070 24
1071 11
1072 16
1073 21
1074 2
1075 9
1076 17
1077 10
1078 35
1079 12
1080 26
1081 22
1082 21
1083 29
1084 24
1085 2
1086 2
1087 21
1088 11
1089 31
1090 1
1091 20
1092 13
1093 17
1094 25
1095 2
1096 19
1097 36
1098 26
1099 14
1100 3
1101 4
1102 24
1103 0
1104 15
1105 5
1106 1
1107 16
1108 0
1109 2
1110 16
1111 25
1112 12
1113 18
1114 2
1115 1
1116 21
1117 3
1118 4
1119 0
1120 31
1121 4
1122 16
1123 19
1124 10
1125 10
1126 2
1127 2
1128 2
1129 19
1130 14
1131 17
1132 25
1133 16
1134 3
1135 12
1136 19
1137 1
1138 0
1139 3
1140 5
1141 0
1142 31
1143 32
1144 14
1145 26
1146 19
1147 14
1148 16
1149 19
1150 17
1151 16
1152 4
1153 1
1154 3
1155 32
1156 10
1157 23
1158 12
1159 13
1160 0
1161 6
1162 4
1163 19
1164 2
1165 5
1166 10
1167 1
1168 34
1169 4
1170 21
1171 13
1172 0
1173 16
1174 10
1175 0
1176 2
1177 18
1178 19
1179 5
1180 18
1181 3
1182 8
1183 3
1184 15
1185 1
1186 26
1187 36
1188 1
1189 5
1190 34
1191 18
1192 13
1193 13
1194 12
1195 9
1196 16
1197 10
1198 19
1199 33
1200 3
1201 4
1202 19
1203 4
1204 1
1205 1
1206 2
1207 16
1208 2
1209 5
1210 3
1211 5
1212 27
1213 3
1214 5
1215 17
1216 2
1217 9
1218 15
1219 1
1220 2
1221 13
1222 15
1223 17
1224 18
1225 7
1226 14
1227 13
1228 0
1229 19
1230 13
1231 5
1232 3
1233 10
1234 31
1235 2
1236 8
1237 37
1238 0
1239 5
1240 0
1241 19
1242 1
1243 16
1244 13
1245 14
1246 21
1247 28
1248 5
1249 16
1250 3
1251 5
1252 3
1253 5
1254 1
1255 22
1256 1
1257 3
1258 8
1259 30
1260 4
1261 20
1262 21
1263 35
1264 29
1265 0
1266 23
1267 20
1268 3
1269 10
1270 2
1271 10
1272 14
1273 15
1274 10
1275 4
1276 3
1277 20
1278 14
1279 25
1280 3
1281 40
1282 25
1283 25
1284 9
1285 12
1286 4
1287 15
1288 1
1289 25
1290 21
1291 23
1292 6
1293 1
1294 13
1295 21
1296 3
1297 5
1298 1
1299 13
1300 6
1301 13
1302 14
1303 5
1304 6
1305 21
1306 5
1307 24
1308 28
1309 15
1310 24
1311 4
1312 19
1313 2
1314 0
1315 4
1316 23
1317 3
1318 10
1319 20
1320 5
1321 2
1322 5
1323 19
1324 20
1325 4
1326 20
1327 19
1328 4
1329 0
1330 3
1331 17
1332 3
1333 4
1334 5
1335 24
1336 14
1337 27
1338 4
1339 5
1340 17
1341 6
1342 14
1343 15
1344 1
1345 5
1346 1
1347 24
1348 3
1349 6
1350 28
1351 17
1352 20
1353 21
1354 20
1355 1
1356 10
1357 0
1358 5
1359 3
1360 19
1361 3
1362 6
1363 1
1364 3
1365 1
1366 4
1367 24
1368 17
1369 0
1370 28
1371 5
1372 18
1373 1
1374 1
1375 40
1376 10
1377 16
1378 18
1379 17
1380 6
1381 10
1382 5
1383 15
1384 6
1385 4
1386 0
1387 19
1388 5
1389 3
1390 21
1391 1
1392 27
1393 3
1394 21
1395 18
1396 6
1397 0
1398 3
1399 3
1400 5
1401 5
1402 28
1403 12
1404 21
1405 12
1406 3
1407 2
1408 13
1409 10
1410 17
1411 17
1412 5
1413 17
1414 18
1415 16
1416 19
1417 17
1418 12
1419 16
1420 4
1421 3
1422 30
1423 4
1424 0
1425 3
1426 5
1427 24
1428 2
1429 2
1430 33
1431 14
1432 0
1433 33
1434 31
1435 17
1436 2
1437 35
1438 1
1439 2
1440 6
1441 32
1442 4
1443 0
1444 14
1445 3
1446 0
1447 4
1448 16
1449 3
1450 2
1451 22
1452 6
1453 26
1454 6
1455 3
1456 18
1457 36
1458 5
1459 0
1460 25
1461 4
1462 1
1463 27
1464 6
1465 23
1466 0
1467 6
1468 14
1469 5
1470 4
1471 5
1472 0
1473 20
1474 13
1475 0
1476 6
1477 17
1478 0
1479 6
1480 36
1481 0
1482 11
1483 33
1484 5
1485 22
1486 3
1487 15
1488 3
1489 2
1490 4
1491 19
1492 29
1493 7
1494 6
1495 4
1496 37
1497 5
1498 14
1499 3
1500 2
1501 18
1502 1
1503 5
1504 4
1505 6
1506 8
1507 7
1508 13
1509 8
1510 8
1511 5
1512 34
1513 2
1514 0
1515 2
1516 4
1517 8
1518 6
1519 8
1520 2
1521 4
1522 19
1523 7
1524 4
1525 24
1526 3
1527 10
1528 8
1529 5
1530 8
1531 5
1532 3
1533 0
1534 16
1535 2
1536 3
1537 1
1538 18
1539 18
1540 0
1541 4
1542 4
1543 1
1544 7
1545 6
1546 1
1547 0
1548 33
1549 22
1550 8
1551 3
1552 4
1553 2
1554 2
1555 16
1556 15
1557 5
1558 7
1559 1
1560 2
1561 5
1562 22
1563 9
1564 2
1565 8
1566 3
1567 5
1568 11
1569 0
1570 14
1571 27
1572 10
1573 28
1574 5
1575 7
1576 11
1577 0
1578 11
1579 4
1580 10
1581 4
1582 0
1583 7
1584 11
1585 0
1586 10
1587 1
1588 8
1589 22
1590 8
1591 5
1592 2
1593 1
1594 8
1595 26
1596 5
1597 6
1598 15
1599 6
1600 25
1601 5
1602 6
1603 13
1604 7
1605 0
1606 19
1607 27
1608 28
1609 11
1610 1
1611 7
1612 7
1613 8
1614 2
1615 0
1616 18
1617 8
1618 4
1619 23
1620 8
1621 5
1622 6
1623 4
1624 5
1625 10
1626 4
1627 2
1628 0
1629 3
1630 35
1631 3
1632 26
1633 5
1634 25
1635 6
1636 8
1637 18
1638 1
1639 8
1640 7
1641 29
1642 6
1643 4
1644 18
1645 6
1646 8
1647 1
1648 22
1649 3
1650 11
1651 31
1652 0
1653 36
1654 15
1655 2
1656 24
1657 1
1658 1
1659 35
1660 0
1661 5
1662 3
1663 1
1664 10
1665 3
1666 3
1667 4
1668 2
1669 7
1670 5
1671 6
1672 6
1673 1
1674 2
1675 7
1676 0
1677 20
1678 4
1679 14
1680 4
1681 19
1682 3
1683 1
1684 8
1685 7
1686 6
1687 0
1688 6
1689 2
1690 0
1691 3
1692 31
1693 1
1694 3
1695 8
1696 6
1697 8
1698 7
1699 34
1700 35
1701 31
1702 7
1703 0
1704 30
1705 11
1706 5
1707 8
1708 20
1709 8
1710 11
1711 6
1712 1
1713 3
1714 35
1715 4
1716 11
1717 6
1718 10
1719 18
1720 3
1721 30
1722 6
1723 8
1724 15
1725 29
1726 37
1727 0
1728 15
1729 22
1730 1
1731 0
1732 1
1733 29
1734 36
1735 14
1736 6
1737 12
1738 8
1739 23
1740 10
1741 29
1742 0
1743 8
1744 15
1745 6
1746 2
1747 4
1748 2
1749 10
1750 0
1751 0
1752 5
1753 11
1754 18
1755 21
1756 18
1757 0
1758 29
1759 24
1760 0
1761 32
1762 22
1763 9
1764 3
1765 5
1766 6
1767 14
1768 1
1769 18
1770 3
1771 2
1772 7
1773 1
1774 7
1775 4
1776 26
1777 14
1778 0
1779 6
1780 21
1781 5
1782 4
1783 2
1784 12
1785 5
1786 9
1787 9
1788 4
1789 4
1790 14
1791 3
1792 10
1793 10
1794 4
1795 21
1796 3
1797 5
1798 7
1799 12
1800 4
1801 5
1802 1
1803 0
1804 2
1805 9
1806 11
1807 11
1808 18
1809 15
1810 1
1811 7
1812 26
1813 0
1814 3
1815 8
1816 18
1817 3
1818 20
1819 6
1820 7
1821 12
1822 9
1823 8
1824 6
1825 1
1826 6
1827 4
1828 3
1829 3
1830 4
1831 4
1832 0
1833 3
1834 8
1835 2
1836 5
1837 0
1838 1
1839 26
1840 28
1841 4
1842 2
1843 12
1844 3
1845 34
1846 7
1847 4
1848 5
1849 8
1850 8
1851 7
1852 37
1853 15
1854 8
1855 15
1856 8
1857 3
1858 6
1859 4
1860 4
1861 36
1862 9
1863 4
1864 22
1865 3
1866 13
1867 3
1868 9
1869 30
1870 6
1871 0
1872 2
1873 7
1874 8
1875 10
1876 1
1877 1
1878 3
1879 4
1880 1
1881 0
1882 4
1883 18
1884 0
1885 3
1886 7
1887 8
1888 9
1889 12
1890 4
1891 0
1892 3
1893 8
1894 7
1895 2
1896 9
1897 3
1898 13
1899 4
1900 8
1901 10
1902 1
1903 22
1904 4
1905 4
1906 23
1907 5
1908 2
1909 6
1910 1
1911 20
1912 6
1913 0
1914 9
1915 4
1916 0
1917 6
1918 5
1919 12
1920 3
1921 7
1922 9
1923 6
1924 2
1925 25
1926 8
1927 13
1928 0
1929 12
1930 9
1931 8
1932 3
1933 5
1934 9
1935 9
1936 16
1937 3
1938 14
1939 5
1940 7
1941 2
1942 3
1943 1
1944 0
1945 12
1946 6
1947 3
1948 3
1949 3
1950 13
1951 0
1952 3
1953 9
1954 6
1955 6
1956 0
1957 1
1958 7
1959 10
1960 4
1961 8
1962 4
1963 5
1964 19
1965 1
1966 21
1967 11
1968 6
1969 0
1970 1
1971 6
1972 12
1973 4
1974 6
1975 5
1976 11
1977 1
1978 3
1979 14
1980 5
1981 7
1982 5
1983 5
1984 9
1985 8
1986 7
1987 8
1988 6
1989 22
1990 4
1991 7
1992 5
1993 9
1994 9
1995 2
1996 0
1997 2
1998 3
1999 4
2000 3
2001 3
2002 15
2003 10
2004 18
2005 17
2006 8
2007 2
2008 3
2009 13
2010 22
2011 0
2012 25
2013 9
2014 2
2015 2
2016 1
2017 2
2018 1
2019 2
2020 4
2021 7
2022 32
2023 12
2024 6
2025 9
2026 7
2027 2
2028 9
2029 0
2030 5
2031 2
2032 12
2033 5
2034 12
2035 9
2036 4
2037 2
2038 1
2039 0
2040 12
2041 12
2042 4
2043 9
2044 4
2045 4
2046 1
2047 6
2048 1
2049 26
2050 15
2051 12
2052 30
2053 8
2054 8
2055 28
2056 1
2057 28
2058 28
2059 26
2060 2
2061 17
2062 25
2063 7
2064 7
2065 28
2066 21
2067 9
2068 24
2069 17
2070 4
2071 7
2072 0
2073 6
2074 0
2075 0
2076 4
2077 16
2078 8
2079 21
2080 9
2081 0
2082 6
2083 2
2084 25
2085 0
2086 5
2087 5
2088 7
2089 6
2090 1
2091 2
2092 4
2093 6
2094 22
2095 8
2096 10
2097 9
2098 9
2099 5
2100 22
2101 12
2102 18
2103 28
2104 7
2105 3
2106 5
2107 14
2108 14
2109 12
2110 6
2111 8
2112 7
2113 2
2114 5
2115 22
2116 7
2117 7
2118 31
2119 13
2120 3
2121 5
2122 19
2123 27
2124 19
2125 9
2126 16
2127 28
2128 19
2129 2
2130 8
2131 6
2132 4
2133 0
2134 0
2135 0
2136 0
2137 4
2138 6
2139 8
2140 28
2141 19
2142 5
2143 30
2144 16
2145 18
2146 8
2147 14
2148 9
2149 8
2150 12
2151 19
2152 8
2153 0
2154 1
2155 11
2156 6
2157 1
2158 2
2159 4
2160 10
2161 18
2162 9
2163 4
2164 1
2165 7
2166 8
2167 0
2168 25
2169 34
2170 7
2171 8
2172 16
2173 11
2174 0
2175 21
2176 12
2177 23
2178 9
2179 3
2180 24
2181 6
2182 28
2183 5
2184 23
2185 8
2186 9
2187 21
2188 36
2189 0
2190 9
2191 6
2192 29
2193 24
2194 29
2195 0
2196 31
2197 18
2198 12
2199 5
2200 9
2201 6
2202 2
2203 9
2204 6
2205 29
2206 28
2207 5
2208 3
2209 5
2210 4
2211 3
2212 12
2213 7
2214 7
2215 25
2216 17
2217 12
2218 28
2219 25
2220 8
2221 6
2222 16
2223 9
2224 17
2225 29
2226 1
2227 24
2228 33
2229 8
2230 8
2231 25
2232 12
2233 7
2234 9
2235 6
2236 15
2237 14
2238 14
2239 13
2240 2
2241 28
2242 31
2243 17
2244 15
2245 8
2246 14
2247 18
2248 0
2249 32
2250 2
2251 8
2252 21
2253 19
2254 8
2255 13
2256 19
2257 14
2258 37
2259 12
2260 4
2261 32
2262 29
2263 5
2264 24
2265 34
2266 25
2267 8
2268 24
2269 12
2270 15
2271 19
2272 13
2273 6
2274 14
2275 9
2276 19
2277 4
2278 16
2279 8
2280 26
2281 30
2282 21
2283 21
2284 9
2285 20
2286 13
2287 7
2288 25
2289 5
2290 0
2291 19
2292 28
2293 17
2294 2
2295 0
2296 17
2297 11
2298 8
2299 14
2300 14
2301 23
2302 13
2303 9
2304 0
2305 9
2306 23
2307 6
2308 7
2309 1
2310 7
2311 1
2312 26
2313 21
2314 13
2315 19
2316 27
2317 8
2318 9
2319 3
2320 6
2321 24
2322 13
2323 12
2324 5
2325 12
2326 13
2327 13
2328 6
2329 8
2330 36
2331 16
2332 8
2333 8
2334 3
2335 11
2336 29
2337 6
2338 7
2339 0
2340 13
2341 13
2342 17
2343 2
2344 13
2345 8
2346 19
2347 8
2348 7
2349 20
2350 31
2351 34
2352 6
2353 9
2354 15
2355 30
2356 24
2357 40
2358 17
2359 13
2360 16
2361 12
2362 18
2363 13
2364 0
2365 9
2366 7
2367 24
2368 30
2369 29
2370 23
2371 32
2372 14
2373 24
2374 10
2375 30
2376 9
2377 8
2378 2
2379 16
2380 15
2381 12
2382 2
2383 2
2384 11
2385 0
2386 14
2387 18
2388 10
2389 27
2390 5
2391 4
2392 10
2393 13
2394 29
2395 18
2396 20
2397 0
2398 20
2399 5
2400 12
2401 10
2402 1
2403 20
2404 0
2405 14
2406 0
2407 0
2408 2
2409 25
2410 9
2411 19
2412 16
2413 17
2414 30
2415 9
2416 16
2417 5
2418 2
2419 1
2420 13
2421 10
2422 5
2423 20
2424 8
2425 21
2426 0
2427 2
2428 20
2429 20
2430 12
2431 29
2432 11
2433 9
2434 18
2435 2
2436 6
2437 32
2438 10
2439 16
2440 2
2441 0
2442 35
2443 7
2444 0
2445 25
2446 1
2447 0
2448 0
2449 30
2450 29
2451 0
2452 18
2453 2
2454 4
2455 36
2456 6
2457 17
2458 4
2459 20
2460 0
2461 9
2462 27
2463 18
2464 13
2465 27
2466 18
2467 18
2468 24
2469 2
2470 0
2471 6
2472 2
2473 20
2474 7
2475 2
2476 32
2477 9
2478 19
2479 29
2480 8
2481 19
2482 15
2483 6
2484 2
2485 27
2486 33
2487 14
2488 19
2489 22
2490 5
2491 2
2492 13
2493 33
2494 29
2495 10
2496 9
2497 12
2498 17
2499 38
2500 0
2501 31
2502 9
2503 32
2504 13
2505 34
2506 9
2507 17
2508 30
2509 14
2510 2
2511 35
2512 20
2513 1
2514 10
2515 1
2516 20
2517 28
2518 17
2519 23
2520 5
2521 14
2522 2
2523 6
2524 4
2525 28
2526 21
2527 26
2528 6
2529 15
2530 23
2531 7
2532 16
2533 2
2534 4
2535 1
2536 27
2537 5
2538 27
2539 30
2540 18
2541 0
2542 15
2543 11
2544 1
2545 39
2546 13
2547 0
2548 6
2549 2
2550 3
2551 13
2552 1
2553 24
2554 2
2555 29
2556 7
2557 22
2558 1
2559 20
2560 32
2561 7
2562 26
2563 10
2564 4
2565 36
2566 2
2567 0
2568 7
2569 15
2570 17
2571 0
2572 11
2573 11
2574 0
2575 2
2576 17
2577 16
2578 24
2579 0
2580 8
2581 9
2582 1
2583 33
2584 1
2585 1
2586 3
2587 1
2588 2
2589 0
2590 13
2591 1
2592 9
2593 28
2594 1
2595 0
2596 1
2597 3
2598 1
2599 6
2600 9
2601 18
2602 1
2603 8
2604 0
2605 1
2606 12
2607 27
2608 10
2609 3
2610 7
2611 1
2612 2
2613 17
2614 2
2615 34
2616 22
2617 7
2618 23
2619 3
2620 33
2621 2
2622 1
2623 6
2624 24
2625 1
2626 13
2627 2
2628 37
2629 3
2630 14
2631 30
2632 26
2633 0
2634 33
2635 11
2636 19
2637 2
2638 25
2639 1
2640 3
2641 15
2642 13
2643 22
2644 3
2645 26
2646 2
2647 2
2648 3
2649 3
2650 24
2651 10
2652 0
2653 26
2654 2
2655 8
2656 25
2657 24
2658 8
2659 26
2660 7
2661 0
2662 1
2663 3
2664 14
2665 3
2666 18
2667 24
2668 3
2669 0
2670 15
2671 2
2672 18
2673 21
2674 36
2675 33
2676 7
2677 1
2678 23
2679 11
2680 7
2681 1
2682 0
2683 0
2684 9
2685 2
2686 18
2687 1
2688 1
2689 22
2690 22
2691 24
2692 0
2693 10
2694 10
2695 5
2696 1
2697 14
2698 6
2699 4
2700 14
2701 11
2702 2
2703 3
2704 0
2705 0
2706 36
2707 1
2708 29
2709 23
2710 6
2711 20
2712 18
2713 5
2714 1
2715 18
2716 1
2717 1
2718 9
2719 11
2720 20
2721 7
2722 3
2723 8
2724 0
2725 6
2726 3
2727 28
2728 5
2729 3
2730 18
2731 18
2732 10
2733 1
2734 0
2735 2
2736 1
2737 22
2738 27
2739 9
2740 9
2741 10
2742 1
2743 1
2744 15
2745 10
2746 2
2747 13
2748 24
2749 3
2750 4
2751 2
2752 23
2753 35
2754 10
2755 27
2756 10
2757 26
2758 15
2759 4
2760 14
2761 30
2762 1
2763 7
2764 0
2765 5
2766 7
2767 0
2768 2
2769 14
2770 1
2771 10
2772 4
2773 0
2774 1
2775 9
2776 2
2777 4
2778 8
2779 9
2780 0
2781 11
2782 24
2783 21
2784 2
2785 2
2786 24
2787 9
2788 1
2789 10
2790 7
2791 34
2792 3
2793 10
2794 1
2795 11
2796 8
2797 3
2798 23
2799 4
2800 1
2801 21
2802 6
2803 4
2804 11
2805 9
2806 1
2807 2
2808 3
2809 24
2810 12
2811 3
2812 33
2813 2
2814 21
2815 2
2816 1
2817 1
2818 4
2819 6
2820 3
2821 10
2822 13
2823 41
2824 0
2825 18
2826 12
2827 9
2828 18
2829 6
2830 5
2831 1
2832 23
2833 2
2834 30
2835 39
2836 2
2837 10
2838 8
2839 1
2840 30
2841 22
2842 18
2843 16
2844 26
2845 2
2846 2
2847 0
2848 3
2849 5
2850 2
2851 0
2852 3
2853 3
2854 2
2855 9
2856 0
2857 15
2858 5
2859 1
2860 0
2861 2
2862 12
2863 1
2864 1
2865 18
2866 26
2867 4
2868 1
2869 10
2870 7
2871 10
2872 4
2873 10
2874 13
2875 4
2876 0
2877 14
2878 38
2879 12
2880 14
2881 3
2882 2
2883 23
2884 22
2885 26
2886 0
2887 12
2888 15
2889 12
2890 4
2891 3
2892 0
2893 11
2894 11
2895 36
2896 16
2897 24
2898 15
2899 10
2900 4
2901 1
2902 34
2903 18
2904 8
2905 4
2906 26
2907 16
2908 3
2909 2
2910 15
2911 8
2912 4
2913 14
2914 7
2915 16
2916 3
2917 0
2918 23
2919 10
2920 22
2921 4
2922 10
2923 14
2924 16
2925 0
2926 15
2927 1
2928 25
2929 0
2930 13
2931 10
2932 25
2933 27
2934 4
2935 31
2936 3
2937 9
2938 19
2939 27
2940 1
2941 2
2942 3
2943 16
2944 1
2945 9
2946 31
2947 13
2948 2
2949 8
2950 18
2951 11
2952 12
2953 21
2954 4
2955 12
2956 30
2957 7
2958 9
2959 11
2960 11
2961 0
2962 2
2963 22
2964 3
2965 3
2966 20
2967 33
2968 7
2969 1
2970 16
2971 20
2972 1
2973 0
2974 4
2975 7
2976 4
2977 11
2978 2
2979 2
2980 1
2981 25
2982 3
2983 2
2984 40
2985 2
2986 1
2987 2
2988 28
2989 0
2990 17
2991 33
2992 0
2993 40
2994 33
2995 3
2996 13
2997 10
2998 35
2999 20
3000 13
3001 18
3002 8
3003 27
3004 7
3005 0
3006 25
3007 8
3008 0
3009 0
3010 16
3011 3
3012 17
3013 0
3014 3
3015 2
3016 11
3017 21
3018 10
3019 37
3020 12
3021 0
3022 1
3023 11
3024 10
3025 10
3026 2
3027 3
3028 1
3029 25
3030 1
3031 15
3032 0
3033 0
3034 0
3035 15
3036 2
3037 17
3038 13
3039 27
3040 35
3041 32
3042 2
3043 25
3044 8
3045 2
3046 21
3047 3
3048 4
3049 10
3050 25
3051 28
3052 17
3053 3
3054 0
3055 7
3056 2
3057 4
3058 15
3059 34
3060 2
3061 16
3062 17
3063 2
3064 16
3065 18
3066 8
3067 1
3068 10
3069 10
3070 34
3071 1
3072 2
3073 11
3074 6
3075 10
3076 0
3077 4
3078 28
3079 22
3080 4
3081 9
3082 2
3083 0
3084 2
3085 2
3086 4
3087 3
3088 0
3089 0
3090 0
3091 18
3092 2
3093 13
3094 33
3095 7
3096 4
3097 30
3098 0
3099 9
3100 3
3101 8
3102 15
3103 4
3104 6
3105 24
3106 0
3107 1
3108 7
3109 9
3110 7
3111 7
3112 10
3113 25
3114 18
3115 24
3116 1
3117 4
3118 4
3119 7
3120 2
3121 11
3122 26
3123 3
3124 10
3125 0
3126 11
3127 10
3128 16
3129 21
3130 4
3131 2
3132 28
3133 9
3134 15
3135 2
3136 3
3137 31
3138 2
3139 0
3140 4
3141 2
3142 40
3143 0
3144 0
3145 18
3146 3
3147 5
3148 9
3149 5
3150 0
3151 10
3152 10
3153 2
3154 4
3155 27
3156 33
3157 1
3158 15
3159 11
3160 0
3161 5
3162 17
3163 5
3164 2
3165 22
3166 1
3167 3
3168 6
3169 4
3170 3
3171 3
3172 23
3173 31
3174 25
3175 16
3176 16
3177 4
3178 0
3179 9
3180 0
3181 12
3182 2
3183 2
3184 2
3185 8
3186 17
3187 7
3188 2
3189 22
3190 10
3191 14
3192 23
3193 3
3194 29
3195 5
3196 29
3197 3
3198 1
3199 0
3200 5
3201 3
3202 10
3203 19
3204 26
3205 12
3206 19
3207 9
3208 10
3209 9
3210 1
3211 4
3212 17
3213 25
3214 16
3215 5
3216 4
3217 0
3218 1
3219 3
3220 5
3221 2
3222 5
3223 31
3224 2
3225 4
3226 3
3227 4
3228 16
3229 9
3230 13
3231 34
3232 13
3233 32
3234 25
3235 15
3236 1
3237 7
3238 10
3239 2
3240 14
3241 0
3242 2
3243 5
3244 3
3245 19
3246 13
3247 21
3248 1
3249 2
3250 35
3251 25
3252 32
3253 22
3254 30
3255 30
3256 17
3257 4
3258 3
3259 16
3260 5
3261 27
3262 4
3263 11
3264 30
3265 23
3266 29
3267 18
3268 16
3269 11
3270 1
3271 3
3272 17
3273 7
3274 17
3275 24
3276 6
3277 16
3278 13
3279 4
3280 27
3281 9
3282 0
3283 0
3284 0
3285 1
3286 1
3287 33
3288 28
3289 2
3290 21
3291 16
3292 10
3293 0
3294 28
3295 21
3296 0
3297 1
3298 3
3299 2
3300 11
3301 3
3302 7
3303 2
3304 2
3305 17
3306 5
3307 2
3308 0
3309 28
3310 35
3311 5
3312 21
3313 4
3314 16
3315 8
3316 7
3317 17
3318 19
3319 13
3320 23
3321 4
3322 1
3323 3
3324 3
3325 14
3326 17
3327 26
3328 4
3329 4
3330 2
3331 2
3332 25
3333 21
3334 0
3335 1
3336 4
3337 2
3338 31
3339 3
3340 6
3341 2
3342 31
3343 16
3344 0
3345 6
3346 28
3347 30
3348 4
3349 2
3350 4
3351 2
3352 5
3353 6
3354 21
3355 6
3356 0
3357 5
3358 3
3359 7
3360 17
3361 1
3362 2
3363 0
3364 5
3365 1
3366 1
3367 26
3368 5
3369 1
3370 10
3371 2
3372 9
3373 14
3374 0
3375 3
3376 1
3377 4
3378 3
3379 2
3380 3
3381 0
3382 12
3383 5
3384 37
3385 2
3386 29
3387 5
3388 5
3389 4
3390 3
3391 4
3392 4
3393 6
3394 4
3395 1
3396 5
3397 27
3398 6
3399 27
3400 23
3401 0
3402 2
3403 2
3404 19
3405 0
3406 12
3407 5
3408 6
3409 5
3410 25
3411 6
3412 6
3413 20
3414 3
3415 5
3416 30
3417 23
3418 2
3419 4
3420 1
3421 0
3422 3
3423 9
3424 0
3425 30
3426 8
3427 3
3428 19
3429 27
3430 0
3431 18
3432 2
3433 4
3434 2
3435 17
3436 20
3437 6
3438 4
3439 9
3440 2
3441 35
3442 6
3443 1
3444 3
3445 1
3446 1
3447 21
3448 25
3449 4
3450 19
3451 4
3452 16
3453 3
3454 17
3455 6
3456 2
3457 18
3458 34
3459 2
3460 2
3461 4
3462 8
3463 0
3464 14
3465 6
3466 16
3467 0
3468 4
3469 6
3470 29
3471 22
3472 2
3473 4
3474 6
3475 3
3476 2
3477 22
3478 26
3479 2
3480 6
3481 38
3482 4
3483 1
3484 30
3485 3
3486 5
3487 18
3488 4
3489 3
3490 30
3491 0
3492 27
3493 4
3494 1
3495 1
3496 17
3497 13
3498 3
3499 6
3500 6
3501 4
3502 2
3503 4
3504 19
3505 5
3506 0
3507 4
3508 1
3509 6
3510 19
3511 6
3512 5
3513 3
3514 0
3515 3
3516 1
3517 5
3518 30
3519 2
3520 1
3521 15
3522 4
3523 2
3524 13
3525 32
3526 1
3527 1
3528 6
3529 30
3530 16
3531 5
3532 1
3533 0
3534 12
3535 27
3536 1
3537 37
3538 13
3539 9
3540 2
3541 5
3542 4
3543 14
3544 3
3545 14
3546 30
3547 8
3548 5
3549 5
3550 37
3551 3
3552 6
3553 0
3554 4
3555 18
3556 7
3557 3
3558 7
3559 15
3560 5
3561 1
3562 5
3563 6
3564 0
3565 3
3566 0
3567 14
3568 17
3569 24
3570 4
3571 19
3572 3
3573 20
3574 8
3575 5
3576 0
3577 1
3578 11
3579 4
3580 22
3581 17
3582 8
3583 3
3584 4
3585 4
3586 1
3587 8
3588 26
3589 18
3590 6
3591 1
3592 6
3593 8
3594 7
3595 1
3596 22
3597 7
3598 3
3599 2
3600 36
3601 7
3602 15
3603 3
3604 8
3605 5
3606 1
3607 4
3608 18
3609 1
3610 3
3611 4
3612 0
3613 2
3614 1
3615 0
3616 21
3617 2
3618 5
3619 5
3620 3
3621 2
3622 8
3623 6
3624 1
3625 7
3626 4
3627 3
3628 2
3629 6
3630 6
3631 6
3632 16
3633 7
3634 0
3635 24
3636 7
3637 2
3638 31
3639 15
3640 22
3641 5
3642 8
3643 4
3644 2
3645 7
3646 2
3647 3
3648 0
3649 7
3650 8
3651 8
3652 3
3653 23
3654 16
3655 17
3656 5
3657 8
3658 1
3659 3
3660 1
3661 5
3662 31
3663 3
3664 8
3665 23
3666 5
3667 2
3668 0
3669 19
3670 0
3671 11
3672 8
3673 2
3674 1
3675 1
3676 11
3677 5
3678 12
3679 1
3680 7
3681 23
3682 31
3683 3
3684 0
3685 1
3686 5
3687 5
3688 27
3689 3
3690 7
3691 7
3692 23
3693 18
3694 6
3695 2
3696 5
3697 2
3698 4
3699 7
3700 7
3701 8
3702 23
3703 0
3704 28
3705 15
3706 8
3707 6
3708 0
3709 4
3710 6
3711 2
3712 0
3713 4
3714 7
3715 0
3716 5
3717 1
3718 7
3719 22
3720 0
3721 24
3722 5
3723 0
3724 7
3725 0
3726 2
3727 6
3728 1
3729 0
3730 5
3731 8
3732 6
3733 2
3734 28
3735 22
3736 13
3737 1
3738 8
3739 1
3740 3
3741 0
3742 7
3743 8
3744 20
3745 11
3746 24
3747 30
3748 11
3749 5
3750 6
3751 20
3752 5
3753 8
3754 4
3755 15
3756 13
3757 24
3758 3
3759 8
3760 16
3761 0
3762 30
3763 3
3764 4
3765 3
3766 7
3767 0
3768 31
3769 0
3770 3
3771 10
3772 1
3773 22
3774 11
3775 7
3776 3
3777 3
3778 6
3779 3
3780 0
3781 3
3782 2
3783 21
3784 6
3785 4
3786 7
3787 11
3788 6
3789 5
3790 6
3791 7
3792 21
3793 4
3794 21
3795 1
3796 8
3797 10
3798 6
3799 7
3800 6
3801 5
3802 1
3803 5
3804 22
3805 3
3806 0
3807 6
3808 19
3809 8
3810 0
3811 7
3812 6
3813 18
3814 5
3815 23
3816 22
3817 0
3818 2
3819 28
3820 28
3821 32
3822 36
3823 1
3824 4
3825 1
3826 7
3827 7
3828 9
3829 8
3830 5
3831 2
3832 4
3833 11
3834 5
3835 3
3836 22
3837 1
3838 0
3839 8
3840 7
3841 8
3842 5
3843 0
3844 3
3845 3
3846 8
3847 8
3848 1
3849 4
3850 7
3851 9
3852 21
3853 7
3854 3
3855 8
3856 38
3857 2
3858 1
3859 4
3860 0
3861 24
3862 5
3863 4
3864 7
3865 5
3866 14
3867 0
3868 3
3869 6
3870 6
3871 32
3872 1
3873 9
3874 0
3875 27
3876 2
3877 0
3878 12
3879 2
3880 6
3881 10
3882 8
3883 9
3884 3
3885 11
3886 0
3887 5
3888 7
3889 1
3890 18
3891 2
3892 2
3893 11
3894 8
3895 7
3896 1
3897 6
3898 6
3899 2
3900 2
3901 1
3902 3
3903 37
3904 8
3905 6
3906 6
3907 12
3908 8
3909 1
3910 9
3911 23
3912 22
3913 17
3914 3
3915 8
3916 7
3917 4
3918 8
3919 13
3920 5
3921 22
3922 2
3923 4
3924 6
3925 3
3926 2
3927 8
3928 1
3929 16
3930 13
3931 7
3932 6
3933 7
3934 14
3935 7
3936 2
3937 25
3938 9
3939 28
3940 7
3941 4
3942 10
3943 1
3944 1
3945 8
3946 0
3947 6
3948 7
3949 5
3950 0
3951 3
3952 7
3953 7
3954 19
3955 29
3956 6
3957 6
3958 11
3959 13
3960 0
3961 7
3962 8
3963 5
3964 8
3965 4
3966 3
3967 23
3968 3
3969 9
3970 5
3971 9
3972 5
3973 1
3974 3
3975 0
3976 6
3977 9
3978 5
3979 27
3980 10
3981 21
3982 4
3983 1
3984 9
3985 5
3986 8
3987 2
3988 1
3989 7
3990 0
3991 6
3992 4
3993 19
3994 21
3995 6
3996 1
3997 3
3998 2
3999 1
4000 34
4001 9
4002 12
4003 1
4004 4
4005 5
4006 8
4007 11
4008 1
4009 27
4010 9
4011 5
4012 9
4013 5
4014 4
4015 8
4016 1
4017 7
4018 8
4019 0
4020 1
4021 3
4022 0
4023 34
4024 9
4025 1
4026 7
4027 1
4028 4
4029 6
4030 0
4031 8
4032 1
4033 7
4034 7
4035 6
4036 8
4037 7
4038 2
4039 3
4040 8
4041 1
4042 16
4043 2
4044 5
4045 8
4046 6
4047 0
4048 0
4049 8
4050 1
4051 0
4052 9
4053 17
4054 1
4055 7
4056 9
4057 37
4058 33
4059 1
4060 35
4061 10
4062 0
4063 2
4064 23
4065 12
4066 12
4067 2
4068 1
4069 23
4070 1
4071 3
4072 1
4073 1
4074 21
4075 10
4076 8
4077 2
4078 3
4079 28
4080 27
4081 7
4082 3
4083 4
4084 3
4085 5
4086 2
4087 9
4088 3
4089 2
4090 16
4091 4
4092 7
4093 8
4094 15
4095 6
4096 9
4097 8
4098 0
4099 8
4100 20
4101 11
4102 12
4103 20
4104 6
4105 8
4106 6
4107 4
4108 0
4109 0
4110 22
4111 0
4112 3
4113 28
4114 26
4115 9
4116 33
4117 7
4118 17
4119 28
4120 0
4121 8
4122 38
4123 9
4124 3
4125 23
4126 26
4127 9
4128 8
4129 33
4130 5
4131 7
4132 11
4133 15
4134 27
4135 1
4136 1
4137 22
4138 3
4139 6
4140 27
4141 4
4142 5
4143 7
4144 15
4145 15
4146 5
4147 9
4148 14
4149 0
4150 16
4151 7
4152 8
4153 8
4154 9
4155 2
4156 21
4157 5
4158 5
4159 9
4160 12
4161 7
4162 22
4163 21
4164 5
4165 19
4166 0
4167 11
4168 11
4169 21
4170 4
4171 17
4172 25
4173 5
4174 7
4175 17
4176 0
4177 0
4178 12
4179 4
4180 23
4181 22
4182 19
4183 9
4184 4
4185 15
4186 16
4187 13
4188 0
4189 9
4190 6
4191 26
4192 5
4193 0
4194 11
4195 1
4196 25
4197 3
4198 12
4199 23
4200 24
4201 4
4202 20
4203 0
4204 0
4205 6
4206 32
4207 8
4208 28
4209 22
4210 12
4211 2
4212 19
4213 15
4214 9
4215 17
4216 14
4217 15
4218 8
4219 1
4220 14
4221 15
4222 34
4223 37
4224 17
4225 28
4226 9
4227 24
4228 1
4229 25
4230 0
4231 23
4232 11
4233 4
4234 2
4235 6
4236 34
4237 12
4238 15
4239 16
4240 20
4241 18
4242 6
4243 0
4244 7
4245 15
4246 5
4247 0
4248 25
4249 12
4250 25
4251 14
4252 1
4253 8
4254 4
4255 16
4256 12
4257 5
4258 9
4259 6
4260 15
4261 24
4262 0
4263 32
4264 17
4265 6
4266 5
4267 23
4268 0
4269 7
4270 2
4271 0
4272 5
4273 2
4274 9
4275 17
4276 9
4277 27
4278 0
4279 8
4280 0
4281 24
4282 0
4283 13
4284 23
4285 23
4286 19
4287 10
4288 11
4289 1
4290 0
4291 29
4292 34
4293 13
4294 0
4295 7
4296 0
4297 7
4298 37
4299 32
4300 17
4301 11
4302 1
4303 3
4304 4
4305 1
4306 13
4307 5
4308 6
4309 23
4310 12
4311 32
4312 20
4313 3
4314 14
4315 24
4316 9
4317 8
4318 12
4319 13
4320 29
4321 23
4322 21
4323 20
4324 36
4325 25
4326 14
4327 25
4328 19
4329 9
4330 1
4331 36
4332 4
4333 7
4334 26
4335 9
4336 20
4337 0
4338 23
4339 13
4340 25
4341 9
4342 16
4343 28
4344 7
4345 0
4346 25
4347 16
4348 8
4349 17
4350 14
4351 19
4352 9
4353 7
4354 14
4355 13
4356 19
4357 7
4358 28
4359 35
4360 13
4361 16
4362 10
4363 21
4364 9
4365 28
4366 1
4367 19
4368 25
4369 0
4370 5
4371 2
4372 23
4373 5
4374 16
4375 7
4376 0
4377 19
4378 0
4379 9
4380 25
4381 7
4382 13
4383 16
4384 29
4385 26
4386 21
4387 21
4388 0
4389 37
4390 28
4391 14
4392 5
4393 28
4394 0
4395 7
4396 17
4397 17
4398 13
4399 7
4400 5
4401 0
4402 27
4403 6
4404 33
4405 8
4406 12
4407 38
4408 30
4409 19
4410 9
4411 0
4412 5
4413 3
4414 3
4415 27
4416 7
4417 22
4418 16
4419 5
4420 20
4421 6
4422 21
4423 25
4424 2
4425 29
4426 2
4427 24
4428 7
4429 0
4430 1
4431 28
4432 2
4433 20
4434 3
4435 10
4436 0
4437 10
4438 14
4439 20
4440 6
4441 2
4442 10
4443 23
4444 14
4445 30
4446 19
4447 2
4448 0
4449 31
4450 18
4451 4
4452 0
4453 2
4454 21
4455 8
4456 17
4457 10
4458 23
4459 2
4460 0
4461 35
4462 21
4463 2
4464 0
4465 23
4466 14
4467 19
4468 20
4469 0
4470 23
4471 2
4472 4
4473 18
4474 35
4475 14
4476 31
4477 21
4478 2
4479 31
4480 8
4481 14
4482 5
4483 5
4484 8
4485 0
4486 8
4487 36
4488 8
4489 14
4490 6
4491 4
4492 10
4493 31
4494 25
4495 7
4496 6
4497 30
4498 0
4499 2
4500 14
4501 4
4502 8
4503 9
4504 25
4505 2
4506 10
4507 5
4508 27
4509 5
4510 10
4511 26
4512 8
4513 5
4514 0
4515 31
4516 5
4517 27
4518 5
4519 31
4520 9
4521 5
4522 7
4523 6
4524 20
4525 7
4526 17
4527 10
4528 13
4529 2
4530 9
4531 18
4532 13
4533 8
4534 2
4535 2
4536 4
4537 6
4538 2
4539 14
4540 11
4541 19
4542 18
4543 17
4544 23
4545 9
4546 16
4547 22
4548 20
4549 15
4550 2
4551 36
4552 16
4553 2
4554 27
4555 29
4556 2
4557 10
4558 10
4559 7
4560 10
4561 2
4562 7
4563 14
4564 19
4565 15
4566 1
4567 23
4568 18
4569 10
4570 21
4571 1
4572 9
4573 14
4574 0
4575 1
4576 0
4577 9
4578 2
4579 35
4580 15
4581 10
4582 1
4583 6
4584 8
4585 2
4586 11
4587 35
4588 14
4589 25
4590 11
4591 8
4592 19
4593 22
4594 2
4595 11
4596 5
4597 17
4598 29
4599 0
4600 10
4601 0
4602 9
4603 32
4604 2
4605 29
4606 22
4607 27
4608 11
4609 6
4610 18
4611 18
4612 0
4613 28
4614 16
4615 20
4616 1
4617 5
4618 22
4619 20
4620 2
4621 12
4622 28
4623 10
4624 17
4625 2
4626 26
4627 16
4628 10
4629 0
4630 21
4631 15
4632 1
4633 9
4634 2
4635 15
4636 2
4637 13
4638 0
4639 0
4640 20
4641 33
4642 0
4643 10
4644 2
4645 5
4646 20
4647 15
4648 2
4649 11
4650 1
4651 3
4652 15
4653 3
4654 1
4655 3
4656 0
4657 0
4658 3
4659 1
4660 2
4661 3
4662 5
4663 1
4664 5
4665 2
4666 2
4667 3
4668 19
4669 31
4670 1
4671 0
4672 2
4673 19
4674 20
4675 3
4676 7
4677 0
4678 9
4679 28
4680 5
4681 2
4682 7
4683 9
4684 5
4685 15
4686 9
4687 9
4688 5
4689 19
4690 9
4691 2
4692 34
4693 3
4694 8
4695 33
4696 10
4697 2
4698 3
4699 36
4700 10
4701 24
4702 15
4703 3
4704 10
4705 18
4706 3
4707 18
4708 9
4709 31
4710 2
4711 1
4712 1
4713 3
4714 14
4715 37
4716 27
4717 35
4718 32
4719 2
4720 30
4721 9
4722 12
4723 15
4724 8
4725 1
4726 10
4727 10
4728 1
4729 10
4730 20
4731 11
4732 6
4733 15
4734 20
4735 0
4736 36
4737 20
4738 11
4739 18
4740 3
4741 22
4742 0
4743 3
4744 10
4745 0
4746 3
4747 7
4748 9
4749 2
4750 9
4751 24
4752 14
4753 11
4754 9
4755 2
4756 22
4757 4
4758 6
4759 0
4760 1
4761 9
4762 2
4763 26
4764 3
4765 2
4766 39
4767 1
4768 1
4769 10
4770 2
4771 2
4772 0
4773 22
4774 1
4775 30
4776 3
4777 6
4778 2
4779 26
4780 18
4781 22
4782 1
4783 9
4784 13
4785 1
4786 9
4787 0
4788 3
4789 14
4790 10
4791 5
4792 30
4793 1
4794 0
4795 2
4796 13
4797 10
4798 0
4799 1
4800 1
4801 7
4802 1
4803 1
4804 29
4805 19
4806 4
4807 28
4808 6
4809 33
4810 13
4811 3
4812 23
4813 9
4814 24
4815 2
4816 3
4817 3
4818 30
4819 4
4820 4
4821 10
4822 4
4823 1
4824 9
4825 13
4826 35
4827 0
4828 0
4829 7
4830 18
4831 4
4832 0
4833 1
4834 32
4835 1
4836 2
4837 18
4838 11
4839 13
4840 15
4841 0
4842 4
4843 18
4844 6
4845 5
4846 2
4847 0
4848 3
4849 5
4850 1
4851 1
4852 9
4853 1
4854 4
4855 23
4856 3
4857 10
4858 3
4859 6
4860 1
4861 2
4862 0
4863 0
4864 10
4865 2
4866 4
4867 4
4868 1
4869 24
4870 20
4871 1
4872 1
4873 1
4874 7
4875 4
4876 1
4877 21
4878 1
4879 12
4880 10
4881 2
4882 3
4883 4
4884 17
4885 29
4886 34
4887 18
4888 0
4889 1
4890 4
4891 14
4892 9
4893 2
4894 1
4895 14
4896 3
4897 3
4898 13
4899 2
4900 2
4901 19
4902 3
4903 13
4904 7
4905 0
4906 38
4907 8
4908 12
4909 3
4910 0
4911 2
4912 2
4913 1
4914 14
4915 11
4916 2
4917 3
4918 1
4919 4
4920 10
4921 21
4922 3
4923 2
4924 6
4925 0
4926 3
4927 6
4928 1
4929 38
4930 18
4931 1
4932 2
4933 12
4934 3
4935 6
4936 1
4937 4
4938 4
4939 11
4940 15
4941 11
4942 2
4943 21
4944 3
4945 16
4946 1
4947 2
4948 2
4949 16
4950 1
4951 1
4952 28
4953 0
4954 3
4955 31
4956 15
4957 3
4958 10
4959 8
4960 4
4961 4
4962 2
4963 2
4964 2
4965 25
4966 12
4967 12
4968 10
4969 0
4970 4
4971 11
4972 12
4973 11
4974 16
4975 14
4976 16
4977 16
4978 19
4979 16
4980 4
4981 0
4982 25
4983 0
4984 32
4985 0
4986 6
4987 25
4988 0
4989 4
4990 24
4991 0
4992 8
4993 1
4994 0
4995 10
4996 16
4997 1
4998 3
4999 3
5000 4
5001 4
5002 0
5003 10
5004 20
5005 31
5006 7
5007 3
5008 34
5009 1
5010 29
5011 8
5012 12
5013 3
5014 10
5015 3
5016 19
5017 11
5018 1
5019 1
5020 30
5021 0
5022 12
5023 2
5024 2
5025 10
5026 1
5027 3
5028 2
5029 4
5030 1
5031 24
5032 10
5033 32
5034 1
5035 0
5036 11
5037 10
5038 33
5039 10
5040 7
5041 2
5042 11
5043 5
5044 31
5045 36
5046 0
5047 20
5048 35
5049 12
5050 8
5051 1
5052 3
5053 0
5054 35
5055 30
5056 1
5057 2
5058 12
5059 4
5060 1
5061 17
5062 2
5063 3
5064 25
5065 7
5066 27
5067 15
5068 2
5069 4
5070 1
5071 15
5072 7
5073 15
5074 2
5075 1
5076 2
5077 9
5078 1
5079 1
5080 15
5081 0
5082 1
5083 22
5084 2
5085 1
5086 1
5087 14
5088 15
5089 5
5090 17
5091 30
5092 3
5093 6
5094 31
5095 26
5096 1
5097 15
5098 3
5099 0
5100 6
5101 4
5102 16
5103 21
5104 17
5105 24
5106 25
5107 27
5108 11
5109 1
5110 24
5111 26
5112 11
5113 17
5114 9
5115 2
5116 9
5117 4
5118 26
5119 22
5120 25
5121 19
5122 4
5123 4
5124 3
5125 11
5126 3
5127 6
5128 16
5129 2
5130 30
5131 17
5132 33
5133 16
5134 9
5135 4
5136 33
5137 34
5138 14
5139 3
5140 12
5141 2
5142 4
5143 9
5144 1
5145 2
5146 10
5147 4
5148 17
5149 7
5150 3
5151 1
5152 12
5153 8
5154 1
5155 2
5156 4
5157 28
5158 18
5159 23
5160 8
5161 1
5162 4
5163 26
5164 1
5165 4
5166 14
5167 21
5168 14
5169 2
5170 4
5171 1
5172 0
5173 0
5174 8
5175 1
5176 21
5177 0
5178 1
5179 2
5180 37
5181 0
5182 17
5183 9
5184 4
5185 28
5186 14
5187 2
5188 0
5189 27
5190 4
5191 0
5192 3
5193 34
5194 3
5195 2
5196 27
5197 17
5198 4
5199 4
5200 3
5201 5
5202 0
5203 26
5204 23
5205 17
5206 17
5207 3
5208 1
5209 4
5210 0
5211 24
5212 16
5213 3
5214 25
5215 1
5216 24
5217 0
5218 9
5219 5
5220 5
5221 4
5222 16
5223 31
5224 5
5225 2
5226 12
5227 26
5228 0
5229 1
5230 23
5231 1
5232 3
5233 0
5234 1
5235 1
5236 2
5237 3
5238 12
5239 12
5240 3
5241 17
5242 10
5243 23
5244 3
5245 1
5246 4
5247 3
5248 4
5249 21
5250 20
5251 5
5252 3
5253 5
5254 0
5255 15
5256 2
5257 8
5258 4
5259 8
5260 18
5261 16
5262 5
5263 1
5264 10
5265 12
5266 2
5267 5
5268 4
5269 16
5270 32
5271 4
5272 13
5273 23
5274 1
5275 19
5276 17
5277 2
5278 16
5279 7
5280 29
5281 1
5282 1
5283 2
5284 0
5285 2
5286 0
5287 15
5288 1
5289 29
5290 0
5291 3
5292 5
5293 14
5294 1
5295 0
5296 18
5297 7
5298 4
5299 35
5300 0
5301 19
5302 15
5303 9
5304 1
5305 24
5306 16
5307 5
5308 10
5309 2
5310 27
5311 5
5312 23
5313 5
5314 4
5315 29
5316 2
5317 13
5318 4
5319 4
5320 10
5321 1
5322 4
5323 9
5324 35
5325 1
5326 2
5327 21
5328 4
5329 3
5330 1
5331 8
5332 4
5333 19
5334 3
5335 12
5336 2
5337 19
5338 3
5339 17
5340 1
5341 4
5342 5
5343 5
5344 5
5345 1
5346 21
5347 4
5348 8
5349 2
5350 21
5351 5
5352 5
5353 21
5354 8
5355 11
5356 0
5357 4
5358 4
5359 4
5360 4
5361 0
5362 35
5363 1
5364 27
5365 20
5366 5
5367 21
5368 1
5369 2
5370 17
5371 5
5372 18
5373 3
5374 14
5375 32
5376 0
5377 24
5378 4
5379 0
5380 13
5381 0
5382 2
5383 4
5384 9
5385 20
5386 8
5387 1
5388 6
5389 6
5390 17
5391 5
5392 1
5393 6
5394 5
5395 26
5396 20
5397 26
5398 0
5399 10
5400 2
5401 5
5402 16
5403 13
5404 25
5405 3
5406 2
5407 10
5408 26
5409 5
5410 5
5411 5
5412 2
5413 16
5414 17
5415 1
5416 23
5417 4
5418 5
5419 17
5420 8
5421 27
5422 33
5423 14
5424 5
5425 24
5426 5
5427 7
5428 1
5429 0
5430 5
5431 1
5432 1
5433 16
5434 5
5435 3
5436 3
5437 1
5438 1
5439 0
5440 12
5441 0
5442 4
5443 4
5444 1
5445 0
5446 5
5447 25
5448 0
5449 6
5450 15
5451 1
5452 3
5453 2
5454 0
5455 4
5456 2
5457 0
5458 0
5459 20
5460 13
5461 23
5462 5
5463 0
5464 0
5465 3
5466 14
5467 29
5468 3
5469 6
5470 3
5471 1
5472 6
5473 3
5474 17
5475 38
5476 1
5477 4
5478 6
5479 0
5480 5
5481 2
5482 4
5483 6
5484 2
5485 5
5486 8
5487 6
5488 0
5489 6
5490 3
5491 20
5492 14
5493 2
5494 7
5495 3
5496 0
5497 0
5498 0
5499 18
5500 2
5501 6
5502 9
5503 5
5504 5
5505 24
5506 6
5507 1
5508 35
5509 2
5510 0
5511 1
5512 3
5513 17
5514 6
5515 19
5516 1
5517 6
5518 5
5519 5
5520 2
5521 27
5522 10
5523 0
5524 2
5525 1
5526 3
5527 23
5528 6
5529 2
5530 20
5531 30
5532 3
5533 1
5534 0
5535 0
5536 30
5537 23
5538 18
5539 33
5540 20
5541 4
5542 4
5543 2
5544 1
5545 0
5546 18
5547 21
5548 9
5549 6
5550 15
5551 4
5552 2
5553 5
5554 6
5555 3
5556 0
5557 6
5558 18
5559 37
5560 27
5561 2
5562 3
5563 3
5564 4
5565 6
5566 16
5567 1
5568 2
5569 4
5570 6
5571 4
5572 15
5573 5
5574 0
5575 2
5576 22
5577 3
5578 5
5579 1
5580 27
5581 1
5582 32
5583 19
5584 5
5585 6
5586 0
5587 15
5588 1
5589 13
5590 27
5591 20
5592 1
5593 4
5594 5
5595 32
5596 3
5597 30
5598 15
5599 1
5600 2
5601 2
5602 22
5603 21
5604 2
5605 7
5606 4
5607 1
5608 6
5609 3
5610 2
5611 8
5612 8
5613 20
5614 8
5615 4
5616 7
5617 14
5618 8
5619 0
5620 4
5621 16
5622 23
5623 4
5624 6
5625 0
5626 3
5627 3
5628 0
5629 7
5630 7
5631 3
5632 6
5633 33
5634 23
5635 6
5636 4
5637 11
5638 0
5639 1
5640 5
5641 32
5642 0
5643 16
5644 0
5645 23
5646 24
5647 4
5648 0
5649 6
5650 3
5651 1
5652 8
5653 17
5654 2
5655 7
5656 0
5657 5
5658 1
5659 4
5660 0
5661 4
5662 8
5663 34
5664 1
5665 8
5666 1
5667 3
5668 5
5669 6
5670 7
5671 2
5672 0
5673 15
5674 13
5675 33
5676 8
5677 1
5678 8
5679 2
5680 4
5681 8
5682 20
5683 7
5684 7
5685 1
5686 6
5687 24
5688 8
5689 22
5690 3
5691 2
5692 6
5693 33
5694 4
5695 7
5696 5
5697 2
5698 6
5699 4
5700 11
5701 7
5702 1
5703 3
5704 18
5705 5
5706 18
5707 3
5708 1
5709 8
5710 15
5711 6
5712 9
5713 10
5714 11
5715 4
5716 0
5717 24
5718 28
5719 10
5720 0
5721 0
5722 8
5723 4
5724 8
5725 1
5726 14
5727 2
5728 5
5729 2
5730 4
5731 5
5732 7
5733 8
5734 3
5735 3
5736 0
5737 8
5738 8
5739 8
5740 6
5741 4
5742 19
5743 3
5744 22
5745 22
5746 22
5747 3
5748 4
5749 16
5750 1
5751 10
5752 7
5753 0
5754 6
5755 1
5756 15
5757 5
5758 4
5759 2
5760 8
5761 3
5762 3
5763 4
5764 5
5765 3
5766 5
5767 5
5768 11
5769 3
5770 34
5771 5
5772 8
5773 3
5774 1
5775 6
5776 8
5777 34
5778 6
5779 3
5780 2
5781 4
5782 5
5783 8
5784 10
5785 1
5786 36
5787 1
5788 8
5789 5
5790 6
5791 0
5792 0
5793 5
5794 4
5795 5
5796 6
5797 2
5798 5
5799 7
5800 5
5801 1
5802 7
5803 7
5804 5
5805 4
5806 8
5807 3
5808 3
5809 2
5810 6
5811 1
5812 16
5813 7
5814 8
5815 6
5816 7
5817 6
5818 2
5819 6
5820 7
5821 1
5822 24
5823 8
5824 7
5825 31
5826 33
5827 1
5828 4
5829 3
5830 7
5831 6
5832 3
5833 2
5834 7
5835 6
5836 2
5837 9
5838 5
5839 22
5840 11
5841 12
5842 15
5843 15
5844 22
5845 1
5846 6
5847 15
5848 4
5849 13
5850 14
5851 15
5852 1
5853 8
5854 0
5855 22
5856 1
5857 3
5858 6
5859 9
5860 5
5861 1
5862 4
5863 9
5864 9
5865 8
5866 1
5867 9
5868 8
5869 9
5870 8
5871 5
5872 2
5873 8
5874 20
5875 6
5876 9
5877 6
5878 12
5879 1
5880 18
5881 5
5882 7
5883 3
5884 9
5885 9
5886 5
5887 23
5888 1
5889 2
5890 37
5891 6
5892 8
5893 21
5894 6
5895 13
5896 4
5897 6
5898 18
5899 35
5900 2
5901 7
5902 3
5903 5
5904 12
5905 8
5906 3
5907 5
5908 5
5909 5
5910 11
5911 8
5912 9
5913 2
5914 3
5915 28
5916 2
5917 9
5918 2
5919 3
5920 1
5921 5
5922 20
5923 6
5924 4
5925 9
5926 4
5927 4
5928 4
5929 3
5930 4
5931 8
5932 15
5933 8
5934 0
5935 1
5936 6
5937 1
5938 0
5939 9
5940 9
5941 2
5942 7
5943 6
5944 9
5945 4
5946 7
5947 13
5948 8
5949 3
5950 8
5951 4
5952 9
5953 5
5954 14
5955 5
5956 0
5957 1
5958 5
5959 9
5960 30
5961 16
5962 4
5963 3
5964 10
5965 9
5966 3
5967 14
5968 2
5969 4
5970 22
5971 9
5972 0
5973 4
5974 4
5975 8
5976 4
5977 2
5978 7
5979 6
5980 26
5981 21
5982 8
5983 6
5984 9
5985 3
5986 21
5987 1
5988 6
5989 12
5990 1
5991 2
5992 8
5993 6
5994 2
5995 0
5996 2
5997 5
5998 25
5999 2
6000 0
6001 6
6002 35
6003 4
6004 4
6005 25
6006 3
6007 4
6008 1
6009 29
6010 20
6011 5
6012 8
6013 3
6014 6
6015 7
6016 33
6017 12
6018 3
6019 6
6020 7
6021 8
6022 4
6023 7
6024 8
6025 7
6026 3
6027 33
6028 7
6029 42
6030 7
6031 7
6032 3
6033 1
6034 1
6035 5
6036 11
6037 2
6038 16
6039 4
6040 5
6041 2
6042 4
6043 0
6044 27
6045 3
6046 25
6047 5
6048 8
6049 1
6050 5
6051 36
6052 13
6053 1
6054 8
6055 10
6056 7
6057 8
6058 9
6059 34
6060 7
6061 18
6062 7
6063 0
6064 9
6065 9
6066 27
6067 1
6068 27
6069 1
6070 5
6071 0
6072 25
6073 2
6074 8
6075 2
6076 3
6077 4
6078 8
6079 4
6080 7
6081 13
6082 1
6083 4
6084 19
6085 5
6086 6
6087 4
6088 3
6089 8
6090 32
6091 18
6092 1
6093 34
6094 1
6095 17
6096 5
6097 4
6098 7
6099 4
6100 1
6101 4
6102 3
6103 23
6104 4
6105 5
6106 5
6107 4
6108 0
6109 8
6110 16
6111 3
6112 5
6113 16
6114 1
6115 9
6116 3
6117 16
6118 4
6119 9
6120 18
6121 28
6122 7
6123 0
6124 0
6125 9
6126 0
6127 4
6128 5
6129 3
6130 8
6131 8
6132 5
6133 7
6134 25
6135 16
6136 4
6137 9
6138 8
6139 5
6140 4
6141 1
6142 8
6143 4
6144 14
6145 17
6146 14
6147 0
6148 4
6149 26
6150 18
6151 17
6152 2
6153 2
6154 6
6155 3
6156 7
6157 6
6158 28
6159 7
6160 16
6161 8
6162 16
6163 22
6164 7
6165 0
6166 7
6167 24
6168 9
6169 16
6170 8
6171 12
6172 26
6173 8
6174 0
6175 0
6176 11
6177 8
6178 33
6179 0
6180 14
6181 4
6182 16
6183 1
6184 33
6185 8
6186 1
6187 7
6188 0
6189 9
6190 2
6191 33
6192 3
6193 5
6194 5
6195 32
6196 0
6197 5
6198 12
6199 27
6200 3
6201 1
6202 0
6203 9
6204 6
6205 21
6206 0
6207 25
6208 7
6209 6
6210 8
6211 31
6212 30
6213 7
6214 30
6215 4
6216 19
6217 8
6218 17
6219 4
6220 16
6221 15
6222 19
6223 1
6224 5
6225 27
6226 7
6227 9
6228 7
6229 5
6230 14
6231 19
6232 5
6233 14
6234 27
6235 9
6236 6
6237 0
6238 16
6239 0
6240 8
6241 5
6242 35
6243 13
6244 25
6245 9
6246 9
6247 8
6248 14
6249 28
6250 26
6251 3
6252 4
6253 5
6254 21
6255 4
6256 17
6257 19
6258 31
6259 24
6260 0
6261 3
6262 16
6263 30
6264 4
6265 6
6266 4
6267 20
6268 5
6269 9
6270 9
6271 12
6272 7
6273 37
6274 24
6275 0
6276 9
6277 12
6278 7
6279 6
6280 29
6281 3
6282 6
6283 8
6284 9
6285 0
6286 9
6287 26
6288 26
6289 0
6290 19
6291 10
6292 7
6293 4
6294 0
6295 19
6296 27
6297 10
6298 26
6299 9
6300 13
6301 23
6302 2
6303 25
6304 0
6305 0
6306 0
6307 36
6308 4
6309 19
6310 8
6311 26
6312 34
6313 8
6314 11
6315 9
6316 7
6317 36
6318 7
6319 13
6320 0
6321 0
6322 7
6323 8
6324 19
6325 17
6326 0
6327 1
6328 7
6329 9
6330 15
6331 5
6332 13
6333 14
6334 12
6335 7
6336 25
6337 9
6338 12
6339 12
6340 8
6341 8
6342 13
6343 19
6344 30
6345 6
6346 25
6347 19
6348 8
6349 28
6350 13
6351 34
6352 7
6353 13
6354 1
6355 8
6356 8
6357 9
6358 8
6359 19
6360 1
6361 7
6362 5
6363 8
6364 9
6365 9
6366 9
6367 6
6368 0
6369 9
6370 17
6371 21
6372 14
6373 17
6374 7
6375 4
6376 15
6377 0
6378 32
6379 12
6380 0
6381 9
6382 19
6383 4
6384 5
6385 5
6386 7
6387 0
6388 9
6389 1
6390 26
6391 17
6392 9
6393 9
6394 26
6395 26
6396 8
6397 4
6398 20
6399 3
6400 17
6401 0
6402 19
6403 31
6404 0
6405 1
6406 13
6407 7
6408 15
6409 16
6410 6
6411 20
6412 14
6413 7
6414 19
6415 0
6416 15
6417 20
6418 4
6419 0
6420 9
6421 0
6422 23
6423 26
6424 31
6425 35
6426 20
6427 19
6428 15
6429 1
6430 0
6431 1
6432 2
6433 0
6434 23
6435 15
6436 13
6437 8
6438 28
6439 6
6440 12
6441 1
6442 13
6443 36
6444 32
6445 37
6446 6
6447 23
6448 5
6449 26
6450 6
6451 37
6452 13
6453 13
6454 9
6455 29
6456 9
6457 0
6458 7
6459 32
6460 25
6461 0
6462 0
6463 20
6464 11
6465 34
6466 4
6467 20
6468 35
6469 29
6470 23
6471 9
6472 7
6473 21
6474 10
6475 8
6476 23
6477 7
6478 2
6479 35
6480 8
6481 30
6482 2
6483 7
6484 9
6485 2
6486 0
6487 18
6488 16
6489 16
6490 6
6491 9
6492 5
6493 7
6494 9
6495 8
6496 0
6497 9
6498 6
6499 20
6500 2
6501 6
6502 3
6503 4
6504 8
6505 0
6506 7
6507 10
6508 1
6509 5
6510 30
6511 36
6512 10
6513 33
6514 15
6515 5
6516 21
6517 2
6518 20
6519 5
6520 37
6521 7
6522 33
6523 9
6524 21
6525 21
6526 2
6527 9
6528 25
6529 31
6530 4
6531 7
6532 0
6533 2
6534 7
6535 6
6536 19
6537 37
6538 23
6539 5
6540 32
6541 5
6542 2
6543 5
6544 21
6545 20
6546 13
6547 18
6548 10
6549 18
6550 2
6551 18
6552 10
6553 7
6554 33
6555 29
6556 32
6557 3
6558 33
6559 29
6560 8
6561 14
6562 10
6563 2
6564 5
6565 19
6566 8
6567 7
6568 22
6569 1
6570 17
6571 9
6572 31
6573 22
6574 0
6575 0
6576 36
6577 4
6578 17
6579 20
6580 19
6581 36
6582 18
6583 0
6584 21
6585 32
6586 7
6587 9
6588 20
6589 31
6590 25
6591 15
6592 27
6593 1
6594 2
6595 29
6596 10
6597 15
6598 33
6599 30
6600 25
6601 2
6602 0
6603 19
6604 7
6605 1
6606 14
6607 9
6608 1
6609 10
6610 2
6611 4
6612 2
6613 10
6614 2
6615 1
6616 2
6617 2
6618 10
6619 2
6620 14
6621 12
6622 13
6623 2
6624 0
6625 14
6626 9
6627 0
6628 7
6629 28
6630 20
6631 4
6632 0
6633 16
6634 25
6635 34
6636 33
6637 2
6638 13
6639 28
6640 1
6641 10
6642 10
6643 11
6644 27
6645 10
6646 36
6647 17
6648 2
6649 36
6650 0
6651 17
6652 2
6653 21
6654 23
6655 0
6656 38
6657 1
6658 19
6659 2
6660 22
6661 2
6662 0
6663 2
6664 1
6665 1
6666 3
6667 24
6668 17
6669 3
6670 23
6671 11
6672 14
6673 30
6674 0
6675 2
6676 3
6677 3
6678 15
6679 18
6680 26
6681 1
6682 10
6683 38
6684 18
6685 13
6686 10
6687 18
6688 7
6689 26
6690 3
6691 22
6692 9
6693 28
6694 2
6695 13
6696 24
6697 2
6698 3
6699 10
6700 6
6701 2
6702 2
6703 7
6704 0
6705 5
6706 3
6707 6
6708 11
6709 0
6710 18
6711 2
6712 1
6713 18
6714 0
6715 14
6716 3
6717 17
6718 7
6719 12
6720 10
6721 31
6722 3
6723 11
6724 2
6725 3
6726 1
6727 12
6728 7
6729 27
6730 2
6731 7
6732 9
6733 1
6734 3
6735 7
6736 7
6737 2
6738 29
6739 22
6740 8
6741 3
6742 0
6743 2
6744 17
6745 11
6746 15
6747 3
6748 10
6749 21
6750 10
6751 0
6752 11
6753 10
6754 7
6755 0
6756 11
6757 10
6758 2
6759 1
6760 4
6761 8
6762 6
6763 11
6764 9
6765 15
6766 1
6767 15
6768 15
6769 30
6770 0
6771 2
6772 20
6773 2
6774 1
6775 9
6776 10
6777 7
6778 1
6779 3
6780 27
6781 20
6782 2
6783 3
6784 11
6785 15
6786 28
6787 0
6788 2
6789 2
6790 0
6791 31
6792 3
6793 1
6794 1
6795 6
6796 7
6797 22
6798 19
6799 26
6800 7
6801 6
6802 0
6803 26
6804 7
6805 21
6806 20
6807 7
6808 26
6809 1
6810 10
6811 3
6812 15
6813 31
6814 11
6815 0
6816 2
6817 1
6818 10
6819 18
6820 11
6821 8
6822 22
6823 3
6824 8
6825 2
6826 8
6827 2
6828 13
6829 1
6830 23
6831 10
6832 6
6833 1
6834 35
6835 2
6836 3
6837 0
6838 10
6839 1
6840 33
6841 2
6842 3
6843 2
6844 14
6845 5
6846 9
6847 13
6848 2
6849 4
6850 2
6851 20
6852 0
6853 2
6854 8
6855 3
6856 11
6857 30
6858 8
6859 7
6860 27
6861 4
6862 10
6863 11
6864 0
6865 3
6866 2
6867 21
6868 2
6869 10
6870 24
6871 1
6872 8
6873 27
6874 0
6875 15
6876 2
6877 32
6878 17
6879 4
6880 2
6881 18
6882 1
6883 3
6884 1
6885 0
6886 1
6887 4
6888 3
6889 6
6890 4
6891 2
6892 0
6893 8
6894 7
6895 10
6896 3
6897 20
6898 3
6899 4
6900 27
6901 2
6902 2
6903 1
6904 1
6905 23
6906 32
6907 2
6908 4
6909 1
6910 4
6911 3
6912 1
6913 9
6914 34
6915 2
6916 4
6917 3
6918 1
6919 0
6920 11
6921 3
6922 4
6923 6
6924 4
6925 1
6926 31
6927 4
6928 22
6929 8
6930 11
6931 3
6932 1
6933 1
6934 0
6935 0
6936 15
6937 1
6938 12
6939 33
6940 2
6941 1
6942 2
6943 13
6944 4
6945 19
6946 4
6947 9
6948 9
6949 15
6950 24
6951 10
6952 0
6953 0
6954 18
6955 3
6956 0
6957 28
6958 29
6959 5
6960 0
6961 1
6962 2
6963 3
6964 4
6965 4
6966 13
6967 1
6968 0
6969 2
6970 12
6971 2
6972 20
6973 31
6974 0
6975 4
6976 9
6977 0
6978 19
6979 12
6980 0
6981 2
6982 4
6983 0
6984 8
6985 11
6986 2
6987 1
6988 1
6989 21
6990 0
6991 2
6992 22
6993 36
6994 13
6995 7
6996 1
6997 2
6998 13
6999 37
7000 9
7001 14
7002 6
7003 2
7004 1
7005 2
7006 10
7007 2
7008 2
7009 3
7010 11
7011 21
7012 7
7013 26
7014 7
7015 2
7016 2
7017 10
7018 10
7019 22
7020 10
7021 0
7022 30
7023 3
7024 1
7025 3
7026 1
7027 0
7028 7
7029 2
7030 0
7031 16
7032 1
7033 12
7034 38
7035 9
7036 2
7037 10
7038 29
7039 12
7040 3
7041 0
7042 4
7043 0
7044 13
7045 38
7046 10
7047 8
7048 21
7049 11
7050 16
7051 13
7052 1
7053 12
7054 4
7055 4
7056 7
7057 3
7058 2
7059 7
7060 4
7061 16
7062 0
7063 32
7064 0
7065 4
7066 2
7067 3
7068 34
7069 4
7070 27
7071 7
7072 4
7073 3
7074 2
7075 4
7076 0
7077 15
7078 0
7079 4
7080 8
7081 2
7082 2
7083 35
7084 2
7085 13
7086 4
7087 21
7088 4
7089 0
7090 30
7091 31
7092 2
7093 19
7094 13
7095 17
7096 12
7097 0
7098 0
7099 15
7100 1
7101 7
7102 13
7103 4
7104 4
7105 12
7106 4
7107 2
7108 29
7109 3
7110 0
7111 0
7112 4
7113 11
7114 3
7115 26
7116 21
7117 2
7118 17
7119 17
7120 2
7121 1
7122 0
7123 4
7124 4
7125 9
7126 3
7127 9
7128 1
7129 7
7130 3
7131 2
7132 25
7133 1
7134 36
7135 11
7136 18
7137 0
7138 18
7139 2
7140 1
7141 3
7142 17
7143 9
7144 3
7145 3
7146 2
7147 1
7148 0
7149 24
7150 1
7151 3
7152 28
7153 2
7154 4
7155 9
7156 6
7157 3
7158 29
7159 0
7160 1
7161 43
7162 25
7163 0
7164 12
7165 1
7166 0
7167 3
7168 0
7169 20
7170 2
7171 0
7172 2
7173 1
7174 3
7175 24
7176 11
7177 3
7178 3
7179 8
7180 4
7181 2
7182 2
7183 16
7184 0
7185 17
7186 3
7187 3
7188 2
7189 3
7190 2
7191 4
7192 0
7193 1
7194 24
7195 3
7196 9
7197 13
7198 1
7199 12
7200 16
7201 3
7202 14
7203 1
7204 26
7205 4
7206 8
7207 4
7208 3
7209 27
7210 3
7211 0
7212 28
7213 3
7214 3
7215 21
7216 2
7217 0
7218 3
7219 3
7220 9
7221 3
7222 2
7223 29
7224 8
7225 12
7226 11
7227 13
7228 2
7229 11
7230 4
7231 1
7232 0
7233 10
7234 6
7235 37
7236 12
7237 30
7238 16
7239 4
7240 9
7241 27
7242 5
7243 40
7244 5
7245 2
7246 11
7247 3
7248 1
7249 9
7250 0
7251 29
7252 1
7253 0
7254 5
7255 3
7256 1
7257 22
7258 0
7259 8
7260 1
7261 4
7262 3
7263 31
7264 3
7265 22
7266 4
7267 1
7268 10
7269 0
7270 9
7271 1
7272 5
7273 4
7274 33
7275 5
7276 4
7277 4
7278 4
7279 0
7280 24
7281 5
7282 0
7283 23
7284 3
7285 15
7286 5
7287 18
7288 0
7289 11
7290 12
7291 17
7292 5
7293 4
7294 1
7295 5
7296 1
7297 9
7298 34
7299 22
7300 14
7301 5
7302 16
7303 3
7304 23
7305 0
7306 23
7307 3
7308 32
7309 7
7310 4
7311 10
7312 2
7313 16
7314 12
7315 21
7316 1
7317 24
7318 18
7319 5
7320 7
7321 2
7322 11
7323 5
7324 36
7325 12
7326 1
7327 32
7328 2
7329 23
7330 2
7331 5
7332 10
7333 23
7334 4
7335 5
7336 0
7337 5
7338 1
7339 15
7340 3
7341 1
7342 4
7343 10
7344 1
7345 7
7346 32
7347 2
7348 0
7349 9
7350 3
7351 2
7352 24
7353 2
7354 24
7355 7
7356 4
7357 0
7358 24
7359 35
7360 32
7361 15
7362 2
7363 16
7364 14
7365 5
7366 0
7367 2
7368 19
7369 3
7370 13
7371 9
7372 33
7373 4
7374 16
7375 3
7376 3
7377 0
7378 9
7379 1
7380 15
7381 2
7382 1
7383 30
7384 2
7385 1
7386 1
7387 1
7388 4
7389 12
7390 20
7391 29
7392 14
7393 29
7394 0
7395 0
7396 13
7397 0
7398 30
7399 0
7400 1
7401 0
7402 19
7403 30
7404 19
7405 5
7406 31
7407 38
7408 23
7409 4
7410 1
7411 23
7412 3
7413 28
7414 1
7415 4
7416 4
7417 37
7418 2
7419 2
7420 1
7421 14
7422 16
7423 2
7424 3
7425 8
7426 20
7427 31
7428 21
7429 5
7430 3
7431 13
7432 19
7433 1
7434 1
7435 5
7436 12
7437 3
7438 9
7439 6
7440 5
7441 5
7442 32
7443 7
7444 3
7445 6
7446 0
7447 1
7448 17
7449 2
7450 28
7451 2
7452 6
7453 5
7454 1
7455 39
7456 6
7457 6
7458 1
7459 14
7460 6
7461 6
7462 3
7463 2
7464 3
7465 5
7466 6
7467 3
7468 3
7469 9
7470 1
7471 6
7472 9
7473 3
7474 6
7475 2
7476 3
7477 4
7478 4
7479 14
7480 36
7481 25
7482 0
7483 16
7484 13
7485 1
7486 7
7487 3
7488 6
7489 6
7490 4
7491 1
7492 20
7493 20
7494 3
7495 4
7496 3
7497 3
7498 23
7499 5
7500 6
7501 1
7502 30
7503 25
7504 2
7505 3
7506 1
7507 2
7508 5
7509 4
7510 0
7511 4
7512 4
7513 9
7514 26
7515 2
7516 1
7517 19
7518 2
7519 20
7520 11
7521 2
7522 2
7523 34
7524 6
7525 4
7526 35
7527 13
7528 6
7529 4
7530 2
7531 6
7532 3
7533 5
7534 35
7535 9
7536 16
7537 5
7538 6
7539 19
7540 4
7541 4
7542 4
7543 3
7544 2
7545 21
7546 5
7547 2
7548 10
7549 2
7550 6
7551 16
7552 9
7553 6
7554 4
7555 2
7556 10
7557 34
7558 4
7559 4
7560 23
7561 2
7562 6
7563 6
7564 32
7565 3
7566 5
7567 38
7568 3
7569 0
7570 20
7571 0
7572 14
7573 0
7574 1
7575 4
7576 21
7577 9
7578 1
7579 4
7580 27
7581 3
7582 16
7583 6
7584 9
7585 6
7586 23
7587 22
7588 3
7589 15
7590 4
7591 25
7592 3
7593 5
7594 12
7595 21
7596 25
7597 1
7598 35
7599 19
7600 27
7601 6
7602 5
7603 4
7604 5
7605 2
7606 20
7607 2
7608 8
7609 5
7610 4
7611 0
7612 0
7613 10
7614 6
7615 1
7616 31
7617 14
7618 33
7619 4
7620 27
7621 4
7622 19
7623 22
7624 3
7625 0
7626 29
7627 25
7628 36
7629 2
7630 6
7631 18
7632 4
7633 2
7634 24
7635 0
7636 30
7637 6
7638 4
7639 6
7640 1
7641 3
7642 15
7643 5
7644 4
7645 0
7646 34
7647 2
7648 1
7649 4
7650 2
7651 18
7652 4
7653 3
7654 23
7655 10
7656 2
7657 7
7658 3
7659 0
7660 5
7661 28
7662 7
7663 6
7664 1
7665 0
7666 17
7667 3
7668 2
7669 8
7670 6
7671 1
7672 6
7673 29
7674 0
7675 4
7676 4
7677 3
7678 5
7679 20
7680 11
7681 8
7682 3
7683 4
7684 6
7685 3
7686 2
7687 22
7688 2
7689 1
7690 1
7691 20
7692 8
7693 6
7694 0
7695 18
7696 1
7697 1
7698 3
7699 24
7700 3
7701 3
7702 3
7703 26
7704 5
7705 8
7706 2
7707 34
7708 1
7709 6
7710 1
7711 2
7712 6
7713 21
7714 0
7715 7
7716 0
7717 6
7718 5
7719 6
7720 4
7721 8
7722 1
7723 18
7724 24
7725 0
7726 2
7727 2
7728 3
7729 1
7730 7
7731 3
7732 6
7733 5
7734 2
7735 9
7736 2
7737 21
7738 7
7739 29
7740 9
7741 8
7742 7
7743 4
7744 4
7745 13
7746 6
7747 15
7748 7
7749 8
7750 7
7751 26
7752 7
7753 6
7754 7
7755 5
7756 1
7757 19
7758 14
7759 22
7760 3
7761 1
7762 14
7763 4
7764 3
7765 0
7766 6
7767 1
7768 2
7769 5
7770 5
7771 2
7772 2
7773 3
7774 11
7775 0
7776 10
7777 0
7778 2
7779 5
7780 2
7781 6
7782 10
7783 0
7784 11
7785 8
7786 1
7787 2
7788 0
7789 4
7790 4
7791 6
7792 27
7793 33
7794 0
7795 8
7796 0
7797 2
7798 6
7799 6
7800 3
7801 4
7802 20
7803 10
7804 3
7805 1
7806 8
7807 4
7808 4
7809 1
7810 7
7811 1
7812 1
7813 25
7814 6
7815 0
7816 8
7817 2
7818 1
7819 0
7820 4
7821 8
7822 6
7823 2
7824 2
7825 6
7826 3
7827 7
7828 6
7829 6
7830 4
7831 19
7832 4
7833 3
7834 5
7835 5
7836 1
7837 17
7838 0
7839 3
7840 5
7841 3
7842 5
7843 1
7844 3
7845 3
7846 34
7847 2
7848 13
7849 6
7850 3
7851 23
7852 1
7853 9
7854 5
7855 1
7856 1
7857 3
7858 23
7859 34
7860 20
7861 1
7862 3
7863 6
7864 23
7865 4
7866 7
7867 3
7868 6
7869 2
7870 20
7871 5
7872 7
7873 7
7874 1
7875 2
7876 2
7877 0
7878 20
7879 14
7880 8
7881 6
7882 5
7883 2
7884 8
7885 5
7886 29
7887 3
7888 34
7889 1
7890 4
7891 7
7892 6
7893 31
7894 34
7895 3
7896 3
7897 6
7898 11
7899 7
7900 33
7901 1
7902 1
7903 11
7904 6
7905 11
7906 6
7907 29
7908 5
7909 0
7910 2
7911 7
7912 3
7913 1
7914 11
7915 24
7916 9
7917 3
7918 1
7919 2
7920 1
7921 15
7922 3
7923 5
7924 0
7925 4
7926 2
7927 9
7928 9
7929 12
7930 4
7931 3
7932 5
7933 9
7934 0
7935 9
7936 3
7937 0
7938 14
7939 1
7940 2
7941 6
7942 8
7943 9
7944 0
7945 13
7946 12
7947 5
7948 7
7949 6
7950 3
7951 6
7952 2
7953 0
7954 0
7955 8
7956 8
7957 8
7958 0
7959 7
7960 4
7961 23
7962 3
7963 11
7964 5
7965 3
7966 8
7967 6
7968 5
7969 37
7970 7
7971 23
7972 14
7973 13
7974 1
7975 8
7976 9
7977 0
7978 0
7979 9
7980 4
7981 1
7982 2
7983 11
7984 5
7985 2
7986 29
7987 3
7988 2
7989 8
7990 0
7991 11
7992 3
7993 7
7994 8
7995 6
7996 11
7997 7
7998 7
7999 4
8000 28
8001 0
8002 9
8003 6
8004 8
8005 5
8006 3
8007 5
8008 4
8009 0
8010 1
8011 37
8012 5
8013 4
8014 2
8015 4
8016 9
8017 28
8018 2
8019 3
8020 18
8021 1
8022 18
8023 3
8024 8
8025 7
8026 5
8027 27
8028 2
8029 2
8030 9
8031 5
8032 7
8033 2
8034 5
8035 5
8036 5
8037 4
8038 12
8039 3
8040 1
8041 9
8042 27
8043 21
8044 1
8045 15
8046 1
8047 8
8048 2
8049 6
8050 7
8051 12
8052 2
8053 7
8054 1
8055 7
8056 6
8057 1
8058 7
8059 3
8060 9
8061 3
8062 4
8063 8
8064 16
8065 5
8066 14
8067 11
8068 0
8069 5
8070 6
8071 6
8072 7
8073 6
8074 5
8075 0
8076 3
8077 8
8078 4
8079 8
8080 16
8081 6
8082 5
8083 4
8084 7
8085 21
8086 15
8087 0
8088 6
8089 2
8090 2
8091 9
8092 7
8093 21
8094 7
8095 5
8096 4
8097 8
8098 5
8099 1
8100 7
8101 16
8102 5
8103 28
8104 7
8105 9
8106 4
8107 5
8108 2
8109 3
8110 11
8111 17
8112 5
8113 6
8114 4
8115 17
8116 7
8117 5
8118 2
8119 17
8120 2
8121 5
8122 3
8123 6
8124 12
8125 1
8126 27
8127 3
8128 3
8129 5
8130 5
8131 5
8132 6
8133 8
8134 9
8135 0
8136 2
8137 7
8138 8
8139 14
8140 3
8141 8
8142 2
8143 9
8144 32
8145 2
8146 5
8147 6
8148 4
8149 4
8150 25
8151 1
8152 8
8153 21
8154 21
8155 4
8156 17
8157 8
8158 9
8159 1
8160 7
8161 6
8162 8
8163 8
8164 9
8165 1
8166 17
8167 24
8168 31
8169 3
8170 4
8171 9
8172 20
8173 8
8174 29
8175 26
8176 11
8177 21
8178 25
8179 24
8180 9
8181 12
8182 9
8183 1
8184 5
8185 24
8186 2
8187 2
8188 33
8189 26
8190 7
8191 7
8192 38
8193 4
8194 7
8195 24
8196 12
8197 16
8198 7
8199 8
8200 26
8201 3
8202 24
8203 10
8204 21
8205 5
8206 11
8207 14
8208 14
8209 13
8210 0
8211 11
8212 13
8213 4
8214 8
8215 9
8216 0
8217 0
8218 8
8219 36
8220 12
8221 7
8222 5
8223 21
8224 11
8225 8
8226 0
8227 5
8228 21
8229 0
8230 15
8231 0
8232 9
8233 0
8234 1
8235 9
8236 32
8237 0
8238 6
8239 33
8240 6
8241 5
8242 14
8243 4
8244 8
8245 24
8246 10
8247 13
8248 9
8249 12
8250 9
8251 17
8252 26
8253 8
8254 31
8255 1
8256 25
8257 14
8258 7
8259 4
8260 11
8261 7
8262 7
8263 0
8264 23
8265 8
8266 21
8267 16
8268 8
8269 7
8270 27
8271 14
8272 5
8273 12
8274 9
8275 26
8276 6
8277 12
8278 4
8279 11
8280 0
8281 19
8282 7
8283 1
8284 23
8285 7
8286 11
8287 0
8288 11
8289 11
8290 0
8291 17
8292 30
8293 8
8294 29
8295 12
8296 9
8297 26
8298 0
8299 30
8300 5
8301 7
8302 9
8303 19
8304 7
8305 12
8306 28
8307 0
8308 15
8309 5
8310 14
8311 3
8312 0
8313 24
8314 0
8315 26
8316 1
8317 27
8318 28
8319 37
8320 20
8321 9
8322 1
8323 5
8324 7
8325 7
8326 6
8327 23
8328 0
8329 4
8330 11
8331 6
8332 0
8333 15
8334 3
8335 19
8336 7
8337 0
8338 11
8339 18
8340 9
8341 2
8342 30
8343 17
8344 11
8345 39
8346 8
8347 36
8348 30
8349 24
8350 11
8351 31
8352 28
8353 16
8354 18
8355 8
8356 6
8357 1
8358 6
8359 40
8360 13
8361 9
8362 0
8363 3
8364 0
8365 8
8366 36
8367 0
8368 1
8369 0
8370 20
8371 8
8372 33
8373 17
8374 17
8375 35
8376 12
8377 13
8378 7
8379 8
8380 17
8381 12
8382 29
8383 6
8384 15
8385 0
8386 9
8387 0
8388 25
8389 13
8390 1
8391 10
8392 29
8393 15
8394 23
8395 37
8396 19
8397 13
8398 9
8399 9
8400 27
8401 6
8402 12
8403 9
8404 9
8405 16
8406 0
8407 27
8408 0
8409 26
8410 6
8411 29
8412 8
8413 0
8414 8
8415 21
8416 4
8417 15
8418 0
8419 6
8420 7
8421 6
8422 5
8423 19
8424 7
8425 20
8426 19
8427 19
8428 7
8429 29
8430 33
8431 8
8432 21
8433 14
8434 13
8435 0
8436 2
8437 4
8438 11
8439 0
8440 4
8441 0
8442 11
8443 14
8444 8
8445 7
8446 17
8447 34
8448 0
8449 21
8450 30
8451 8
8452 38
8453 9
8454 0
8455 6
8456 23
8457 2
8458 24
8459 0
8460 37
8461 1
8462 20
8463 6
8464 9
8465 0
8466 17
8467 7
8468 14
8469 9
8470 9
8471 3
8472 13
8473 0
8474 0
8475 4
8476 15
8477 3
8478 35
8479 7
8480 29
8481 6
8482 9
8483 31
8484 9
8485 19
8486 9
8487 5
8488 25
8489 15
8490 27
8491 16
8492 5
8493 21
8494 8
8495 13
8496 4
8497 33
8498 11
8499 21
8500 25
8501 4
8502 8
8503 0
8504 8
8505 39
8506 21
8507 23
8508 0
8509 22
8510 12
8511 13
8512 25
8513 7
8514 31
8515 4
8516 18
8517 37
8518 1
8519 0
8520 2
8521 2
8522 1
8523 7
8524 8
8525 29
8526 29
8527 5
8528 24
8529 20
8530 8
8531 5
8532 4
8533 14
8534 13
8535 4
8536 0
8537 6
8538 24
8539 13
8540 0
8541 7
8542 2
8543 9
8544 21
8545 16
8546 2
8547 18
8548 17
8549 20
8550 29
8551 3
8552 9
8553 2
8554 27
8555 26
8556 2
8557 10
8558 6
8559 18
8560 0
8561 7
8562 0
8563 4
8564 21
8565 32
8566 10
8567 2
8568 0
8569 20
8570 2
8571 18
8572 7
8573 12
8574 36
8575 8
8576 0
8577 2
8578 11
8579 7
8580 10
8581 20
8582 27
8583 1
8584 8
8585 20
8586 16
8587 10
8588 20
8589 5
8590 10
8591 7
8592 18
8593 21
8594 22
8595 22
8596 2
8597 5
8598 9
8599 18
8600 15
8601 18
8602 0
8603 16
8604 12
8605 2
8606 16
8607 21
8608 36
8609 0
8610 8
8611 13
8612 3
8613 3
8614 26
8615 0
8616 6
8617 18
8618 13
8619 22
8620 12
8621 9
8622 6
8623 21
8624 7
8625 0
8626 5
8627 16
8628 27
8629 27
8630 14
8631 14
8632 23
8633 7
8634 5
8635 7
8636 7
8637 7
8638 22
8639 7
8640 13
8641 9
8642 0
8643 0
8644 1
8645 0
8646 37
8647 10
8648 33
8649 16
8650 6
8651 18
8652 19
8653 0
8654 4
8655 37
8656 1
8657 0
8658 18
8659 23
8660 32
8661 15
8662 1
8663 2
8664 10
8665 19
8666 6
8667 4
8668 29
8669 17
8670 0
8671 26
8672 1
8673 2
8674 33
8675 2
8676 30
8677 5
8678 9
8679 2
8680 0
8681 9
8682 1
8683 2
8684 10
8685 18
8686 22
8687 1
8688 9
8689 22
8690 7
8691 28
8692 22
8693 14
8694 29
8695 0
8696 33
8697 2
8698 16
8699 2
8700 9
8701 1
8702 10
8703 2
8704 6
8705 5
8706 20
8707 0
8708 0
8709 1
8710 1
8711 0
8712 8
8713 1
8714 14
8715 0
8716 0
8717 1
8718 2
8719 2
8720 24
8721 3
8722 2
8723 1
8724 10
8725 1
8726 3
8727 1
8728 3
8729 2
8730 0
8731 3
8732 14
8733 6
8734 17
8735 10
8736 11
8737 6
8738 2
8739 7
8740 3
8741 1
8742 28
8743 9
8744 36
8745 1
8746 2
8747 6
8748 28
8749 0
8750 19
8751 1
8752 0
8753 9
8754 17
8755 3
8756 9
8757 1
8758 1
8759 0
8760 22
8761 6
8762 3
8763 0
8764 7
8765 15
8766 0
8767 1
8768 2
8769 2
8770 9
8771 1
8772 3
8773 24
8774 14
8775 2
8776 4
8777 3
8778 9
8779 0
8780 22
8781 22
8782 18
8783 7
8784 2
8785 0
8786 3
8787 19
8788 8
8789 3
8790 19
8791 19
8792 19
8793 3
8794 1
8795 11
8796 16
8797 1
8798 14
8799 11
8800 3
8801 3
8802 22
8803 14
8804 1
8805 2
8806 25
8807 5
8808 15
8809 5
8810 0
8811 0
8812 18
8813 1
8814 2
8815 22
8816 2
8817 26
8818 0
8819 15
8820 11
8821 0
8822 6
8823 22
8824 3
8825 8
8826 17
8827 6
8828 19
8829 3
8830 2
8831 1
8832 3
8833 7
8834 2
8835 2
8836 15
8837 21
8838 0
8839 6
8840 0
8841 12
8842 3
8843 2
8844 0
8845 0
8846 3
8847 10
8848 22
8849 15
8850 7
8851 8
8852 9
8853 3
8854 11
8855 3
8856 5
8857 30
8858 34
8859 3
8860 9
8861 7
8862 18
8863 22
8864 9
8865 19
8866 31
8867 22
8868 21
8869 2
8870 29
8871 2
8872 29
8873 32
8874 9
8875 29
8876 28
8877 13
8878 9
8879 2
8880 20
8881 24
8882 11
8883 26
8884 14
8885 2
8886 8
8887 11
8888 35
8889 6
8890 8
8891 7
8892 2
8893 13
8894 26
8895 17
8896 1
8897 4
8898 15
8899 3
8900 3
8901 10
8902 31
8903 18
8904 13
8905 33
8906 7
8907 1
8908 2
8909 10
8910 10
8911 4
8912 13
8913 21
8914 14
8915 2
8916 2
8917 25
8918 0
8919 10
8920 2
8921 3
8922 4
8923 0
8924 11
8925 0
8926 21
8927 9
8928 2
8929 3
8930 4
8931 0
8932 3
8933 18
8934 0
8935 10
8936 3
8937 1
8938 21
8939 17
8940 3
8941 7
8942 3
8943 24
8944 22
8945 9
8946 4
8947 2
8948 26
8949 12
8950 4
8951 2
8952 3
8953 7
8954 6
8955 22
8956 1
8957 1
8958 4
8959 2
8960 0
8961 2
8962 31
8963 8
8964 3
8965 22
8966 32
8967 8
8968 7
8969 8
8970 15
8971 11
8972 17
8973 1
8974 0
8975 4
8976 14
8977 2
8978 12
8979 13
8980 4
8981 8
8982 6
8983 2
8984 0
8985 22
8986 30
8987 11
8988 0
8989 1
8990 26
8991 20
8992 4
8993 2
8994 8
8995 2
8996 1
8997 39
8998 11
8999 9
9000 15
9001 9
9002 5
9003 24
9004 40
9005 2
9006 1
9007 35
9008 1
9009 11
9010 3
9011 6
9012 18
9013 37
9014 2
9015 11
9016 5
9017 1
9018 14
9019 24
9020 4
9021 2
9022 1
9023 10
9024 1
9025 7
9026 4
9027 3
9028 10
9029 0
9030 10
9031 2
9032 1
9033 3
9034 1
9035 11
9036 22
9037 11
9038 14
9039 3
9040 21
9041 1
9042 6
9043 1
9044 18
9045 4
9046 12
9047 4
9048 1
9049 2
9050 0
9051 8
9052 24
9053 3
9054 2
9055 1
9056 2
9057 3
9058 0
9059 3
9060 30
9061 0
9062 0
9063 6
9064 3
9065 6
9066 1
9067 4
9068 12
9069 4
9070 8
9071 1
9072 11
9073 13
9074 26
9075 0
9076 3
9077 16
9078 4
9079 4
9080 10
9081 16
9082 10
9083 19
9084 4
9085 1
9086 1
9087 22
9088 8
9089 4
9090 1
9091 9
9092 0
9093 18
9094 9
9095 11
9096 18
9097 14
9098 10
9099 20
9100 5
9101 8
9102 0
9103 23
9104 33
9105 2
9106 6
9107 1
9108 21
9109 1
9110 1
9111 12
9112 11
9113 2
9114 1
9115 39
9116 3
9117 15
9118 15
9119 3
9120 32
9121 3
9122 21
9123 31
9124 9
9125 2
9126 11
9127 12
9128 4
9129 7
9130 25
9131 25
9132 13
9133 39
9134 0
9135 9
9136 7
9137 1
9138 0
9139 4
9140 26
9141 6
9142 8
9143 4
9144 2
9145 4
9146 16
9147 21
9148 11
9149 7
9150 8
9151 32
9152 0
9153 0
9154 22
9155 25
9156 20
9157 4
9158 17
9159 1
9160 1
9161 27
9162 10
9163 1
9164 12
9165 17
9166 2
9167 3
9168 13
9169 16
9170 17
9171 8
9172 8
9173 15
9174 20
9175 4
9176 0
9177 3
9178 9
9179 8
9180 2
9181 16
9182 12
9183 9
9184 4
9185 3
9186 1
9187 3
9188 9
9189 17
9190 3
9191 10
9192 22
9193 2
9194 3
9195 6
9196 7
9197 1
9198 6
9199 3
9200 10
9201 26
9202 11
9203 3
9204 4
9205 9
9206 32
9207 1
9208 28
9209 13
9210 3
9211 16
9212 17
9213 0
9214 1
9215 3
9216 2
9217 3
9218 12
9219 2
9220 8
9221 0
9222 4
9223 14
9224 2
9225 3
9226 4
9227 12
9228 37
9229 20
9230 25
9231 1
9232 1
9233 17
9234 11
9235 0
9236 12
9237 1
9238 33
9239 3
9240 28
9241 11
9242 1
9243 4
9244 4
9245 14
9246 2
9247 2
9248 4
9249 4
9250 4
9251 4
9252 1
9253 3
9254 3
9255 28
9256 0
9257 17
9258 12
9259 8
9260 2
9261 9
9262 10
9263 21
9264 25
9265 23
9266 2
9267 12
9268 3
9269 3
9270 1
9271 7
9272 26
9273 12
9274 36
9275 2
9276 8
9277 2
9278 1
9279 12
9280 3
9281 3
9282 16
9283 33
9284 0
9285 0
9286 31
9287 32
9288 3
9289 0
9290 4
9291 2
9292 2
9293 19
9294 3
9295 15
9296 16
9297 14
9298 2
9299 7
9300 2
9301 25
9302 21
9303 0
9304 5
9305 37
9306 5
9307 38
9308 2
9309 4
9310 19
9311 2
9312 2
9313 4
9314 0
9315 4
9316 5
9317 16
9318 3
9319 1
9320 1
9321 0
9322 4
9323 1
9324 4
9325 0
9326 2
9327 0
9328 0
9329 35
9330 5
9331 4
9332 10
9333 1
9334 4
9335 4
9336 3
9337 0
9338 9
9339 5
9340 4
9341 4
9342 3
9343 10
9344 1
9345 1
9346 1
9347 5
9348 0
9349 25
9350 3
9351 16
9352 1
9353 0
9354 10
9355 0
9356 2
9357 13
9358 4
9359 24
9360 30
9361 2
9362 1
9363 5
9364 0
9365 14
9366 1
9367 30
9368 34
9369 23
9370 19
9371 4
9372 1
9373 12
9374 5
9375 0
9376 5
9377 22
9378 10
9379 3
9380 7
9381 6
9382 11
9383 24
9384 22
9385 1
9386 0
9387 3
9388 4
9389 12
9390 2
9391 27
9392 3
9393 5
9394 1
9395 24
9396 2
9397 1
9398 5
9399 4
9400 13
9401 2
9402 24
9403 4
9404 2
9405 0
9406 2
9407 1
9408 4
9409 3
9410 8
9411 24
9412 2
9413 5
9414 24
9415 1
9416 14
9417 27
9418 34
9419 10
9420 0
9421 2
9422 44
9423 14
9424 19
9425 4
9426 5
9427 0
9428 2
9429 3
9430 4
9431 5
9432 17
9433 8
9434 9
9435 5
9436 21
9437 1
9438 24
9439 0
9440 23
9441 0
9442 12
9443 2
9444 0
9445 4
9446 19
9447 14
9448 5
9449 32
9450 19
9451 7
9452 4
9453 13
9454 20
9455 17
9456 9
9457 0
9458 7
9459 1
9460 26
9461 7
9462 2
9463 3
9464 5
9465 4
9466 34
9467 14
9468 5
9469 1
9470 4
9471 0
9472 2
9473 13
9474 28
9475 4
9476 33
9477 0
9478 4
9479 1
9480 13
9481 2
9482 0
9483 0
9484 6
9485 12
9486 1
9487 0
9488 20
9489 4
9490 23
9491 6
9492 23
9493 1
9494 3
9495 4
9496 0
9497 4
9498 4
9499 1
9500 10
9501 20
9502 24
9503 1
9504 20
9505 6
9506 10
9507 15
9508 1
9509 16
9510 12
9511 30
9512 0
9513 4
9514 9
9515 4
9516 5
9517 4
9518 11
9519 1
9520 4
9521 37
9522 2
9523 30
9524 6
9525 6
9526 1
9527 39
9528 0
9529 1
9530 1
9531 2
9532 4
9533 1
9534 12
9535 1
9536 1
9537 6
9538 4
9539 5
9540 3
9541 20
9542 20
9543 2
9544 0
9545 6
9546 9
9547 5
9548 18
9549 1
9550 0
9551 28
9552 6
9553 9
9554 1
9555 4
9556 3
9557 6
9558 0
9559 5
9560 16
9561 30
9562 9
9563 2
9564 0
9565 26
9566 26
9567 14
9568 20
9569 2
9570 2
9571 18
9572 3
9573 26
9574 6
9575 29
9576 32
9577 16
9578 1
9579 0
9580 3
9581 0
9582 6
9583 4
9584 20
9585 4
9586 3
9587 27
9588 0
9589 0
9590 19
9591 1
9592 27
9593 5
9594 10
9595 1
9596 1
9597 14
9598 18
9599 3
9600 18
9601 2
9602 3
9603 2
9604 25
9605 35
9606 5
9607 0
9608 22
9609 3
9610 1
9611 9
9612 18
9613 1
9614 6
9615 16
9616 15
9617 2
9618 6
9619 5
9620 2
9621 17
9622 27
9623 10
9624 3
9625 2
9626 15
9627 5
9628 32
9629 1
9630 14
9631 1
9632 4
9633 1
9634 5
9635 3
9636 17
9637 5
9638 4
9639 14
9640 1
9641 3
9642 27
9643 25
9644 1
9645 1
9646 4
9647 2
9648 15
9649 4
9650 33
9651 2
9652 15
9653 1
9654 32
9655 13
9656 2
9657 2
9658 32
9659 16
9660 16
9661 6
9662 2
9663 11
9664 1
9665 9
9666 1
9667 3
9668 23
9669 20
9670 18
9671 33
9672 23
9673 1
9674 3
9675 6
9676 32
9677 4
9678 19
9679 2
9680 2
9681 22
9682 1
9683 2
9684 6
9685 3
9686 6
9687 1
9688 6
9689 10
9690 18
9691 3
9692 2
9693 12
9694 1
9695 3
9696 1
9697 1
9698 5
9699 9
9700 8
9701 1
9702 5
9703 4
9704 3
9705 25
9706 7
9707 12
9708 3
9709 0
9710 4
9711 5
9712 20
9713 4
9714 8
9715 8
9716 2
9717 4
9718 13
9719 1
9720 33
9721 5
9722 5
9723 1
9724 5
9725 6
9726 11
9727 1
9728 1
9729 0
9730 4
9731 5
9732 8
9733 6
9734 7
9735 1
9736 26
9737 7
9738 3
9739 8
9740 4
9741 1
9742 7
9743 6
9744 6
9745 18
9746 4
9747 6
9748 6
9749 6
9750 7
9751 6
9752 4
9753 1
9754 1
9755 6
9756 1
9757 3
9758 1
9759 1
9760 7
9761 4
9762 0
9763 5
9764 2
9765 28
9766 6
9767 7
9768 7
9769 1
9770 5
9771 3
9772 8
9773 6
9774 24
9775 13
9776 0
9777 6
9778 2
9779 2
9780 8
9781 1
9782 5
9783 2
9784 5
9785 2
9786 6
9787 2
9788 24
9789 1
9790 1
9791 5
9792 7
9793 6
9794 2
9795 19
9796 4
9797 4
9798 2
9799 12
9800 24
9801 11
9802 7
9803 5
9804 4
9805 0
9806 1
9807 7
9808 7
9809 23
9810 30
9811 1
9812 8
9813 6
9814 0
9815 7
9816 8
9817 24
9818 20
9819 4
9820 5
9821 0
9822 18
9823 1
9824 3
9825 7
9826 3
9827 2
9828 0
9829 14
9830 13
9831 8
9832 7
9833 2
9834 6
9835 22
9836 8
9837 6
9838 33
9839 35
9840 6
9841 8
9842 3
9843 11
9844 0
9845 20
9846 11
9847 4
9848 2
9849 2
9850 8
9851 0
9852 6
9853 0
9854 8
9855 4
9856 1
9857 1
9858 0
9859 6
9860 29
9861 7
9862 0
9863 4
9864 8
9865 15
9866 4
9867 1
9868 0
9869 5
9870 3
9871 8
9872 31
9873 22
9874 5
9875 1
9876 8
9877 30
9878 3
9879 8
9880 3
9881 8
9882 1
9883 3
9884 5
9885 23
9886 27
9887 6
9888 7
9889 4
9890 6
9891 1
9892 1
9893 17
9894 3
9895 34
9896 3
9897 3
9898 6
9899 5
9900 7
9901 8
9902 4
9903 1
9904 1
9905 5
9906 26
9907 13
9908 6
9909 8
9910 1
9911 7
9912 3
9913 5
9914 37
9915 29
9916 6
9917 5
9918 5
9919 7
9920 1
9921 6
9922 3
9923 26
9924 7
9925 29
9926 4
9927 10
9928 3
9929 7
9930 1
9931 5
9932 5
9933 1
9934 0
9935 2
9936 24
9937 6
9938 5
9939 3
9940 4
9941 15
9942 2
9943 0
9944 1
9945 10
9946 0
9947 8
9948 3
9949 9
9950 21
9951 6
9952 0
9953 5
9954 4
9955 2
9956 8
9957 6
9958 6
9959 7
9960 5
9961 0
9962 9
9963 3
9964 20
9965 6
9966 3
9967 4
9968 3
9969 5
9970 8
9971 1
9972 7
9973 15
9974 8
9975 5
9976 0
9977 5
9978 8
9979 6
9980 7
9981 5
9982 8
9983 8
9984 5
9985 1
9986 4
9987 0
9988 9
9989 0
9990 2
9991 36
9992 5
9993 2
9994 0
9995 5
9996 2
9997 22
9998 7
9999 4
