0 32
1 10
2 2
3 1
4 21
5 19
6 17
7 15
8 9
9 20
10 28
11 9
12 28
13 13
14 33
15 11
16 18
17 33
18 9
19 15
20 14
21 6
22 30
23 3
24 8
25 16
26 6
27 6
28 8
29 13
30 8
31 27
32 17
33 23
34 9
35 18
36 22
37 25
38 12
39 30
40 13
41 1
42 0
43 8
44 15
45 24
46 17
47 29
48 25
49 8
50 31
51 32
52 21
53 3
54 14
55 15
56 16
57 12
58 29
59 6
60 5
61 29
62 10
63 30
64 22
65 26
66 15
67 24
68 21
69 0
70 16
71 2
72 3
73 24
74 5
75 19
76 7
77 1
78 18
79 15
80 35
81 31
82 4
83 14
84 24
85 19
86 19
87 22
88 4
89 33
90 5
91 1
92 18
93 1
94 5
95 25
96 4
97 0
98 6
99 4
100 26
101 14
102 28
103 6
104 17
105 19
106 27
107 19
108 11
109 23
110 13
111 17
112 19
113 12
114 27
115 12
116 32
117 13
118 14
119 8
120 6
121 1
122 24
123 26
124 17
125 4
126 26
127 28
128 7
129 11
130 3
131 25
132 29
133 9
134 19
135 23
136 12
137 15
138 23
139 15
140 18
141 28
142 28
143 0
144 11
145 33
146 35
147 2
148 13
149 17
150 23
151 6
152 16
153 13
154 16
155 13
156 12
157 11
158 34
159 13
160 9
161 12
162 4
163 3
164 5
165 24
166 3
167 13
168 11
169 2
170 27
171 4
172 13
173 20
174 11
175 25
176 17
177 12
178 11
179 6
180 23
181 6
182 16
183 6
184 9
185 17
186 7
187 8
188 5
189 7
190 11
191 30
192 3
193 8
194 14
195 13
196 6
197 16
198 25
199 17
200 22
201 15
202 17
203 12
204 19
205 9
206 4
207 16
208 6
209 27
210 11
211 5
212 16
213 20
214 6
215 27
216 14
217 30
218 3
219 21
220 9
221 3
222 19
223 4
224 11
225 9
226 24
227 0
228 11
229 32
230 3
231 17
232 24
233 20
234 2
235 8
236 13
237 5
238 0
239 7
240 17
241 19
242 7
243 17
244 15
245 8
246 3
247 15
248 20
249 1
250 22
251 7
252 20
253 4
254 20
255 18
256 5
257 14
258 23
259 16
260 28
261 14
262 9
263 9
264 13
265 15
266 35
267 1
268 23
269 9
270 9
271 9
272 7
273 17
274 26
275 24
276 0
277 28
278 2
279 23
280 0
281 36
282 20
283 13
284 5
285 5
286 0
287 3
288 2
289 30
290 6
291 3
292 6
293 21
294 13
295 33
296 15
297 5
298 7
299 8
300 26
301 7
302 17
303 6
304 9
305 5
306 6
307 11
308 26
309 20
310 18
311 19
312 30
313 19
314 19
315 19
316 27
317 13
318 28
319 21
320 19
321 20
322 1
323 6
324 8
325 6
326 20
327 6
328 18
329 36
330 2
331 1
332 27
333 1
334 10
335 4
336 1
337 26
338 1
339 7
340 1
341 7
342 8
343 9
344 20
345 4
346 1
347 4
348 4
349 7
350 10
351 18
352 0
353 8
354 8
355 3
356 6
357 5
358 18
359 17
360 18
361 13
362 6
363 16
364 11
365 8
366 6
367 6
368 9
369 33
370 30
371 20
372 10
373 6
374 0
375 5
376 23
377 10
378 27
379 7
380 10
381 11
382 0
383 10
384 31
385 1
386 34
387 7
388 1
389 24
390 35
391 6
392 4
393 25
394 1
395 19
396 1
397 17
398 22
399 0
400 30
401 9
402 16
403 16
404 0
405 22
406 18
407 19
408 3
409 22
410 15
411 11
412 8
413 23
414 3
415 6
416 1
417 1
418 24
419 20
420 7
421 4
422 6
423 16
424 23
425 20
426 7
427 7
428 33
429 19
430 16
431 18
432 14
433 10
434 5
435 30
436 10
437 6
438 20
439 1
440 13
441 6
442 22
443 4
444 5
445 7
446 13
447 30
448 7
449 10
450 8
451 14
452 17
453 34
454 10
455 10
456 30
457 22
458 14
459 10
460 20
461 8
462 25
463 0
464 11
465 24
466 20
467 11
468 18
469 17
470 7
471 22
472 2
473 1
474 10
475 20
476 26
477 6
478 19
479 7
480 0
481 3
482 14
483 24
484 7
485 8
486 19
487 5
488 2
489 7
490 12
491 10
492 22
493 34
494 6
495 2
496 24
497 18
498 10
499 27
500 26
501 5
502 6
503 32
504 2
505 6
506 18
507 0
508 12
509 1
510 12
511 7
512 33
513 14
514 27
515 8
516 6
517 14
518 27
519 1
520 7
521 7
522 24
523 22
524 23
525 3
526 14
527 2
528 19
529 19
530 10
531 18
532 6
533 27
534 13
535 32
536 3
537 19
538 10
539 18
540 12
541 12
542 7
543 14
544 27
545 1
546 3
547 3
548 27
549 0
550 5
551 18
552 8
553 8
554 17
555 10
556 6
557 12
558 3
559 14
560 1
561 25
562 6
563 25
564 1
565 19
566 14
567 29
568 18
569 36
570 29
571 12
572 10
573 10
574 4
575 20
576 12
577 30
578 0
579 18
580 7
581 9
582 8
583 20
584 6
585 12
586 1
587 1
588 0
589 7
590 9
591 17
592 8
593 9
594 23
595 18
596 2
597 21
598 0
599 10
600 8
601 0
602 6
603 3
604 0
605 7
606 10
607 19
608 6
609 6
610 12
611 3
612 14
613 11
614 9
615 6
616 32
617 14
618 8
619 6
620 14
621 10
622 2
623 3
624 8
625 0
626 19
627 25
628 35
629 9
630 2
631 13
632 36
633 19
634 18
635 9
636 2
637 1
638 12
639 3
640 18
641 5
642 23
643 12
644 15
645 21
646 14
647 7
648 27
649 36
650 20
651 22
652 10
653 1
654 12
655 6
656 23
657 3
658 3
659 10
660 6
661 1
662 17
663 3
664 10
665 31
666 1
667 7
668 27
669 9
670 24
671 10
672 23
673 2
674 3
675 13
676 15
677 19
678 25
679 29
680 36
681 7
682 14
683 8
684 14
685 35
686 3
687 21
688 26
689 29
690 14
691 18
692 1
693 11
694 22
695 5
696 3
697 13
698 18
699 13
700 32
701 22
702 24
703 3
704 1
705 15
706 4
707 10
708 13
709 4
710 2
711 2
712 18
713 5
714 6
715 25
716 17
717 13
718 9
719 0
720 10
721 1
722 29
723 10
724 12
725 3
726 12
727 27
728 5
729 12
730 8
731 3
732 24
733 11
734 23
735 2
736 10
737 2
738 1
739 19
740 10
741 28
742 13
743 0
744 5
745 4
746 14
747 1
748 4
749 20
750 12
751 34
752 13
753 12
754 0
755 30
756 11
757 12
758 8
759 4
760 4
761 0
762 9
763 31
764 10
765 15
766 0
767 3
768 22
769 15
770 17
771 1
772 6
773 11
774 11
775 0
776 10
777 12
778 11
779 27
780 10
781 4
782 1
783 3
784 14
785 2
786 9
787 0
788 12
789 24
790 2
791 15
792 12
793 1
794 9
795 4
796 23
797 3
798 10
799 27
800 22
801 8
802 4
803 2
804 0
805 2
806 9
807 5
808 0
809 0
810 10
811 5
812 21
813 27
814 11
815 25
816 21
817 10
818 1
819 7
820 13
821 4
822 9
823 3
824 18
825 1
826 28
827 23
828 8
829 4
830 1
831 4
832 21
833 7
834 11
835 5
836 16
837 17
838 11
839 16
840 3
841 11
842 1
843 16
844 16
845 11
846 13
847 11
848 13
849 4
850 4
851 16
852 11
853 3
854 18
855 4
856 2
857 24
858 1
859 12
860 2
861 7
862 9
863 10
864 22
865 24
866 5
867 0
868 7
869 11
870 15
871 9
872 12
873 4
874 7
875 10
876 9
877 26
878 22
879 1
880 0
881 33
882 10
883 28
884 11
885 8
886 17
887 2
888 0
889 6
890 2
891 21
892 15
893 28
894 0
895 4
896 28
897 11
898 22
899 12
900 35
901 7
902 19
903 10
904 6
905 1
906 12
907 7
908 36
909 26
910 8
911 7
912 28
913 27
914 16
915 16
916 26
917 4
918 26
919 0
920 26
921 0
922 36
923 10
924 14
925 34
926 0
927 4
928 3
929 1
930 11
931 7
932 8
933 13
934 9
935 3
936 2
937 19
938 1
939 12
940 2
941 31
942 0
943 2
944 33
945 12
946 16
947 4
948 2
949 5
950 1
951 26
952 23
953 26
954 0
955 17
956 10
957 1
958 15
959 26
960 10
961 10
962 7
963 4
964 23
965 17
966 4
967 32
968 35
969 6
970 16
971 6
972 17
973 33
974 0
975 17
976 8
977 17
978 7
979 1
980 33
981 16
982 4
983 36
984 17
985 10
986 3
987 10
988 10
989 3
990 2
991 3
992 11
993 9
994 11
995 28
996 3
997 9
998 2
999 0
1000 1
1001 4
1002 15
1003 10
1004 4
1005 0
1006 8
1007 26
1008 2
1009 28
1010 11
1011 1
1012 2
1013 20
1014 16
1015 16
1016 0
1017 12
1018 27
1019 26
1020 0
1021 13
1022 3
1023 5
1024 14
1025 0
1026 11
1027 5
1028 28
1029 1
1030 27
1031 0
1032 13
1033 4
1034 11
1035 4
1036 11
1037 17
1038 7
1039 9
1040 4
1041 17
1042 3
1043 26
1044 4
1045 2
1046 0
1047 6
1048 17
1049 26
1050 9
1051 15
1052 3
1053 27
1054 11
1055 8
1056 27
1057 32
1058 3
1059 1
1060 4
1061 31
1062 26
1063 11
1064 26
1065 0
1066 16
1067 1
1068 7
1069 4
1070 25
1071 12
1072 16
1073 21
1074 1
1075 9
1076 17
1077 10
1078 24
1079 11
1080 27
1081 22
1082 21
1083 28
1084 25
1085 1
1086 1
1087 21
1088 12
1089 24
1090 2
1091 20
1092 28
1093 17
1094 26
1095 1
1096 19
1097 35
1098 27
1099 15
1100 3
1101 4
1102 25
1103 0
1104 14
1105 5
1106 2
1107 16
1108 0
1109 1
1110 16
1111 26
1112 11
1113 18
1114 1
1115 2
1116 21
1117 3
1118 4
1119 0
1120 24
1121 4
1122 16
1123 19
1124 10
1125 10
1126 1
1127 1
1128 1
1129 19
1130 15
1131 17
1132 26
1133 16
1134 3
1135 11
1136 19
1137 2
1138 0
1139 3
1140 5
1141 0
1142 24
1143 30
1144 15
1145 27
1146 19
1147 15
1148 16
1149 19
1150 17
1151 16
1152 4
1153 2
1154 3
1155 30
1156 10
1157 23
1158 11
1159 13
1160 0
1161 6
1162 4
1163 19
1164 1
1165 5
1166 10
1167 2
1168 34
1169 4
1170 21
1171 13
1172 0
1173 16
1174 10
1175 0
1176 1
1177 18
1178 19
1179 5
1180 18
1181 3
1182 8
1183 3
1184 14
1185 2
1186 27
1187 35
1188 2
1189 5
1190 34
1191 18
1192 13
1193 13
1194 11
1195 9
1196 16
1197 10
1198 19
1199 31
1200 3
1201 4
1202 19
1203 4
1204 2
1205 2
1206 1
1207 16
1208 1
1209 5
1210 3
1211 5
1212 29
1213 3
1214 5
1215 17
1216 1
1217 9
1218 14
1219 2
1220 1
1221 13
1222 14
1223 17
1224 30
1225 7
1226 15
1227 13
1228 0
1229 19
1230 13
1231 5
1232 3
1233 10
1234 24
1235 1
1236 8
1237 36
1238 0
1239 5
1240 0
1241 19
1242 17
1243 16
1244 13
1245 15
1246 21
1247 32
1248 5
1249 16
1250 3
1251 5
1252 3
1253 5
1254 2
1255 22
1256 2
1257 3
1258 8
1259 18
1260 4
1261 20
1262 21
1263 24
1264 28
1265 0
1266 23
1267 20
1268 3
1269 10
1270 1
1271 10
1272 15
1273 14
1274 10
1275 4
1276 3
1277 20
1278 15
1279 26
1280 3
1281 5
1282 26
1283 26
1284 9
1285 11
1286 4
1287 14
1288 2
1289 26
1290 21
1291 23
1292 6
1293 2
1294 13
1295 21
1296 3
1297 5
1298 2
1299 13
1300 6
1301 13
1302 15
1303 5
1304 6
1305 21
1306 5
1307 25
1308 1
1309 19
1310 25
1311 4
1312 19
1313 1
1314 0
1315 4
1316 23
1317 3
1318 10
1319 20
1320 5
1321 1
1322 5
1323 19
1324 20
1325 4
1326 20
1327 19
1328 4
1329 0
1330 3
1331 17
1332 3
1333 4
1334 5
1335 25
1336 15
1337 29
1338 4
1339 5
1340 17
1341 6
1342 15
1343 14
1344 2
1345 5
1346 2
1347 25
1348 3
1349 6
1350 1
1351 17
1352 20
1353 21
1354 20
1355 2
1356 10
1357 0
1358 5
1359 3
1360 19
1361 3
1362 6
1363 2
1364 3
1365 2
1366 4
1367 25
1368 17
1369 0
1370 32
1371 5
1372 30
1373 2
1374 2
1375 5
1376 10
1377 16
1378 18
1379 17
1380 6
1381 10
1382 5
1383 14
1384 6
1385 4
1386 0
1387 19
1388 5
1389 3
1390 21
1391 2
1392 29
1393 3
1394 21
1395 18
1396 6
1397 0
1398 3
1399 3
1400 5
1401 5
1402 32
1403 11
1404 21
1405 11
1406 3
1407 1
1408 13
1409 10
1410 17
1411 17
1412 5
1413 17
1414 21
1415 16
1416 19
1417 17
1418 11
1419 16
1420 4
1421 3
1422 33
1423 4
1424 0
1425 3
1426 5
1427 25
1428 1
1429 1
1430 31
1431 15
1432 0
1433 31
1434 24
1435 17
1436 1
1437 24
1438 2
1439 1
1440 6
1441 30
1442 4
1443 0
1444 15
1445 3
1446 0
1447 4
1448 16
1449 3
1450 1
1451 22
1452 6
1453 27
1454 6
1455 3
1456 18
1457 35
1458 5
1459 0
1460 26
1461 4
1462 2
1463 29
1464 6
1465 23
1466 0
1467 6
1468 15
1469 5
1470 4
1471 5
1472 0
1473 20
1474 13
1475 0
1476 6
1477 17
1478 0
1479 6
1480 35
1481 0
1482 12
1483 31
1484 5
1485 22
1486 3
1487 14
1488 3
1489 1
1490 4
1491 19
1492 28
1493 7
1494 6
1495 4
1496 36
1497 5
1498 15
1499 3
1500 1
1501 18
1502 2
1503 5
1504 4
1505 6
1506 8
1507 7
1508 13
1509 8
1510 8
1511 5
1512 34
1513 1
1514 0
1515 1
1516 4
1517 8
1518 6
1519 8
1520 1
1521 4
1522 19
1523 7
1524 4
1525 25
1526 3
1527 10
1528 8
1529 5
1530 8
1531 5
1532 3
1533 0
1534 16
1535 1
1536 3
1537 2
1538 18
1539 18
1540 0
1541 4
1542 4
1543 2
1544 7
1545 6
1546 2
1547 34
1548 31
1549 22
1550 8
1551 3
1552 4
1553 1
1554 1
1555 16
1556 14
1557 5
1558 7
1559 2
1560 1
1561 5
1562 22
1563 9
1564 1
1565 8
1566 3
1567 5
1568 12
1569 0
1570 15
1571 29
1572 10
1573 6
1574 5
1575 7
1576 12
1577 0
1578 12
1579 4
1580 10
1581 4
1582 0
1583 7
1584 12
1585 0
1586 10
1587 2
1588 8
1589 22
1590 8
1591 5
1592 1
1593 2
1594 8
1595 27
1596 5
1597 6
1598 14
1599 6
1600 26
1601 5
1602 6
1603 28
1604 7
1605 0
1606 19
1607 29
1608 32
1609 12
1610 2
1611 7
1612 7
1613 8
1614 1
1615 0
1616 18
1617 8
1618 4
1619 23
1620 8
1621 5
1622 6
1623 4
1624 5
1625 10
1626 4
1627 1
1628 0
1629 3
1630 24
1631 3
1632 27
1633 5
1634 26
1635 6
1636 8
1637 21
1638 2
1639 8
1640 7
1641 28
1642 6
1643 4
1644 18
1645 6
1646 8
1647 2
1648 22
1649 3
1650 12
1651 24
1652 0
1653 35
1654 14
1655 1
1656 25
1657 2
1658 2
1659 24
1660 0
1661 5
1662 3
1663 2
1664 10
1665 3
1666 3
1667 4
1668 1
1669 7
1670 5
1671 6
1672 6
1673 2
1674 1
1675 7
1676 0
1677 20
1678 4
1679 15
1680 4
1681 19
1682 3
1683 2
1684 8
1685 7
1686 6
1687 0
1688 6
1689 1
1690 0
1691 3
1692 24
1693 2
1694 3
1695 8
1696 6
1697 8
1698 7
1699 34
1700 24
1701 24
1702 7
1703 0
1704 33
1705 12
1706 5
1707 8
1708 20
1709 8
1710 12
1711 6
1712 2
1713 3
1714 24
1715 4
1716 12
1717 6
1718 10
1719 18
1720 3
1721 33
1722 6
1723 8
1724 14
1725 28
1726 36
1727 0
1728 14
1729 22
1730 2
1731 0
1732 2
1733 28
1734 35
1735 15
1736 6
1737 11
1738 8
1739 23
1740 10
1741 28
1742 0
1743 8
1744 7
1745 6
1746 1
1747 4
1748 1
1749 10
1750 0
1751 0
1752 5
1753 12
1754 18
1755 21
1756 30
1757 0
1758 28
1759 25
1760 0
1761 30
1762 22
1763 9
1764 3
1765 5
1766 6
1767 15
1768 2
1769 18
1770 3
1771 1
1772 7
1773 2
1774 7
1775 4
1776 27
1777 15
1778 0
1779 6
1780 21
1781 5
1782 4
1783 1
1784 11
1785 5
1786 9
1787 9
1788 4
1789 4
1790 15
1791 3
1792 10
1793 10
1794 4
1795 21
1796 3
1797 5
1798 7
1799 11
1800 4
1801 5
1802 2
1803 0
1804 1
1805 9
1806 12
1807 12
1808 18
1809 14
1810 2
1811 7
1812 27
1813 2
1814 3
1815 8
1816 18
1817 3
1818 20
1819 6
1820 7
1821 11
1822 9
1823 8
1824 6
1825 2
1826 6
1827 4
1828 3
1829 3
1830 4
1831 4
1832 0
1833 3
1834 8
1835 1
1836 5
1837 0
1838 2
1839 27
1840 32
1841 4
1842 1
1843 11
1844 3
1845 34
1846 7
1847 4
1848 5
1849 8
1850 8
1851 7
1852 36
1853 14
1854 8
1855 14
1856 8
1857 3
1858 6
1859 4
1860 4
1861 35
1862 9
1863 4
1864 22
1865 3
1866 13
1867 3
1868 9
1869 33
1870 6
1871 0
1872 1
1873 7
1874 8
1875 10
1876 2
1877 2
1878 3
1879 4
1880 2
1881 0
1882 4
1883 18
1884 0
1885 3
1886 7
1887 8
1888 9
1889 11
1890 4
1891 0
1892 3
1893 8
1894 7
1895 1
1896 9
1897 3
1898 13
1899 4
1900 8
1901 10
1902 2
1903 22
1904 4
1905 4
1906 23
1907 5
1908 1
1909 6
1910 2
1911 20
1912 6
1913 0
1914 9
1915 4
1916 0
1917 6
1918 5
1919 11
1920 3
1921 7
1922 9
1923 6
1924 1
1925 26
1926 8
1927 13
1928 0
1929 11
1930 9
1931 8
1932 3
1933 5
1934 9
1935 9
1936 16
1937 3
1938 15
1939 5
1940 7
1941 1
1942 3
1943 2
1944 0
1945 11
1946 6
1947 3
1948 3
1949 3
1950 13
1951 0
1952 3
1953 9
1954 6
1955 6
1956 0
1957 2
1958 7
1959 10
1960 4
1961 8
1962 4
1963 5
1964 19
1965 2
1966 21
1967 12
1968 6
1969 0
1970 2
1971 6
1972 11
1973 4
1974 6
1975 5
1976 12
1977 2
1978 3
1979 15
1980 5
1981 7
1982 5
1983 5
1984 9
1985 8
1986 7
1987 8
1988 6
1989 22
1990 4
1991 7
1992 5
1993 9
1994 9
1995 1
1996 0
1997 1
1998 3
1999 4
2000 3
2001 3
2002 14
2003 10
2004 30
2005 17
2006 8
2007 1
2008 3
2009 13
2010 22
2011 0
2012 26
2013 9
2014 1
2015 1
2016 2
2017 1
2018 2
2019 1
2020 4
2021 7
2022 30
2023 11
2024 6
2025 9
2026 7
2027 1
2028 9
2029 0
2030 5
2031 1
2032 11
2033 5
2034 11
2035 9
2036 4
2037 1
2038 2
2039 0
2040 11
2041 11
2042 4
2043 9
2044 4
2045 4
2046 2
2047 6
2048 2
2049 27
2050 14
2051 11
2052 33
2053 8
2054 8
2055 32
2056 2
2057 6
2058 32
2059 27
2060 1
2061 17
2062 26
2063 7
2064 7
2065 1
2066 21
2067 9
2068 25
2069 17
2070 4
2071 7
2072 0
2073 6
2074 0
2075 0
2076 4
2077 16
2078 8
2079 21
2080 9
2081 0
2082 6
2083 1
2084 26
2085 0
2086 5
2087 5
2088 7
2089 6
2090 2
2091 1
2092 4
2093 6
2094 22
2095 8
2096 10
2097 9
2098 9
2099 5
2100 22
2101 11
2102 18
2103 32
2104 7
2105 3
2106 5
2107 15
2108 15
2109 11
2110 6
2111 8
2112 7
2113 1
2114 5
2115 22
2116 7
2117 7
2118 24
2119 13
2120 3
2121 5
2122 19
2123 29
2124 19
2125 9
2126 16
2127 32
2128 19
2129 1
2130 8
2131 6
2132 4
2133 0
2134 0
2135 0
2136 0
2137 4
2138 6
2139 8
2140 32
2141 19
2142 5
2143 33
2144 16
2145 30
2146 8
2147 15
2148 9
2149 8
2150 11
2151 19
2152 8
2153 0
2154 2
2155 12
2156 6
2157 2
2158 1
2159 4
2160 10
2161 18
2162 9
2163 4
2164 2
2165 7
2166 8
2167 0
2168 26
2169 34
2170 7
2171 8
2172 16
2173 12
2174 0
2175 21
2176 11
2177 23
2178 9
2179 3
2180 25
2181 6
2182 32
2183 5
2184 23
2185 8
2186 9
2187 21
2188 35
2189 0
2190 9
2191 6
2192 28
2193 25
2194 28
2195 0
2196 24
2197 18
2198 11
2199 5
2200 9
2201 6
2202 1
2203 9
2204 6
2205 28
2206 32
2207 5
2208 3
2209 5
2210 4
2211 3
2212 11
2213 7
2214 7
2215 26
2216 17
2217 11
2218 32
2219 26
2220 8
2221 6
2222 16
2223 9
2224 17
2225 28
2226 2
2227 25
2228 31
2229 8
2230 8
2231 26
2232 11
2233 7
2234 9
2235 6
2236 14
2237 15
2238 15
2239 13
2240 4
2241 32
2242 24
2243 17
2244 14
2245 8
2246 15
2247 18
2248 0
2249 30
2250 1
2251 8
2252 21
2253 19
2254 8
2255 13
2256 19
2257 15
2258 36
2259 11
2260 4
2261 30
2262 28
2263 5
2264 25
2265 34
2266 26
2267 8
2268 25
2269 11
2270 14
2271 19
2272 13
2273 6
2274 15
2275 9
2276 31
2277 4
2278 16
2279 8
2280 27
2281 18
2282 21
2283 21
2284 9
2285 20
2286 13
2287 7
2288 26
2289 5
2290 0
2291 19
2292 1
2293 17
2294 1
2295 0
2296 17
2297 12
2298 8
2299 15
2300 15
2301 23
2302 13
2303 9
2304 0
2305 9
2306 23
2307 6
2308 7
2309 2
2310 7
2311 2
2312 27
2313 21
2314 13
2315 19
2316 29
2317 8
2318 9
2319 3
2320 6
2321 25
2322 13
2323 11
2324 5
2325 11
2326 13
2327 13
2328 6
2329 8
2330 35
2331 16
2332 8
2333 8
2334 3
2335 12
2336 28
2337 6
2338 7
2339 0
2340 13
2341 13
2342 17
2343 1
2344 13
2345 8
2346 19
2347 8
2348 7
2349 20
2350 24
2351 34
2352 6
2353 9
2354 14
2355 33
2356 25
2357 5
2358 17
2359 13
2360 16
2361 11
2362 30
2363 13
2364 0
2365 9
2366 7
2367 25
2368 18
2369 28
2370 23
2371 30
2372 15
2373 25
2374 1
2375 33
2376 9
2377 8
2378 1
2379 16
2380 14
2381 11
2382 1
2383 1
2384 12
2385 0
2386 15
2387 18
2388 10
2389 29
2390 5
2391 4
2392 10
2393 13
2394 28
2395 18
2396 20
2397 0
2398 20
2399 5
2400 11
2401 10
2402 2
2403 20
2404 0
2405 15
2406 0
2407 0
2408 1
2409 26
2410 9
2411 19
2412 16
2413 3
2414 33
2415 9
2416 16
2417 5
2418 1
2419 2
2420 13
2421 10
2422 5
2423 20
2424 8
2425 21
2426 0
2427 1
2428 20
2429 20
2430 11
2431 28
2432 12
2433 9
2434 18
2435 1
2436 6
2437 30
2438 10
2439 16
2440 1
2441 0
2442 24
2443 7
2444 0
2445 26
2446 2
2447 0
2448 0
2449 33
2450 28
2451 0
2452 18
2453 1
2454 4
2455 35
2456 6
2457 17
2458 4
2459 20
2460 0
2461 9
2462 29
2463 21
2464 13
2465 29
2466 18
2467 18
2468 25
2469 1
2470 11
2471 6
2472 1
2473 20
2474 7
2475 1
2476 30
2477 9
2478 19
2479 28
2480 8
2481 19
2482 14
2483 6
2484 1
2485 29
2486 31
2487 15
2488 19
2489 22
2490 5
2491 1
2492 13
2493 31
2494 28
2495 10
2496 9
2497 11
2498 17
2499 14
2500 0
2501 24
2502 9
2503 30
2504 28
2505 34
2506 9
2507 17
2508 18
2509 15
2510 1
2511 24
2512 20
2513 2
2514 10
2515 2
2516 20
2517 32
2518 17
2519 23
2520 5
2521 15
2522 1
2523 6
2524 4
2525 5
2526 21
2527 27
2528 6
2529 14
2530 23
2531 7
2532 16
2533 1
2534 4
2535 2
2536 29
2537 5
2538 29
2539 33
2540 21
2541 0
2542 14
2543 12
2544 2
2545 11
2546 13
2547 0
2548 6
2549 1
2550 3
2551 13
2552 2
2553 25
2554 1
2555 28
2556 7
2557 22
2558 2
2559 20
2560 30
2561 7
2562 27
2563 10
2564 4
2565 35
2566 1
2567 0
2568 7
2569 14
2570 17
2571 0
2572 12
2573 12
2574 0
2575 1
2576 17
2577 16
2578 25
2579 0
2580 8
2581 9
2582 2
2583 31
2584 2
2585 2
2586 3
2587 2
2588 1
2589 0
2590 13
2591 2
2592 9
2593 32
2594 2
2595 0
2596 2
2597 3
2598 2
2599 6
2600 9
2601 30
2602 2
2603 8
2604 0
2605 2
2606 11
2607 29
2608 10
2609 3
2610 7
2611 2
2612 1
2613 17
2614 1
2615 34
2616 22
2617 7
2618 23
2619 3
2620 31
2621 1
2622 2
2623 6
2624 25
2625 2
2626 13
2627 1
2628 36
2629 3
2630 15
2631 33
2632 27
2633 0
2634 31
2635 12
2636 19
2637 1
2638 26
2639 2
2640 3
2641 14
2642 13
2643 22
2644 3
2645 27
2646 1
2647 1
2648 3
2649 3
2650 25
2651 10
2652 0
2653 27
2654 1
2655 8
2656 26
2657 25
2658 8
2659 27
2660 7
2661 0
2662 2
2663 3
2664 15
2665 3
2666 18
2667 25
2668 3
2669 0
2670 14
2671 1
2672 2
2673 21
2674 35
2675 31
2676 7
2677 2
2678 23
2679 12
2680 7
2681 2
2682 0
2683 0
2684 9
2685 1
2686 18
2687 2
2688 2
2689 22
2690 22
2691 25
2692 0
2693 10
2694 10
2695 5
2696 2
2697 15
2698 6
2699 4
2700 15
2701 12
2702 1
2703 3
2704 0
2705 0
2706 35
2707 2
2708 28
2709 23
2710 6
2711 20
2712 30
2713 5
2714 2
2715 18
2716 2
2717 2
2718 9
2719 12
2720 20
2721 7
2722 3
2723 8
2724 0
2725 6
2726 3
2727 32
2728 5
2729 3
2730 21
2731 18
2732 10
2733 2
2734 0
2735 1
2736 2
2737 22
2738 29
2739 9
2740 9
2741 10
2742 2
2743 2
2744 14
2745 10
2746 1
2747 13
2748 25
2749 3
2750 4
2751 1
2752 23
2753 24
2754 10
2755 29
2756 10
2757 27
2758 14
2759 4
2760 15
2761 18
2762 2
2763 7
2764 0
2765 5
2766 7
2767 0
2768 1
2769 15
2770 2
2771 10
2772 4
2773 0
2774 2
2775 9
2776 1
2777 4
2778 8
2779 9
2780 0
2781 12
2782 25
2783 21
2784 1
2785 1
2786 25
2787 9
2788 2
2789 10
2790 7
2791 34
2792 3
2793 10
2794 2
2795 12
2796 8
2797 3
2798 23
2799 4
2800 2
2801 21
2802 6
2803 4
2804 12
2805 9
2806 2
2807 1
2808 3
2809 25
2810 11
2811 3
2812 31
2813 1
2814 21
2815 1
2816 2
2817 2
2818 4
2819 6
2820 3
2821 10
2822 13
2823 5
2824 0
2825 18
2826 11
2827 9
2828 18
2829 6
2830 5
2831 2
2832 23
2833 1
2834 18
2835 11
2836 1
2837 10
2838 8
2839 2
2840 33
2841 22
2842 18
2843 16
2844 27
2845 1
2846 1
2847 0
2848 3
2849 5
2850 1
2851 0
2852 3
2853 3
2854 1
2855 9
2856 0
2857 14
2858 5
2859 2
2860 0
2861 1
2862 11
2863 2
2864 2
2865 18
2866 27
2867 4
2868 2
2869 10
2870 7
2871 10
2872 4
2873 10
2874 13
2875 4
2876 0
2877 15
2878 14
2879 11
2880 15
2881 3
2882 1
2883 23
2884 22
2885 27
2886 0
2887 11
2888 14
2889 11
2890 4
2891 3
2892 0
2893 12
2894 12
2895 35
2896 16
2897 25
2898 14
2899 10
2900 4
2901 2
2902 34
2903 18
2904 8
2905 4
2906 27
2907 16
2908 3
2909 1
2910 14
2911 8
2912 4
2913 15
2914 7
2915 16
2916 3
2917 0
2918 23
2919 10
2920 22
2921 4
2922 10
2923 15
2924 16
2925 0
2926 14
2927 2
2928 26
2929 0
2930 13
2931 10
2932 26
2933 29
2934 4
2935 24
2936 3
2937 9
2938 19
2939 29
2940 2
2941 1
2942 3
2943 16
2944 2
2945 9
2946 24
2947 13
2948 1
2949 8
2950 21
2951 12
2952 11
2953 21
2954 4
2955 11
2956 33
2957 7
2958 9
2959 12
2960 12
2961 0
2962 1
2963 22
2964 3
2965 3
2966 20
2967 31
2968 7
2969 2
2970 16
2971 20
2972 2
2973 0
2974 4
2975 7
2976 4
2977 12
2978 1
2979 1
2980 2
2981 26
2982 3
2983 1
2984 5
2985 1
2986 2
2987 1
2988 1
2989 0
2990 17
2991 31
2992 0
2993 5
2994 31
2995 3
2996 13
2997 10
2998 24
2999 20
3000 13
3001 18
3002 8
3003 29
3004 7
3005 0
3006 26
3007 8
3008 0
3009 0
3010 16
3011 3
3012 17
3013 0
3014 3
3015 1
3016 12
3017 21
3018 10
3019 36
3020 11
3021 0
3022 2
3023 12
3024 10
3025 10
3026 1
3027 3
3028 2
3029 26
3030 2
3031 14
3032 0
3033 0
3034 0
3035 14
3036 1
3037 17
3038 13
3039 29
3040 24
3041 30
3042 9
3043 26
3044 29
3045 1
3046 21
3047 3
3048 4
3049 10
3050 26
3051 32
3052 17
3053 3
3054 0
3055 7
3056 1
3057 4
3058 14
3059 34
3060 1
3061 16
3062 17
3063 1
3064 16
3065 18
3066 8
3067 2
3068 10
3069 10
3070 34
3071 2
3072 1
3073 12
3074 6
3075 10
3076 0
3077 4
3078 32
3079 22
3080 4
3081 9
3082 1
3083 0
3084 1
3085 1
3086 4
3087 3
3088 0
3089 0
3090 0
3091 18
3092 1
3093 13
3094 31
3095 7
3096 4
3097 33
3098 0
3099 9
3100 3
3101 8
3102 14
3103 4
3104 6
3105 25
3106 0
3107 2
3108 7
3109 9
3110 7
3111 7
3112 10
3113 26
3114 18
3115 25
3116 2
3117 4
3118 4
3119 7
3120 1
3121 12
3122 27
3123 3
3124 10
3125 0
3126 12
3127 10
3128 16
3129 21
3130 4
3131 1
3132 32
3133 9
3134 14
3135 1
3136 3
3137 24
3138 1
3139 0
3140 4
3141 1
3142 5
3143 0
3144 0
3145 18
3146 3
3147 5
3148 9
3149 5
3150 0
3151 10
3152 10
3153 1
3154 4
3155 29
3156 31
3157 2
3158 14
3159 12
3160 0
3161 5
3162 17
3163 5
3164 1
3165 22
3166 2
3167 3
3168 6
3169 4
3170 3
3171 3
3172 23
3173 24
3174 26
3175 16
3176 16
3177 4
3178 0
3179 9
3180 0
3181 11
3182 1
3183 1
3184 1
3185 8
3186 17
3187 7
3188 1
3189 22
3190 10
3191 15
3192 23
3193 3
3194 28
3195 5
3196 28
3197 3
3198 2
3199 0
3200 5
3201 3
3202 18
3203 19
3204 27
3205 11
3206 19
3207 9
3208 10
3209 9
3210 2
3211 4
3212 17
3213 26
3214 16
3215 5
3216 4
3217 0
3218 2
3219 3
3220 5
3221 1
3222 5
3223 24
3224 1
3225 4
3226 3
3227 4
3228 16
3229 9
3230 13
3231 34
3232 13
3233 30
3234 26
3235 14
3236 2
3237 7
3238 10
3239 1
3240 15
3241 0
3242 1
3243 5
3244 3
3245 19
3246 13
3247 21
3248 2
3249 1
3250 24
3251 26
3252 30
3253 22
3254 33
3255 33
3256 17
3257 4
3258 3
3259 16
3260 5
3261 29
3262 4
3263 12
3264 18
3265 23
3266 28
3267 18
3268 16
3269 12
3270 2
3271 3
3272 17
3273 7
3274 17
3275 25
3276 6
3277 16
3278 13
3279 4
3280 29
3281 9
3282 0
3283 0
3284 0
3285 2
3286 2
3287 31
3288 32
3289 1
3290 21
3291 16
3292 10
3293 0
3294 32
3295 21
3296 0
3297 2
3298 3
3299 1
3300 12
3301 3
3302 7
3303 1
3304 1
3305 17
3306 5
3307 1
3308 0
3309 32
3310 24
3311 5
3312 21
3313 4
3314 16
3315 8
3316 7
3317 17
3318 19
3319 13
3320 23
3321 4
3322 2
3323 3
3324 3
3325 15
3326 17
3327 27
3328 4
3329 4
3330 1
3331 1
3332 26
3333 21
3334 0
3335 2
3336 4
3337 1
3338 24
3339 3
3340 6
3341 1
3342 24
3343 16
3344 0
3345 6
3346 32
3347 18
3348 4
3349 1
3350 4
3351 1
3352 5
3353 6
3354 21
3355 6
3356 0
3357 5
3358 3
3359 7
3360 17
3361 2
3362 1
3363 0
3364 5
3365 2
3366 2
3367 27
3368 5
3369 2
3370 10
3371 1
3372 9
3373 15
3374 0
3375 3
3376 2
3377 4
3378 3
3379 1
3380 3
3381 0
3382 11
3383 5
3384 36
3385 1
3386 28
3387 5
3388 5
3389 4
3390 3
3391 4
3392 4
3393 6
3394 4
3395 2
3396 5
3397 29
3398 6
3399 29
3400 23
3401 0
3402 1
3403 5
3404 19
3405 0
3406 11
3407 5
3408 6
3409 5
3410 26
3411 6
3412 6
3413 20
3414 3
3415 5
3416 33
3417 23
3418 1
3419 4
3420 2
3421 0
3422 3
3423 0
3424 0
3425 33
3426 8
3427 3
3428 19
3429 4
3430 0
3431 18
3432 1
3433 4
3434 1
3435 17
3436 20
3437 6
3438 4
3439 9
3440 4
3441 24
3442 6
3443 2
3444 3
3445 2
3446 2
3447 21
3448 26
3449 4
3450 19
3451 4
3452 16
3453 3
3454 17
3455 6
3456 1
3457 18
3458 34
3459 1
3460 1
3461 4
3462 8
3463 0
3464 15
3465 6
3466 16
3467 0
3468 4
3469 6
3470 28
3471 22
3472 1
3473 4
3474 6
3475 3
3476 1
3477 22
3478 27
3479 1
3480 6
3481 14
3482 4
3483 2
3484 33
3485 3
3486 5
3487 18
3488 4
3489 3
3490 18
3491 0
3492 29
3493 4
3494 2
3495 2
3496 17
3497 13
3498 3
3499 6
3500 6
3501 4
3502 1
3503 4
3504 19
3505 5
3506 0
3507 4
3508 2
3509 6
3510 19
3511 6
3512 5
3513 3
3514 0
3515 3
3516 2
3517 5
3518 33
3519 1
3520 2
3521 14
3522 4
3523 1
3524 13
3525 30
3526 2
3527 2
3528 6
3529 18
3530 16
3531 5
3532 2
3533 0
3534 11
3535 29
3536 2
3537 36
3538 13
3539 9
3540 1
3541 5
3542 4
3543 15
3544 3
3545 15
3546 33
3547 8
3548 5
3549 5
3550 36
3551 3
3552 6
3553 0
3554 4
3555 18
3556 7
3557 3
3558 7
3559 14
3560 5
3561 2
3562 5
3563 6
3564 0
3565 3
3566 0
3567 15
3568 17
3569 25
3570 4
3571 19
3572 3
3573 20
3574 8
3575 5
3576 0
3577 2
3578 12
3579 4
3580 22
3581 17
3582 8
3583 3
3584 4
3585 4
3586 2
3587 8
3588 27
3589 18
3590 6
3591 2
3592 6
3593 8
3594 7
3595 2
3596 22
3597 7
3598 3
3599 1
3600 35
3601 7
3602 14
3603 3
3604 8
3605 5
3606 2
3607 4
3608 30
3609 2
3610 3
3611 4
3612 0
3613 1
3614 2
3615 0
3616 21
3617 1
3618 5
3619 5
3620 3
3621 1
3622 8
3623 6
3624 33
3625 7
3626 4
3627 3
3628 1
3629 6
3630 6
3631 6
3632 16
3633 7
3634 0
3635 25
3636 7
3637 1
3638 24
3639 14
3640 22
3641 5
3642 8
3643 4
3644 1
3645 7
3646 1
3647 3
3648 0
3649 7
3650 8
3651 8
3652 3
3653 23
3654 16
3655 17
3656 5
3657 8
3658 2
3659 3
3660 2
3661 5
3662 24
3663 3
3664 8
3665 23
3666 5
3667 1
3668 0
3669 19
3670 0
3671 12
3672 8
3673 1
3674 2
3675 2
3676 12
3677 5
3678 11
3679 2
3680 7
3681 23
3682 24
3683 3
3684 0
3685 2
3686 5
3687 5
3688 29
3689 3
3690 7
3691 7
3692 23
3693 18
3694 6
3695 1
3696 5
3697 1
3698 4
3699 7
3700 7
3701 8
3702 23
3703 0
3704 32
3705 14
3706 8
3707 6
3708 0
3709 4
3710 6
3711 1
3712 0
3713 4
3714 7
3715 0
3716 5
3717 2
3718 7
3719 22
3720 0
3721 25
3722 5
3723 0
3724 7
3725 0
3726 1
3727 6
3728 2
3729 0
3730 5
3731 8
3732 6
3733 1
3734 32
3735 22
3736 13
3737 2
3738 8
3739 2
3740 3
3741 0
3742 7
3743 8
3744 20
3745 12
3746 25
3747 18
3748 12
3749 5
3750 6
3751 20
3752 5
3753 8
3754 4
3755 14
3756 13
3757 25
3758 3
3759 8
3760 16
3761 0
3762 33
3763 3
3764 4
3765 3
3766 7
3767 0
3768 24
3769 0
3770 3
3771 10
3772 2
3773 22
3774 12
3775 7
3776 3
3777 3
3778 6
3779 3
3780 0
3781 3
3782 1
3783 21
3784 6
3785 4
3786 7
3787 12
3788 6
3789 5
3790 6
3791 7
3792 21
3793 4
3794 21
3795 2
3796 8
3797 10
3798 6
3799 7
3800 6
3801 5
3802 2
3803 5
3804 22
3805 3
3806 0
3807 6
3808 19
3809 8
3810 24
3811 7
3812 6
3813 18
3814 5
3815 23
3816 22
3817 0
3818 1
3819 6
3820 32
3821 30
3822 35
3823 2
3824 4
3825 2
3826 7
3827 7
3828 9
3829 8
3830 5
3831 1
3832 4
3833 12
3834 5
3835 3
3836 22
3837 2
3838 0
3839 8
3840 7
3841 8
3842 5
3843 0
3844 3
3845 3
3846 8
3847 8
3848 2
3849 4
3850 7
3851 9
3852 21
3853 7
3854 3
3855 8
3856 14
3857 1
3858 2
3859 4
3860 0
3861 25
3862 5
3863 4
3864 7
3865 5
3866 15
3867 0
3868 3
3869 6
3870 6
3871 30
3872 2
3873 9
3874 0
3875 29
3876 1
3877 0
3878 11
3879 1
3880 6
3881 10
3882 8
3883 9
3884 3
3885 12
3886 0
3887 5
3888 7
3889 2
3890 18
3891 1
3892 1
3893 12
3894 8
3895 7
3896 2
3897 6
3898 6
3899 1
3900 1
3901 2
3902 3
3903 36
3904 8
3905 6
3906 6
3907 11
3908 8
3909 2
3910 9
3911 23
3912 22
3913 17
3914 3
3915 8
3916 7
3917 4
3918 8
3919 13
3920 5
3921 22
3922 1
3923 4
3924 6
3925 3
3926 1
3927 8
3928 2
3929 16
3930 13
3931 7
3932 6
3933 7
3934 15
3935 7
3936 1
3937 26
3938 9
3939 1
3940 7
3941 4
3942 10
3943 2
3944 2
3945 8
3946 0
3947 6
3948 7
3949 5
3950 0
3951 3
3952 7
3953 7
3954 19
3955 28
3956 6
3957 6
3958 12
3959 13
3960 0
3961 7
3962 8
3963 5
3964 8
3965 4
3966 3
3967 23
3968 3
3969 9
3970 5
3971 9
3972 5
3973 2
3974 3
3975 0
3976 6
3977 9
3978 5
3979 29
3980 10
3981 21
3982 4
3983 2
3984 9
3985 5
3986 8
3987 1
3988 2
3989 7
3990 0
3991 6
3992 4
3993 19
3994 21
3995 6
3996 2
3997 3
3998 1
3999 2
4000 34
4001 9
4002 11
4003 2
4004 4
4005 5
4006 8
4007 12
4008 2
4009 29
4010 9
4011 5
4012 9
4013 5
4014 4
4015 8
4016 2
4017 7
4018 8
4019 0
4020 2
4021 3
4022 0
4023 34
4024 9
4025 2
4026 7
4027 2
4028 4
4029 6
4030 0
4031 8
4032 2
4033 7
4034 7
4035 6
4036 8
4037 7
4038 1
4039 3
4040 8
4041 2
4042 16
4043 1
4044 5
4045 8
4046 6
4047 0
4048 0
4049 8
4050 2
4051 0
4052 9
4053 17
4054 2
4055 7
4056 9
4057 36
4058 31
4059 2
4060 24
4061 13
4062 0
4063 1
4064 23
4065 11
4066 11
4067 1
4068 2
4069 23
4070 2
4071 3
4072 2
4073 2
4074 21
4075 10
4076 8
4077 1
4078 3
4079 32
4080 29
4081 7
4082 3
4083 4
4084 3
4085 5
4086 1
4087 9
4088 3
4089 1
4090 16
4091 4
4092 7
4093 8
4094 14
4095 6
4096 9
4097 8
4098 0
4099 8
4100 20
4101 12
4102 11
4103 20
4104 6
4105 8
4106 6
4107 4
4108 0
4109 0
4110 22
4111 0
4112 3
4113 1
4114 27
4115 9
4116 31
4117 7
4118 17
4119 1
4120 0
4121 8
4122 14
4123 9
4124 3
4125 23
4126 27
4127 9
4128 8
4129 31
4130 5
4131 7
4132 12
4133 7
4134 29
4135 2
4136 2
4137 22
4138 3
4139 6
4140 29
4141 4
4142 5
4143 7
4144 14
4145 14
4146 5
4147 9
4148 15
4149 0
4150 16
4151 7
4152 8
4153 8
4154 9
4155 1
4156 21
4157 5
4158 5
4159 9
4160 11
4161 7
4162 22
4163 21
4164 5
4165 19
4166 0
4167 12
4168 12
4169 21
4170 4
4171 17
4172 26
4173 5
4174 7
4175 17
4176 0
4177 0
4178 11
4179 4
4180 23
4181 22
4182 19
4183 9
4184 4
4185 14
4186 16
4187 13
4188 0
4189 9
4190 6
4191 27
4192 5
4193 0
4194 12
4195 2
4196 26
4197 3
4198 11
4199 23
4200 25
4201 4
4202 20
4203 0
4204 0
4205 6
4206 30
4207 8
4208 1
4209 22
4210 11
4211 1
4212 19
4213 14
4214 9
4215 17
4216 15
4217 14
4218 8
4219 2
4220 15
4221 14
4222 34
4223 36
4224 17
4225 32
4226 9
4227 25
4228 2
4229 26
4230 0
4231 23
4232 12
4233 4
4234 1
4235 6
4236 34
4237 11
4238 7
4239 16
4240 20
4241 18
4242 6
4243 0
4244 7
4245 14
4246 5
4247 0
4248 26
4249 11
4250 26
4251 15
4252 2
4253 8
4254 4
4255 16
4256 11
4257 5
4258 9
4259 6
4260 14
4261 25
4262 0
4263 30
4264 17
4265 6
4266 5
4267 23
4268 0
4269 7
4270 1
4271 0
4272 5
4273 1
4274 9
4275 17
4276 9
4277 29
4278 0
4279 8
4280 0
4281 25
4282 0
4283 13
4284 23
4285 23
4286 19
4287 13
4288 12
4289 2
4290 0
4291 28
4292 34
4293 13
4294 0
4295 7
4296 0
4297 7
4298 36
4299 30
4300 17
4301 12
4302 2
4303 3
4304 4
4305 2
4306 13
4307 5
4308 6
4309 23
4310 11
4311 30
4312 20
4313 3
4314 15
4315 25
4316 9
4317 8
4318 11
4319 13
4320 28
4321 23
4322 21
4323 20
4324 35
4325 26
4326 15
4327 26
4328 19
4329 9
4330 2
4331 35
4332 4
4333 7
4334 27
4335 9
4336 20
4337 0
4338 23
4339 13
4340 26
4341 9
4342 16
4343 32
4344 7
4345 0
4346 26
4347 16
4348 8
4349 17
4350 15
4351 19
4352 9
4353 7
4354 15
4355 28
4356 19
4357 7
4358 32
4359 24
4360 13
4361 16
4362 10
4363 21
4364 9
4365 1
4366 2
4367 19
4368 26
4369 0
4370 5
4371 1
4372 23
4373 5
4374 16
4375 7
4376 0
4377 19
4378 0
4379 9
4380 26
4381 7
4382 13
4383 16
4384 28
4385 27
4386 21
4387 21
4388 0
4389 36
4390 1
4391 15
4392 5
4393 32
4394 0
4395 7
4396 17
4397 17
4398 13
4399 7
4400 5
4401 0
4402 29
4403 6
4404 31
4405 8
4406 11
4407 14
4408 18
4409 19
4410 9
4411 0
4412 5
4413 3
4414 3
4415 29
4416 7
4417 22
4418 16
4419 5
4420 20
4421 6
4422 21
4423 26
4424 1
4425 28
4426 1
4427 25
4428 7
4429 0
4430 2
4431 1
4432 1
4433 20
4434 3
4435 10
4436 0
4437 10
4438 15
4439 20
4440 6
4441 1
4442 10
4443 23
4444 15
4445 33
4446 19
4447 1
4448 0
4449 24
4450 18
4451 4
4452 0
4453 1
4454 21
4455 8
4456 17
4457 10
4458 23
4459 1
4460 0
4461 24
4462 21
4463 1
4464 0
4465 23
4466 15
4467 19
4468 20
4469 0
4470 23
4471 1
4472 4
4473 21
4474 24
4475 15
4476 24
4477 21
4478 1
4479 24
4480 8
4481 15
4482 5
4483 5
4484 8
4485 0
4486 8
4487 35
4488 8
4489 15
4490 6
4491 4
4492 10
4493 24
4494 26
4495 7
4496 6
4497 18
4498 0
4499 1
4500 15
4501 4
4502 8
4503 9
4504 26
4505 1
4506 10
4507 5
4508 29
4509 5
4510 10
4511 27
4512 8
4513 5
4514 0
4515 24
4516 5
4517 29
4518 5
4519 24
4520 9
4521 5
4522 7
4523 6
4524 20
4525 7
4526 17
4527 10
4528 13
4529 1
4530 9
4531 18
4532 13
4533 8
4534 1
4535 1
4536 4
4537 6
4538 1
4539 15
4540 12
4541 19
4542 18
4543 17
4544 23
4545 9
4546 16
4547 22
4548 20
4549 14
4550 1
4551 35
4552 16
4553 1
4554 29
4555 28
4556 1
4557 10
4558 10
4559 7
4560 10
4561 1
4562 7
4563 15
4564 19
4565 14
4566 2
4567 23
4568 18
4569 10
4570 21
4571 2
4572 9
4573 15
4574 0
4575 2
4576 0
4577 9
4578 1
4579 24
4580 14
4581 10
4582 2
4583 6
4584 8
4585 1
4586 12
4587 24
4588 15
4589 26
4590 12
4591 8
4592 19
4593 22
4594 1
4595 12
4596 5
4597 17
4598 28
4599 0
4600 10
4601 0
4602 9
4603 30
4604 1
4605 28
4606 22
4607 29
4608 12
4609 6
4610 18
4611 18
4612 0
4613 1
4614 16
4615 20
4616 2
4617 5
4618 22
4619 20
4620 1
4621 11
4622 32
4623 10
4624 17
4625 1
4626 27
4627 16
4628 10
4629 0
4630 21
4631 14
4632 2
4633 9
4634 1
4635 14
4636 1
4637 13
4638 0
4639 0
4640 20
4641 31
4642 0
4643 10
4644 1
4645 5
4646 20
4647 7
4648 1
4649 12
4650 2
4651 3
4652 14
4653 3
4654 2
4655 3
4656 0
4657 0
4658 3
4659 2
4660 1
4661 3
4662 5
4663 2
4664 5
4665 1
4666 1
4667 3
4668 19
4669 24
4670 2
4671 0
4672 1
4673 19
4674 20
4675 3
4676 7
4677 0
4678 9
4679 1
4680 5
4681 1
4682 7
4683 9
4684 5
4685 14
4686 9
4687 9
4688 5
4689 19
4690 9
4691 1
4692 34
4693 3
4694 8
4695 31
4696 10
4697 1
4698 3
4699 35
4700 10
4701 25
4702 14
4703 3
4704 1
4705 18
4706 3
4707 18
4708 9
4709 24
4710 1
4711 2
4712 2
4713 3
4714 15
4715 36
4716 29
4717 24
4718 30
4719 1
4720 18
4721 9
4722 11
4723 14
4724 8
4725 2
4726 10
4727 10
4728 2
4729 10
4730 20
4731 12
4732 6
4733 14
4734 20
4735 0
4736 35
4737 20
4738 12
4739 18
4740 3
4741 22
4742 0
4743 3
4744 10
4745 0
4746 3
4747 7
4748 9
4749 1
4750 9
4751 25
4752 15
4753 12
4754 9
4755 1
4756 22
4757 4
4758 6
4759 0
4760 2
4761 9
4762 1
4763 27
4764 3
4765 1
4766 11
4767 2
4768 2
4769 10
4770 1
4771 1
4772 0
4773 22
4774 2
4775 33
4776 3
4777 6
4778 1
4779 27
4780 18
4781 22
4782 2
4783 9
4784 13
4785 2
4786 9
4787 0
4788 3
4789 15
4790 10
4791 5
4792 33
4793 2
4794 0
4795 1
4796 13
4797 10
4798 0
4799 2
4800 2
4801 7
4802 2
4803 2
4804 28
4805 19
4806 4
4807 32
4808 6
4809 31
4810 13
4811 3
4812 23
4813 9
4814 25
4815 1
4816 3
4817 3
4818 33
4819 4
4820 4
4821 10
4822 4
4823 2
4824 9
4825 13
4826 24
4827 0
4828 0
4829 7
4830 18
4831 4
4832 0
4833 2
4834 30
4835 2
4836 1
4837 18
4838 12
4839 13
4840 14
4841 0
4842 4
4843 18
4844 6
4845 5
4846 1
4847 0
4848 3
4849 5
4850 2
4851 2
4852 9
4853 2
4854 4
4855 23
4856 3
4857 10
4858 3
4859 6
4860 2
4861 1
4862 0
4863 0
4864 10
4865 1
4866 4
4867 4
4868 2
4869 25
4870 20
4871 2
4872 2
4873 2
4874 7
4875 4
4876 2
4877 21
4878 2
4879 11
4880 10
4881 1
4882 3
4883 4
4884 17
4885 28
4886 34
4887 18
4888 0
4889 2
4890 4
4891 15
4892 9
4893 1
4894 2
4895 15
4896 3
4897 3
4898 13
4899 1
4900 1
4901 19
4902 3
4903 13
4904 7
4905 0
4906 14
4907 8
4908 11
4909 3
4910 0
4911 1
4912 1
4913 2
4914 15
4915 12
4916 1
4917 3
4918 2
4919 4
4920 10
4921 21
4922 3
4923 1
4924 6
4925 0
4926 3
4927 6
4928 2
4929 14
4930 18
4931 2
4932 1
4933 11
4934 3
4935 6
4936 2
4937 4
4938 4
4939 12
4940 14
4941 12
4942 1
4943 21
4944 3
4945 16
4946 2
4947 1
4948 1
4949 16
4950 2
4951 2
4952 32
4953 0
4954 3
4955 24
4956 14
4957 3
4958 21
4959 8
4960 4
4961 4
4962 1
4963 1
4964 1
4965 26
4966 11
4967 11
4968 10
4969 0
4970 4
4971 12
4972 11
4973 12
4974 16
4975 15
4976 16
4977 16
4978 19
4979 16
4980 4
4981 0
4982 26
4983 0
4984 30
4985 0
4986 6
4987 26
4988 0
4989 4
4990 25
4991 0
4992 29
4993 2
4994 0
4995 10
4996 16
4997 2
4998 3
4999 3
5000 4
5001 4
5002 0
5003 10
5004 20
5005 24
5006 7
5007 3
5008 34
5009 2
5010 28
5011 8
5012 11
5013 3
5014 10
5015 3
5016 19
5017 12
5018 2
5019 2
5020 33
5021 0
5022 11
5023 1
5024 1
5025 10
5026 2
5027 3
5028 1
5029 4
5030 2
5031 25
5032 10
5033 30
5034 2
5035 0
5036 12
5037 10
5038 31
5039 10
5040 7
5041 1
5042 12
5043 5
5044 24
5045 35
5046 0
5047 20
5048 24
5049 11
5050 8
5051 2
5052 3
5053 0
5054 24
5055 18
5056 2
5057 1
5058 11
5059 4
5060 2
5061 17
5062 1
5063 1
5064 26
5065 7
5066 29
5067 14
5068 1
5069 4
5070 2
5071 14
5072 7
5073 14
5074 1
5075 2
5076 1
5077 9
5078 2
5079 2
5080 7
5081 0
5082 2
5083 22
5084 1
5085 2
5086 2
5087 15
5088 14
5089 5
5090 17
5091 33
5092 3
5093 6
5094 24
5095 27
5096 2
5097 14
5098 3
5099 0
5100 6
5101 4
5102 16
5103 21
5104 17
5105 25
5106 26
5107 4
5108 12
5109 2
5110 25
5111 27
5112 12
5113 17
5114 9
5115 1
5116 9
5117 4
5118 27
5119 22
5120 26
5121 19
5122 4
5123 4
5124 3
5125 12
5126 3
5127 6
5128 16
5129 1
5130 33
5131 17
5132 31
5133 16
5134 9
5135 4
5136 31
5137 34
5138 15
5139 3
5140 11
5141 1
5142 4
5143 9
5144 2
5145 1
5146 10
5147 4
5148 17
5149 7
5150 3
5151 2
5152 11
5153 8
5154 2
5155 1
5156 4
5157 1
5158 18
5159 23
5160 8
5161 2
5162 4
5163 27
5164 2
5165 4
5166 15
5167 21
5168 15
5169 1
5170 4
5171 2
5172 0
5173 0
5174 8
5175 2
5176 21
5177 0
5178 2
5179 1
5180 36
5181 0
5182 17
5183 9
5184 4
5185 32
5186 15
5187 1
5188 0
5189 29
5190 4
5191 0
5192 3
5193 34
5194 3
5195 1
5196 29
5197 17
5198 4
5199 4
5200 3
5201 5
5202 0
5203 27
5204 23
5205 17
5206 17
5207 3
5208 2
5209 4
5210 0
5211 25
5212 16
5213 3
5214 26
5215 2
5216 25
5217 0
5218 9
5219 5
5220 5
5221 4
5222 16
5223 24
5224 5
5225 1
5226 11
5227 27
5228 0
5229 2
5230 23
5231 2
5232 3
5233 0
5234 2
5235 2
5236 1
5237 3
5238 11
5239 11
5240 3
5241 17
5242 10
5243 23
5244 3
5245 2
5246 4
5247 3
5248 4
5249 21
5250 20
5251 5
5252 3
5253 5
5254 0
5255 14
5256 1
5257 8
5258 4
5259 8
5260 18
5261 16
5262 5
5263 2
5264 10
5265 11
5266 1
5267 5
5268 4
5269 16
5270 30
5271 4
5272 13
5273 23
5274 2
5275 19
5276 17
5277 1
5278 16
5279 7
5280 28
5281 2
5282 2
5283 1
5284 0
5285 1
5286 0
5287 7
5288 2
5289 28
5290 0
5291 3
5292 5
5293 15
5294 2
5295 0
5296 18
5297 7
5298 4
5299 24
5300 0
5301 19
5302 14
5303 9
5304 2
5305 25
5306 16
5307 5
5308 10
5309 1
5310 29
5311 5
5312 23
5313 5
5314 4
5315 28
5316 1
5317 13
5318 4
5319 4
5320 10
5321 2
5322 4
5323 9
5324 24
5325 2
5326 1
5327 21
5328 4
5329 3
5330 2
5331 8
5332 4
5333 19
5334 3
5335 11
5336 1
5337 19
5338 3
5339 17
5340 2
5341 4
5342 5
5343 5
5344 5
5345 2
5346 21
5347 4
5348 8
5349 1
5350 21
5351 5
5352 5
5353 21
5354 8
5355 12
5356 0
5357 4
5358 4
5359 4
5360 4
5361 0
5362 24
5363 2
5364 29
5365 20
5366 5
5367 21
5368 2
5369 2
5370 17
5371 5
5372 30
5373 3
5374 15
5375 30
5376 0
5377 25
5378 4
5379 0
5380 13
5381 0
5382 1
5383 4
5384 9
5385 20
5386 8
5387 2
5388 6
5389 6
5390 17
5391 5
5392 2
5393 6
5394 5
5395 27
5396 20
5397 27
5398 0
5399 10
5400 1
5401 5
5402 16
5403 13
5404 26
5405 3
5406 1
5407 10
5408 27
5409 5
5410 5
5411 5
5412 1
5413 16
5414 17
5415 2
5416 23
5417 4
5418 5
5419 17
5420 8
5421 29
5422 31
5423 15
5424 5
5425 25
5426 5
5427 7
5428 2
5429 0
5430 5
5431 2
5432 2
5433 16
5434 5
5435 3
5436 3
5437 2
5438 2
5439 0
5440 11
5441 0
5442 4
5443 4
5444 2
5445 0
5446 5
5447 26
5448 0
5449 6
5450 14
5451 4
5452 3
5453 1
5454 0
5455 4
5456 1
5457 0
5458 0
5459 20
5460 13
5461 23
5462 5
5463 0
5464 0
5465 3
5466 15
5467 28
5468 3
5469 6
5470 3
5471 2
5472 6
5473 3
5474 17
5475 14
5476 2
5477 4
5478 6
5479 0
5480 5
5481 1
5482 4
5483 6
5484 1
5485 5
5486 8
5487 6
5488 0
5489 6
5490 3
5491 20
5492 15
5493 1
5494 7
5495 3
5496 0
5497 0
5498 0
5499 30
5500 1
5501 6
5502 9
5503 5
5504 5
5505 25
5506 6
5507 2
5508 24
5509 1
5510 0
5511 2
5512 3
5513 17
5514 6
5515 19
5516 2
5517 6
5518 5
5519 5
5520 1
5521 29
5522 10
5523 0
5524 1
5525 2
5526 3
5527 23
5528 6
5529 1
5530 20
5531 33
5532 3
5533 2
5534 0
5535 0
5536 18
5537 23
5538 18
5539 31
5540 20
5541 4
5542 4
5543 1
5544 2
5545 0
5546 18
5547 21
5548 9
5549 6
5550 14
5551 4
5552 1
5553 5
5554 6
5555 3
5556 0
5557 6
5558 18
5559 36
5560 4
5561 1
5562 3
5563 3
5564 4
5565 6
5566 16
5567 2
5568 1
5569 4
5570 6
5571 4
5572 14
5573 5
5574 0
5575 1
5576 22
5577 3
5578 5
5579 2
5580 4
5581 2
5582 30
5583 19
5584 5
5585 6
5586 0
5587 14
5588 2
5589 13
5590 29
5591 20
5592 2
5593 4
5594 5
5595 30
5596 3
5597 18
5598 14
5599 2
5600 1
5601 1
5602 22
5603 21
5604 1
5605 7
5606 4
5607 2
5608 6
5609 3
5610 1
5611 8
5612 8
5613 20
5614 8
5615 4
5616 7
5617 15
5618 8
5619 0
5620 4
5621 16
5622 23
5623 4
5624 6
5625 0
5626 3
5627 3
5628 0
5629 7
5630 7
5631 3
5632 6
5633 31
5634 23
5635 6
5636 4
5637 12
5638 14
5639 2
5640 5
5641 30
5642 0
5643 16
5644 0
5645 23
5646 25
5647 4
5648 0
5649 6
5650 3
5651 2
5652 8
5653 17
5654 1
5655 7
5656 0
5657 5
5658 2
5659 4
5660 0
5661 4
5662 8
5663 34
5664 2
5665 8
5666 2
5667 3
5668 5
5669 6
5670 7
5671 1
5672 0
5673 14
5674 13
5675 31
5676 8
5677 2
5678 8
5679 1
5680 4
5681 8
5682 20
5683 7
5684 7
5685 2
5686 6
5687 25
5688 8
5689 22
5690 3
5691 1
5692 6
5693 31
5694 4
5695 7
5696 5
5697 1
5698 6
5699 4
5700 12
5701 7
5702 2
5703 3
5704 18
5705 5
5706 18
5707 3
5708 2
5709 8
5710 14
5711 6
5712 9
5713 10
5714 12
5715 4
5716 0
5717 25
5718 1
5719 10
5720 0
5721 0
5722 8
5723 4
5724 8
5725 2
5726 15
5727 1
5728 5
5729 1
5730 4
5731 5
5732 7
5733 8
5734 3
5735 3
5736 0
5737 8
5738 8
5739 8
5740 6
5741 4
5742 19
5743 3
5744 22
5745 22
5746 22
5747 3
5748 4
5749 16
5750 29
5751 10
5752 7
5753 0
5754 6
5755 2
5756 14
5757 5
5758 4
5759 1
5760 8
5761 3
5762 3
5763 4
5764 5
5765 3
5766 5
5767 5
5768 12
5769 3
5770 34
5771 5
5772 8
5773 3
5774 2
5775 6
5776 8
5777 34
5778 6
5779 3
5780 1
5781 4
5782 5
5783 8
5784 10
5785 2
5786 35
5787 2
5788 8
5789 5
5790 6
5791 0
5792 0
5793 5
5794 4
5795 5
5796 6
5797 1
5798 5
5799 7
5800 5
5801 2
5802 7
5803 7
5804 5
5805 4
5806 8
5807 3
5808 3
5809 1
5810 6
5811 2
5812 16
5813 7
5814 8
5815 6
5816 7
5817 6
5818 1
5819 6
5820 7
5821 2
5822 25
5823 8
5824 7
5825 24
5826 31
5827 2
5828 4
5829 3
5830 7
5831 6
5832 3
5833 1
5834 7
5835 6
5836 1
5837 9
5838 5
5839 22
5840 12
5841 11
5842 14
5843 14
5844 22
5845 2
5846 6
5847 14
5848 4
5849 13
5850 15
5851 14
5852 2
5853 8
5854 0
5855 22
5856 2
5857 3
5858 6
5859 9
5860 5
5861 2
5862 4
5863 9
5864 9
5865 8
5866 4
5867 9
5868 8
5869 9
5870 8
5871 5
5872 1
5873 8
5874 20
5875 6
5876 9
5877 6
5878 11
5879 2
5880 18
5881 5
5882 7
5883 3
5884 9
5885 9
5886 5
5887 23
5888 2
5889 1
5890 36
5891 6
5892 8
5893 21
5894 6
5895 13
5896 4
5897 6
5898 18
5899 24
5900 1
5901 7
5902 3
5903 5
5904 11
5905 8
5906 3
5907 5
5908 5
5909 5
5910 12
5911 8
5912 9
5913 1
5914 3
5915 32
5916 9
5917 9
5918 1
5919 3
5920 2
5921 5
5922 20
5923 6
5924 4
5925 9
5926 4
5927 4
5928 4
5929 3
5930 4
5931 8
5932 14
5933 8
5934 0
5935 2
5936 6
5937 2
5938 0
5939 9
5940 9
5941 1
5942 7
5943 6
5944 9
5945 4
5946 7
5947 13
5948 8
5949 3
5950 8
5951 4
5952 9
5953 5
5954 15
5955 5
5956 0
5957 2
5958 5
5959 9
5960 33
5961 16
5962 4
5963 3
5964 10
5965 9
5966 3
5967 15
5968 1
5969 4
5970 22
5971 9
5972 0
5973 4
5974 4
5975 8
5976 4
5977 1
5978 7
5979 6
5980 27
5981 21
5982 8
5983 6
5984 9
5985 3
5986 4
5987 2
5988 6
5989 11
5990 2
5991 1
5992 8
5993 6
5994 1
5995 0
5996 1
5997 5
5998 26
5999 1
6000 0
6001 6
6002 24
6003 4
6004 4
6005 26
6006 3
6007 4
6008 2
6009 28
6010 20
6011 5
6012 8
6013 3
6014 6
6015 7
6016 31
6017 11
6018 3
6019 6
6020 7
6021 8
6022 4
6023 7
6024 8
6025 7
6026 3
6027 31
6028 7
6029 7
6030 7
6031 7
6032 3
6033 2
6034 2
6035 5
6036 12
6037 1
6038 16
6039 4
6040 5
6041 1
6042 4
6043 0
6044 29
6045 3
6046 26
6047 5
6048 8
6049 2
6050 5
6051 35
6052 13
6053 2
6054 8
6055 10
6056 7
6057 8
6058 9
6059 34
6060 7
6061 18
6062 7
6063 0
6064 9
6065 9
6066 29
6067 2
6068 29
6069 2
6070 5
6071 0
6072 26
6073 1
6074 8
6075 1
6076 3
6077 4
6078 8
6079 4
6080 7
6081 13
6082 2
6083 4
6084 19
6085 5
6086 6
6087 4
6088 3
6089 8
6090 30
6091 18
6092 2
6093 34
6094 2
6095 17
6096 5
6097 4
6098 7
6099 4
6100 2
6101 4
6102 3
6103 23
6104 4
6105 5
6106 5
6107 4
6108 0
6109 8
6110 16
6111 3
6112 5
6113 16
6114 2
6115 9
6116 3
6117 16
6118 4
6119 9
6120 18
6121 32
6122 7
6123 0
6124 0
6125 9
6126 0
6127 4
6128 5
6129 3
6130 8
6131 8
6132 5
6133 7
6134 26
6135 16
6136 4
6137 9
6138 8
6139 5
6140 4
6141 2
6142 8
6143 4
6144 15
6145 17
6146 15
6147 0
6148 4
6149 27
6150 18
6151 17
6152 1
6153 1
6154 6
6155 3
6156 7
6157 6
6158 32
6159 7
6160 16
6161 8
6162 16
6163 22
6164 7
6165 0
6166 7
6167 25
6168 9
6169 16
6170 8
6171 11
6172 27
6173 8
6174 0
6175 0
6176 12
6177 8
6178 31
6179 0
6180 15
6181 4
6182 16
6183 2
6184 31
6185 8
6186 2
6187 7
6188 0
6189 9
6190 1
6191 31
6192 3
6193 5
6194 5
6195 30
6196 0
6197 5
6198 11
6199 29
6200 3
6201 2
6202 0
6203 9
6204 6
6205 21
6206 0
6207 26
6208 7
6209 6
6210 8
6211 24
6212 33
6213 7
6214 18
6215 4
6216 19
6217 8
6218 17
6219 4
6220 16
6221 14
6222 19
6223 2
6224 5
6225 29
6226 7
6227 9
6228 7
6229 5
6230 15
6231 19
6232 5
6233 15
6234 29
6235 9
6236 6
6237 0
6238 16
6239 0
6240 8
6241 5
6242 24
6243 13
6244 26
6245 9
6246 9
6247 8
6248 15
6249 32
6250 27
6251 3
6252 4
6253 5
6254 21
6255 4
6256 17
6257 19
6258 24
6259 25
6260 0
6261 3
6262 16
6263 33
6264 4
6265 6
6266 4
6267 20
6268 5
6269 9
6270 9
6271 11
6272 7
6273 36
6274 25
6275 0
6276 9
6277 11
6278 7
6279 6
6280 28
6281 3
6282 6
6283 8
6284 9
6285 0
6286 9
6287 27
6288 27
6289 0
6290 19
6291 10
6292 7
6293 4
6294 0
6295 19
6296 4
6297 10
6298 27
6299 9
6300 13
6301 23
6302 1
6303 26
6304 0
6305 0
6306 0
6307 35
6308 4
6309 19
6310 8
6311 27
6312 34
6313 8
6314 12
6315 9
6316 7
6317 35
6318 7
6319 13
6320 0
6321 0
6322 7
6323 8
6324 19
6325 17
6326 0
6327 2
6328 7
6329 9
6330 14
6331 5
6332 13
6333 15
6334 11
6335 7
6336 26
6337 9
6338 11
6339 11
6340 8
6341 8
6342 13
6343 19
6344 33
6345 6
6346 26
6347 19
6348 8
6349 32
6350 13
6351 34
6352 7
6353 13
6354 2
6355 8
6356 8
6357 9
6358 8
6359 19
6360 2
6361 7
6362 5
6363 8
6364 9
6365 9
6366 9
6367 6
6368 0
6369 9
6370 17
6371 21
6372 15
6373 17
6374 7
6375 4
6376 14
6377 0
6378 30
6379 11
6380 0
6381 9
6382 19
6383 4
6384 5
6385 5
6386 7
6387 0
6388 9
6389 2
6390 27
6391 17
6392 9
6393 9
6394 27
6395 27
6396 8
6397 4
6398 20
6399 3
6400 17
6401 0
6402 19
6403 24
6404 0
6405 2
6406 13
6407 7
6408 14
6409 16
6410 6
6411 20
6412 15
6413 7
6414 19
6415 0
6416 14
6417 20
6418 4
6419 0
6420 9
6421 0
6422 23
6423 27
6424 24
6425 24
6426 20
6427 19
6428 14
6429 2
6430 0
6431 2
6432 1
6433 0
6434 23
6435 14
6436 13
6437 8
6438 32
6439 6
6440 11
6441 2
6442 13
6443 35
6444 30
6445 36
6446 6
6447 23
6448 5
6449 27
6450 6
6451 36
6452 13
6453 13
6454 9
6455 28
6456 9
6457 0
6458 7
6459 30
6460 26
6461 0
6462 0
6463 20
6464 12
6465 34
6466 4
6467 20
6468 24
6469 28
6470 23
6471 9
6472 7
6473 21
6474 10
6475 8
6476 23
6477 7
6478 1
6479 24
6480 8
6481 33
6482 1
6483 7
6484 9
6485 1
6486 0
6487 18
6488 16
6489 16
6490 6
6491 9
6492 5
6493 7
6494 9
6495 8
6496 0
6497 9
6498 6
6499 20
6500 1
6501 6
6502 3
6503 4
6504 8
6505 0
6506 7
6507 10
6508 2
6509 5
6510 33
6511 35
6512 10
6513 31
6514 14
6515 5
6516 21
6517 1
6518 20
6519 5
6520 36
6521 7
6522 31
6523 9
6524 21
6525 21
6526 1
6527 9
6528 26
6529 24
6530 4
6531 7
6532 0
6533 1
6534 7
6535 6
6536 19
6537 36
6538 23
6539 5
6540 30
6541 5
6542 1
6543 5
6544 21
6545 20
6546 13
6547 30
6548 10
6549 18
6550 1
6551 18
6552 10
6553 7
6554 31
6555 28
6556 30
6557 3
6558 31
6559 28
6560 8
6561 15
6562 10
6563 1
6564 5
6565 19
6566 8
6567 7
6568 22
6569 2
6570 17
6571 9
6572 24
6573 22
6574 0
6575 0
6576 35
6577 4
6578 17
6579 20
6580 19
6581 35
6582 18
6583 0
6584 21
6585 30
6586 7
6587 9
6588 20
6589 24
6590 26
6591 14
6592 29
6593 2
6594 1
6595 28
6596 10
6597 14
6598 31
6599 33
6600 26
6601 1
6602 0
6603 19
6604 7
6605 2
6606 15
6607 9
6608 2
6609 10
6610 1
6611 4
6612 1
6613 10
6614 1
6615 2
6616 1
6617 1
6618 10
6619 1
6620 15
6621 11
6622 13
6623 1
6624 0
6625 15
6626 9
6627 0
6628 7
6629 32
6630 20
6631 4
6632 0
6633 16
6634 26
6635 34
6636 31
6637 1
6638 13
6639 1
6640 2
6641 10
6642 10
6643 12
6644 4
6645 10
6646 35
6647 17
6648 1
6649 35
6650 0
6651 17
6652 1
6653 21
6654 23
6655 0
6656 14
6657 2
6658 19
6659 1
6660 22
6661 1
6662 0
6663 1
6664 2
6665 2
6666 3
6667 25
6668 17
6669 3
6670 23
6671 12
6672 15
6673 18
6674 0
6675 1
6676 3
6677 3
6678 14
6679 18
6680 27
6681 2
6682 10
6683 14
6684 18
6685 13
6686 10
6687 18
6688 7
6689 27
6690 3
6691 22
6692 9
6693 1
6694 1
6695 13
6696 25
6697 1
6698 3
6699 10
6700 6
6701 1
6702 1
6703 7
6704 0
6705 5
6706 3
6707 6
6708 12
6709 0
6710 18
6711 1
6712 2
6713 18
6714 0
6715 15
6716 3
6717 17
6718 7
6719 11
6720 10
6721 24
6722 3
6723 12
6724 1
6725 3
6726 2
6727 11
6728 7
6729 29
6730 1
6731 7
6732 9
6733 2
6734 3
6735 7
6736 7
6737 1
6738 28
6739 22
6740 8
6741 3
6742 0
6743 1
6744 17
6745 12
6746 14
6747 3
6748 10
6749 21
6750 10
6751 0
6752 12
6753 10
6754 7
6755 0
6756 12
6757 10
6758 1
6759 2
6760 4
6761 8
6762 6
6763 12
6764 9
6765 14
6766 2
6767 14
6768 14
6769 33
6770 0
6771 1
6772 20
6773 1
6774 2
6775 9
6776 10
6777 7
6778 2
6779 3
6780 29
6781 20
6782 1
6783 3
6784 12
6785 14
6786 32
6787 0
6788 1
6789 1
6790 0
6791 24
6792 3
6793 2
6794 2
6795 6
6796 7
6797 22
6798 19
6799 27
6800 7
6801 6
6802 0
6803 27
6804 7
6805 21
6806 20
6807 7
6808 27
6809 2
6810 10
6811 3
6812 14
6813 24
6814 12
6815 0
6816 1
6817 2
6818 10
6819 18
6820 12
6821 8
6822 22
6823 3
6824 8
6825 1
6826 8
6827 1
6828 13
6829 2
6830 23
6831 10
6832 6
6833 2
6834 24
6835 1
6836 3
6837 0
6838 10
6839 2
6840 31
6841 1
6842 3
6843 1
6844 15
6845 5
6846 9
6847 13
6848 1
6849 4
6850 1
6851 20
6852 0
6853 1
6854 8
6855 3
6856 12
6857 18
6858 8
6859 7
6860 29
6861 4
6862 10
6863 12
6864 0
6865 3
6866 1
6867 21
6868 1
6869 10
6870 25
6871 2
6872 8
6873 29
6874 0
6875 14
6876 1
6877 30
6878 17
6879 4
6880 4
6881 18
6882 2
6883 3
6884 2
6885 0
6886 2
6887 4
6888 3
6889 6
6890 4
6891 1
6892 0
6893 8
6894 7
6895 10
6896 3
6897 20
6898 3
6899 4
6900 29
6901 1
6902 1
6903 2
6904 2
6905 23
6906 30
6907 1
6908 4
6909 2
6910 4
6911 3
6912 2
6913 9
6914 34
6915 1
6916 4
6917 3
6918 2
6919 0
6920 12
6921 3
6922 4
6923 6
6924 4
6925 2
6926 24
6927 4
6928 22
6929 8
6930 12
6931 3
6932 2
6933 2
6934 0
6935 0
6936 14
6937 2
6938 11
6939 31
6940 1
6941 2
6942 1
6943 13
6944 4
6945 19
6946 4
6947 9
6948 9
6949 14
6950 25
6951 10
6952 0
6953 0
6954 21
6955 3
6956 0
6957 32
6958 28
6959 5
6960 0
6961 2
6962 1
6963 3
6964 4
6965 4
6966 13
6967 2
6968 0
6969 1
6970 11
6971 1
6972 20
6973 24
6974 0
6975 4
6976 9
6977 0
6978 19
6979 11
6980 0
6981 1
6982 4
6983 0
6984 8
6985 12
6986 1
6987 2
6988 2
6989 21
6990 0
6991 1
6992 22
6993 35
6994 13
6995 7
6996 2
6997 1
6998 13
6999 36
7000 9
7001 15
7002 6
7003 1
7004 2
7005 1
7006 10
7007 1
7008 1
7009 3
7010 12
7011 21
7012 7
7013 27
7014 7
7015 1
7016 1
7017 10
7018 10
7019 22
7020 10
7021 0
7022 33
7023 3
7024 2
7025 3
7026 2
7027 0
7028 7
7029 1
7030 0
7031 16
7032 2
7033 11
7034 14
7035 9
7036 1
7037 10
7038 28
7039 11
7040 3
7041 0
7042 4
7043 0
7044 13
7045 14
7046 10
7047 8
7048 21
7049 12
7050 16
7051 13
7052 2
7053 11
7054 4
7055 4
7056 7
7057 3
7058 1
7059 7
7060 4
7061 16
7062 0
7063 30
7064 0
7065 4
7066 1
7067 3
7068 34
7069 4
7070 4
7071 7
7072 4
7073 3
7074 1
7075 4
7076 0
7077 14
7078 0
7079 4
7080 8
7081 1
7082 1
7083 24
7084 1
7085 13
7086 4
7087 21
7088 4
7089 0
7090 18
7091 24
7092 1
7093 19
7094 13
7095 17
7096 11
7097 0
7098 0
7099 14
7100 2
7101 7
7102 13
7103 4
7104 4
7105 11
7106 4
7107 1
7108 28
7109 3
7110 0
7111 0
7112 4
7113 12
7114 3
7115 27
7116 21
7117 1
7118 17
7119 17
7120 1
7121 2
7122 0
7123 4
7124 4
7125 9
7126 3
7127 9
7128 2
7129 7
7130 3
7131 1
7132 26
7133 2
7134 35
7135 12
7136 18
7137 0
7138 18
7139 1
7140 2
7141 3
7142 17
7143 9
7144 3
7145 3
7146 5
7147 2
7148 0
7149 25
7150 2
7151 3
7152 32
7153 1
7154 4
7155 9
7156 6
7157 3
7158 28
7159 0
7160 2
7161 24
7162 26
7163 0
7164 11
7165 2
7166 0
7167 3
7168 0
7169 20
7170 1
7171 0
7172 1
7173 2
7174 3
7175 25
7176 12
7177 3
7178 3
7179 8
7180 4
7181 1
7182 1
7183 16
7184 0
7185 17
7186 3
7187 3
7188 1
7189 3
7190 1
7191 4
7192 0
7193 2
7194 25
7195 3
7196 9
7197 13
7198 2
7199 11
7200 16
7201 3
7202 15
7203 2
7204 27
7205 4
7206 8
7207 4
7208 3
7209 29
7210 3
7211 0
7212 32
7213 3
7214 3
7215 21
7216 1
7217 0
7218 3
7219 3
7220 9
7221 3
7222 1
7223 28
7224 8
7225 11
7226 12
7227 13
7228 1
7229 12
7230 4
7231 2
7232 0
7233 10
7234 6
7235 36
7236 11
7237 18
7238 16
7239 4
7240 9
7241 29
7242 5
7243 5
7244 5
7245 1
7246 12
7247 3
7248 2
7249 9
7250 0
7251 28
7252 2
7253 0
7254 5
7255 3
7256 2
7257 22
7258 0
7259 8
7260 2
7261 4
7262 3
7263 24
7264 3
7265 22
7266 4
7267 2
7268 10
7269 0
7270 9
7271 2
7272 5
7273 4
7274 31
7275 5
7276 4
7277 4
7278 4
7279 0
7280 25
7281 5
7282 0
7283 23
7284 3
7285 14
7286 5
7287 30
7288 0
7289 12
7290 11
7291 17
7292 5
7293 4
7294 2
7295 5
7296 2
7297 9
7298 34
7299 22
7300 15
7301 5
7302 16
7303 3
7304 23
7305 0
7306 23
7307 3
7308 30
7309 7
7310 4
7311 10
7312 1
7313 16
7314 11
7315 21
7316 2
7317 25
7318 30
7319 5
7320 7
7321 1
7322 12
7323 5
7324 35
7325 11
7326 2
7327 30
7328 1
7329 23
7330 1
7331 5
7332 10
7333 23
7334 4
7335 5
7336 0
7337 5
7338 2
7339 14
7340 3
7341 2
7342 4
7343 10
7344 2
7345 7
7346 30
7347 1
7348 0
7349 9
7350 3
7351 1
7352 25
7353 1
7354 25
7355 7
7356 4
7357 0
7358 25
7359 24
7360 30
7361 14
7362 1
7363 16
7364 15
7365 5
7366 0
7367 1
7368 19
7369 3
7370 13
7371 9
7372 31
7373 4
7374 16
7375 3
7376 3
7377 0
7378 9
7379 2
7380 14
7381 1
7382 2
7383 33
7384 1
7385 2
7386 2
7387 2
7388 4
7389 11
7390 20
7391 28
7392 15
7393 28
7394 0
7395 0
7396 28
7397 0
7398 33
7399 0
7400 2
7401 0
7402 19
7403 33
7404 19
7405 5
7406 24
7407 14
7408 23
7409 4
7410 2
7411 23
7412 3
7413 32
7414 2
7415 4
7416 4
7417 36
7418 1
7419 1
7420 2
7421 15
7422 16
7423 1
7424 3
7425 8
7426 20
7427 24
7428 21
7429 5
7430 3
7431 28
7432 19
7433 2
7434 2
7435 5
7436 11
7437 3
7438 9
7439 6
7440 5
7441 5
7442 30
7443 7
7444 3
7445 6
7446 0
7447 2
7448 17
7449 1
7450 32
7451 1
7452 6
7453 5
7454 2
7455 11
7456 6
7457 6
7458 2
7459 15
7460 6
7461 6
7462 3
7463 1
7464 3
7465 5
7466 6
7467 3
7468 3
7469 9
7470 2
7471 6
7472 9
7473 3
7474 6
7475 1
7476 3
7477 4
7478 4
7479 15
7480 35
7481 26
7482 0
7483 16
7484 13
7485 2
7486 7
7487 3
7488 6
7489 6
7490 4
7491 2
7492 20
7493 20
7494 3
7495 4
7496 3
7497 3
7498 23
7499 5
7500 6
7501 2
7502 18
7503 26
7504 1
7505 3
7506 2
7507 1
7508 5
7509 4
7510 0
7511 4
7512 4
7513 9
7514 27
7515 1
7516 2
7517 19
7518 1
7519 20
7520 12
7521 1
7522 1
7523 34
7524 6
7525 4
7526 24
7527 13
7528 6
7529 4
7530 1
7531 6
7532 3
7533 5
7534 24
7535 9
7536 16
7537 5
7538 6
7539 19
7540 4
7541 4
7542 4
7543 3
7544 1
7545 21
7546 5
7547 1
7548 10
7549 1
7550 6
7551 16
7552 9
7553 6
7554 4
7555 1
7556 10
7557 34
7558 4
7559 4
7560 23
7561 1
7562 6
7563 6
7564 30
7565 3
7566 5
7567 14
7568 3
7569 0
7570 20
7571 0
7572 15
7573 0
7574 2
7575 4
7576 21
7577 9
7578 2
7579 4
7580 29
7581 3
7582 16
7583 6
7584 9
7585 6
7586 23
7587 22
7588 3
7589 7
7590 4
7591 26
7592 3
7593 5
7594 11
7595 21
7596 26
7597 2
7598 24
7599 19
7600 29
7601 6
7602 5
7603 4
7604 5
7605 5
7606 20
7607 1
7608 8
7609 5
7610 4
7611 0
7612 0
7613 10
7614 6
7615 2
7616 24
7617 15
7618 31
7619 4
7620 29
7621 4
7622 19
7623 22
7624 3
7625 0
7626 28
7627 26
7628 35
7629 1
7630 6
7631 18
7632 4
7633 1
7634 25
7635 0
7636 33
7637 6
7638 4
7639 6
7640 2
7641 3
7642 14
7643 5
7644 4
7645 0
7646 34
7647 1
7648 2
7649 4
7650 1
7651 18
7652 4
7653 3
7654 23
7655 10
7656 1
7657 7
7658 3
7659 0
7660 5
7661 32
7662 7
7663 6
7664 2
7665 0
7666 17
7667 3
7668 1
7669 8
7670 6
7671 2
7672 6
7673 28
7674 0
7675 4
7676 4
7677 3
7678 5
7679 20
7680 12
7681 8
7682 3
7683 4
7684 6
7685 3
7686 1
7687 22
7688 1
7689 2
7690 2
7691 20
7692 8
7693 6
7694 0
7695 18
7696 2
7697 2
7698 3
7699 25
7700 3
7701 3
7702 3
7703 27
7704 5
7705 8
7706 1
7707 34
7708 2
7709 6
7710 2
7711 1
7712 6
7713 21
7714 0
7715 7
7716 0
7717 6
7718 5
7719 6
7720 4
7721 8
7722 2
7723 18
7724 25
7725 0
7726 1
7727 1
7728 3
7729 2
7730 7
7731 3
7732 6
7733 5
7734 1
7735 9
7736 1
7737 21
7738 7
7739 28
7740 9
7741 8
7742 7
7743 4
7744 4
7745 13
7746 6
7747 14
7748 7
7749 8
7750 7
7751 27
7752 7
7753 6
7754 7
7755 5
7756 2
7757 19
7758 15
7759 22
7760 3
7761 2
7762 15
7763 4
7764 3
7765 0
7766 6
7767 2
7768 1
7769 5
7770 5
7771 1
7772 1
7773 3
7774 12
7775 0
7776 10
7777 0
7778 1
7779 5
7780 1
7781 6
7782 10
7783 0
7784 12
7785 8
7786 2
7787 1
7788 0
7789 4
7790 4
7791 6
7792 29
7793 31
7794 0
7795 8
7796 0
7797 1
7798 6
7799 6
7800 3
7801 4
7802 20
7803 10
7804 3
7805 2
7806 8
7807 4
7808 4
7809 2
7810 7
7811 2
7812 2
7813 26
7814 6
7815 0
7816 8
7817 1
7818 2
7819 0
7820 4
7821 8
7822 6
7823 1
7824 1
7825 6
7826 3
7827 7
7828 6
7829 6
7830 4
7831 19
7832 4
7833 3
7834 5
7835 5
7836 2
7837 17
7838 0
7839 3
7840 5
7841 3
7842 5
7843 2
7844 3
7845 3
7846 34
7847 1
7848 13
7849 6
7850 3
7851 23
7852 2
7853 9
7854 5
7855 2
7856 2
7857 3
7858 23
7859 34
7860 20
7861 2
7862 3
7863 6
7864 23
7865 4
7866 7
7867 3
7868 6
7869 1
7870 20
7871 5
7872 7
7873 7
7874 2
7875 1
7876 1
7877 0
7878 20
7879 15
7880 8
7881 6
7882 5
7883 1
7884 8
7885 5
7886 28
7887 3
7888 34
7889 2
7890 4
7891 7
7892 6
7893 24
7894 34
7895 3
7896 3
7897 6
7898 12
7899 7
7900 31
7901 2
7902 2
7903 12
7904 6
7905 12
7906 6
7907 28
7908 5
7909 0
7910 1
7911 7
7912 3
7913 2
7914 12
7915 25
7916 9
7917 3
7918 2
7919 1
7920 2
7921 14
7922 3
7923 5
7924 0
7925 4
7926 1
7927 9
7928 9
7929 11
7930 4
7931 3
7932 5
7933 9
7934 0
7935 9
7936 3
7937 0
7938 15
7939 2
7940 1
7941 6
7942 8
7943 9
7944 0
7945 13
7946 11
7947 5
7948 7
7949 6
7950 3
7951 6
7952 1
7953 0
7954 0
7955 8
7956 8
7957 8
7958 0
7959 7
7960 4
7961 23
7962 3
7963 12
7964 5
7965 3
7966 8
7967 6
7968 5
7969 36
7970 7
7971 23
7972 15
7973 13
7974 2
7975 8
7976 9
7977 0
7978 0
7979 9
7980 4
7981 2
7982 1
7983 12
7984 5
7985 1
7986 28
7987 3
7988 1
7989 8
7990 0
7991 12
7992 3
7993 7
7994 8
7995 6
7996 12
7997 7
7998 7
7999 4
8000 4
8001 0
8002 9
8003 6
8004 8
8005 5
8006 3
8007 5
8008 4
8009 0
8010 2
8011 36
8012 5
8013 4
8014 1
8015 4
8016 9
8017 32
8018 1
8019 3
8020 18
8021 2
8022 18
8023 3
8024 8
8025 7
8026 5
8027 29
8028 1
8029 1
8030 9
8031 5
8032 7
8033 1
8034 5
8035 5
8036 5
8037 4
8038 11
8039 3
8040 2
8041 9
8042 29
8043 21
8044 2
8045 14
8046 2
8047 8
8048 1
8049 6
8050 7
8051 11
8052 1
8053 7
8054 2
8055 7
8056 6
8057 2
8058 7
8059 3
8060 9
8061 3
8062 4
8063 8
8064 16
8065 5
8066 15
8067 12
8068 0
8069 5
8070 6
8071 6
8072 7
8073 6
8074 5
8075 0
8076 3
8077 8
8078 4
8079 8
8080 16
8081 6
8082 5
8083 4
8084 7
8085 21
8086 14
8087 0
8088 6
8089 1
8090 1
8091 9
8092 7
8093 21
8094 7
8095 5
8096 4
8097 8
8098 5
8099 2
8100 7
8101 16
8102 5
8103 1
8104 7
8105 9
8106 4
8107 5
8108 1
8109 3
8110 12
8111 17
8112 5
8113 6
8114 4
8115 17
8116 7
8117 5
8118 1
8119 17
8120 1
8121 5
8122 3
8123 6
8124 11
8125 2
8126 29
8127 3
8128 3
8129 5
8130 5
8131 5
8132 6
8133 8
8134 9
8135 0
8136 1
8137 7
8138 8
8139 15
8140 3
8141 8
8142 1
8143 9
8144 30
8145 1
8146 5
8147 6
8148 4
8149 4
8150 26
8151 2
8152 8
8153 21
8154 21
8155 4
8156 17
8157 8
8158 9
8159 2
8160 7
8161 6
8162 8
8163 8
8164 9
8165 2
8166 17
8167 25
8168 24
8169 3
8170 4
8171 9
8172 20
8173 8
8174 28
8175 27
8176 12
8177 21
8178 26
8179 25
8180 9
8181 11
8182 9
8183 2
8184 5
8185 25
8186 1
8187 1
8188 31
8189 27
8190 7
8191 7
8192 14
8193 4
8194 7
8195 25
8196 11
8197 16
8198 7
8199 8
8200 27
8201 3
8202 25
8203 10
8204 21
8205 5
8206 12
8207 15
8208 15
8209 13
8210 0
8211 12
8212 13
8213 4
8214 8
8215 9
8216 0
8217 0
8218 8
8219 35
8220 11
8221 7
8222 5
8223 21
8224 12
8225 8
8226 0
8227 5
8228 21
8229 0
8230 14
8231 0
8232 9
8233 0
8234 2
8235 9
8236 30
8237 0
8238 6
8239 31
8240 6
8241 5
8242 15
8243 4
8244 8
8245 25
8246 10
8247 13
8248 9
8249 11
8250 9
8251 17
8252 27
8253 8
8254 24
8255 2
8256 26
8257 15
8258 7
8259 4
8260 12
8261 7
8262 7
8263 0
8264 23
8265 8
8266 21
8267 16
8268 8
8269 7
8270 29
8271 15
8272 5
8273 11
8274 9
8275 27
8276 6
8277 11
8278 4
8279 12
8280 0
8281 19
8282 7
8283 2
8284 23
8285 7
8286 12
8287 0
8288 12
8289 12
8290 0
8291 17
8292 33
8293 8
8294 28
8295 11
8296 9
8297 27
8298 0
8299 33
8300 5
8301 7
8302 9
8303 19
8304 7
8305 11
8306 32
8307 0
8308 14
8309 5
8310 15
8311 3
8312 0
8313 25
8314 0
8315 27
8316 2
8317 4
8318 32
8319 36
8320 20
8321 9
8322 2
8323 5
8324 7
8325 7
8326 6
8327 23
8328 0
8329 4
8330 12
8331 6
8332 0
8333 14
8334 3
8335 19
8336 7
8337 0
8338 12
8339 18
8340 9
8341 1
8342 33
8343 17
8344 12
8345 11
8346 8
8347 35
8348 33
8349 25
8350 12
8351 24
8352 32
8353 16
8354 30
8355 8
8356 6
8357 2
8358 6
8359 5
8360 13
8361 9
8362 0
8363 3
8364 0
8365 8
8366 35
8367 0
8368 2
8369 0
8370 20
8371 8
8372 31
8373 17
8374 17
8375 24
8376 11
8377 13
8378 7
8379 8
8380 17
8381 11
8382 28
8383 6
8384 14
8385 0
8386 9
8387 0
8388 26
8389 13
8390 2
8391 10
8392 28
8393 14
8394 23
8395 36
8396 19
8397 13
8398 9
8399 9
8400 29
8401 6
8402 11
8403 9
8404 9
8405 16
8406 0
8407 29
8408 0
8409 27
8410 6
8411 28
8412 8
8413 0
8414 8
8415 21
8416 4
8417 14
8418 0
8419 6
8420 7
8421 6
8422 5
8423 19
8424 7
8425 20
8426 19
8427 19
8428 7
8429 28
8430 31
8431 8
8432 21
8433 15
8434 13
8435 0
8436 1
8437 4
8438 12
8439 0
8440 4
8441 0
8442 12
8443 15
8444 8
8445 7
8446 17
8447 34
8448 0
8449 21
8450 33
8451 8
8452 14
8453 9
8454 0
8455 6
8456 23
8457 1
8458 25
8459 0
8460 36
8461 2
8462 20
8463 6
8464 9
8465 0
8466 17
8467 7
8468 15
8469 9
8470 9
8471 3
8472 13
8473 0
8474 0
8475 4
8476 14
8477 3
8478 24
8479 7
8480 28
8481 6
8482 9
8483 24
8484 9
8485 19
8486 9
8487 5
8488 26
8489 14
8490 4
8491 16
8492 5
8493 21
8494 8
8495 13
8496 4
8497 31
8498 12
8499 21
8500 26
8501 4
8502 8
8503 0
8504 8
8505 11
8506 21
8507 23
8508 0
8509 22
8510 11
8511 13
8512 26
8513 7
8514 24
8515 4
8516 18
8517 36
8518 2
8519 0
8520 1
8521 1
8522 2
8523 7
8524 8
8525 28
8526 28
8527 5
8528 25
8529 20
8530 8
8531 5
8532 4
8533 15
8534 13
8535 4
8536 0
8537 6
8538 25
8539 13
8540 0
8541 7
8542 1
8543 9
8544 21
8545 16
8546 1
8547 18
8548 17
8549 20
8550 28
8551 3
8552 9
8553 1
8554 29
8555 27
8556 1
8557 10
8558 6
8559 18
8560 0
8561 7
8562 0
8563 4
8564 21
8565 30
8566 10
8567 1
8568 0
8569 20
8570 1
8571 18
8572 7
8573 11
8574 35
8575 8
8576 0
8577 1
8578 12
8579 7
8580 10
8581 20
8582 29
8583 2
8584 8
8585 20
8586 16
8587 10
8588 20
8589 5
8590 10
8591 7
8592 18
8593 21
8594 22
8595 22
8596 1
8597 5
8598 9
8599 0
8600 14
8601 18
8602 0
8603 16
8604 11
8605 1
8606 16
8607 21
8608 35
8609 0
8610 8
8611 13
8612 3
8613 3
8614 27
8615 0
8616 6
8617 18
8618 13
8619 22
8620 11
8621 9
8622 6
8623 21
8624 7
8625 0
8626 5
8627 16
8628 29
8629 29
8630 15
8631 15
8632 23
8633 7
8634 5
8635 7
8636 7
8637 7
8638 22
8639 7
8640 13
8641 9
8642 0
8643 0
8644 2
8645 0
8646 36
8647 10
8648 31
8649 16
8650 6
8651 18
8652 19
8653 0
8654 4
8655 36
8656 2
8657 0
8658 18
8659 23
8660 30
8661 14
8662 2
8663 1
8664 10
8665 19
8666 6
8667 4
8668 28
8669 17
8670 0
8671 27
8672 2
8673 1
8674 31
8675 1
8676 18
8677 5
8678 9
8679 1
8680 0
8681 9
8682 2
8683 1
8684 10
8685 18
8686 22
8687 2
8688 9
8689 22
8690 7
8691 13
8692 22
8693 15
8694 28
8695 0
8696 31
8697 1
8698 16
8699 1
8700 9
8701 2
8702 10
8703 1
8704 6
8705 5
8706 20
8707 0
8708 0
8709 2
8710 2
8711 0
8712 8
8713 2
8714 15
8715 0
8716 0
8717 2
8718 1
8719 1
8720 25
8721 3
8722 1
8723 2
8724 10
8725 2
8726 3
8727 2
8728 3
8729 1
8730 0
8731 3
8732 15
8733 6
8734 17
8735 10
8736 12
8737 6
8738 1
8739 7
8740 3
8741 2
8742 32
8743 9
8744 35
8745 2
8746 1
8747 6
8748 32
8749 0
8750 19
8751 2
8752 0
8753 9
8754 17
8755 3
8756 9
8757 2
8758 2
8759 0
8760 22
8761 6
8762 3
8763 0
8764 7
8765 14
8766 0
8767 2
8768 1
8769 1
8770 9
8771 2
8772 3
8773 25
8774 15
8775 1
8776 4
8777 3
8778 9
8779 0
8780 22
8781 22
8782 18
8783 7
8784 1
8785 0
8786 3
8787 19
8788 8
8789 3
8790 19
8791 19
8792 19
8793 3
8794 2
8795 12
8796 16
8797 2
8798 15
8799 12
8800 3
8801 3
8802 22
8803 15
8804 2
8805 1
8806 26
8807 5
8808 14
8809 5
8810 0
8811 0
8812 18
8813 2
8814 1
8815 22
8816 1
8817 27
8818 0
8819 14
8820 12
8821 0
8822 6
8823 22
8824 3
8825 8
8826 17
8827 6
8828 19
8829 3
8830 1
8831 2
8832 3
8833 7
8834 1
8835 1
8836 14
8837 21
8838 0
8839 6
8840 0
8841 11
8842 3
8843 1
8844 0
8845 0
8846 3
8847 10
8848 22
8849 14
8850 7
8851 8
8852 9
8853 3
8854 12
8855 3
8856 5
8857 33
8858 34
8859 3
8860 9
8861 7
8862 18
8863 22
8864 9
8865 19
8866 24
8867 22
8868 21
8869 1
8870 28
8871 1
8872 28
8873 30
8874 9
8875 28
8876 32
8877 13
8878 9
8879 1
8880 20
8881 25
8882 12
8883 27
8884 15
8885 1
8886 8
8887 12
8888 24
8889 6
8890 8
8891 7
8892 1
8893 13
8894 27
8895 17
8896 2
8897 4
8898 14
8899 3
8900 3
8901 10
8902 24
8903 18
8904 28
8905 31
8906 7
8907 2
8908 1
8909 10
8910 10
8911 4
8912 13
8913 21
8914 15
8915 1
8916 1
8917 26
8918 0
8919 10
8920 1
8921 3
8922 4
8923 0
8924 12
8925 0
8926 21
8927 9
8928 1
8929 3
8930 4
8931 0
8932 3
8933 18
8934 0
8935 2
8936 3
8937 2
8938 21
8939 17
8940 3
8941 7
8942 3
8943 25
8944 22
8945 9
8946 4
8947 1
8948 27
8949 11
8950 4
8951 1
8952 3
8953 7
8954 6
8955 22
8956 2
8957 2
8958 4
8959 1
8960 0
8961 1
8962 24
8963 8
8964 3
8965 22
8966 30
8967 8
8968 7
8969 8
8970 14
8971 12
8972 17
8973 2
8974 0
8975 4
8976 15
8977 1
8978 11
8979 13
8980 4
8981 8
8982 6
8983 1
8984 0
8985 22
8986 18
8987 12
8988 0
8989 2
8990 27
8991 20
8992 4
8993 1
8994 8
8995 1
8996 2
8997 11
8998 12
8999 9
9000 14
9001 9
9002 5
9003 25
9004 5
9005 1
9006 2
9007 24
9008 2
9009 12
9010 3
9011 6
9012 18
9013 36
9014 1
9015 12
9016 5
9017 2
9018 15
9019 25
9020 4
9021 1
9022 2
9023 10
9024 2
9025 7
9026 4
9027 3
9028 10
9029 0
9030 10
9031 1
9032 2
9033 3
9034 2
9035 12
9036 22
9037 12
9038 15
9039 3
9040 21
9041 2
9042 6
9043 2
9044 18
9045 4
9046 11
9047 4
9048 2
9049 1
9050 0
9051 8
9052 25
9053 3
9054 1
9055 2
9056 1
9057 3
9058 0
9059 3
9060 33
9061 0
9062 0
9063 6
9064 3
9065 6
9066 35
9067 4
9068 11
9069 4
9070 8
9071 2
9072 12
9073 13
9074 27
9075 0
9076 3
9077 16
9078 4
9079 4
9080 10
9081 16
9082 10
9083 19
9084 4
9085 2
9086 2
9087 22
9088 8
9089 4
9090 2
9091 9
9092 0
9093 18
9094 9
9095 12
9096 18
9097 15
9098 10
9099 20
9100 5
9101 8
9102 0
9103 23
9104 31
9105 1
9106 6
9107 2
9108 21
9109 2
9110 2
9111 11
9112 12
9113 1
9114 2
9115 11
9116 3
9117 14
9118 14
9119 3
9120 30
9121 3
9122 21
9123 24
9124 9
9125 1
9126 12
9127 11
9128 4
9129 7
9130 26
9131 26
9132 13
9133 11
9134 0
9135 9
9136 7
9137 2
9138 0
9139 4
9140 3
9141 6
9142 8
9143 4
9144 1
9145 4
9146 16
9147 21
9148 12
9149 7
9150 8
9151 30
9152 0
9153 0
9154 22
9155 26
9156 20
9157 4
9158 17
9159 2
9160 2
9161 29
9162 10
9163 2
9164 11
9165 17
9166 1
9167 3
9168 13
9169 16
9170 17
9171 8
9172 8
9173 14
9174 20
9175 4
9176 0
9177 3
9178 9
9179 8
9180 1
9181 16
9182 11
9183 9
9184 4
9185 3
9186 2
9187 3
9188 9
9189 17
9190 3
9191 10
9192 22
9193 1
9194 3
9195 6
9196 7
9197 2
9198 6
9199 3
9200 10
9201 27
9202 12
9203 3
9204 4
9205 9
9206 30
9207 2
9208 32
9209 13
9210 3
9211 16
9212 17
9213 0
9214 2
9215 3
9216 1
9217 3
9218 11
9219 1
9220 8
9221 0
9222 4
9223 15
9224 1
9225 3
9226 4
9227 11
9228 36
9229 20
9230 26
9231 2
9232 2
9233 17
9234 12
9235 0
9236 11
9237 2
9238 31
9239 3
9240 32
9241 12
9242 2
9243 4
9244 4
9245 15
9246 1
9247 1
9248 4
9249 4
9250 4
9251 4
9252 2
9253 3
9254 3
9255 1
9256 24
9257 17
9258 11
9259 8
9260 1
9261 9
9262 10
9263 21
9264 26
9265 23
9266 1
9267 11
9268 3
9269 3
9270 2
9271 7
9272 27
9273 11
9274 35
9275 1
9276 8
9277 1
9278 2
9279 11
9280 3
9281 3
9282 16
9283 31
9284 0
9285 0
9286 24
9287 30
9288 3
9289 0
9290 4
9291 1
9292 1
9293 19
9294 3
9295 14
9296 16
9297 15
9298 1
9299 7
9300 1
9301 26
9302 21
9303 0
9304 5
9305 36
9306 5
9307 14
9308 1
9309 4
9310 19
9311 1
9312 1
9313 4
9314 0
9315 4
9316 5
9317 16
9318 3
9319 2
9320 2
9321 0
9322 4
9323 2
9324 4
9325 0
9326 1
9327 0
9328 0
9329 24
9330 5
9331 4
9332 10
9333 2
9334 4
9335 4
9336 3
9337 0
9338 9
9339 5
9340 4
9341 4
9342 3
9343 10
9344 2
9345 2
9346 2
9347 5
9348 0
9349 26
9350 3
9351 16
9352 2
9353 0
9354 10
9355 0
9356 1
9357 13
9358 4
9359 25
9360 18
9361 1
9362 2
9363 5
9364 0
9365 15
9366 2
9367 33
9368 34
9369 23
9370 19
9371 4
9372 2
9373 11
9374 5
9375 0
9376 5
9377 22
9378 10
9379 3
9380 7
9381 6
9382 12
9383 25
9384 22
9385 2
9386 0
9387 3
9388 4
9389 11
9390 1
9391 29
9392 3
9393 5
9394 2
9395 25
9396 1
9397 2
9398 5
9399 4
9400 28
9401 1
9402 25
9403 4
9404 1
9405 0
9406 1
9407 2
9408 4
9409 3
9410 8
9411 25
9412 1
9413 5
9414 25
9415 2
9416 15
9417 29
9418 34
9419 10
9420 0
9421 1
9422 7
9423 15
9424 19
9425 4
9426 5
9427 0
9428 1
9429 3
9430 4
9431 5
9432 17
9433 8
9434 9
9435 5
9436 21
9437 2
9438 25
9439 0
9440 23
9441 0
9442 11
9443 1
9444 0
9445 4
9446 19
9447 15
9448 5
9449 30
9450 19
9451 7
9452 4
9453 13
9454 20
9455 17
9456 9
9457 0
9458 7
9459 2
9460 27
9461 7
9462 1
9463 3
9464 5
9465 4
9466 34
9467 15
9468 5
9469 2
9470 4
9471 0
9472 1
9473 13
9474 1
9475 4
9476 31
9477 0
9478 4
9479 2
9480 13
9481 1
9482 0
9483 0
9484 6
9485 11
9486 2
9487 0
9488 20
9489 4
9490 23
9491 6
9492 23
9493 2
9494 3
9495 4
9496 0
9497 4
9498 4
9499 2
9500 10
9501 20
9502 25
9503 2
9504 20
9505 6
9506 10
9507 14
9508 0
9509 16
9510 11
9511 33
9512 0
9513 4
9514 2
9515 4
9516 5
9517 4
9518 12
9519 2
9520 4
9521 36
9522 1
9523 33
9524 6
9525 6
9526 2
9527 11
9528 0
9529 2
9530 2
9531 1
9532 4
9533 2
9534 11
9535 2
9536 2
9537 6
9538 4
9539 5
9540 3
9541 20
9542 20
9543 1
9544 0
9545 6
9546 9
9547 5
9548 18
9549 2
9550 0
9551 32
9552 6
9553 9
9554 2
9555 4
9556 3
9557 6
9558 0
9559 5
9560 16
9561 33
9562 9
9563 1
9564 0
9565 27
9566 27
9567 15
9568 20
9569 1
9570 1
9571 18
9572 3
9573 27
9574 6
9575 28
9576 30
9577 16
9578 2
9579 0
9580 3
9581 0
9582 6
9583 4
9584 20
9585 4
9586 3
9587 29
9588 0
9589 0
9590 19
9591 2
9592 29
9593 5
9594 10
9595 2
9596 2
9597 15
9598 18
9599 3
9600 18
9601 1
9602 3
9603 1
9604 26
9605 24
9606 5
9607 0
9608 22
9609 3
9610 2
9611 9
9612 18
9613 2
9614 6
9615 16
9616 14
9617 1
9618 6
9619 5
9620 1
9621 17
9622 4
9623 10
9624 3
9625 1
9626 14
9627 5
9628 30
9629 2
9630 15
9631 2
9632 4
9633 2
9634 5
9635 3
9636 17
9637 5
9638 4
9639 15
9640 2
9641 3
9642 4
9643 26
9644 2
9645 2
9646 4
9647 1
9648 14
9649 4
9650 31
9651 1
9652 14
9653 2
9654 30
9655 13
9656 1
9657 1
9658 30
9659 16
9660 16
9661 6
9662 1
9663 12
9664 2
9665 9
9666 2
9667 3
9668 23
9669 20
9670 18
9671 31
9672 23
9673 2
9674 3
9675 6
9676 30
9677 4
9678 19
9679 1
9680 1
9681 22
9682 2
9683 1
9684 6
9685 3
9686 6
9687 2
9688 6
9689 10
9690 18
9691 3
9692 1
9693 11
9694 2
9695 3
9696 2
9697 2
9698 5
9699 9
9700 8
9701 2
9702 5
9703 4
9704 3
9705 26
9706 7
9707 11
9708 3
9709 0
9710 4
9711 5
9712 20
9713 4
9714 8
9715 8
9716 1
9717 4
9718 13
9719 2
9720 31
9721 5
9722 5
9723 2
9724 5
9725 6
9726 12
9727 2
9728 2
9729 0
9730 4
9731 5
9732 8
9733 6
9734 7
9735 2
9736 27
9737 7
9738 3
9739 8
9740 4
9741 2
9742 7
9743 6
9744 6
9745 18
9746 4
9747 6
9748 6
9749 6
9750 7
9751 6
9752 4
9753 2
9754 2
9755 6
9756 2
9757 3
9758 2
9759 2
9760 7
9761 4
9762 0
9763 5
9764 1
9765 32
9766 6
9767 7
9768 7
9769 2
9770 5
9771 3
9772 8
9773 6
9774 25
9775 13
9776 0
9777 6
9778 1
9779 1
9780 8
9781 2
9782 5
9783 1
9784 5
9785 1
9786 6
9787 1
9788 25
9789 2
9790 2
9791 5
9792 7
9793 6
9794 1
9795 19
9796 4
9797 4
9798 1
9799 11
9800 25
9801 12
9802 7
9803 5
9804 4
9805 0
9806 2
9807 7
9808 7
9809 23
9810 33
9811 2
9812 8
9813 6
9814 0
9815 7
9816 8
9817 25
9818 20
9819 4
9820 5
9821 0
9822 18
9823 2
9824 3
9825 7
9826 3
9827 1
9828 0
9829 15
9830 13
9831 8
9832 7
9833 1
9834 6
9835 22
9836 8
9837 6
9838 31
9839 24
9840 6
9841 8
9842 3
9843 12
9844 0
9845 20
9846 12
9847 4
9848 1
9849 1
9850 8
9851 0
9852 6
9853 0
9854 8
9855 4
9856 2
9857 2
9858 0
9859 6
9860 28
9861 7
9862 0
9863 4
9864 8
9865 14
9866 4
9867 2
9868 0
9869 5
9870 3
9871 8
9872 24
9873 22
9874 5
9875 2
9876 8
9877 18
9878 3
9879 8
9880 3
9881 8
9882 2
9883 3
9884 5
9885 23
9886 29
9887 6
9888 7
9889 4
9890 6
9891 2
9892 2
9893 17
9894 3
9895 34
9896 3
9897 3
9898 6
9899 5
9900 7
9901 8
9902 4
9903 2
9904 2
9905 5
9906 27
9907 13
9908 6
9909 8
9910 2
9911 7
9912 3
9913 5
9914 36
9915 28
9916 6
9917 5
9918 5
9919 7
9920 2
9921 6
9922 3
9923 27
9924 7
9925 28
9926 4
9927 10
9928 3
9929 7
9930 2
9931 5
9932 5
9933 2
9934 0
9935 1
9936 25
9937 6
9938 5
9939 3
9940 4
9941 14
9942 1
9943 0
9944 2
9945 10
9946 0
9947 8
9948 3
9949 9
9950 21
9951 6
9952 0
9953 5
9954 4
9955 1
9956 8
9957 6
9958 6
9959 7
9960 5
9961 0
9962 9
9963 3
9964 20
9965 6
9966 3
9967 4
9968 3
9969 5
9970 8
9971 2
9972 7
9973 14
9974 8
9975 5
9976 0
9977 5
9978 8
9979 6
9980 7
9981 5
9982 8
9983 8
9984 5
9985 2
9986 4
9987 0
9988 9
9989 0
9990 1
9991 35
9992 5
9993 1
9994 0
9995 5
9996 1
9997 22
9998 7
9999 4
