0 313
0 381
0 196
0 319
0 980
0 972
0 329
0 147
0 631
0 665
1 681
1 821
1 1
1 934
1 351
1 741
1 774
2 6
2 468
2 638
2 342
2 534
2 655
2 414
2 452
2 750
3 899
3 724
3 736
3 292
3 405
3 610
3 796
3 453
3 773
3 451
3 831
3 974
3 232
3 248
4 354
4 83
4 865
4 224
4 122
4 836
4 520
4 202
4 625
4 114
5 23
5 680
5 774
5 391
5 385
5 318
5 81
5 441
5 887
5 522
5 524
5 785
5 531
5 29
5 77
6 549
6 6
6 499
6 902
6 362
6 517
6 218
6 344
6 177
6 216
6 92
6 861
6 478
6 366
6 349
7 44
7 595
7 304
7 651
7 20
7 72
7 601
7 140
8 775
8 272
8 693
8 47
8 670
8 800
8 579
8 225
8 590
9 437
9 469
9 673
9 998
9 976
9 700
9 472
9 492
9 524
10 647
10 484
10 502
10 512
10 723
10 658
10 621
10 10
10 89
10 904
10 157
10 164
10 726
10 501
10 532
10 212
10 349
11 21
11 509
11 770
11 798
11 961
11 83
11 905
11 163
11 125
11 906
12 400
12 22
12 72
12 911
12 304
12 61
12 300
12 44
12 595
12 138
12 182
13 951
13 736
13 783
13 13
13 724
13 466
13 383
13 20
13 256
13 240
13 849
13 194
13 243
13 831
13 957
13 802
14 395
14 609
14 739
14 448
14 432
14 259
14 668
14 41
14 436
15 193
15 353
15 285
15 178
15 918
15 433
15 180
15 147
15 684
15 832
15 389
16 265
16 661
16 209
16 824
16 525
16 98
16 162
16 46
16 905
16 786
17 664
17 101
17 32
17 322
17 763
17 686
17 79
17 220
17 107
18 265
18 162
18 587
18 661
18 901
18 46
19 903
19 312
19 949
19 211
19 933
19 35
19 558
19 275
19 492
20 776
20 974
20 466
20 20
20 831
20 899
20 345
20 900
21 553
21 93
21 935
21 203
21 21
21 485
21 205
21 539
21 425
21 26
21 917
21 627
21 437
21 806
21 931
22 414
22 72
22 725
22 182
22 982
22 213
22 203
22 44
22 304
22 59
22 140
23 684
23 542
23 492
23 524
23 774
23 63
23 385
23 496
23 370
23 191
23 737
23 246
23 703
23 801
23 135
23 790
23 48
23 77
23 853
23 719
23 761
24 124
24 160
24 115
24 865
24 58
24 202
24 625
25 516
25 688
25 636
25 299
25 510
25 685
25 239
25 515
25 88
25 744
25 183
25 713
25 779
25 548
25 880
25 307
25 690
25 552
25 320
25 654
25 442
25 679
25 906
25 265
25 954
26 174
26 208
26 760
26 376
26 553
26 835
26 485
26 659
27 916
27 629
27 351
27 638
27 414
27 872
27 141
27 639
27 76
27 214
27 625
28 690
28 640
28 641
28 133
28 408
28 47
28 562
29 629
29 500
29 785
29 533
29 540
29 751
29 191
29 703
29 391
29 246
29 531
29 63
29 727
29 528
29 543
29 829
30 68
30 887
30 38
30 971
30 498
30 188
31 410
31 334
31 728
31 603
31 712
31 208
31 207
31 31
31 379
31 311
31 437
31 585
31 73
31 328
31 113
32 555
32 79
32 55
32 183
32 686
32 220
32 883
33 119
33 58
33 264
33 994
33 607
33 589
33 950
33 479
33 169
33 276
33 39
34 303
34 544
34 545
34 898
34 624
34 229
34 290
34 109
34 753
34 535
34 124
34 34
34 783
34 205
34 645
35 283
35 929
35 312
35 480
35 331
35 903
35 35
35 254
35 436
35 297
35 557
35 558
35 716
35 696
36 145
36 805
36 289
36 438
36 275
36 590
36 219
36 431
36 140
37 682
37 555
37 905
37 672
37 37
37 782
37 989
37 125
37 669
38 42
38 887
38 68
38 267
39 296
39 524
39 269
39 540
39 853
39 607
39 63
39 574
39 356
39 751
39 953
39 77
39 719
40 646
40 398
40 528
40 40
40 811
40 647
40 592
40 520
40 886
40 123
40 812
40 590
40 677
40 697
41 905
41 387
41 717
41 336
41 668
41 836
41 997
41 432
41 117
42 428
42 828
42 749
42 710
42 446
42 317
42 757
42 479
42 403
42 586
42 994
42 341
42 601
42 563
42 327
42 589
42 171
42 85
43 526
43 933
43 564
43 85
43 438
43 700
43 409
43 472
43 492
44 674
44 530
44 467
44 144
44 568
44 982
44 709
44 223
44 752
44 546
44 138
44 140
44 304
44 182
44 595
44 494
44 228
44 734
44 411
44 820
44 357
44 937
44 321
44 831
44 648
44 59
44 61
44 906
44 911
44 212
45 931
45 778
45 129
45 200
45 583
45 669
45 692
45 756
45 506
45 822
46 265
46 525
46 661
46 824
46 162
46 470
46 809
46 47
46 198
46 475
47 760
47 640
47 657
47 542
47 691
47 562
47 435
47 579
47 150
47 961
47 671
47 893
47 47
47 800
47 278
47 153
47 338
47 133
47 580
47 421
47 641
47 693
47 225
47 141
47 438
47 440
47 901
47 932
47 907
47 851
47 386
47 954
47 492
48 88
48 416
48 243
48 533
48 751
48 256
48 370
49 931
49 430
49 769
49 393
49 499
49 700
49 339
49 892
49 953
49 472
50 555
50 201
50 298
50 626
50 309
50 470
50 311
50 567
50 590
50 83
50 91
50 111
50 653
50 677
50 192
50 219
50 431
50 81
51 158
51 871
51 959
51 288
51 51
51 634
52 515
52 516
52 561
52 170
52 800
52 183
52 743
53 810
53 78
53 106
53 320
53 536
54 398
54 811
54 174
54 646
54 54
54 664
54 123
54 426
54 258
55 793
55 65
55 214
55 834
55 55
55 150
55 220
55 393
56 517
56 516
56 299
56 307
56 694
56 244
56 545
56 275
57 265
57 661
57 920
57 300
57 896
57 576
58 993
58 264
58 275
58 816
58 589
58 479
59 811
59 791
59 140
59 725
59 729
59 541
59 296
59 752
59 530
59 766
59 228
59 734
59 407
59 934
59 649
59 148
59 411
59 739
59 900
60 210
60 482
60 196
60 980
60 596
60 826
60 631
60 329
60 147
60 60
60 388
60 976
60 573
60 381
61 530
61 413
61 982
61 659
61 651
61 140
61 842
62 299
62 275
62 479
62 222
62 592
62 589
63 905
63 774
63 524
63 540
63 81
63 389
63 680
64 946
64 189
64 702
64 66
64 186
64 95
64 169
64 840
64 76
64 878
65 353
65 796
65 550
65 235
65 590
65 249
65 948
65 954
66 820
66 189
66 735
66 977
66 840
66 76
66 95
66 188
66 431
67 67
67 128
67 668
67 448
67 286
67 137
67 460
67 717
67 436
67 117
67 954
67 572
68 152
68 827
68 960
68 454
68 90
68 185
68 188
69 368
69 431
69 322
69 807
69 338
69 198
69 359
70 745
70 165
70 508
70 565
70 958
70 741
70 681
70 819
70 83
71 211
71 576
71 686
71 834
71 214
71 84
71 79
72 617
72 541
72 296
72 911
72 304
72 601
72 411
72 982
72 228
72 739
72 752
72 144
72 504
72 698
72 483
72 926
72 774
73 437
73 350
73 334
73 370
73 207
73 603
73 474
73 280
74 603
74 810
74 308
74 116
74 825
74 75
74 860
74 234
74 264
74 998
74 635
75 973
75 415
75 308
75 78
75 860
75 210
75 846
75 75
75 868
75 465
75 985
75 775
75 723
76 258
76 702
76 735
76 180
76 594
76 840
76 630
76 612
76 189
76 458
76 186
76 820
76 547
76 273
76 973
76 484
77 422
77 581
77 774
77 522
77 524
77 533
77 385
77 389
77 191
77 727
77 287
77 758
77 785
77 321
77 391
77 356
77 376
77 919
77 775
77 608
77 579
77 719
78 400
78 415
78 689
78 320
78 967
78 182
78 262
79 689
79 79
79 686
79 220
79 198
79 322
79 830
79 883
79 367
79 818
79 153
79 723
80 199
80 975
80 983
80 172
80 247
80 932
80 670
80 679
80 217
80 340
80 400
80 931
80 423
80 993
81 522
81 524
81 531
81 680
82 512
82 621
82 343
82 502
82 475
82 723
83 395
83 931
83 979
83 111
83 484
83 348
83 608
83 161
83 990
83 850
83 948
83 507
83 173
83 419
83 324
83 666
83 99
83 952
83 249
83 101
83 590
83 201
83 622
83 309
83 175
83 478
83 807
83 709
83 587
83 609
83 804
83 889
83 431
83 882
84 264
84 889
84 447
84 978
84 781
84 213
84 538
85 507
85 537
85 856
85 700
85 814
85 492
85 524
86 589
86 484
86 904
86 267
86 723
86 349
86 699
86 115
86 705
87 590
87 665
87 642
87 419
87 857
87 850
87 818
87 431
87 952
87 484
88 515
88 516
88 779
88 170
88 88
88 581
89 516
89 899
89 431
89 512
89 904
89 96
89 501
89 858
90 960
90 827
90 971
90 935
90 185
91 866
91 677
91 201
91 674
91 339
91 891
91 952
91 900
92 517
92 902
92 549
92 862
92 218
92 145
92 362
92 915
92 587
92 861
92 478
93 917
93 923
93 806
93 205
93 485
93 694
93 299
93 192
93 803
94 787
94 171
94 656
94 570
94 277
94 968
94 498
94 306
94 894
94 179
94 847
94 146
94 873
94 281
94 100
94 932
94 424
94 690
94 508
94 679
94 604
94 697
94 707
94 842
94 900
94 954
95 636
95 946
95 186
95 189
95 840
95 735
95 820
95 594
95 180
95 702
95 630
95 458
95 308
95 320
95 211
95 233
95 476
96 168
96 686
96 214
96 883
96 807
96 322
96 107
96 670
96 280
97 975
97 670
97 285
97 652
97 215
97 261
97 912
97 110
97 326
97 931
97 993
97 396
97 472
98 550
98 573
98 470
98 364
98 333
98 896
99 931
99 590
99 891
99 134
99 677
99 219
99 284
99 348
99 889
99 952
100 293
100 501
100 277
100 673
100 774
100 325
100 900
101 311
101 993
101 527
101 590
101 608
101 419
101 559
101 666
101 850
101 297
101 166
101 284
101 823
101 348
101 611
101 370
102 636
102 917
102 992
102 993
102 905
102 667
102 900
102 777
103 590
103 341
103 173
103 799
103 795
103 431
103 948
104 711
104 585
104 328
104 603
104 350
104 242
104 760
104 431
104 635
105 598
105 600
105 218
105 216
105 489
105 590
105 897
106 210
106 308
106 106
107 995
107 214
107 220
107 834
107 179
108 173
108 858
108 644
108 202
108 496
108 129
108 461
109 534
109 578
109 898
109 651
109 900
110 400
110 231
110 227
110 435
110 152
110 352
110 993
110 443
110 495
111 590
111 666
111 622
111 919
111 816
111 776
111 952
111 154
111 856
111 933
112 468
112 872
112 660
112 750
112 294
112 497
112 756
113 208
113 242
113 437
113 207
113 712
113 113
113 439
114 931
114 777
114 202
114 429
114 514
114 160
114 865
114 159
114 254
114 279
114 908
115 159
115 202
115 625
115 382
116 691
116 308
116 465
116 689
116 368
116 378
117 156
117 436
117 387
117 448
117 372
118 275
118 816
118 589
118 987
118 543
118 582
118 859
118 192
118 494
118 479
118 492
119 575
119 408
119 795
119 178
119 655
119 832
119 326
119 918
119 993
120 173
120 202
120 206
120 969
120 673
121 212
121 343
121 858
121 349
121 658
121 187
122 130
122 514
122 520
122 202
122 211
122 719
123 647
123 915
123 884
123 528
123 773
123 263
123 197
123 883
123 472
124 973
124 535
124 544
124 882
124 290
125 450
125 905
125 406
125 195
125 936
125 416
125 230
125 672
125 491
125 473
125 271
125 801
125 869
125 125
125 523
125 316
125 664
125 688
125 706
126 775
126 278
126 691
126 961
126 229
127 796
127 550
127 804
127 896
127 284
127 171
127 714
127 369
127 431
128 327
128 677
128 448
128 128
128 717
128 460
128 387
128 432
128 668
128 238
128 509
129 692
129 200
129 822
129 129
129 135
129 669
129 695
129 526
129 300
129 922
129 924
129 942
130 206
130 566
130 254
130 315
130 130
130 131
130 176
130 876
130 418
130 202
130 865
130 241
131 230
131 288
131 897
131 174
131 520
131 429
131 969
131 202
131 822
132 708
132 675
132 402
132 132
132 845
132 462
132 848
132 784
132 142
132 656
132 474
132 277
132 558
132 423
133 542
133 278
133 657
133 562
133 272
133 908
133 691
133 961
133 579
134 549
134 614
134 134
134 334
134 617
134 410
134 242
134 395
134 322
134 663
135 695
135 461
135 803
135 669
136 213
136 457
136 912
136 136
136 318
136 663
136 999
137 456
137 387
137 717
137 834
137 520
138 888
138 595
138 981
138 149
138 739
139 902
139 455
139 325
139 901
139 673
139 847
139 408
139 696
139 895
139 900
139 913
139 954
139 540
140 926
140 729
140 304
140 739
140 530
140 911
140 546
140 228
140 494
140 296
140 182
140 467
140 223
140 725
140 440
140 732
140 428
140 319
140 497
140 439
140 939
141 598
141 655
141 795
141 637
141 263
141 664
141 172
141 285
141 832
141 993
141 966
142 708
142 518
142 784
142 462
142 675
142 364
142 848
142 795
143 801
143 440
143 699
143 581
143 606
143 632
143 673
143 722
143 851
143 913
143 930
143 443
144 589
144 304
144 601
144 890
144 411
144 332
144 492
145 253
145 145
145 362
145 600
145 366
145 373
145 977
146 848
146 581
146 932
146 930
146 680
146 274
146 894
146 900
146 954
146 703
147 196
147 602
147 596
147 631
147 673
147 399
148 891
148 581
148 386
148 380
148 266
148 949
148 296
148 913
149 413
149 601
149 530
149 541
149 228
149 729
149 282
149 725
149 223
149 906
149 911
149 164
149 861
149 357
149 317
149 763
149 347
150 694
150 485
150 671
150 893
150 667
150 774
150 542
150 579
150 338
150 604
151 660
151 534
151 743
151 354
151 827
151 414
151 452
151 639
151 724
151 998
152 605
152 615
152 197
152 684
152 231
152 361
152 706
152 994
152 993
152 723
153 353
153 775
153 657
153 580
153 421
153 800
153 901
153 529
153 579
153 492
154 679
154 985
154 154
155 573
155 590
155 659
155 412
155 348
155 330
155 158
155 913
155 942
156 990
156 841
156 634
156 158
156 959
156 288
156 871
156 829
156 382
157 904
157 658
157 532
157 249
157 212
157 988
157 867
158 841
158 871
158 506
158 288
158 634
158 325
158 996
159 307
159 424
159 224
159 206
159 160
159 929
159 202
160 871
160 897
160 740
160 202
160 942
161 590
161 919
161 659
161 708
161 166
162 354
162 265
162 209
162 587
162 920
162 233
162 958
162 906
162 683
162 589
162 722
163 326
163 275
163 950
163 905
163 523
163 672
163 473
163 236
163 852
163 936
163 869
163 230
163 863
163 551
163 954
163 662
163 497
163 246
164 282
164 411
164 982
164 642
164 570
165 508
165 619
165 821
165 329
165 681
165 363
165 819
166 832
166 590
166 219
166 896
166 701
166 573
166 550
166 557
166 671
166 399
166 607
167 260
167 268
167 581
167 656
167 741
167 849
167 900
167 497
168 903
168 554
168 168
168 949
168 557
168 211
169 550
169 659
169 419
169 677
169 653
169 341
169 845
169 891
169 431
169 484
170 516
170 307
170 636
170 779
170 917
170 827
170 853
171 275
171 327
171 589
171 582
171 479
171 700
172 652
172 655
172 982
172 217
172 768
172 812
172 993
173 555
173 573
173 590
173 674
173 626
173 622
173 394
173 588
173 815
173 289
173 701
173 979
173 846
173 378
173 431
174 647
174 879
174 811
174 627
174 886
174 348
174 382
174 506
175 712
175 916
175 993
175 573
175 590
175 298
175 794
175 979
175 527
175 754
175 639
175 891
175 896
175 948
175 937
176 257
176 798
176 590
176 412
176 181
176 484
176 837
176 657
176 605
176 324
176 431
176 952
177 796
177 456
177 720
177 259
177 184
178 682
178 789
178 423
178 484
178 449
179 651
179 813
179 991
179 266
179 613
179 243
179 913
179 954
180 702
180 180
180 657
180 840
180 735
180 612
181 573
181 590
181 794
181 314
181 529
181 296
181 431
182 601
182 440
182 709
182 906
182 768
182 769
182 512
182 497
182 597
183 516
183 426
183 375
183 980
184 880
184 669
184 822
184 872
185 247
185 960
185 887
185 827
185 971
185 185
185 809
185 954
186 258
186 186
186 878
186 247
186 458
186 746
187 956
187 212
187 572
187 773
187 997
187 746
187 336
187 700
187 291
187 472
187 492
188 848
188 741
188 887
188 827
188 590
188 411
189 810
189 820
189 878
189 840
189 594
189 612
189 194
189 579
189 702
189 735
189 719
190 513
190 679
190 797
190 193
190 731
190 588
190 197
190 255
190 812
190 365
190 931
190 640
190 589
190 707
191 570
191 522
191 680
191 751
191 781
191 587
192 590
192 609
192 659
192 815
192 771
192 657
192 219
192 431
192 634
193 655
193 490
193 567
193 395
193 993
193 842
194 219
194 829
194 581
194 696
194 763
194 900
195 905
195 616
195 801
195 869
195 759
195 736
195 989
195 538
196 381
196 486
196 826
196 948
197 655
197 684
197 664
197 238
197 549
197 477
197 993
197 925
198 686
198 830
198 807
198 198
198 299
199 637
199 914
199 664
199 813
199 367
199 977
199 993
199 381
199 905
200 256
200 990
200 822
200 942
200 920
200 583
200 461
200 669
201 559
201 590
201 891
201 484
202 429
202 969
202 202
202 224
202 566
202 514
202 254
202 374
202 520
202 206
202 897
202 865
202 777
202 418
202 582
202 732
202 289
202 387
202 778
203 915
203 884
203 923
203 485
203 539
203 835
203 294
203 459
203 816
203 205
203 952
204 264
204 589
204 543
204 275
204 971
204 482
205 539
205 835
205 425
205 205
205 402
205 485
205 395
205 240
205 529
206 429
206 315
206 969
206 371
206 631
206 609
206 625
206 445
207 307
207 973
207 874
207 252
207 590
208 728
208 410
208 585
208 614
208 242
208 760
208 923
208 456
209 265
209 920
209 576
209 233
209 300
209 824
209 209
209 937
209 264
210 415
210 846
210 250
210 860
210 868
210 234
210 796
211 557
211 949
211 331
212 817
212 993
212 512
212 343
212 867
212 337
212 347
212 212
212 349
213 823
213 978
213 447
213 597
213 290
213 949
213 358
213 999
213 305
213 471
214 807
214 834
214 830
214 913
214 220
214 883
214 700
215 647
215 618
215 945
215 245
215 731
215 340
215 931
215 433
215 454
215 993
215 498
215 472
216 499
216 362
216 218
216 902
216 864
216 540
216 373
217 664
217 721
217 652
217 680
217 395
217 579
217 502
218 862
218 517
218 218
218 366
218 253
218 864
218 598
218 600
218 373
218 478
218 499
218 902
218 362
218 549
218 597
218 892
218 458
218 743
218 861
218 515
218 298
218 399
219 383
219 804
219 527
219 550
219 855
219 622
219 335
219 369
219 976
219 930
219 705
219 442
219 803
219 324
219 889
219 952
219 581
220 834
220 322
220 220
220 807
220 412
220 833
220 356
220 782
221 605
221 407
221 974
221 590
221 574
222 262
222 264
222 275
222 584
222 479
222 952
223 601
223 440
224 983
224 315
225 800
225 691
225 580
225 366
226 993
226 264
226 589
226 476
226 479
227 655
227 684
227 400
227 252
227 770
227 993
228 530
228 440
229 270
229 735
229 544
229 290
229 229
229 330
229 719
229 623
230 928
230 974
230 905
230 989
231 613
231 687
231 918
231 889
231 400
231 423
231 700
232 273
232 643
232 407
232 957
232 733
232 292
232 240
232 943
232 591
232 778
232 293
233 265
233 661
233 576
234 993
234 810
234 415
234 336
234 258
234 700
235 590
235 298
235 855
235 653
235 249
235 606
235 839
235 909
236 905
236 989
236 491
236 616
236 869
236 593
237 590
237 335
237 346
237 330
237 654
237 434
237 891
237 431
238 655
238 832
238 454
238 770
238 257
238 373
238 798
238 888
238 449
238 993
238 273
238 339
238 997
238 583
239 260
239 299
239 307
239 636
239 702
240 796
240 456
240 805
240 369
240 782
241 952
241 700
241 537
241 397
241 925
241 472
241 492
242 328
242 410
242 985
242 909
242 252
242 931
243 581
243 913
243 463
243 673
243 731
244 515
244 516
244 561
244 307
244 636
244 413
244 358
245 458
245 581
245 676
245 746
245 842
245 900
245 424
245 954
245 443
245 464
245 998
246 398
246 585
246 573
246 522
246 524
246 611
246 761
246 574
246 858
247 789
247 664
247 352
247 395
248 256
248 943
248 486
248 736
248 787
248 873
248 257
249 433
249 590
249 674
249 677
249 790
249 444
249 348
250 415
250 810
250 689
250 368
250 737
250 386
250 700
251 541
251 304
251 601
251 732
251 536
252 585
252 614
252 328
252 304
252 671
253 549
253 373
253 539
253 522
254 777
254 625
254 371
254 492
255 675
255 698
255 483
255 660
255 918
255 931
255 992
255 900
256 459
256 733
256 259
256 486
256 736
256 498
257 513
257 439
257 257
257 793
257 352
257 926
257 423
257 947
257 454
258 702
258 840
258 458
258 594
258 735
258 878
259 569
259 340
259 961
259 578
259 536
259 673
259 434
259 486
260 561
260 552
260 516
260 780
260 548
260 713
260 375
260 325
260 636
260 685
260 688
260 891
260 271
261 684
261 965
261 993
261 928
261 788
261 931
262 395
262 493
262 556
262 767
262 749
262 560
262 875
262 275
262 589
262 479
262 482
262 998
263 864
263 708
263 518
263 784
263 675
263 283
263 896
264 828
264 476
264 749
264 446
264 479
264 589
264 503
264 582
264 584
264 327
264 710
264 998
264 401
265 265
265 824
265 661
265 920
265 300
265 576
265 683
265 541
266 326
266 734
266 571
266 581
266 696
267 512
267 699
267 874
267 658
267 337
267 723
268 515
268 516
268 268
268 299
268 561
268 307
268 636
268 694
268 410
268 472
268 496
269 774
269 321
269 645
269 496
269 398
269 540
269 843
269 607
269 680
269 719
270 646
270 647
270 398
270 879
270 399
270 932
271 657
271 738
271 801
271 491
271 672
271 989
271 572
272 775
272 955
272 641
272 808
272 657
272 542
272 691
272 579
272 881
273 720
273 733
273 787
273 831
273 796
273 456
273 974
273 998
274 372
274 547
274 581
274 571
274 866
274 900
274 998
275 446
275 710
275 994
275 859
275 503
275 987
275 317
275 403
275 563
275 764
275 493
275 275
275 749
275 823
275 849
275 589
276 700
276 765
276 909
276 442
276 291
276 472
276 488
276 492
277 591
277 696
277 954
277 497
278 423
278 657
278 682
278 691
278 579
279 589
279 570
279 786
279 895
279 673
279 547
279 901
279 392
279 873
279 281
279 591
279 495
279 920
279 397
279 775
279 954
279 497
280 635
280 700
280 997
280 874
280 390
280 492
281 285
281 592
281 581
281 954
281 464
281 998
282 911
282 595
282 304
282 467
282 571
282 411
283 554
283 311
283 557
283 283
283 370
283 840
283 601
284 659
284 850
284 626
284 357
284 572
284 558
284 348
284 484
285 652
285 367
286 373
286 905
286 523
286 738
286 850
287 334
287 993
287 590
287 952
287 522
287 540
287 370
287 719
288 841
288 871
288 382
288 303
288 288
288 829
288 718
288 634
288 570
289 735
289 459
289 313
289 792
289 870
289 535
290 898
290 519
290 543
290 882
290 472
291 646
291 322
291 577
291 700
291 910
291 908
291 339
291 613
291 873
291 492
292 643
292 405
292 417
292 327
292 957
292 826
293 581
293 707
293 722
293 345
293 900
293 498
294 917
294 923
294 935
294 539
294 722
294 485
294 541
294 497
295 564
295 700
295 359
295 599
295 937
295 787
295 492
296 791
296 766
296 595
296 304
296 989
296 568
296 601
296 411
296 900
296 932
297 565
297 311
297 297
297 480
297 843
297 466
297 557
297 716
297 331
298 615
298 653
298 665
298 827
298 948
298 484
299 516
299 779
299 515
299 307
299 713
299 688
299 543
299 587
299 561
299 825
299 636
299 744
299 604
299 392
300 525
300 920
300 587
300 757
300 841
300 318
301 700
301 790
301 788
301 958
301 593
301 530
301 472
302 691
302 581
302 360
302 444
302 392
302 676
302 786
302 940
302 570
302 763
302 627
302 900
303 920
303 477
303 542
303 382
304 530
304 709
304 732
304 725
304 304
304 766
304 601
304 413
304 489
304 454
304 599
304 993
305 577
305 700
305 909
305 323
305 773
305 890
305 790
305 892
305 846
306 570
306 581
306 676
306 696
306 778
306 392
306 328
306 585
306 849
306 851
306 900
306 464
307 548
307 515
307 307
307 516
307 694
307 636
307 510
307 375
307 561
307 780
307 552
307 825
307 493
307 750
307 594
307 700
307 909
308 810
308 465
308 481
308 990
308 967
308 368
309 561
309 559
309 590
309 792
309 804
309 431
309 952
309 484
309 388
310 646
310 647
310 915
310 811
310 709
310 772
311 903
311 649
312 554
312 331
312 864
312 569
313 596
313 805
313 329
313 980
313 602
313 381
313 550
314 590
314 617
314 677
314 473
314 953
315 777
315 429
315 865
315 844
315 625
316 700
316 488
316 355
316 834
316 339
316 856
316 472
316 492
317 327
317 317
317 589
318 774
318 522
318 533
318 540
318 389
319 479
319 329
319 980
319 381
320 903
320 620
320 810
320 357
320 820
320 465
320 368
321 557
321 913
321 472
321 524
321 703
321 719
322 807
322 686
322 633
322 322
323 700
323 773
323 765
323 664
324 646
324 550
324 590
324 626
324 677
324 357
324 483
324 545
324 891
324 412
324 431
324 634
324 998
325 581
325 591
325 396
325 851
325 383
325 900
325 930
325 954
325 998
326 715
326 704
326 340
326 781
326 613
326 931
326 962
326 706
326 928
326 945
326 618
326 684
326 379
326 929
326 968
326 400
326 993
326 497
326 700
327 543
327 586
327 403
327 994
327 476
327 932
327 584
327 589
327 479
327 769
328 437
328 973
328 854
328 728
328 877
328 603
328 760
328 579
328 589
328 609
328 856
329 340
329 329
329 826
329 980
329 611
329 728
329 596
329 602
329 631
329 381
330 454
330 590
330 609
330 677
331 331
331 716
331 929
331 384
331 639
331 776
332 568
332 700
332 890
332 986
332 472
332 492
333 516
333 779
333 561
333 375
333 763
333 636
334 780
334 712
334 728
334 760
334 854
334 539
334 614
335 618
335 527
335 590
335 714
335 896
335 988
336 710
336 448
336 387
336 565
336 432
336 656
337 532
337 867
337 337
337 438
337 343
338 775
338 435
338 961
338 562
338 640
338 641
338 691
338 893
338 580
338 923
338 914
338 981
339 700
339 489
339 472
339 492
340 618
340 747
340 812
340 372
340 844
340 679
340 918
340 999
341 590
341 659
341 889
342 916
342 422
342 972
342 754
342 509
342 629
342 624
342 655
343 560
343 904
343 347
343 858
343 607
343 981
344 864
344 517
344 373
344 902
344 882
344 768
344 900
345 831
345 571
345 581
345 696
345 380
345 501
345 689
345 424
345 998
345 497
345 504
345 814
346 832
346 550
346 590
346 394
346 794
346 983
346 896
346 952
346 484
347 608
347 672
347 658
347 723
347 564
347 349
347 502
348 567
348 529
348 976
348 714
348 588
348 451
348 654
348 674
348 659
348 701
348 348
348 689
348 975
348 548
349 896
349 904
349 658
349 532
349 723
349 932
349 390
350 437
350 711
350 448
350 760
351 414
351 354
351 650
351 826
351 581
352 670
352 841
352 931
353 781
353 698
353 377
353 992
353 770
353 768
353 361
353 914
353 931
353 433
353 479
354 972
354 638
354 872
354 750
354 509
355 528
355 443
355 700
355 522
355 472
356 784
356 466
356 522
356 524
356 785
356 703
357 529
357 590
357 363
357 952
357 522
358 447
358 457
358 538
358 912
358 663
358 597
358 881
358 999
359 723
359 599
359 700
359 890
359 875
359 472
359 492
359 505
360 696
360 842
360 463
360 628
360 647
360 900
360 497
361 715
361 797
361 418
361 400
361 993
361 820
362 790
363 708
363 681
363 934
363 619
363 741
363 458
363 830
364 980
364 590
364 804
364 891
364 484
364 700
364 492
365 711
365 684
365 797
365 682
365 503
365 449
365 993
365 852
366 517
366 383
367 684
367 747
367 798
367 562
368 539
368 810
368 967
368 481
368 446
368 669
369 764
369 590
369 438
369 608
369 399
369 431
369 952
369 905
369 765
370 522
370 524
370 496
370 774
370 409
370 719
371 897
371 429
371 684
372 664
372 670
372 652
372 655
372 832
372 709
372 931
372 423
372 977
373 600
373 862
373 864
373 478
373 517
373 861
373 598
373 549
373 499
373 397
373 968
373 681
374 590
374 514
374 429
374 969
374 625
374 447
375 516
375 561
375 636
376 647
376 528
376 811
376 884
376 879
376 518
376 522
377 613
377 684
377 770
377 700
377 992
377 761
378 534
378 972
378 601
378 871
378 634
378 685
378 496
378 829
379 655
379 684
379 726
379 395
379 928
379 931
379 477
379 993
380 439
380 570
380 571
380 581
380 656
380 696
380 730
380 772
380 900
381 596
381 631
381 663
381 522
382 871
383 783
383 466
383 450
383 974
383 469
383 905
384 536
384 796
384 450
384 620
384 921
385 900
385 522
385 524
385 645
386 898
386 570
386 581
386 644
386 877
386 487
386 954
386 900
387 484
387 639
388 581
388 778
388 842
388 497
389 524
389 719
390 700
390 856
390 500
390 488
390 409
390 814
390 489
390 484
390 953
390 471
390 472
390 492
391 865
391 524
391 843
391 719
392 591
392 842
392 900
392 954
392 497
393 434
393 590
393 700
393 492
394 561
394 806
394 405
394 590
394 609
394 484
395 694
395 613
395 977
395 605
395 423
395 698
395 704
395 511
395 408
395 618
395 682
395 483
395 655
395 731
395 962
395 747
395 768
395 449
395 793
395 508
395 914
395 993
395 981
395 696
396 836
396 415
396 581
396 900
397 465
397 572
397 577
397 635
397 700
397 401
397 492
398 647
398 879
398 884
398 646
398 528
398 585
398 811
398 627
398 886
398 601
399 555
399 850
399 608
399 470
399 654
399 979
399 527
399 665
399 626
399 559
399 653
399 431
399 404
399 947
399 541
400 516
400 513
400 793
400 706
400 620
400 926
400 423
400 975
400 704
400 661
400 890
400 766
400 849
401 815
401 700
401 922
401 635
401 782
401 986
401 500
401 448
401 472
401 492
402 708
402 518
402 848
402 402
402 675
403 453
403 589
403 479
404 516
404 510
404 568
404 700
404 876
404 909
404 933
404 492
405 417
405 831
405 578
405 783
405 453
405 736
406 905
406 863
406 762
406 809
406 989
406 497
407 469
407 466
407 995
408 655
408 679
408 731
408 781
408 931
408 454
408 497
409 989
409 635
409 700
409 856
409 881
409 782
409 765
409 492
409 641
409 475
409 703
409 933
410 728
410 410
410 973
410 603
410 760
410 579
411 949
411 763
411 443
412 590
412 819
412 540
413 601
414 650
414 534
414 452
414 872
414 638
414 660
414 743
414 836
414 754
414 898
414 847
414 509
414 993
414 653
415 810
415 967
416 425
416 433
416 596
416 870
416 905
416 989
416 854
416 801
416 936
417 796
417 610
417 643
417 704
417 733
417 635
417 700
418 863
418 999
418 785
418 429
419 590
419 889
419 431
419 952
419 484
419 873
420 591
420 696
420 900
420 913
420 656
420 600
420 954
420 998
421 775
421 657
421 604
421 768
421 435
421 581
422 534
422 660
422 638
422 422
423 655
423 684
423 755
423 797
423 931
423 423
423 579
423 954
423 993
424 584
424 851
424 900
424 873
424 498
424 718
424 673
424 972
424 443
424 497
425 923
425 935
425 485
425 806
425 965
426 515
426 516
426 636
426 685
426 694
427 667
427 559
427 581
427 707
427 900
428 468
428 582
428 589
428 503
428 919
428 998
429 897
429 865
429 566
429 788
429 917
429 882
429 625
430 914
430 684
430 637
430 928
430 449
430 992
430 700
431 527
431 590
431 803
431 573
431 976
431 714
431 555
431 956
431 771
431 484
431 837
431 507
431 990
431 674
431 850
431 609
431 677
431 952
431 659
431 794
431 981
431 948
431 642
431 536
431 755
431 995
431 744
431 740
431 852
431 464
432 576
433 684
433 605
433 706
433 993
433 772
434 949
434 637
434 684
434 931
434 914
434 439
434 993
434 796
435 800
435 693
435 691
435 872
435 631
435 604
435 943
435 932
436 477
436 460
436 668
436 731
436 459
437 728
437 711
437 603
437 534
438 529
438 590
438 952
439 770
439 715
440 541
440 906
440 593
441 700
441 933
441 856
441 908
441 603
441 492
442 696
442 599
442 700
442 814
442 492
443 571
443 581
443 656
443 954
443 444
443 842
443 746
443 900
443 991
443 498
443 930
443 547
443 939
443 985
443 483
443 497
444 581
444 591
444 644
444 697
444 966
444 676
444 842
444 823
444 821
444 686
445 521
445 700
445 765
445 909
445 933
445 492
446 543
446 816
446 589
446 479
446 764
447 516
447 475
447 597
447 672
447 978
447 663
448 460
448 923
448 668
449 715
449 817
449 947
449 731
449 793
449 844
449 613
449 490
449 637
449 517
449 521
449 838
450 796
450 469
450 611
451 590
451 952
451 990
451 608
451 663
451 493
452 650
452 916
452 639
452 641
452 884
452 468
452 536
452 857
453 921
453 610
453 816
453 547
453 581
453 606
454 721
454 947
454 618
454 888
454 726
454 682
454 945
454 715
454 490
454 914
454 809
454 759
454 472
454 782
454 589
455 799
455 571
455 900
455 954
455 455
455 570
455 586
455 752
455 970
456 787
456 796
456 643
456 831
456 733
456 753
456 628
457 999
457 538
457 597
457 907
457 978
458 702
458 840
458 878
459 796
459 720
459 974
459 486
459 859
459 952
459 988
460 889
460 872
461 583
461 822
461 694
461 669
462 708
462 845
462 462
462 590
463 825
463 632
463 772
463 900
463 497
464 696
464 772
464 495
464 847
464 733
464 996
464 497
465 481
465 868
466 934
466 995
466 590
467 568
467 985
467 492
468 916
468 650
468 509
468 941
469 796
469 592
469 724
469 896
470 896
470 952
470 484
470 875
471 493
471 572
471 700
471 782
471 910
471 925
471 577
471 876
471 885
471 488
471 534
471 557
471 492
472 593
472 700
472 769
472 881
472 933
472 874
472 472
472 856
472 958
472 489
472 892
472 564
472 537
472 788
472 986
472 909
472 908
472 577
472 678
472 890
472 790
472 765
472 814
472 773
472 937
472 818
472 997
472 910
472 922
472 875
472 982
472 747
472 540
472 718
472 857
472 492
473 835
473 905
473 801
473 900
474 918
474 592
474 943
475 597
475 978
475 999
476 589
476 560
476 479
476 764
476 927
477 561
477 682
477 812
477 888
477 931
477 755
477 624
478 598
478 600
478 549
478 517
478 478
478 850
479 556
479 589
479 764
479 757
479 503
479 493
479 987
479 994
479 582
479 710
479 816
479 586
479 691
479 951
479 980
479 972
480 903
480 929
480 557
480 716
480 752
481 967
481 810
481 704
481 952
482 582
482 589
482 816
482 895
483 605
483 715
483 993
484 731
484 792
484 588
484 952
484 919
484 815
484 559
484 648
484 701
484 976
484 665
484 866
484 956
484 717
484 825
484 660
485 745
485 806
485 835
485 485
485 523
485 934
485 931
485 564
486 964
486 501
487 546
487 581
487 676
487 900
487 927
487 944
487 998
488 700
488 881
488 630
488 492
489 700
490 726
490 931
490 993
491 687
491 905
491 672
491 936
491 989
491 853
492 551
492 599
492 700
492 537
492 909
492 875
492 678
492 506
492 769
492 856
492 635
492 922
492 892
492 881
492 997
492 492
492 521
492 958
492 986
492 818
492 572
492 790
492 773
492 765
492 925
492 814
492 953
492 593
492 890
492 876
492 500
492 933
492 577
492 874
492 788
492 782
492 908
492 885
492 870
492 806
492 741
492 517
492 791
492 683
492 889
493 589
493 828
494 530
494 546
494 567
494 673
495 900
495 913
495 954
496 995
496 611
497 570
497 581
497 656
497 696
497 900
497 998
497 927
497 498
497 894
497 547
497 778
497 705
497 786
497 913
497 802
497 628
497 571
497 730
497 930
497 833
497 966
497 895
497 575
498 736
498 581
498 628
498 849
498 900
498 707
498 590
499 600
499 861
499 645
500 700
500 909
501 591
501 842
501 900
501 998
502 526
502 621
502 658
503 589
504 571
504 676
504 644
504 944
504 998
504 900
504 996
504 857
504 623
505 700
505 524
505 727
505 758
506 593
506 700
506 986
506 572
507 590
507 677
508 741
508 934
508 681
508 619
508 612
509 916
509 534
509 743
509 638
509 750
509 872
509 729
509 788
509 586
510 646
510 516
510 636
511 548
511 931
511 975
511 993
511 764
511 524
512 904
512 723
512 858
512 868
512 532
512 988
512 591
512 885
513 931
513 755
513 793
513 832
513 555
513 728
514 698
514 768
514 796
514 897
514 566
514 520
514 514
514 817
514 912
514 983
514 625
515 688
515 880
515 776
515 516
515 561
515 636
515 718
516 713
516 561
516 688
516 685
516 694
516 744
516 636
516 825
516 779
516 552
516 880
516 516
516 690
516 838
516 548
516 566
516 759
516 907
517 862
517 902
517 834
517 913
518 675
518 848
518 708
518 845
518 811
518 580
519 552
519 753
519 898
519 641
519 544
520 969
521 814
521 937
521 758
521 700
522 951
522 633
522 522
522 758
522 761
522 727
522 919
522 524
522 843
522 853
523 905
523 694
523 672
523 849
524 637
524 849
524 774
524 756
524 843
524 531
524 761
524 574
524 853
524 703
524 737
524 533
524 758
524 719
524 611
524 541
524 579
524 672
524 709
524 558
524 540
524 680
525 661
525 525
525 664
526 631
526 699
526 988
526 858
527 643
527 701
527 979
527 664
527 590
527 674
527 677
528 886
528 811
528 636
529 990
529 529
529 590
529 790
530 541
530 911
530 752
530 734
530 530
530 703
530 595
530 676
531 547
531 774
531 719
531 541
531 680
532 658
532 555
532 988
533 611
533 756
533 625
533 848
534 639
534 836
534 754
534 872
534 660
534 534
534 650
534 629
534 638
534 972
534 701
535 624
535 742
535 882
536 603
537 635
537 856
537 678
537 567
537 700
538 978
538 663
538 892
539 574
540 783
540 611
540 893
540 719
541 739
541 734
541 595
541 581
542 775
542 657
542 955
542 961
542 671
542 604
542 719
543 859
543 586
543 753
544 898
544 545
544 624
544 623
544 753
544 742
544 547
544 577
544 696
545 659
545 898
545 737
545 623
546 810
546 766
546 568
546 601
547 705
547 718
547 998
547 581
547 900
548 636
548 561
548 880
548 588
549 864
549 630
550 617
550 622
550 701
550 837
550 735
551 775
551 874
551 720
551 700
551 933
552 690
552 838
552 561
552 636
552 744
552 639
553 923
553 553
553 850
554 554
554 716
554 763
555 823
555 654
555 837
555 588
555 590
555 609
556 947
556 993
556 987
556 940
556 584
556 589
557 558
557 716
557 569
557 693
557 686
558 929
558 569
558 903
558 949
558 716
558 581
559 609
559 622
559 815
559 590
559 617
560 710
560 767
560 582
560 589
560 954
561 825
561 779
561 744
561 694
561 880
561 688
561 685
561 728
561 684
561 636
561 781
561 571
561 730
562 863
563 749
563 994
563 642
563 828
563 589
563 953
564 796
564 964
564 622
564 577
564 700
565 741
565 681
565 619
566 887
566 829
566 571
566 778
566 777
566 969
567 754
567 704
567 590
567 659
568 729
568 982
568 595
568 601
568 752
569 929
569 903
569 804
570 842
570 877
570 802
570 786
570 849
570 581
570 813
570 913
570 718
570 968
570 984
570 800
570 900
570 954
570 998
571 877
571 649
571 786
571 900
571 954
572 997
572 885
572 876
572 773
572 790
572 922
572 700
573 656
573 590
573 866
573 896
573 913
574 611
574 719
575 636
575 789
575 945
575 687
575 830
575 618
575 812
575 931
575 993
576 661
576 808
576 838
576 926
577 631
577 635
577 885
577 757
577 709
577 700
577 856
577 933
578 660
578 796
578 724
579 775
579 657
579 800
579 604
579 961
579 579
579 691
579 693
579 640
579 880
579 704
580 861
580 640
580 657
580 671
581 813
581 740
581 970
581 966
581 697
581 722
581 839
581 847
581 786
581 673
581 996
581 991
581 746
581 718
581 833
581 632
581 939
581 591
581 985
581 940
581 696
581 849
581 581
581 707
581 778
581 877
581 927
581 873
581 944
581 808
581 821
581 698
581 972
581 871
581 691
581 900
581 998
582 831
582 589
582 673
583 669
583 924
583 695
583 942
583 583
583 822
584 846
584 767
584 589
584 590
585 973
585 614
585 760
585 670
586 767
586 589
588 589
588 674
588 815
588 887
588 590
589 757
589 987
589 950
589 749
589 764
589 828
589 767
589 994
589 710
589 589
589 816
589 859
589 962
589 656
590 866
590 653
590 891
590 626
590 981
590 608
590 948
590 617
590 803
590 609
590 665
590 896
590 677
590 714
590 799
590 855
590 979
590 642
590 907
590 990
590 590
590 956
590 659
590 648
590 823
590 976
590 771
590 701
590 622
590 666
590 919
590 654
590 674
590 794
590 837
590 804
590 612
590 620
590 779
590 844
590 741
590 899
590 938
590 768
590 870
590 889
591 842
591 697
591 833
591 985
591 596
591 639
591 696
591 895
591 913
591 998
592 796
592 610
592 899
592 678
593 759
593 885
593 953
594 619
594 702
594 840
594 878
594 894
595 844
595 689
595 837
595 601
596 602
596 631
596 826
596 596
596 956
596 779
596 696
597 912
597 663
597 999
598 902
598 598
598 861
598 778
599 700
599 716
599 881
600 861
600 862
600 938
601 651
601 732
601 729
601 725
601 766
601 739
601 754
601 763
602 602
602 962
602 805
602 631
602 826
603 711
603 973
603 603
603 760
603 712
603 744
603 714
604 681
604 993
604 691
604 955
604 893
604 641
604 671
604 693
604 986
604 859
604 654
605 916
605 798
605 809
605 652
605 931
605 993
605 700
606 877
606 833
606 968
606 900
606 741
606 839
606 913
606 954
606 998
607 931
608 886
608 665
608 674
608 677
608 891
609 799
609 803
609 771
609 815
609 855
609 857
609 654
609 794
609 760
609 631
609 626
609 674
609 677
609 804
610 796
610 748
610 920
610 921
611 645
612 820
613 809
613 963
613 664
613 679
613 682
613 747
613 793
613 931
613 993
613 900
614 712
614 803
614 760
614 842
615 726
615 926
615 704
615 781
615 682
615 797
615 798
615 914
616 852
616 863
616 905
616 616
617 837
617 817
617 952
618 888
618 993
618 809
618 664
618 931
618 992
618 696
619 741
619 681
619 819
619 723
619 684
619 826
620 795
620 620
620 721
620 789
620 747
620 993
621 811
621 904
621 658
621 988
622 889
623 650
623 898
623 835
624 882
625 865
625 777
625 625
625 684
625 902
626 758
626 672
627 646
627 811
627 915
627 627
627 672
628 901
628 649
628 746
628 842
629 972
629 629
629 861
630 702
630 735
630 878
631 636
631 805
631 826
632 786
632 984
632 694
632 696
632 778
632 842
632 998
633 807
633 834
633 883
633 700
634 721
634 959
634 841
634 871
634 829
635 885
635 937
635 788
635 997
635 769
635 908
635 700
635 856
636 780
636 880
636 713
636 690
636 779
636 636
636 838
636 845
637 755
637 637
637 983
637 655
637 684
637 993
638 650
638 660
638 836
638 748
638 792
638 734
639 650
639 954
640 931
640 667
640 657
641 661
641 657
641 893
641 782
641 775
641 671
641 961
642 957
642 642
642 954
643 796
643 995
644 800
644 702
644 996
644 696
644 851
644 900
645 707
645 843
645 853
646 646
646 915
646 811
646 884
646 647
646 866
646 863
647 915
647 811
647 886
648 857
648 674
648 919
648 796
648 799
648 891
648 954
649 972
649 707
649 944
649 954
649 998
650 750
650 743
650 746
650 972
651 729
651 791
652 951
652 715
652 731
652 931
652 993
653 956
653 896
653 952
653 842
653 969
653 680
654 735
654 948
654 739
655 704
655 715
655 992
655 726
655 812
655 764
655 766
655 673
655 958
655 687
655 993
655 827
656 985
656 877
656 718
656 858
656 697
656 786
656 849
656 930
656 954
657 812
657 893
657 775
657 671
657 955
657 667
657 657
657 714
657 883
657 828
657 691
658 928
658 858
658 988
658 723
658 772
658 945
658 910
659 840
659 919
659 794
659 842
660 660
660 972
661 920
661 661
661 824
661 849
661 701
662 912
662 663
662 662
663 978
663 800
664 947
664 928
664 683
664 752
664 682
665 845
665 866
665 808
665 714
666 993
667 691
668 835
669 993
669 843
669 924
669 942
669 695
669 692
669 897
670 962
670 682
670 704
670 706
670 832
670 931
670 992
671 693
671 739
672 905
672 801
672 936
672 852
672 863
673 966
673 833
673 970
673 673
673 954
673 998
674 857
674 979
674 702
674 819
674 889
675 845
675 848
675 784
675 708
675 867
675 912
676 966
676 696
676 954
676 998
677 770
677 771
677 735
678 773
678 986
678 908
678 700
678 910
678 925
679 965
679 945
679 908
679 993
680 769
680 719
681 741
681 934
681 681
681 819
681 745
681 690
681 904
681 993
682 931
682 706
682 683
682 977
682 755
682 726
682 701
682 891
682 798
682 918
683 795
683 993
684 817
684 812
684 983
684 768
684 928
684 781
684 721
684 756
684 913
684 762
684 993
685 906
686 993
686 686
686 830
686 834
686 931
687 704
687 789
687 793
687 931
687 993
688 751
689 810
689 967
690 842
691 691
691 693
691 893
691 775
691 720
691 699
692 896
692 974
693 800
694 838
694 900
694 913
695 918
695 987
696 802
696 954
696 740
696 927
696 968
696 963
696 913
696 900
696 772
696 839
696 939
696 786
696 837
696 730
696 842
697 707
697 900
697 998
698 706
698 768
698 793
698 965
698 993
699 867
700 910
700 856
700 881
700 986
700 958
700 782
700 892
700 909
700 925
700 790
700 700
700 788
700 875
700 933
700 773
700 922
700 818
700 814
700 997
700 874
700 765
700 937
700 890
700 908
700 953
700 769
700 709
700 939
700 727
700 879
700 842
701 821
701 714
701 889
702 735
702 820
702 840
702 946
702 878
702 787
703 975
703 911
703 969
704 926
704 967
704 993
704 800
705 929
705 920
705 778
705 900
705 954
706 798
706 873
706 931
707 901
707 778
707 940
707 813
707 900
707 998
707 719
708 848
708 726
708 943
709 798
709 763
711 854
711 973
711 712
712 973
712 760
712 868
715 872
715 865
715 768
715 793
715 812
715 993
715 830
716 950
717 923
717 765
717 958
718 968
718 900
718 954
719 775
719 761
719 774
719 843
719 719
720 974
720 995
721 992
721 770
721 791
722 793
722 900
722 998
723 904
723 988
724 957
725 886
726 992
726 812
726 947
726 993
727 792
727 853
728 900
729 791
730 985
730 847
731 747
731 931
732 839
733 796
733 943
733 745
733 756
733 970
735 946
735 878
735 820
735 735
735 807
735 930
736 796
736 974
737 834
737 785
737 864
738 837
738 905
738 801
738 989
739 791
739 982
739 818
740 900
740 744
741 745
741 819
741 741
742 771
742 742
744 847
745 934
745 821
745 897
745 937
746 931
746 901
746 953
746 913
746 963
746 998
746 986
747 809
747 918
747 960
747 900
747 798
747 947
747 993
747 878
748 831
748 938
748 964
748 974
748 891
749 950
749 869
750 916
750 972
750 778
752 997
754 916
755 881
755 768
755 793
755 993
755 878
756 937
757 947
757 816
759 936
759 852
761 853
761 843
762 905
762 852
762 989
763 992
763 954
764 950
764 987
768 888
768 797
768 812
770 844
770 993
771 907
772 813
772 991
772 842
772 900
772 939
772 998
773 782
773 875
775 961
775 922
776 943
776 787
776 796
778 778
778 941
778 968
778 954
779 779
780 780
780 880
780 838
781 844
781 945
781 918
781 931
781 993
782 814
783 957
783 921
783 796
783 831
783 964
784 848
784 918
785 955
786 842
786 954
786 997
786 802
786 851
786 900
787 796
789 817
789 993
790 977
790 818
790 881
790 892
791 880
792 855
792 907
792 896
793 928
793 926
793 812
793 931
793 993
794 823
794 952
795 832
795 977
796 796
796 943
796 995
796 951
796 921
796 899
796 979
796 938
797 945
797 833
797 993
798 931
798 993
798 817
798 918
800 961
800 955
800 933
802 914
802 939
802 901
802 825
802 842
803 896
804 981
804 956
804 919
804 897
804 900
805 805
805 826
806 923
807 834
808 824
808 808
808 920
808 923
809 812
809 918
810 846
810 967
811 879
811 886
811 915
811 884
811 891
811 993
812 962
812 945
812 812
812 922
812 931
812 993
813 900
813 998
815 952
816 994
817 918
817 993
819 934
819 836
820 946
821 934
822 924
822 942
822 908
823 850
825 960
826 967
826 980
826 826
827 971
827 887
828 922
829 967
829 841
829 871
829 829
830 861
831 904
832 947
832 993
835 923
835 935
835 980
836 900
837 891
838 838
838 994
839 998
839 900
840 946
841 959
841 871
842 944
842 940
842 900
842 941
842 901
842 894
842 954
842 842
842 984
842 872
842 913
843 976
844 945
844 977
844 914
844 993
845 845
845 867
846 846
847 851
848 848
849 871
849 913
849 954
849 900
849 963
851 996
851 930
851 939
851 977
852 905
852 870
852 980
852 989
854 854
856 936
856 890
856 856
856 881
858 988
860 967
860 932
860 868
861 861
861 862
861 948
863 992
863 905
863 989
863 869
865 884
866 896
868 967
869 905
870 905
871 959
871 871
872 916
873 900
873 954
875 885
876 986
876 878
876 885
877 998
878 935
879 926
879 910
882 898
885 925
886 915
887 971
887 894
888 931
888 993
889 928
889 952
891 924
892 908
892 925
894 998
895 984
895 966
895 900
898 905
899 951
899 938
900 946
900 991
900 954
900 913
900 984
900 932
900 996
900 998
900 940
900 968
900 985
900 941
900 900
900 933
900 997
902 963
903 929
904 904
904 988
905 936
905 905
905 989
910 937
910 957
913 963
913 975
913 954
916 989
920 978
921 964
921 957
921 959
923 935
924 942
926 965
926 931
926 993
927 938
929 929
931 993
931 931
931 992
931 945
931 962
931 983
931 977
932 941
932 970
932 998
936 989
937 953
937 937
938 974
938 951
940 954
943 951
943 964
944 987
944 954
945 993
946 998
948 979
948 956
948 993
952 976
954 966
954 985
954 963
955 959
960 971
961 961
962 962
963 998
964 995
968 998
969 989
970 998
971 971
972 972
973 973
975 993
983 993
984 998
992 993
993 993
996 998
