1	58 
2	383 
3	118 
4	383 
5	429 
6	432 
7	22 
8	225 
9	351 
10	297 
11	541 
12	412 
13	549 
14	45 
15	344 
16	225 
17	538 
18	239 
19	402 
20	205 
21	45 
22	331 
23	439 
24	8 
25	350 
26	176 
27	143 
28	410 
29	139 
30	311 
31	548 
32	27 
33	44 
34	51 
35	406 
36	72 
37	226 
38	145 
39	1 
40	112 
41	382 
42	474 
43	146 
44	215 
45	546 
46	368 
47	333 
48	297 
49	315 
50	180 
51	235 
52	508 
53	454 
54	43 
55	242 
56	186 
57	53 
58	184 
59	61 
60	421 
61	513 
62	7 
63	507 
64	331 
65	529 
66	237 
67	32 
68	272 
69	399 
70	445 
71	453 
72	127 
73	336 
74	370 
75	520 
76	523 
77	291 
78	139 
79	17 
80	133 
81	128 
82	458 
83	14 
84	537 
85	461 
86	381 
87	480 
88	321 
89	329 
90	264 
91	75 
92	192 
93	323 
94	202 
95	96 
96	419 
97	415 
98	149 
99	338 
100	535 
101	110 
102	13 
103	12 
104	552 
105	110 
106	272 
107	390 
108	27 
109	392 
110	28 
111	388 
112	253 
113	279 
114	189 
115	154 
116	232 
117	92 
118	142 
119	394 
120	142 
121	80 
122	290 
123	444 
124	231 
125	153 
126	316 
127	256 
128	458 
129	99 
130	264 
131	365 
132	361 
133	520 
134	526 
135	278 
136	558 
137	269 
138	269 
139	457 
140	154 
141	215 
142	204 
143	380 
144	503 
145	235 
146	373 
147	298 
148	386 
149	552 
150	439 
151	8 
152	154 
153	123 
154	122 
155	220 
156	322 
157	158 
158	137 
159	323 
160	354 
161	507 
162	185 
163	535 
164	486 
165	403 
166	544 
167	32 
168	554 
169	441 
170	298 
171	237 
172	62 
173	274 
174	538 
175	470 
176	139 
177	49 
178	208 
179	102 
180	536 
181	229 
182	168 
183	165 
184	131 
185	303 
186	371 
187	236 
188	69 
189	345 
190	40 
191	129 
192	463 
193	516 
194	190 
195	207 
196	534 
197	441 
198	556 
199	73 
200	408 
201	300 
202	156 
203	415 
204	450 
205	243 
206	187 
207	535 
208	206 
209	370 
210	148 
211	447 
212	73 
213	398 
214	349 
215	111 
216	348 
217	449 
218	448 
219	80 
220	95 
221	139 
222	416 
223	518 
224	332 
225	272 
226	36 
227	516 
228	272 
229	492 
230	91 
231	516 
232	126 
233	10 
234	89 
235	29 
236	157 
237	108 
238	474 
239	24 
240	428 
241	41 
242	281 
243	201 
244	151 
245	507 
246	338 
247	483 
248	142 
249	67 
250	517 
251	329 
252	26 
253	190 
254	456 
255	210 
256	447 
257	390 
258	78 
259	447 
260	165 
261	238 
262	45 
263	548 
264	15 
265	479 
266	70 
267	271 
268	182 
269	242 
270	547 
271	21 
272	271 
273	395 
274	515 
275	264 
276	190 
277	269 
278	6 
279	2 
280	478 
281	420 
282	297 
283	126 
284	460 
285	94 
286	209 
287	426 
288	105 
289	153 
290	80 
291	244 
292	27 
293	301 
294	58 
295	240 
296	439 
297	170 
298	370 
299	410 
300	339 
301	198 
302	375 
303	264 
304	92 
305	279 
306	63 
307	39 
308	173 
309	298 
310	385 
311	89 
312	511 
313	238 
314	339 
315	165 
316	523 
317	510 
318	138 
319	335 
320	78 
321	493 
322	307 
323	535 
324	158 
325	106 
326	185 
327	282 
328	29 
329	387 
330	318 
331	8 
332	42 
333	246 
334	492 
335	421 
336	48 
337	170 
338	308 
339	516 
340	461 
341	315 
342	181 
343	360 
344	87 
345	422 
346	201 
347	209 
348	115 
349	118 
350	208 
351	497 
352	432 
353	102 
354	114 
355	443 
356	220 
357	454 
358	379 
359	287 
360	421 
361	24 
362	146 
363	65 
364	474 
365	8 
366	141 
367	485 
368	456 
369	59 
370	286 
371	502 
372	470 
373	518 
374	145 
375	211 
376	119 
377	379 
378	389 
379	103 
380	395 
381	354 
382	323 
383	123 
384	547 
385	348 
386	264 
387	347 
388	383 
389	456 
390	154 
391	436 
392	54 
393	9 
394	212 
395	462 
396	292 
397	434 
398	408 
399	552 
400	61 
401	75 
402	193 
403	541 
404	440 
405	452 
406	59 
407	198 
408	6 
409	341 
410	69 
411	299 
412	199 
413	34 
414	179 
415	490 
416	397 
417	528 
418	484 
419	31 
420	133 
421	471 
422	27 
423	257 
424	542 
425	40 
426	557 
427	93 
428	346 
429	205 
430	18 
431	137 
432	503 
433	459 
434	274 
435	46 
436	86 
437	513 
438	150 
439	340 
440	111 
441	482 
442	124 
443	168 
444	328 
445	306 
446	76 
447	14 
448	348 
449	194 
450	400 
451	411 
452	185 
453	545 
454	528 
455	494 
456	437 
457	425 
458	513 
459	9 
460	11 
461	366 
462	254 
463	53 
464	365 
465	395 
466	246 
467	62 
468	451 
469	260 
470	95 
471	193 
472	505 
473	158 
474	278 
475	73 
476	450 
477	149 
478	359 
479	393 
480	363 
481	451 
482	285 
483	415 
484	95 
485	548 
486	457 
487	355 
488	525 
489	17 
490	147 
491	211 
492	388 
493	396 
494	144 
495	45 
496	1 
497	258 
498	396 
499	22 
500	206 
501	557 
502	143 
503	43 
504	395 
505	206 
506	390 
507	34 
508	180 
509	197 
510	513 
511	319 
512	180 
513	188 
514	255 
515	541 
516	162 
517	254 
518	261 
519	83 
520	466 
521	493 
522	462 
523	478 
524	506 
525	433 
526	26 
527	68 
528	350 
529	185 
530	49 
531	502 
532	313 
533	71 
534	381 
535	500 
536	320 
537	15 
538	138 
539	498 
540	94 
541	359 
542	264 
543	165 
544	383 
545	279 
546	451 
547	30 
548	492 
549	345 
550	276 
551	80 
552	288 
553	516 
554	9 
555	160 
556	549 
557	278 
558	20 
559	111 
560	204 
561	375 
562	87 
563	163 
564	528 
565	456 
566	52 
567	373 
568	321 
569	493 
570	147 
571	516 
572	277 
573	533 
574	316 
575	174 
576	250 
577	327 
578	93 
579	473 
580	160 
581	555 
582	40 
583	450 
584	65 
585	484 
586	382 
587	414 
588	165 
589	163 
590	142 
591	479 
592	378 
593	488 
594	472 
595	138 
596	335 
597	163 
598	489 
599	27 
600	255 
601	245 
602	308 
603	446 
604	19 
605	282 
606	78 
607	142 
608	232 
609	68 
610	348 
611	465 
612	419 
613	474 
614	139 
615	4 
616	262 
617	111 
618	76 
619	23 
620	96 
621	200 
622	450 
623	194 
624	481 
625	526 
626	159 
627	407 
628	384 
629	244 
630	453 
631	329 
632	426 
633	435 
634	76 
635	500 
636	419 
637	151 
638	80 
639	446 
640	107 
641	449 
642	153 
643	64 
644	183 
645	44 
646	127 
647	221 
648	278 
649	141 
650	540 
651	474 
652	92 
653	314 
654	35 
655	31 
656	269 
657	516 
658	162 
659	22 
660	43 
661	106 
662	392 
663	397 
664	211 
665	28 
666	24 
667	139 
668	19 
669	11 
670	415 
671	194 
672	545 
673	144 
674	407 
675	207 
676	242 
677	234 
678	27 
679	387 
680	333 
681	321 
682	111 
683	360 
684	462 
685	155 
686	131 
687	177 
688	239 
689	307 
690	236 
691	380 
692	180 
693	477 
694	91 
695	192 
696	558 
697	32 
698	461 
699	226 
700	143 
701	252 
702	277 
703	22 
704	299 
705	162 
706	20 
707	55 
708	117 
709	274 
710	177 
711	185 
712	111 
713	18 
714	80 
715	258 
716	221 
717	468 
718	225 
719	364 
720	462 
721	78 
722	84 
723	191 
724	441 
725	422 
726	391 
727	120 
728	139 
729	551 
730	550 
731	63 
732	525 
733	378 
734	131 
735	299 
736	226 
737	357 
738	331 
739	362 
740	221 
741	165 
742	71 
743	3 
744	538 
745	74 
746	399 
747	294 
748	43 
749	236 
750	173 
751	498 
752	344 
753	174 
754	80 
755	431 
756	373 
757	501 
758	439 
759	277 
760	251 
761	320 
762	428 
763	375 
764	217 
765	207 
766	437 
767	442 
768	163 
769	470 
770	294 
771	404 
772	558 
773	539 
774	339 
775	410 
776	437 
777	447 
778	279 
779	490 
780	369 
781	499 
782	214 
783	236 
784	319 
785	130 
786	63 
787	103 
788	35 
789	440 
790	118 
791	24 
792	249 
793	95 
794	387 
795	463 
796	312 
797	321 
798	249 
799	555 
800	294 
801	339 
802	198 
803	70 
804	28 
805	358 
806	97 
807	332 
808	335 
809	252 
810	432 
811	297 
812	235 
813	473 
814	392 
815	12 
816	483 
817	447 
818	63 
819	126 
820	39 
821	296 
822	419 
823	167 
824	554 
825	322 
826	478 
827	396 
828	518 
829	247 
830	80 
831	553 
832	486 
833	255 
834	409 
835	343 
836	341 
837	93 
838	475 
839	320 
840	321 
841	198 
842	445 
843	58 
844	427 
845	302 
846	365 
847	199 
848	246 
849	278 
850	110 
851	297 
852	276 
853	404 
854	533 
855	45 
856	61 
857	341 
858	284 
859	384 
860	479 
861	134 
862	23 
863	40 
864	17 
865	151 
866	158 
867	435 
868	318 
869	478 
870	382 
871	73 
872	523 
873	85 
874	77 
875	69 
876	35 
877	98 
878	478 
879	431 
880	461 
881	321 
882	177 
883	166 
884	33 
885	97 
886	124 
887	472 
888	24 
889	530 
890	50 
891	68 
892	190 
893	231 
894	207 
895	355 
896	90 
897	472 
898	91 
899	502 
900	426 
901	83 
902	542 
903	53 
904	14 
905	545 
906	344 
907	117 
908	62 
909	31 
910	46 
911	187 
912	184 
913	138 
914	197 
915	400 
916	180 
917	449 
918	295 
919	4 
920	93 
921	364 
922	476 
923	53 
924	171 
925	541 
926	165 
927	303 
928	23 
929	7 
930	115 
931	83 
932	80 
933	473 
934	535 
935	492 
936	53 
937	216 
938	118 
939	274 
940	343 
941	401 
942	457 
943	176 
944	310 
945	260 
946	325 
947	64 
948	273 
949	222 
950	336 
951	472 
952	287 
953	373 
954	453 
955	19 
956	80 
957	269 
958	299 
959	352 
960	265 
961	421 
962	406 
963	179 
964	385 
965	403 
966	345 
967	251 
968	387 
969	420 
970	124 
971	186 
972	80 
973	283 
974	419 
975	488 
976	337 
977	180 
978	210 
979	250 
980	294 
981	398 
982	256 
983	346 
984	214 
985	422 
986	453 
987	346 
988	193 
989	503 
990	351 
991	12 
992	310 
993	419 
994	405 
995	136 
996	357 
997	445 
998	216 
999	194 
1000	168 
1001	400 
1002	527 
1003	353 
1004	171 
1005	177 
1006	99 
1007	301 
1008	325 
1009	94 
1010	178 
1011	69 
1012	549 
1013	48 
1014	33 
1015	147 
1016	150 
1017	287 
1018	517 
1019	537 
1020	54 
1021	514 
1022	50 
1023	219 
1024	195 
1025	282 
1026	477 
1027	305 
1028	345 
1029	9 
1030	8 
1031	184 
1032	21 
1033	516 
1034	446 
1035	45 
1036	12 
1037	165 
1038	45 
1039	202 
1040	281 
1041	374 
1042	531 
1043	392 
1044	536 
1045	92 
1046	8 
1047	226 
1048	363 
1049	530 
1050	214 
1051	192 
1052	521 
1053	439 
1054	465 
1055	162 
1056	358 
1057	224 
1058	128 
1059	278 
1060	472 
1061	3 
1062	147 
1063	278 
1064	283 
1065	403 
1066	130 
1067	424 
1068	169 
1069	299 
1070	400 
1071	12 
1072	370 
1073	416 
1074	522 
1075	353 
1076	167 
1077	356 
1078	185 
1079	455 
1080	555 
1081	84 
1082	511 
1083	537 
1084	6 
1085	466 
1086	398 
1087	511 
1088	146 
1089	301 
1090	279 
1091	10 
1092	549 
1093	276 
1094	421 
1095	392 
1096	359 
1097	274 
1098	505 
1099	136 
1100	165 
1101	501 
1102	126 
1103	195 
1104	308 
1105	430 
1106	188 
1107	13 
1108	191 
1109	12 
1110	168 
1111	183 
1112	22 
1113	68 
1114	493 
1115	196 
1116	151 
1117	174 
1118	396 
1119	495 
1120	423 
1121	172 
1122	438 
1123	224 
1124	376 
1125	129 
1126	436 
1127	38 
1128	269 
1129	92 
1130	184 
1131	168 
1132	479 
1133	445 
1134	408 
1135	475 
1136	331 
1137	361 
1138	557 
1139	502 
1140	116 
1141	494 
1142	473 
1143	329 
1144	71 
1145	56 
1146	54 
1147	110 
1148	376 
1149	407 
1150	72 
1151	475 
1152	81 
1153	129 
1154	54 
1155	468 
1156	2 
1157	517 
1158	271 
1159	424 
1160	227 
1161	76 
1162	177 
1163	483 
1164	377 
1165	100 
1166	80 
1167	298 
1168	477 
1169	259 
1170	310 
1171	390 
1172	121 
1173	316 
1174	325 
1175	84 
1176	313 
1177	35 
1178	295 
1179	227 
1180	260 
1181	203 
1182	519 
1183	89 
1184	438 
1185	182 
1186	473 
1187	69 
1188	60 
1189	282 
1190	125 
1191	386 
1192	320 
1193	474 
1194	399 
1195	67 
1196	429 
1197	181 
1198	82 
1199	88 
1200	78 
1201	167 
1202	537 
1203	53 
1204	311 
1205	59 
1206	36 
1207	272 
1208	134 
1209	327 
1210	31 
1211	427 
1212	76 
1213	501 
1214	370 
1215	205 
1216	306 
1217	154 
1218	61 
1219	38 
1220	211 
1221	432 
1222	144 
1223	229 
1224	540 
1225	368 
1226	58 
1227	371 
1228	293 
1229	3 
1230	378 
1231	118 
1232	326 
1233	440 
1234	499 
1235	293 
1236	426 
1237	31 
1238	389 
1239	75 
1240	196 
1241	219 
1242	183 
1243	239 
1244	376 
1245	194 
1246	443 
1247	311 
1248	367 
1249	30 
1250	444 
1251	502 
1252	209 
1253	424 
1254	76 
1255	234 
1256	524 
1257	418 
1258	116 
1259	397 
1260	412 
1261	342 
1262	132 
1263	217 
1264	15 
1265	209 
1266	58 
1267	315 
1268	498 
1269	502 
1270	79 
1271	279 
1272	14 
1273	128 
1274	395 
1275	143 
1276	215 
1277	347 
1278	331 
1279	108 
1280	111 
1281	458 
1282	396 
1283	237 
1284	299 
1285	210 
1286	113 
1287	26 
1288	48 
1289	412 
1290	308 
1291	439 
1292	288 
1293	424 
1294	320 
1295	196 
1296	194 
1297	492 
1298	1 
1299	349 
1300	80 
1301	268 
1302	272 
1303	148 
1304	295 
1305	467 
1306	436 
1307	208 
1308	88 
1309	269 
1310	514 
1311	354 
1312	46 
1313	384 
1314	150 
1315	347 
1316	151 
1317	395 
1318	308 
1319	80 
1320	222 
1321	541 
1322	413 
1323	80 
1324	249 
1325	296 
1326	154 
1327	417 
1328	60 
1329	14 
1330	193 
1331	320 
1332	453 
1333	378 
1334	173 
1335	159 
1336	254 
1337	359 
1338	141 
1339	138 
1340	233 
1341	446 
1342	289 
1343	117 
1344	534 
1345	113 
1346	478 
1347	304 
1348	353 
1349	313 
1350	296 
1351	52 
1352	221 
1353	166 
1354	520 
1355	119 
1356	549 
1357	458 
1358	146 
1359	161 
1360	386 
1361	225 
1362	147 
1363	251 
1364	47 
1365	446 
1366	358 
1367	212 
1368	486 
1369	21 
1370	269 
1371	314 
1372	153 
1373	480 
1374	434 
1375	321 
1376	447 
1377	85 
1378	1 
1379	255 
1380	149 
1381	512 
1382	22 
1383	506 
1384	307 
1385	314 
1386	403 
1387	111 
1388	49 
1389	210 
1390	48 
1391	289 
1392	369 
1393	54 
1394	515 
1395	183 
1396	112 
1397	478 
1398	83 
1399	147 
1400	341 
1401	233 
1402	273 
1403	363 
1404	269 
1405	76 
1406	95 
1407	212 
1408	464 
1409	471 
1410	65 
1411	520 
1412	86 
1413	176 
1414	266 
1415	176 
1416	3 
1417	165 
1418	515 
1419	204 
1420	540 
1421	201 
1422	557 
1423	383 
1424	186 
1425	352 
1426	448 
1427	549 
1428	534 
1429	395 
1430	58 
1431	154 
1432	108 
1433	491 
1434	385 
1435	68 
1436	271 
1437	244 
1438	198 
1439	157 
1440	162 
1441	235 
1442	56 
1443	419 
1444	436 
1445	524 
1446	74 
1447	119 
1448	144 
1449	290 
1450	510 
1451	109 
1452	268 
1453	107 
1454	234 
1455	214 
1456	462 
1457	281 
1458	190 
1459	30 
1460	554 
1461	467 
1462	188 
1463	437 
1464	382 
1465	355 
1466	204 
1467	272 
1468	5 
1469	476 
1470	548 
1471	26 
1472	85 
1473	517 
1474	365 
1475	147 
1476	117 
1477	516 
1478	556 
1479	394 
1480	109 
1481	468 
1482	173 
1483	381 
1484	538 
1485	212 
1486	516 
1487	269 
1488	352 
1489	521 
1490	58 
1491	465 
1492	2 
1493	538 
1494	502 
1495	207 
1496	226 
1497	334 
1498	31 
1499	405 
1500	320 
1501	478 
1502	19 
1503	375 
1504	65 
1505	271 
1506	325 
1507	462 
1508	221 
1509	80 
1510	495 
1511	368 
1512	185 
1513	441 
1514	280 
1515	466 
1516	503 
1517	396 
1518	454 
1519	244 
1520	431 
1521	191 
1522	311 
1523	539 
1524	252 
1525	180 
1526	376 
1527	399 
1528	77 
1529	502 
1530	205 
1531	472 
1532	179 
1533	264 
1534	34 
1535	368 
1536	306 
1537	459 
1538	202 
1539	157 
1540	62 
1541	372 
1542	129 
1543	449 
1544	290 
1545	228 
1546	102 
1547	429 
1548	221 
1549	30 
1550	327 
1551	314 
1552	159 
1553	112 
1554	247 
1555	442 
1556	1 
1557	545 
1558	84 
1559	337 
1560	33 
1561	64 
1562	206 
1563	475 
1564	165 
1565	373 
1566	503 
1567	505 
1568	529 
1569	219 
1570	374 
1571	45 
1572	52 
1573	524 
1574	319 
1575	389 
1576	278 
1577	487 
1578	417 
1579	385 
1580	184 
1581	340 
1582	120 
1583	258 
1584	487 
1585	516 
1586	206 
1587	466 
1588	68 
1589	364 
1590	69 
1591	219 
1592	310 
1593	302 
1594	169 
1595	68 
1596	471 
1597	75 
1598	2 
1599	408 
1600	232 
1601	108 
1602	255 
1603	302 
1604	519 
1605	102 
1606	25 
1607	119 
1608	73 
1609	216 
1610	91 
1611	277 
1612	464 
1613	331 
1614	72 
1615	416 
1616	137 
1617	505 
1618	153 
1619	163 
1620	55 
1621	74 
1622	478 
1623	556 
1624	43 
1625	341 
1626	444 
1627	306 
1628	248 
1629	439 
1630	282 
1631	180 
1632	309 
1633	235 
1634	436 
1635	90 
1636	84 
1637	355 
1638	496 
1639	464 
1640	158 
1641	3 
1642	276 
1643	101 
1644	310 
1645	395 
1646	551 
1647	11 
1648	376 
1649	78 
1650	287 
1651	286 
1652	72 
1653	498 
1654	512 
1655	428 
1656	80 
1657	261 
1658	356 
1659	248 
1660	132 
1661	321 
1662	465 
1663	232 
1664	190 
1665	7 
1666	128 
1667	10 
1668	199 
1669	549 
1670	202 
1671	69 
1672	417 
1673	157 
1674	497 
1675	12 
1676	134 
1677	123 
1678	239 
1679	241 
1680	383 
1681	202 
1682	406 
1683	269 
1684	321 
1685	363 
1686	164 
1687	167 
1688	4 
1689	29 
1690	253 
1691	351 
1692	168 
1693	452 
1694	107 
1695	108 
1696	284 
1697	383 
1698	415 
1699	122 
1700	124 
1701	345 
1702	116 
1703	317 
1704	76 
1705	4 
1706	518 
1707	482 
1708	416 
1709	266 
1710	365 
1711	222 
1712	536 
1713	505 
1714	229 
1715	283 
1716	158 
1717	210 
1718	302 
1719	122 
1720	151 
1721	238 
1722	108 
1723	56 
1724	457 
1725	220 
1726	462 
1727	262 
1728	4 
1729	463 
1730	305 
1731	448 
1732	460 
1733	358 
1734	88 
1735	216 
1736	238 
1737	212 
1738	272 
1739	349 
1740	311 
1741	448 
1742	27 
1743	80 
1744	213 
1745	220 
1746	197 
1747	291 
1748	68 
1749	296 
1750	435 
1751	411 
1752	403 
1753	504 
1754	485 
1755	38 
1756	377 
1757	230 
1758	440 
1759	113 
1760	191 
1761	156 
1762	207 
1763	329 
1764	468 
1765	242 
1766	375 
1767	354 
1768	461 
1769	147 
1770	221 
1771	519 
1772	148 
1773	387 
1774	326 
1775	79 
1776	215 
1777	136 
1778	227 
1779	253 
1780	326 
1781	358 
1782	267 
1783	463 
1784	461 
1785	269 
1786	312 
1787	77 
1788	357 
1789	308 
1790	57 
1791	385 
1792	250 
1793	199 
1794	333 
1795	551 
1796	361 
1797	356 
1798	363 
1799	117 
1800	31 
1801	148 
1802	338 
1803	167 
1804	532 
1805	331 
1806	4 
1807	56 
1808	315 
1809	116 
1810	508 
1811	388 
1812	101 
1813	359 
1814	26 
1815	538 
1816	432 
1817	330 
1818	263 
1819	537 
1820	86 
1821	80 
1822	369 
1823	353 
1824	217 
1825	532 
1826	121 
1827	545 
1828	176 
1829	36 
1830	304 
1831	412 
1832	480 
1833	91 
1834	275 
1835	21 
1836	318 
1837	1 
1838	77 
1839	385 
1840	379 
1841	190 
1842	528 
1843	18 
1844	212 
1845	440 
1846	223 
1847	498 
1848	165 
1849	284 
1850	87 
1851	510 
1852	100 
1853	189 
1854	213 
1855	110 
1856	280 
1857	405 
1858	70 
1859	197 
1860	100 
1861	411 
1862	294 
1863	404 
1864	92 
1865	90 
1866	196 
1867	320 
1868	252 
1869	428 
1870	543 
1871	295 
1872	506 
1873	404 
1874	57 
1875	514 
1876	110 
1877	48 
1878	204 
1879	203 
1880	401 
1881	76 
1882	537 
1883	364 
1884	517 
1885	534 
1886	248 
1887	215 
1888	327 
1889	270 
1890	420 
1891	155 
1892	354 
1893	181 
1894	244 
1895	509 
1896	403 
1897	517 
1898	298 
1899	541 
1900	437 
1901	389 
1902	112 
1903	528 
1904	152 
1905	223 
1906	188 
1907	145 
1908	68 
1909	163 
1910	232 
1911	222 
1912	264 
1913	186 
1914	113 
1915	37 
1916	18 
1917	306 
1918	261 
1919	497 
1920	133 
1921	137 
1922	61 
1923	555 
1924	492 
1925	475 
1926	477 
1927	554 
1928	338 
1929	321 
1930	5 
1931	182 
1932	67 
1933	197 
1934	8 
1935	516 
1936	230 
1937	502 
1938	229 
1939	121 
1940	217 
1941	125 
1942	311 
1943	92 
1944	432 
1945	287 
1946	201 
1947	102 
1948	55 
1949	11 
1950	245 
1951	138 
1952	107 
1953	455 
1954	550 
1955	40 
1956	453 
1957	369 
1958	249 
1959	122 
1960	390 
1961	359 
1962	326 
1963	168 
1964	393 
1965	41 
1966	290 
1967	476 
1968	84 
1969	359 
1970	180 
1971	185 
1972	12 
1973	135 
1974	304 
1975	18 
1976	80 
1977	139 
1978	415 
1979	463 
1980	307 
1981	14 
1982	218 
1983	29 
1984	516 
1985	494 
1986	450 
1987	59 
1988	308 
1989	124 
1990	537 
1991	273 
1992	232 
1993	252 
1994	341 
1995	204 
1996	482 
1997	53 
1998	98 
1999	157 
2000	261 
2001	502 
2002	17 
2003	212 
2004	547 
2005	290 
2006	169 
2007	334 
2008	341 
2009	117 
2010	204 
2011	171 
2012	259 
2013	77 
2014	80 
2015	215 
2016	456 
2017	466 
2018	202 
2019	148 
2020	433 
2021	523 
2022	249 
2023	17 
2024	174 
2025	149 
2026	99 
2027	10 
2028	371 
2029	37 
2030	353 
2031	552 
2032	288 
2033	454 
2034	18 
2035	501 
2036	211 
2037	102 
2038	25 
2039	16 
2040	293 
2041	296 
2042	262 
2043	114 
2044	145 
2045	157 
2046	18 
2047	471 
2048	370 
2049	371 
2050	250 
2051	82 
2052	335 
2053	377 
2054	98 
2055	320 
2056	520 
2057	223 
2058	156 
2059	217 
2060	9 
2061	518 
2062	527 
2063	295 
2064	264 
2065	83 
2066	45 
2067	150 
2068	408 
2069	414 
2070	59 
2071	213 
2072	495 
2073	1 
2074	126 
2075	118 
2076	229 
2077	45 
2078	170 
2079	321 
2080	250 
2081	94 
2082	91 
2083	477 
2084	104 
2085	486 
2086	247 
2087	408 
2088	136 
2089	295 
2090	307 
2091	369 
2092	478 
2093	45 
2094	101 
2095	524 
2096	527 
2097	391 
2098	157 
2099	181 
2100	409 
2101	142 
2102	324 
2103	235 
2104	193 
2105	44 
2106	344 
2107	462 
2108	209 
2109	286 
2110	495 
2111	423 
2112	500 
2113	157 
2114	25 
2115	346 
2116	122 
2117	542 
2118	118 
2119	214 
2120	411 
2121	122 
2122	478 
2123	323 
2124	498 
2125	52 
2126	336 
2127	269 
2128	90 
2129	183 
2130	347 
2131	394 
2132	45 
2133	515 
2134	96 
2135	548 
2136	414 
2137	476 
2138	152 
2139	319 
2140	544 
2141	418 
2142	504 
2143	3 
2144	379 
2145	204 
2146	275 
2147	286 
2148	487 
2149	330 
2150	219 
2151	204 
2152	220 
2153	308 
2154	297 
2155	271 
2156	296 
2157	134 
2158	366 
2159	333 
2160	268 
2161	317 
2162	41 
2163	5 
2164	117 
2165	191 
2166	338 
2167	333 
2168	410 
2169	466 
2170	185 
2171	406 
2172	239 
2173	136 
2174	48 
2175	256 
2176	524 
2177	305 
2178	185 
2179	453 
2180	190 
2181	160 
2182	179 
2183	249 
2184	41 
2185	39 
2186	408 
2187	105 
2188	476 
2189	466 
2190	543 
2191	441 
2192	521 
2193	401 
2194	478 
2195	326 
2196	99 
2197	280 
2198	99 
2199	525 
2200	427 
2201	318 
2202	318 
2203	96 
2204	373 
2205	69 
2206	188 
2207	390 
2208	451 
2209	68 
2210	556 
2211	109 
2212	230 
2213	43 
2214	530 
2215	157 
2216	270 
2217	365 
2218	155 
2219	103 
2220	493 
2221	291 
2222	248 
2223	415 
2224	509 
2225	333 
2226	69 
2227	305 
2228	146 
2229	477 
2230	165 
2231	121 
2232	249 
2233	368 
2234	175 
2235	465 
2236	445 
2237	308 
2238	338 
2239	251 
2240	236 
2241	8 
2242	190 
2243	281 
2244	65 
2245	442 
2246	350 
2247	446 
2248	76 
2249	484 
2250	552 
2251	269 
2252	374 
2253	113 
2254	15 
2255	232 
2256	455 
2257	195 
2258	331 
2259	498 
2260	527 
2261	189 
2262	543 
2263	156 
2264	172 
2265	192 
2266	269 
2267	400 
2268	227 
2269	91 
2270	255 
2271	126 
2272	110 
2273	338 
2274	529 
2275	48 
2276	282 
2277	541 
2278	159 
2279	198 
2280	550 
2281	38 
2282	299 
2283	195 
2284	531 
2285	539 
2286	440 
2287	92 
2288	59 
2289	339 
2290	510 
2291	253 
2292	420 
2293	507 
2294	522 
2295	278 
2296	234 
2297	532 
2298	81 
2299	461 
2300	27 
2301	436 
2302	357 
2303	160 
2304	411 
2305	402 
2306	101 
2307	407 
2308	284 
2309	320 
2310	259 
2311	509 
2312	277 
2313	139 
2314	466 
2315	516 
2316	447 
2317	274 
2318	45 
2319	491 
2320	153 
2321	185 
2322	383 
2323	188 
2324	326 
2325	18 
2326	191 
2327	21 
2328	58 
2329	525 
2330	385 
2331	45 
2332	228 
2333	484 
2334	416 
2335	425 
2336	69 
2337	15 
2338	30 
2339	134 
2340	464 
2341	511 
2342	485 
2343	86 
2344	219 
2345	63 
2346	70 
2347	302 
2348	92 
2349	27 
2350	418 
2351	519 
2352	161 
2353	363 
2354	437 
2355	540 
2356	235 
2357	22 
2358	525 
2359	382 
2360	441 
2361	557 
2362	231 
2363	480 
2364	256 
2365	158 
2366	376 
2367	383 
2368	500 
2369	193 
2370	172 
2371	555 
2372	358 
2373	354 
2374	246 
2375	11 
2376	551 
2377	214 
2378	181 
2379	284 
2380	458 
2381	250 
2382	369 
2383	530 
2384	481 
2385	263 
2386	427 
2387	160 
2388	406 
2389	72 
2390	81 
2391	472 
2392	245 
2393	249 
2394	72 
2395	351 
2396	399 
2397	220 
2398	287 
2399	188 
2400	520 
2401	321 
2402	56 
2403	358 
2404	189 
2405	207 
2406	71 
2407	327 
2408	222 
2409	454 
2410	59 
2411	206 
2412	99 
2413	157 
2414	45 
2415	309 
2416	174 
2417	554 
2418	59 
2419	413 
2420	252 
2421	143 
2422	324 
2423	460 
2424	238 
2425	420 
2426	54 
2427	275 
2428	247 
2429	256 
2430	528 
2431	254 
2432	79 
2433	521 
2434	391 
2435	388 
2436	80 
2437	387 
2438	219 
2439	50 
2440	397 
2441	152 
2442	216 
2443	515 
2444	483 
2445	2 
2446	186 
2447	171 
2448	267 
2449	513 
2450	76 
2451	3 
2452	302 
2453	504 
2454	150 
2455	260 
2456	282 
2457	247 
2458	7 
2459	417 
2460	327 
2461	141 
2462	520 
2463	494 
2464	472 
2465	80 
2466	558 
2467	58 
2468	557 
2469	105 
2470	132 
2471	5 
2472	16 
2473	433 
2474	507 
2475	466 
2476	201 
2477	114 
2478	414 
2479	109 
2480	142 
2481	272 
2482	243 
2483	466 
2484	133 
2485	451 
2486	479 
2487	333 
2488	46 
2489	118 
2490	58 
2491	172 
2492	23 
2493	483 
2494	132 
2495	477 
2496	540 
2497	37 
2498	48 
2499	214 
2500	218 
2501	504 
2502	517 
2503	163 
2504	126 
2505	199 
2506	314 
2507	197 
2508	309 
2509	558 
2510	457 
2511	495 
2512	547 
2513	490 
2514	447 
2515	457 
2516	3 
2517	37 
2518	146 
2519	243 
2520	467 
2521	215 
2522	543 
2523	466 
2524	44 
2525	336 
2526	247 
2527	343 
2528	401 
2529	115 
2530	532 
2531	138 
2532	62 
2533	388 
2534	455 
2535	516 
2536	219 
2537	203 
2538	32 
2539	190 
2540	473 
2541	433 
2542	424 
2543	86 
2544	502 
2545	538 
2546	186 
2547	277 
2548	217 
2549	421 
2550	458 
2551	67 
2552	318 
2553	128 
2554	533 
2555	320 
2556	68 
2557	430 
2558	313 
2559	520 
2560	354 
2561	318 
2562	144 
2563	456 
2564	90 
2565	242 
2566	195 
2567	492 
2568	16 
2569	513 
2570	288 
2571	330 
2572	535 
2573	64 
2574	451 
2575	17 
2576	340 
2577	113 
2578	98 
2579	150 
2580	476 
2581	183 
2582	526 
2583	309 
2584	127 
2585	356 
2586	482 
2587	321 
2588	67 
2589	490 
2590	41 
2591	169 
2592	99 
2593	342 
2594	187 
2595	423 
2596	477 
2597	98 
2598	256 
2599	334 
2600	372 
2601	183 
2602	298 
2603	385 
2604	524 
2605	14 
2606	557 
2607	164 
2608	62 
2609	68 
2610	426 
2611	303 
2612	34 
2613	258 
2614	292 
2615	282 
2616	270 
2617	351 
2618	130 
2619	419 
2620	262 
2621	67 
2622	293 
2623	539 
2624	401 
2625	543 
2626	110 
2627	440 
2628	174 
2629	551 
2630	539 
2631	204 
2632	438 
2633	29 
2634	459 
2635	542 
2636	320 
2637	81 
2638	286 
2639	522 
2640	53 
2641	223 
2642	371 
2643	541 
2644	218 
2645	439 
2646	196 
2647	91 
2648	23 
2649	509 
2650	461 
2651	389 
2652	13 
2653	415 
2654	30 
2655	369 
2656	321 
2657	92 
2658	252 
2659	194 
2660	234 
2661	389 
2662	448 
2663	46 
2664	407 
2665	229 
2666	379 
2667	257 
2668	508 
2669	338 
2670	2 
2671	157 
2672	130 
2673	411 
2674	394 
2675	300 
2676	160 
2677	86 
2678	249 
2679	512 
2680	108 
2681	245 
2682	262 
2683	2 
2684	351 
2685	443 
2686	173 
2687	197 
2688	375 
2689	367 
2690	190 
2691	451 
2692	407 
2693	29 
2694	190 
2695	33 
2696	550 
2697	457 
2698	4 
2699	525 
2700	402 
2701	179 
2702	1 
2703	508 
2704	334 
2705	135 
2706	485 
2707	516 
2708	48 
2709	467 
2710	58 
2711	39 
2712	157 
2713	554 
2714	452 
2715	515 
2716	545 
2717	416 
2718	337 
2719	31 
2720	236 
2721	54 
2722	343 
2723	229 
2724	426 
2725	74 
2726	173 
2727	333 
2728	377 
2729	384 
2730	84 
2731	414 
2732	280 
2733	404 
2734	477 
2735	200 
2736	218 
2737	281 
2738	81 
2739	483 
2740	512 
2741	289 
2742	310 
2743	549 
2744	333 
2745	58 
2746	414 
2747	380 
2748	290 
2749	78 
2750	220 
2751	363 
2752	50 
2753	377 
2754	537 
2755	178 
2756	64 
2757	510 
2758	79 
2759	533 
2760	459 
2761	237 
2762	459 
2763	179 
2764	162 
2765	290 
2766	50 
2767	271 
2768	356 
2769	24 
2770	419 
2771	554 
2772	333 
2773	413 
2774	480 
2775	304 
2776	192 
2777	20 
2778	11 
2779	3 
2780	129 
2781	258 
2782	66 
2783	244 
2784	69 
2785	475 
2786	231 
2787	366 
2788	85 
2789	131 
2790	444 
2791	558 
2792	285 
2793	422 
2794	460 
2795	428 
2796	292 
2797	299 
2798	363 
2799	501 
2800	409 
2801	54 
2802	81 
2803	245 
2804	265 
2805	277 
2806	502 
2807	148 
2808	67 
2809	403 
2810	124 
2811	556 
2812	291 
2813	121 
2814	211 
2815	517 
2816	180 
2817	502 
2818	284 
2819	276 
2820	7 
2821	157 
2822	533 
2823	422 
2824	93 
2825	151 
2826	417 
2827	196 
2828	458 
2829	161 
2830	156 
2831	194 
2832	401 
2833	512 
2834	298 
2835	272 
2836	379 
2837	334 
2838	493 
2839	284 
2840	244 
2841	437 
2842	143 
2843	18 
2844	35 
2845	256 
2846	339 
2847	372 
2848	442 
2849	332 
2850	37 
2851	174 
2852	193 
2853	435 
2854	19 
2855	443 
2856	270 
2857	297 
2858	45 
2859	25 
2860	241 
2861	360 
2862	504 
2863	145 
2864	49 
2865	356 
2866	273 
2867	188 
2868	370 
2869	253 
2870	130 
2871	188 
2872	265 
2873	349 
2874	113 
2875	289 
2876	174 
2877	153 
2878	2 
2879	488 
2880	74 
2881	466 
2882	400 
2883	226 
2884	112 
2885	190 
2886	143 
2887	102 
2888	249 
2889	417 
2890	336 
2891	115 
2892	164 
2893	66 
2894	354 
2895	12 
2896	475 
2897	558 
2898	358 
2899	132 
2900	52 
2901	305 
2902	439 
2903	53 
2904	501 
2905	17 
2906	332 
2907	269 
2908	380 
2909	349 
2910	173 
2911	477 
2912	465 
2913	97 
2914	61 
2915	368 
2916	79 
2917	273 
2918	156 
2919	206 
2920	150 
2921	425 
2922	434 
2923	465 
2924	178 
2925	258 
2926	509 
2927	289 
2928	443 
2929	281 
2930	216 
2931	419 
2932	43 
2933	25 
2934	498 
2935	96 
2936	96 
2937	344 
2938	126 
2939	225 
2940	137 
2941	256 
2942	516 
2943	216 
2944	299 
2945	416 
2946	134 
2947	94 
2948	94 
2949	143 
2950	457 
2951	105 
2952	140 
2953	74 
2954	320 
2955	517 
2956	6 
2957	552 
2958	18 
2959	532 
2960	419 
2961	147 
2962	291 
2963	70 
2964	54 
2965	178 
2966	269 
2967	288 
2968	532 
2969	146 
2970	214 
2971	236 
2972	51 
2973	253 
2974	392 
2975	241 
2976	324 
2977	183 
2978	237 
2979	34 
2980	399 
2981	429 
2982	532 
2983	521 
2984	506 
2985	530 
2986	478 
2987	168 
2988	307 
2989	189 
2990	288 
2991	240 
2992	263 
2993	80 
2994	451 
2995	125 
2996	177 
2997	28 
2998	387 
2999	43 
3000	143 
3001	280 
3002	141 
3003	176 
3004	132 
3005	170 
3006	187 
3007	318 
3008	140 
3009	201 
3010	295 
3011	526 
3012	97 
3013	136 
3014	276 
3015	384 
3016	290 
3017	372 
3018	501 
3019	239 
3020	209 
3021	209 
3022	94 
3023	240 
3024	49 
3025	502 
3026	385 
3027	190 
3028	401 
3029	549 
3030	298 
3031	529 
3032	69 
3033	379 
3034	253 
3035	94 
3036	92 
3037	7 
3038	503 
3039	427 
3040	357 
3041	446 
3042	503 
3043	175 
3044	487 
3045	269 
3046	390 
3047	276 
3048	496 
3049	345 
3050	107 
3051	441 
3052	436 
3053	136 
3054	111 
3055	58 
3056	181 
3057	488 
3058	358 
3059	29 
3060	226 
3061	267 
3062	428 
3063	253 
3064	224 
3065	133 
3066	71 
3067	246 
3068	262 
3069	292 
3070	409 
3071	317 
3072	351 
3073	190 
3074	264 
3075	457 
3076	337 
3077	431 
3078	554 
3079	364 
3080	104 
3081	420 
3082	551 
3083	415 
3084	273 
3085	420 
3086	249 
3087	169 
3088	67 
3089	445 
3090	107 
3091	19 
3092	398 
3093	103 
3094	327 
3095	202 
3096	136 
3097	386 
3098	185 
3099	137 
3100	465 
3101	94 
3102	452 
3103	468 
3104	68 
3105	100 
3106	413 
3107	297 
3108	157 
3109	94 
3110	291 
3111	449 
3112	437 
3113	60 
3114	326 
3115	389 
3116	487 
3117	508 
3118	77 
3119	405 
3120	64 
3121	278 
3122	522 
3123	209 
3124	123 
3125	469 
3126	114 
3127	552 
3128	365 
3129	510 
3130	126 
3131	283 
3132	511 
3133	466 
3134	136 
3135	404 
3136	516 
3137	435 
3138	458 
3139	12 
3140	266 
3141	97 
3142	159 
3143	141 
3144	489 
3145	132 
3146	241 
3147	330 
3148	232 
3149	102 
3150	440 
3151	496 
3152	189 
3153	517 
3154	376 
3155	546 
3156	541 
3157	263 
3158	169 
3159	397 
3160	244 
3161	526 
3162	50 
3163	316 
3164	558 
3165	173 
3166	162 
3167	465 
3168	279 
3169	436 
3170	58 
3171	426 
3172	5 
3173	70 
3174	531 
3175	400 
3176	451 
3177	548 
3178	336 
3179	112 
3180	259 
3181	80 
3182	285 
3183	14 
3184	552 
3185	449 
3186	247 
3187	547 
3188	428 
3189	58 
3190	425 
3191	279 
3192	494 
3193	294 
3194	236 
3195	201 
3196	60 
3197	522 
3198	423 
3199	422 
3200	445 
3201	91 
3202	362 
3203	83 
3204	457 
3205	171 
3206	193 
3207	460 
3208	342 
3209	302 
3210	40 
3211	393 
3212	369 
3213	267 
3214	321 
3215	270 
3216	88 
3217	292 
3218	222 
3219	395 
3220	259 
3221	220 
3222	207 
3223	253 
3224	10 
3225	506 
3226	98 
3227	254 
3228	68 
3229	458 
3230	463 
3231	535 
3232	352 
3233	499 
3234	535 
3235	66 
3236	124 
3237	356 
3238	528 
3239	523 
3240	429 
3241	527 
3242	289 
3243	335 
3244	255 
3245	536 
3246	553 
3247	549 
3248	132 
3249	268 
3250	272 
3251	368 
3252	543 
3253	127 
3254	160 
3255	9 
3256	106 
3257	434 
3258	73 
3259	372 
3260	404 
3261	93 
3262	181 
3263	476 
3264	193 
3265	176 
3266	116 
3267	504 
3268	316 
3269	58 
3270	81 
3271	38 
3272	390 
3273	32 
3274	203 
3275	168 
3276	104 
3277	457 
3278	529 
3279	337 
3280	196 
3281	150 
3282	518 
3283	80 
3284	374 
3285	334 
3286	55 
3287	158 
3288	35 
3289	259 
3290	348 
3291	280 
3292	481 
3293	110 
3294	495 
3295	292 
3296	66 
3297	440 
3298	301 
3299	250 
3300	367 
3301	78 
3302	439 
3303	320 
3304	186 
3305	230 
3306	345 
3307	132 
3308	519 
3309	102 
3310	402 
3311	258 
3312	334 
3313	25 
3314	372 
3315	367 
3316	87 
3317	384 
3318	519 
3319	374 
3320	556 
3321	338 
3322	361 
3323	411 
3324	34 
3325	217 
3326	48 
3327	212 
3328	520 
3329	142 
3330	254 
3331	503 
3332	284 
3333	397 
3334	380 
3335	199 
3336	241 
3337	105 
3338	438 
3339	47 
3340	136 
3341	134 
3342	149 
3343	352 
3344	428 
3345	325 
3346	379 
3347	206 
3348	153 
3349	218 
3350	233 
3351	398 
3352	486 
3353	196 
3354	307 
3355	353 
3356	238 
3357	63 
3358	188 
3359	363 
3360	120 
3361	186 
3362	58 
3363	353 
3364	171 
3365	35 
3366	399 
3367	357 
3368	37 
3369	340 
3370	483 
3371	257 
3372	36 
3373	368 
3374	208 
3375	248 
3376	413 
3377	269 
3378	187 
3379	241 
3380	535 
3381	69 
3382	319 
3383	98 
3384	329 
3385	355 
3386	298 
3387	284 
3388	58 
3389	291 
3390	443 
3391	5 
3392	471 
3393	240 
3394	258 
3395	46 
3396	328 
3397	439 
3398	319 
3399	246 
3400	446 
3401	539 
3402	477 
3403	39 
3404	32 
3405	378 
3406	334 
3407	220 
3408	4 
3409	269 
3410	556 
3411	250 
3412	209 
3413	106 
3414	452 
3415	283 
3416	340 
3417	200 
3418	212 
3419	368 
3420	55 
3421	8 
3422	260 
3423	269 
3424	409 
3425	495 
3426	27 
3427	269 
3428	173 
3429	544 
3430	468 
3431	228 
3432	104 
3433	242 
3434	33 
3435	242 
3436	489 
3437	286 
3438	53 
3439	309 
3440	149 
3441	273 
3442	205 
3443	468 
3444	410 
3445	514 
3446	458 
3447	345 
3448	249 
3449	399 
3450	45 
3451	264 
3452	519 
3453	431 
3454	482 
3455	13 
3456	410 
3457	238 
3458	299 
3459	423 
3460	495 
3461	46 
3462	399 
3463	295 
3464	168 
3465	334 
3466	71 
3467	180 
3468	294 
3469	370 
3470	32 
3471	266 
3472	82 
3473	384 
3474	259 
3475	270 
3476	480 
3477	301 
3478	372 
3479	273 
3480	157 
3481	251 
3482	204 
3483	224 
3484	526 
3485	132 
3486	171 
3487	318 
3488	496 
3489	491 
3490	8 
3491	521 
3492	45 
3493	439 
3494	251 
3495	149 
3496	149 
3497	454 
3498	158 
3499	546 
3500	82 
3501	348 
3502	267 
3503	335 
3504	551 
3505	224 
3506	64 
3507	435 
3508	259 
3509	262 
3510	222 
3511	486 
3512	197 
3513	402 
3514	422 
3515	179 
3516	543 
3517	269 
3518	409 
3519	124 
3520	392 
3521	266 
3522	515 
3523	284 
3524	39 
3525	225 
3526	361 
3527	167 
3528	416 
3529	332 
3530	296 
3531	128 
3532	222 
3533	89 
3534	471 
3535	52 
3536	493 
3537	289 
3538	188 
3539	88 
3540	145 
3541	58 
3542	470 
3543	150 
3544	425 
3545	223 
3546	300 
3547	558 
3548	92 
3549	430 
3550	427 
3551	494 
3552	149 
3553	63 
3554	241 
3555	241 
3556	232 
3557	434 
3558	203 
3559	154 
3560	254 
3561	2 
3562	478 
3563	394 
3564	269 
3565	363 
3566	497 
3567	489 
3568	438 
3569	258 
3570	461 
3571	362 
3572	394 
3573	218 
3574	484 
3575	197 
3576	105 
3577	17 
3578	97 
3579	349 
3580	200 
3581	475 
3582	225 
3583	265 
3584	72 
3585	179 
3586	5 
3587	230 
3588	294 
3589	32 
3590	370 
3591	371 
3592	352 
3593	172 
3594	285 
3595	419 
3596	296 
3597	54 
3598	236 
3599	477 
3600	311 
3601	313 
3602	166 
3603	333 
3604	33 
3605	418 
3606	538 
3607	415 
3608	336 
3609	558 
3610	497 
3611	496 
3612	214 
3613	25 
3614	370 
3615	547 
3616	485 
3617	443 
3618	220 
3619	436 
3620	157 
3621	462 
3622	82 
3623	163 
3624	61 
3625	555 
3626	328 
3627	366 
3628	373 
3629	252 
3630	187 
3631	169 
3632	309 
3633	200 
3634	45 
3635	462 
3636	191 
3637	474 
3638	518 
3639	125 
3640	2 
3641	486 
3642	243 
3643	455 
3644	256 
3645	6 
3646	315 
3647	434 
3648	200 
3649	284 
3650	341 
3651	381 
3652	131 
3653	385 
3654	6 
3655	485 
3656	108 
3657	351 
3658	401 
3659	515 
3660	423 
3661	523 
3662	391 
3663	400 
3664	78 
3665	478 
3666	391 
3667	323 
3668	203 
3669	208 
3670	376 
3671	178 
3672	265 
3673	119 
3674	173 
3675	256 
3676	254 
3677	439 
3678	265 
3679	85 
3680	351 
3681	401 
3682	316 
3683	481 
3684	247 
3685	393 
3686	254 
3687	240 
3688	190 
3689	476 
3690	161 
3691	378 
3692	382 
3693	190 
3694	35 
3695	85 
3696	65 
3697	247 
3698	162 
3699	428 
3700	47 
3701	107 
3702	223 
3703	377 
3704	434 
3705	555 
3706	14 
3707	409 
3708	104 
3709	48 
3710	271 
3711	36 
3712	291 
3713	160 
3714	110 
3715	543 
3716	99 
3717	95 
3718	248 
3719	77 
3720	533 
3721	186 
3722	536 
3723	268 
3724	27 
3725	229 
3726	31 
3727	427 
3728	326 
3729	310 
3730	320 
3731	321 
3732	509 
3733	5 
3734	486 
3735	178 
3736	433 
3737	111 
3738	165 
3739	208 
3740	140 
3741	66 
3742	52 
3743	297 
3744	213 
3745	490 
3746	171 
3747	413 
3748	535 
3749	522 
3750	74 
3751	543 
3752	427 
3753	347 
3754	374 
3755	322 
3756	377 
3757	288 
3758	284 
3759	420 
3760	338 
3761	89 
3762	163 
3763	96 
3764	8 
3765	447 
3766	497 
3767	502 
3768	332 
3769	76 
3770	155 
3771	324 
3772	523 
3773	47 
3774	168 
3775	238 
3776	161 
3777	301 
3778	250 
3779	8 
3780	543 
3781	516 
3782	6 
3783	558 
3784	124 
3785	462 
3786	285 
3787	121 
3788	236 
3789	59 
3790	170 
3791	432 
3792	468 
3793	282 
3794	286 
3795	553 
3796	87 
3797	177 
3798	289 
3799	470 
3800	553 
3801	350 
3802	8 
3803	174 
3804	347 
3805	271 
3806	377 
3807	480 
3808	411 
3809	166 
3810	277 
3811	272 
3812	133 
3813	265 
3814	140 
3815	246 
3816	150 
3817	176 
3818	269 
3819	317 
3820	260 
3821	8 
3822	250 
3823	11 
3824	275 
3825	272 
3826	283 
3827	269 
3828	30 
3829	410 
3830	165 
3831	161 
3832	544 
3833	290 
3834	213 
3835	496 
3836	485 
3837	234 
3838	434 
3839	53 
3840	223 
3841	356 
3842	118 
3843	369 
3844	10 
3845	21 
3846	192 
3847	341 
3848	228 
3849	292 
3850	47 
3851	490 
3852	196 
3853	178 
3854	501 
3855	497 
3856	154 
3857	113 
3858	461 
3859	470 
3860	545 
3861	165 
3862	202 
3863	228 
3864	303 
3865	375 
3866	73 
3867	424 
3868	386 
3869	439 
3870	325 
3871	246 
3872	391 
3873	426 
3874	335 
3875	512 
3876	304 
3877	314 
3878	536 
3879	269 
3880	285 
3881	322 
3882	503 
3883	430 
3884	342 
3885	159 
3886	45 
3887	477 
3888	362 
3889	222 
3890	90 
3891	145 
3892	372 
3893	307 
3894	555 
3895	481 
3896	430 
3897	16 
3898	109 
3899	484 
3900	24 
3901	55 
3902	549 
3903	244 
3904	204 
3905	457 
3906	230 
3907	245 
3908	355 
3909	83 
3910	60 
3911	443 
3912	94 
3913	175 
3914	476 
3915	195 
3916	547 
3917	365 
3918	157 
3919	488 
3920	294 
3921	466 
3922	328 
3923	424 
3924	507 
3925	437 
3926	252 
3927	90 
3928	178 
3929	527 
3930	406 
3931	550 
3932	15 
3933	373 
3934	491 
3935	142 
3936	180 
3937	223 
3938	497 
3939	149 
3940	111 
3941	149 
3942	301 
3943	503 
3944	230 
3945	374 
3946	302 
3947	152 
3948	468 
3949	160 
3950	513 
3951	275 
3952	382 
3953	365 
3954	354 
3955	26 
3956	541 
3957	398 
3958	322 
3959	356 
3960	515 
3961	331 
3962	526 
3963	186 
3964	540 
3965	97 
3966	149 
3967	385 
3968	281 
3969	435 
3970	547 
3971	524 
3972	205 
3973	312 
3974	39 
3975	90 
3976	140 
3977	80 
3978	178 
3979	444 
3980	167 
3981	220 
3982	51 
3983	61 
3984	147 
3985	323 
3986	422 
3987	1 
3988	420 
3989	450 
3990	260 
3991	518 
3992	531 
3993	109 
3994	249 
3995	251 
3996	417 
3997	512 
3998	116 
3999	79 
4000	397 
4001	264 
4002	486 
4003	274 
4004	455 
4005	244 
4006	161 
4007	505 
4008	16 
4009	301 
4010	58 
4011	366 
4012	214 
4013	38 
4014	234 
4015	47 
4016	468 
4017	10 
4018	455 
4019	464 
4020	317 
4021	170 
4022	518 
4023	494 
4024	528 
4025	497 
4026	509 
4027	237 
4028	532 
4029	152 
4030	94 
4031	533 
4032	248 
4033	134 
4034	405 
4035	401 
4036	128 
4037	44 
4038	180 
4039	150 
4040	173 
4041	358 
4042	518 
4043	71 
4044	73 
4045	272 
4046	317 
4047	103 
4048	102 
4049	546 
4050	195 
4051	168 
4052	58 
4053	472 
4054	120 
4055	128 
4056	108 
4057	292 
4058	335 
4059	82 
4060	478 
4061	240 
4062	454 
4063	155 
4064	524 
4065	78 
4066	122 
4067	191 
4068	198 
4069	384 
4070	288 
4071	39 
4072	487 
4073	528 
4074	107 
4075	343 
4076	284 
4077	488 
4078	349 
4079	179 
4080	92 
4081	20 
4082	306 
4083	297 
4084	5 
4085	223 
4086	26 
4087	427 
4088	468 
4089	338 
4090	256 
4091	319 
4092	464 
4093	393 
4094	68 
4095	550 
4096	431 
4097	264 
4098	228 
4099	206 
4100	462 
4101	58 
4102	166 
4103	97 
4104	522 
4105	438 
4106	485 
4107	68 
4108	284 
4109	498 
4110	49 
4111	58 
4112	338 
4113	505 
4114	161 
4115	213 
4116	149 
4117	367 
4118	429 
4119	146 
4120	513 
4121	353 
4122	5 
4123	377 
4124	504 
4125	111 
4126	249 
4127	100 
4128	37 
4129	139 
4130	361 
4131	63 
4132	61 
4133	318 
4134	36 
4135	322 
4136	58 
4137	494 
4138	172 
4139	87 
4140	129 
4141	244 
4142	269 
4143	340 
4144	331 
4145	69 
4146	403 
4147	198 
4148	545 
4149	310 
4150	167 
4151	328 
4152	276 
4153	556 
4154	105 
4155	319 
4156	149 
4157	470 
4158	452 
4159	111 
4160	522 
4161	213 
4162	480 
4163	496 
4164	86 
4165	471 
4166	262 
4167	28 
4168	211 
4169	258 
4170	419 
4171	95 
4172	410 
4173	457 
4174	120 
4175	230 
4176	44 
4177	144 
4178	320 
4179	62 
4180	405 
4181	437 
4182	479 
4183	290 
4184	473 
4185	555 
4186	196 
4187	482 
4188	345 
4189	484 
4190	251 
4191	42 
4192	153 
4193	457 
4194	232 
4195	414 
4196	45 
4197	11 
4198	309 
4199	429 
4200	367 
4201	183 
4202	500 
4203	207 
4204	261 
4205	495 
4206	296 
4207	238 
4208	314 
4209	320 
4210	149 
4211	44 
4212	278 
4213	398 
4214	428 
4215	453 
4216	192 
4217	467 
4218	340 
4219	157 
4220	100 
4221	127 
4222	343 
4223	160 
4224	286 
4225	178 
4226	555 
4227	108 
4228	80 
4229	531 
4230	312 
4231	542 
4232	43 
4233	502 
4234	104 
4235	500 
4236	36 
4237	59 
4238	257 
4239	359 
4240	251 
4241	130 
4242	215 
4243	487 
4244	410 
4245	190 
4246	312 
4247	553 
4248	216 
4249	393 
4250	542 
4251	1 
4252	1 
4253	104 
4254	119 
4255	204 
4256	471 
4257	189 
4258	449 
4259	150 
4260	56 
4261	43 
4262	163 
4263	311 
4264	319 
4265	458 
4266	317 
4267	11 
4268	518 
4269	240 
4270	42 
4271	544 
4272	153 
4273	273 
4274	95 
4275	179 
4276	372 
4277	86 
4278	440 
4279	445 
4280	507 
4281	2 
4282	58 
4283	155 
4284	60 
4285	66 
4286	165 
4287	151 
4288	475 
4289	444 
4290	217 
4291	287 
4292	157 
4293	527 
4294	324 
4295	506 
4296	240 
4297	149 
4298	262 
4299	341 
4300	16 
4301	497 
4302	130 
4303	64 
4304	133 
4305	373 
4306	398 
4307	359 
4308	306 
4309	116 
4310	188 
4311	341 
4312	300 
4313	179 
4314	478 
4315	106 
4316	271 
4317	171 
4318	210 
4319	205 
4320	454 
4321	540 
4322	171 
4323	269 
4324	3 
4325	545 
4326	212 
4327	275 
4328	486 
4329	553 
4330	208 
4331	76 
4332	462 
4333	195 
4334	223 
4335	350 
4336	115 
4337	40 
4338	138 
4339	484 
4340	421 
4341	490 
4342	87 
4343	470 
4344	334 
4345	497 
4346	463 
4347	452 
4348	228 
4349	477 
4350	543 
4351	472 
4352	171 
4353	50 
4354	449 
4355	380 
4356	190 
4357	11 
4358	489 
4359	21 
4360	51 
4361	546 
4362	286 
4363	20 
4364	456 
4365	412 
4366	375 
4367	77 
4368	84 
4369	255 
4370	547 
4371	47 
4372	227 
4373	209 
4374	330 
4375	28 
4376	97 
4377	422 
4378	146 
4379	190 
4380	407 
4381	332 
4382	391 
4383	198 
4384	379 
4385	36 
4386	403 
4387	127 
4388	542 
4389	273 
4390	50 
4391	338 
4392	70 
4393	207 
4394	172 
4395	210 
4396	252 
4397	122 
4398	351 
4399	462 
4400	331 
4401	22 
4402	331 
4403	105 
4404	334 
4405	386 
4406	409 
4407	549 
4408	425 
4409	168 
4410	137 
4411	293 
4412	271 
4413	180 
4414	303 
4415	141 
4416	324 
4417	556 
4418	149 
4419	80 
4420	19 
4421	270 
4422	527 
4423	11 
4424	185 
4425	557 
4426	50 
4427	531 
4428	517 
4429	108 
4430	195 
4431	184 
4432	479 
4433	468 
4434	293 
4435	355 
4436	80 
4437	443 
4438	331 
4439	120 
4440	216 
4441	90 
4442	513 
4443	268 
4444	444 
4445	335 
4446	336 
4447	498 
4448	549 
4449	164 
4450	297 
4451	112 
4452	493 
4453	23 
4454	477 
4455	522 
4456	202 
4457	165 
4458	438 
4459	552 
4460	307 
4461	101 
4462	41 
4463	331 
4464	305 
4465	203 
4466	497 
4467	370 
4468	109 
4469	514 
4470	201 
4471	70 
4472	87 
4473	338 
4474	32 
4475	52 
4476	65 
4477	3 
4478	360 
4479	346 
4480	25 
4481	399 
4482	167 
4483	64 
4484	179 
4485	155 
4486	245 
4487	450 
4488	228 
4489	122 
4490	491 
4491	68 
4492	70 
4493	331 
4494	42 
4495	206 
4496	229 
4497	78 
4498	81 
4499	326 
4500	98 
4501	536 
4502	341 
4503	89 
4504	407 
4505	548 
4506	88 
4507	445 
4508	1 
4509	528 
4510	462 
4511	445 
4512	184 
4513	492 
4514	19 
4515	132 
4516	424 
4517	166 
4518	189 
4519	548 
4520	430 
4521	75 
4522	445 
4523	506 
4524	113 
4525	120 
4526	43 
4527	343 
4528	496 
4529	213 
4530	55 
4531	34 
4532	177 
4533	309 
4534	281 
4535	227 
4536	320 
4537	452 
4538	307 
4539	128 
4540	356 
4541	388 
4542	15 
4543	10 
4544	101 
4545	491 
4546	457 
4547	157 
4548	479 
4549	459 
4550	376 
4551	285 
4552	226 
4553	448 
4554	33 
4555	324 
4556	352 
4557	42 
4558	165 
4559	540 
4560	298 
4561	198 
4562	347 
4563	49 
4564	132 
4565	233 
4566	481 
4567	367 
4568	318 
4569	132 
4570	221 
4571	152 
4572	159 
4573	284 
4574	106 
4575	493 
4576	130 
4577	461 
4578	269 
4579	510 
4580	540 
4581	330 
4582	544 
4583	542 
4584	131 
4585	323 
4586	466 
4587	226 
4588	343 
4589	162 
4590	401 
4591	68 
4592	33 
4593	425 
4594	452 
4595	66 
4596	174 
4597	72 
4598	490 
4599	438 
4600	419 
4601	49 
4602	402 
4603	310 
4604	331 
4605	503 
4606	230 
4607	241 
4608	413 
4609	125 
4610	342 
4611	337 
4612	364 
4613	239 
4614	354 
4615	265 
4616	120 
4617	469 
4618	338 
4619	269 
4620	93 
4621	519 
4622	428 
4623	277 
4624	246 
4625	550 
4626	68 
4627	495 
4628	68 
4629	346 
4630	410 
4631	502 
4632	18 
4633	306 
4634	516 
4635	247 
4636	21 
4637	367 
4638	83 
4639	12 
4640	206 
4641	76 
4642	34 
4643	492 
4644	85 
4645	441 
4646	257 
4647	326 
4648	53 
4649	206 
4650	313 
4651	419 
4652	87 
4653	440 
4654	119 
4655	114 
4656	116 
4657	119 
4658	295 
4659	516 
4660	534 
4661	166 
4662	326 
4663	284 
4664	64 
4665	263 
4666	300 
4667	550 
4668	225 
4669	66 
4670	92 
4671	312 
4672	516 
4673	146 
4674	361 
4675	302 
4676	359 
4677	68 
4678	356 
4679	224 
4680	554 
4681	464 
4682	486 
4683	149 
4684	81 
4685	370 
4686	529 
4687	185 
4688	198 
4689	58 
4690	23 
4691	65 
4692	80 
4693	492 
4694	531 
4695	542 
4696	193 
4697	91 
4698	215 
4699	138 
4700	394 
4701	233 
4702	63 
4703	209 
4704	257 
4705	95 
4706	20 
4707	28 
4708	398 
4709	92 
4710	177 
4711	282 
4712	346 
4713	503 
4714	339 
4715	21 
4716	448 
4717	371 
4718	295 
4719	77 
4720	180 
4721	192 
4722	517 
4723	284 
4724	166 
4725	460 
4726	107 
4727	303 
4728	149 
4729	276 
4730	6 
4731	208 
4732	266 
4733	375 
4734	300 
4735	461 
4736	68 
4737	291 
4738	224 
4739	91 
4740	12 
4741	8 
4742	482 
4743	400 
4744	142 
4745	519 
4746	45 
4747	233 
4748	80 
4749	131 
4750	114 
4751	62 
4752	247 
4753	116 
4754	69 
4755	175 
4756	291 
4757	460 
4758	366 
4759	190 
4760	29 
4761	226 
4762	227 
4763	71 
4764	144 
4765	402 
4766	2 
4767	547 
4768	404 
4769	516 
4770	360 
4771	294 
4772	202 
4773	28 
4774	51 
4775	488 
4776	335 
4777	294 
4778	200 
4779	35 
4780	435 
4781	255 
4782	155 
4783	101 
4784	471 
4785	13 
4786	518 
4787	394 
4788	35 
4789	105 
4790	294 
4791	312 
4792	353 
4793	463 
4794	185 
4795	13 
4796	132 
4797	142 
4798	494 
4799	148 
4800	255 
4801	342 
4802	305 
4803	112 
4804	58 
4805	312 
4806	173 
4807	91 
4808	337 
4809	435 
4810	102 
4811	279 
4812	558 
4813	137 
4814	131 
4815	231 
4816	175 
4817	518 
4818	199 
4819	535 
4820	322 
4821	425 
4822	410 
4823	165 
4824	106 
4825	273 
4826	71 
4827	411 
4828	93 
4829	153 
4830	79 
4831	417 
4832	41 
4833	447 
4834	180 
4835	450 
4836	133 
4837	523 
4838	151 
4839	550 
4840	188 
4841	413 
4842	476 
4843	273 
4844	515 
4845	127 
4846	135 
4847	45 
4848	407 
4849	98 
4850	6 
4851	195 
4852	382 
4853	309 
4854	533 
4855	219 
4856	378 
4857	199 
4858	20 
4859	315 
4860	505 
4861	164 
4862	396 
4863	128 
4864	142 
4865	81 
4866	506 
4867	408 
4868	45 
4869	448 
4870	204 
4871	480 
4872	14 
4873	386 
4874	50 
4875	294 
4876	546 
4877	442 
4878	269 
4879	280 
4880	9 
4881	159 
4882	45 
4883	142 
4884	426 
4885	194 
4886	329 
4887	17 
4888	68 
4889	81 
4890	69 
4891	100 
4892	484 
4893	152 
4894	253 
4895	294 
4896	157 
4897	75 
4898	13 
4899	303 
4900	544 
4901	105 
4902	461 
4903	400 
4904	142 
4905	284 
4906	406 
4907	235 
4908	29 
4909	99 
4910	28 
4911	309 
4912	30 
4913	308 
4914	109 
4915	520 
4916	471 
4917	170 
4918	373 
4919	379 
4920	435 
4921	50 
4922	262 
4923	130 
4924	456 
4925	317 
4926	553 
4927	300 
4928	34 
4929	356 
4930	162 
4931	289 
4932	314 
4933	8 
4934	82 
4935	68 
4936	204 
4937	460 
4938	197 
4939	154 
4940	39 
4941	142 
4942	248 
4943	238 
4944	15 
4945	73 
4946	190 
4947	89 
4948	463 
4949	325 
4950	268 
4951	157 
4952	424 
4953	66 
4954	366 
4955	468 
4956	12 
4957	320 
4958	344 
4959	121 
4960	227 
4961	339 
4962	135 
4963	42 
4964	309 
4965	167 
4966	364 
4967	156 
4968	473 
4969	401 
4970	534 
4971	320 
4972	44 
4973	227 
4974	50 
4975	136 
4976	80 
4977	421 
4978	472 
4979	293 
4980	399 
4981	28 
4982	114 
4983	460 
4984	2 
4985	131 
4986	103 
4987	282 
4988	80 
4989	333 
4990	477 
4991	139 
4992	458 
4993	12 
4994	34 
4995	313 
4996	154 
4997	474 
4998	247 
4999	105 
5000	82 
5001	212 
5002	145 
5003	460 
5004	218 
5005	204 
5006	101 
5007	260 
5008	304 
5009	447 
5010	56 
5011	502 
5012	184 
5013	464 
5014	300 
5015	236 
5016	343 
5017	379 
5018	243 
5019	182 
5020	87 
5021	367 
5022	369 
5023	83 
5024	39 
5025	54 
5026	489 
5027	111 
5028	437 
5029	397 
5030	26 
5031	266 
5032	165 
5033	288 
5034	83 
5035	56 
5036	218 
5037	352 
5038	158 
5039	393 
5040	112 
5041	138 
5042	547 
5043	426 
5044	78 
5045	232 
5046	262 
5047	244 
5048	440 
5049	423 
5050	303 
5051	51 
5052	361 
5053	353 
5054	118 
5055	467 
5056	507 
5057	348 
5058	501 
5059	485 
5060	516 
5061	115 
5062	194 
5063	512 
5064	258 
5065	330 
5066	219 
5067	242 
5068	241 
5069	259 
5070	403 
5071	132 
5072	35 
5073	314 
5074	152 
5075	276 
5076	474 
5077	123 
5078	75 
5079	57 
5080	456 
5081	549 
5082	275 
5083	345 
5084	202 
5085	91 
5086	72 
5087	31 
5088	261 
5089	188 
5090	54 
5091	62 
5092	7 
5093	367 
5094	57 
5095	74 
5096	542 
5097	180 
5098	493 
5099	218 
5100	37 
5101	2 
5102	381 
5103	182 
5104	107 
5105	504 
5106	23 
5107	558 
5108	300 
5109	331 
5110	215 
5111	224 
5112	320 
5113	327 
5114	190 
5115	29 
5116	74 
5117	255 
5118	276 
5119	446 
5120	270 
5121	488 
5122	263 
5123	259 
5124	436 
5125	74 
5126	122 
5127	533 
5128	387 
5129	397 
5130	464 
5131	205 
5132	531 
5133	112 
5134	490 
5135	430 
5136	397 
5137	425 
5138	73 
5139	480 
5140	377 
5141	105 
5142	155 
5143	304 
5144	185 
5145	330 
5146	461 
5147	228 
5148	322 
5149	90 
5150	92 
5151	274 
5152	477 
5153	50 
5154	167 
5155	509 
5156	397 
5157	30 
5158	4 
5159	350 
5160	13 
5161	518 
5162	78 
5163	306 
5164	334 
5165	290 
5166	122 
5167	362 
5168	511 
5169	489 
5170	529 
5171	116 
5172	519 
5173	466 
5174	185 
5175	542 
5176	216 
5177	104 
5178	457 
5179	378 
5180	12 
5181	503 
5182	527 
5183	183 
5184	390 
5185	512 
5186	224 
5187	343 
5188	517 
5189	189 
5190	68 
5191	426 
5192	292 
5193	355 
5194	211 
5195	183 
5196	109 
5197	312 
5198	23 
5199	170 
5200	526 
5201	93 
5202	140 
5203	42 
5204	190 
5205	441 
5206	247 
5207	135 
5208	391 
5209	481 
5210	365 
5211	58 
5212	522 
5213	263 
5214	331 
5215	422 
5216	145 
5217	247 
5218	492 
5219	222 
5220	476 
5221	522 
5222	360 
5223	203 
5224	548 
5225	401 
5226	321 
5227	24 
5228	344 
5229	167 
5230	279 
5231	156 
5232	80 
5233	534 
5234	359 
5235	144 
5236	540 
5237	524 
5238	110 
5239	525 
5240	478 
5241	68 
5242	4 
5243	105 
5244	149 
5245	24 
5246	362 
5247	387 
5248	212 
5249	236 
5250	508 
5251	84 
5252	431 
5253	460 
5254	507 
5255	516 
5256	73 
5257	195 
5258	495 
5259	278 
5260	465 
5261	553 
5262	101 
5263	409 
5264	221 
5265	161 
5266	388 
5267	341 
5268	386 
5269	119 
5270	396 
5271	418 
5272	266 
5273	190 
5274	42 
5275	235 
5276	502 
5277	447 
5278	201 
5279	68 
5280	551 
5281	12 
5282	92 
5283	34 
5284	437 
5285	199 
5286	272 
5287	155 
5288	317 
5289	171 
5290	115 
5291	144 
5292	80 
5293	269 
5294	92 
5295	378 
5296	2 
5297	418 
5298	44 
5299	491 
5300	338 
5301	148 
5302	257 
5303	22 
5304	454 
5305	471 
5306	217 
5307	78 
5308	149 
5309	1 
5310	243 
5311	110 
5312	269 
5313	491 
5314	538 
5315	487 
5316	338 
5317	538 
5318	289 
5319	80 
5320	505 
5321	9 
5322	44 
5323	355 
5324	114 
5325	287 
5326	357 
5327	371 
5328	499 
5329	242 
5330	50 
5331	26 
5332	131 
5333	381 
5334	536 
5335	467 
5336	332 
5337	58 
5338	478 
5339	266 
5340	552 
5341	242 
5342	234 
5343	134 
5344	490 
5345	236 
5346	206 
5347	501 
5348	460 
5349	346 
5350	214 
5351	384 
5352	302 
5353	553 
5354	18 
5355	6 
5356	32 
5357	240 
5358	530 
5359	228 
5360	205 
5361	427 
5362	521 
5363	37 
5364	188 
5365	8 
5366	317 
5367	483 
5368	88 
5369	394 
5370	78 
5371	268 
5372	88 
5373	433 
5374	531 
5375	418 
5376	200 
5377	526 
5378	227 
5379	279 
5380	328 
5381	50 
5382	293 
5383	314 
5384	503 
5385	63 
5386	453 
5387	171 
5388	33 
5389	52 
5390	406 
5391	160 
5392	315 
5393	485 
5394	521 
5395	42 
5396	361 
5397	419 
5398	57 
5399	418 
5400	549 
5401	464 
5402	297 
5403	120 
5404	164 
5405	514 
5406	140 
5407	281 
5408	310 
5409	13 
5410	455 
5411	381 
5412	441 
5413	98 
5414	530 
5415	226 
5416	132 
5417	279 
5418	108 
5419	440 
5420	114 
5421	76 
5422	200 
5423	492 
5424	539 
5425	518 
5426	190 
5427	62 
5428	144 
5429	144 
5430	43 
5431	314 
5432	57 
5433	509 
5434	430 
5435	226 
5436	392 
5437	378 
5438	378 
5439	121 
5440	261 
5441	160 
5442	276 
5443	11 
5444	498 
5445	337 
5446	136 
5447	414 
5448	184 
5449	11 
5450	108 
5451	502 
5452	314 
5453	247 
5454	344 
5455	46 
5456	45 
5457	344 
5458	173 
5459	406 
5460	328 
5461	546 
5462	146 
5463	68 
5464	472 
5465	332 
5466	360 
5467	338 
5468	260 
5469	89 
5470	175 
5471	441 
5472	262 
5473	211 
5474	535 
5475	115 
5476	331 
5477	38 
5478	491 
5479	99 
5480	141 
5481	469 
5482	544 
5483	332 
5484	420 
5485	462 
5486	534 
5487	58 
5488	326 
5489	88 
5490	503 
5491	13 
5492	25 
5493	409 
5494	419 
5495	92 
5496	423 
5497	266 
5498	163 
5499	532 
5500	469 
5501	53 
5502	121 
5503	216 
5504	350 
5505	39 
5506	500 
5507	281 
5508	150 
5509	372 
5510	435 
5511	530 
5512	234 
5513	511 
5514	362 
5515	544 
5516	129 
5517	177 
5518	191 
5519	283 
5520	412 
5521	127 
5522	527 
5523	123 
5524	402 
5525	461 
5526	385 
5527	438 
5528	45 
5529	394 
5530	554 
5531	534 
5532	191 
5533	278 
5534	389 
5535	458 
5536	403 
5537	453 
5538	387 
5539	403 
5540	366 
5541	193 
5542	218 
5543	231 
5544	416 
5545	115 
5546	147 
5547	290 
5548	503 
5549	124 
5550	511 
5551	479 
5552	174 
5553	137 
5554	190 
5555	360 
5556	10 
5557	151 
5558	306 
5559	42 
5560	190 
5561	351 
5562	472 
5563	267 
5564	541 
5565	69 
5566	549 
5567	164 
5568	240 
5569	72 
5570	142 
5571	268 
5572	331 
5573	507 
5574	335 
5575	402 
5576	468 
5577	295 
5578	412 
5579	536 
5580	114 
5581	208 
5582	260 
5583	416 
5584	511 
5585	141 
5586	488 
5587	57 
5588	177 
5589	239 
5590	190 
5591	81 
5592	322 
5593	159 
5594	320 
5595	210 
5596	469 
5597	202 
5598	23 
5599	217 
5600	86 
5601	337 
5602	514 
5603	328 
5604	386 
5605	320 
5606	531 
5607	181 
5608	466 
5609	270 
5610	347 
5611	225 
5612	190 
5613	10 
5614	545 
5615	81 
5616	71 
5617	118 
5618	304 
5619	529 
5620	229 
5621	536 
5622	37 
5623	65 
5624	319 
5625	243 
5626	58 
5627	427 
5628	69 
5629	465 
5630	56 
5631	202 
5632	449 
5633	440 
5634	33 
5635	19 
5636	45 
5637	269 
5638	504 
5639	160 
5640	551 
5641	500 
5642	60 
5643	106 
5644	75 
5645	128 
5646	409 
5647	77 
5648	190 
5649	382 
5650	123 
5651	459 
5652	239 
5653	233 
5654	64 
5655	294 
5656	132 
5657	37 
5658	518 
5659	100 
5660	292 
5661	80 
5662	54 
5663	250 
5664	255 
5665	58 
5666	433 
5667	251 
5668	165 
5669	491 
5670	136 
5671	131 
5672	173 
5673	263 
5674	315 
5675	446 
5676	420 
5677	181 
5678	148 
5679	236 
5680	556 
5681	448 
5682	321 
5683	132 
5684	12 
5685	487 
5686	83 
5687	70 
5688	296 
5689	143 
5690	349 
5691	21 
5692	350 
5693	155 
5694	192 
5695	207 
5696	9 
5697	111 
5698	346 
5699	259 
5700	473 
5701	462 
5702	216 
5703	542 
5704	445 
5705	100 
5706	245 
5707	347 
5708	57 
5709	423 
5710	502 
5711	229 
5712	137 
5713	389 
5714	364 
5715	96 
5716	151 
5717	333 
5718	508 
5719	168 
5720	233 
5721	115 
5722	497 
5723	530 
5724	78 
5725	456 
5726	375 
5727	68 
5728	107 
5729	427 
5730	355 
5731	80 
5732	61 
5733	172 
5734	68 
5735	65 
5736	322 
5737	89 
5738	489 
5739	514 
5740	209 
5741	223 
5742	398 
5743	475 
5744	233 
5745	227 
5746	313 
5747	557 
5748	11 
5749	360 
5750	451 
5751	506 
5752	216 
5753	48 
5754	145 
5755	518 
5756	124 
5757	83 
5758	353 
5759	152 
5760	382 
5761	358 
5762	362 
5763	47 
5764	161 
5765	432 
5766	284 
5767	409 
5768	491 
5769	45 
5770	293 
5771	297 
5772	28 
5773	132 
5774	60 
5775	278 
5776	448 
5777	275 
5778	481 
5779	267 
5780	303 
5781	237 
5782	20 
5783	68 
5784	378 
5785	252 
5786	155 
5787	357 
5788	68 
5789	165 
5790	327 
5791	334 
5792	133 
5793	549 
5794	183 
5795	190 
5796	331 
5797	301 
5798	388 
5799	339 
5800	214 
5801	376 
5802	293 
5803	406 
5804	175 
5805	246 
5806	16 
5807	249 
5808	203 
5809	93 
5810	225 
5811	40 
5812	232 
5813	349 
5814	522 
5815	482 
5816	68 
5817	33 
5818	514 
5819	234 
5820	175 
5821	550 
5822	326 
5823	202 
5824	235 
5825	305 
5826	241 
5827	274 
5828	211 
5829	22 
5830	425 
5831	544 
5832	318 
5833	414 
5834	405 
5835	472 
5836	338 
5837	217 
5838	316 
5839	371 
5840	10 
5841	487 
5842	542 
5843	164 
5844	402 
5845	324 
5846	484 
5847	210 
5848	145 
5849	89 
5850	381 
5851	418 
5852	298 
5853	310 
5854	434 
5855	125 
5856	297 
5857	104 
5858	483 
5859	91 
5860	162 
5861	462 
5862	52 
5863	459 
5864	368 
5865	154 
5866	163 
5867	406 
5868	4 
5869	357 
5870	329 
5871	318 
5872	209 
5873	229 
5874	305 
5875	381 
5876	539 
5877	530 
5878	489 
5879	149 
5880	481 
5881	505 
5882	444 
5883	300 
5884	330 
5885	525 
5886	339 
5887	239 
5888	438 
5889	286 
5890	405 
5891	512 
5892	20 
5893	374 
5894	167 
5895	102 
5896	43 
5897	40 
5898	510 
5899	45 
5900	89 
5901	208 
5902	352 
5903	518 
5904	331 
5905	121 
5906	550 
5907	45 
5908	363 
5909	280 
5910	8 
5911	454 
5912	442 
5913	468 
5914	473 
5915	368 
5916	404 
5917	16 
5918	393 
5919	67 
5920	482 
5921	539 
5922	111 
5923	535 
5924	331 
5925	283 
5926	429 
5927	111 
5928	532 
5929	2 
5930	313 
5931	366 
5932	316 
5933	282 
5934	88 
5935	551 
5936	337 
5937	114 
5938	45 
5939	31 
5940	207 
5941	553 
5942	239 
5943	113 
5944	259 
5945	281 
5946	103 
5947	502 
5948	334 
5949	509 
5950	27 
5951	304 
5952	297 
5953	396 
5954	443 
5955	188 
5956	147 
5957	421 
5958	162 
5959	467 
5960	261 
5961	434 
5962	14 
5963	412 
5964	287 
5965	326 
5966	476 
5967	530 
5968	74 
5969	19 
5970	377 
5971	350 
5972	164 
5973	259 
5974	134 
5975	442 
5976	17 
5977	227 
5978	284 
5979	129 
5980	377 
5981	417 
5982	461 
5983	56 
5984	136 
5985	510 
5986	401 
5987	204 
5988	98 
5989	433 
5990	101 
5991	441 
5992	539 
5993	424 
5994	180 
5995	255 
5996	40 
5997	248 
5998	243 
5999	343 
6000	60 
6001	199 
6002	36 
6003	270 
6004	45 
6005	237 
6006	134 
6007	204 
6008	152 
6009	198 
6010	462 
6011	20 
6012	477 
6013	185 
6014	366 
6015	503 
6016	369 
6017	521 
6018	201 
6019	159 
6020	73 
6021	204 
6022	109 
6023	98 
6024	421 
6025	514 
6026	346 
6027	313 
6028	112 
6029	533 
6030	161 
6031	483 
6032	84 
6033	165 
6034	203 
6035	224 
6036	11 
6037	80 
6038	372 
6039	189 
6040	111 
6041	197 
6042	125 
6043	301 
6044	126 
6045	3 
6046	497 
6047	320 
6048	335 
6049	272 
6050	216 
6051	331 
6052	2 
6053	45 
6054	377 
6055	364 
6056	381 
6057	65 
6058	164 
6059	510 
6060	190 
6061	504 
6062	342 
6063	38 
6064	163 
6065	166 
6066	159 
6067	210 
6068	419 
6069	324 
6070	162 
6071	418 
6072	351 
6073	364 
6074	408 
6075	458 
6076	245 
6077	459 
6078	130 
6079	275 
6080	330 
6081	484 
6082	478 
6083	266 
6084	261 
6085	176 
6086	405 
6087	167 
6088	62 
6089	282 
6090	408 
6091	391 
6092	557 
6093	125 
6094	100 
6095	388 
6096	516 
6097	442 
6098	157 
6099	303 
6100	348 
6101	513 
6102	280 
6103	254 
6104	395 
6105	409 
6106	1 
6107	61 
6108	382 
6109	55 
6110	261 
6111	190 
6112	227 
6113	247 
6114	171 
6115	487 
6116	525 
6117	340 
6118	429 
6119	536 
6120	243 
6121	473 
6122	180 
6123	245 
6124	264 
6125	174 
6126	542 
6127	209 
6128	483 
6129	441 
6130	537 
6131	474 
6132	44 
6133	360 
6134	551 
6135	257 
6136	226 
6137	98 
6138	180 
6139	248 
6140	210 
6141	503 
6142	336 
6143	462 
6144	409 
6145	205 
6146	459 
6147	86 
6148	383 
6149	123 
6150	115 
6151	92 
6152	491 
6153	336 
6154	33 
6155	182 
6156	413 
6157	368 
6158	263 
6159	12 
6160	180 
6161	279 
6162	268 
6163	392 
6164	428 
6165	519 
6166	204 
6167	488 
6168	187 
6169	140 
6170	412 
6171	21 
6172	356 
6173	323 
6174	187 
6175	68 
6176	129 
6177	525 
6178	342 
6179	51 
6180	69 
6181	471 
6182	342 
6183	143 
6184	331 
6185	397 
6186	508 
6187	389 
6188	165 
6189	190 
6190	360 
6191	195 
6192	193 
6193	123 
6194	7 
6195	470 
6196	91 
6197	420 
6198	33 
6199	168 
6200	250 
6201	239 
6202	314 
6203	525 
6204	127 
6205	373 
6206	125 
6207	284 
6208	408 
6209	135 
6210	275 
6211	156 
6212	206 
6213	25 
6214	518 
6215	433 
6216	185 
6217	55 
6218	386 
6219	166 
6220	328 
6221	123 
6222	390 
6223	89 
6224	202 
6225	225 
6226	294 
6227	194 
6228	321 
6229	83 
6230	75 
6231	160 
6232	340 
6233	381 
6234	190 
6235	352 
6236	256 
6237	45 
6238	195 
6239	321 
6240	169 
6241	402 
6242	413 
6243	185 
6244	273 
6245	443 
6246	288 
6247	544 
6248	413 
6249	388 
6250	85 
6251	323 
6252	119 
6253	229 
6254	512 
6255	33 
6256	139 
6257	499 
6258	125 
6259	450 
6260	537 
6261	156 
6262	85 
6263	295 
6264	128 
6265	15 
6266	374 
6267	85 
6268	51 
6269	79 
6270	472 
6271	323 
6272	185 
6273	142 
6274	323 
6275	187 
6276	45 
6277	111 
6278	3 
6279	146 
6280	462 
6281	423 
6282	205 
6283	170 
6284	176 
6285	51 
6286	504 
6287	260 
6288	521 
6289	5 
6290	308 
6291	257 
6292	324 
6293	548 
6294	285 
6295	348 
6296	442 
6297	41 
6298	247 
6299	547 
6300	543 
6301	74 
6302	334 
6303	76 
6304	548 
6305	373 
6306	414 
6307	182 
6308	76 
6309	274 
6310	30 
6311	350 
6312	280 
6313	58 
6314	224 
6315	304 
6316	58 
6317	163 
6318	331 
6319	486 
6320	109 
6321	190 
6322	253 
6323	16 
6324	9 
6325	381 
6326	133 
6327	546 
6328	231 
6329	486 
6330	263 
6331	538 
6332	395 
6333	495 
6334	93 
6335	45 
6336	344 
6337	316 
6338	374 
6339	288 
6340	499 
6341	496 
6342	16 
6343	60 
6344	256 
6345	41 
6346	385 
6347	372 
6348	217 
6349	282 
6350	36 
6351	362 
6352	118 
6353	326 
6354	75 
6355	53 
6356	267 
6357	195 
6358	492 
6359	308 
6360	544 
6361	358 
6362	480 
6363	247 
6364	516 
6365	95 
6366	237 
6367	403 
6368	203 
6369	407 
6370	124 
6371	24 
6372	499 
6373	223 
6374	396 
6375	526 
6376	49 
6377	139 
6378	76 
6379	61 
6380	164 
6381	320 
6382	346 
6383	449 
6384	320 
6385	182 
6386	111 
6387	333 
6388	167 
6389	134 
6390	515 
6391	99 
6392	132 
6393	264 
6394	419 
6395	170 
6396	121 
6397	349 
6398	91 
6399	504 
6400	7 
6401	523 
6402	348 
6403	256 
6404	27 
6405	366 
6406	524 
6407	380 
6408	328 
6409	537 
6410	538 
6411	185 
6412	429 
6413	132 
6414	182 
6415	430 
6416	209 
6417	106 
6418	67 
6419	206 
6420	371 
6421	504 
6422	279 
6423	187 
6424	264 
6425	362 
6426	444 
6427	477 
6428	231 
6429	312 
6430	444 
6431	120 
6432	503 
6433	178 
6434	464 
6435	181 
6436	237 
6437	20 
6438	326 
6439	534 
6440	147 
6441	265 
6442	58 
6443	368 
6444	326 
6445	321 
6446	257 
6447	174 
6448	175 
6449	165 
6450	58 
6451	447 
6452	274 
6453	386 
6454	215 
6455	323 
6456	434 
6457	457 
6458	448 
6459	297 
6460	49 
6461	47 
6462	357 
6463	78 
6464	200 
6465	76 
6466	204 
6467	316 
6468	557 
6469	361 
6470	84 
6471	342 
6472	141 
6473	360 
6474	342 
6475	478 
6476	267 
6477	309 
6478	508 
6479	419 
6480	214 
6481	203 
6482	393 
6483	302 
6484	517 
6485	111 
6486	113 
6487	477 
6488	252 
6489	153 
6490	224 
6491	500 
6492	58 
6493	529 
6494	519 
6495	386 
6496	407 
6497	64 
6498	284 
6499	432 
6500	431 
6501	469 
6502	34 
6503	440 
6504	57 
6505	489 
6506	283 
6507	346 
6508	217 
6509	496 
6510	357 
6511	352 
6512	549 
6513	294 
6514	479 
6515	391 
6516	478 
6517	112 
6518	199 
6519	297 
6520	82 
6521	204 
6522	329 
6523	518 
6524	412 
6525	279 
6526	532 
6527	80 
6528	96 
6529	430 
6530	184 
6531	405 
6532	185 
6533	165 
6534	58 
6535	506 
6536	50 
6537	301 
6538	172 
6539	140 
6540	141 
6541	405 
6542	228 
6543	297 
6544	508 
6545	28 
6546	540 
6547	79 
6548	546 
6549	142 
6550	499 
6551	55 
6552	546 
6553	462 
6554	320 
6555	227 
6556	270 
6557	193 
6558	58 
6559	472 
6560	380 
6561	545 
6562	74 
6563	348 
6564	370 
6565	159 
6566	532 
6567	111 
6568	374 
6569	42 
6570	338 
6571	510 
6572	14 
6573	549 
6574	243 
6575	20 
6576	69 
6577	215 
6578	362 
6579	182 
6580	442 
6581	543 
6582	367 
6583	539 
6584	397 
6585	511 
6586	534 
6587	149 
6588	204 
6589	259 
6590	442 
6591	430 
6592	26 
6593	96 
6594	117 
6595	343 
6596	45 
6597	557 
6598	487 
6599	71 
6600	433 
6601	541 
6602	343 
6603	467 
6604	517 
6605	78 
6606	285 
6607	479 
6608	156 
6609	56 
6610	404 
6611	107 
6612	388 
6613	212 
6614	180 
6615	315 
6616	275 
6617	70 
6618	234 
6619	149 
6620	435 
6621	45 
6622	145 
6623	7 
6624	463 
6625	461 
6626	130 
6627	27 
6628	232 
6629	233 
6630	498 
6631	121 
6632	237 
6633	335 
6634	432 
6635	221 
6636	393 
6637	5 
6638	256 
6639	494 
6640	496 
6641	120 
6642	441 
6643	393 
6644	36 
6645	297 
6646	320 
6647	345 
6648	216 
6649	167 
6650	151 
6651	340 
6652	514 
6653	367 
6654	278 
6655	148 
6656	380 
6657	204 
6658	518 
6659	409 
6660	34 
6661	353 
6662	416 
6663	530 
6664	105 
6665	217 
6666	182 
6667	452 
6668	329 
6669	190 
6670	498 
6671	549 
6672	326 
6673	350 
6674	529 
6675	101 
6676	233 
6677	288 
6678	433 
6679	111 
6680	419 
6681	441 
6682	346 
6683	542 
6684	215 
6685	157 
6686	102 
6687	190 
6688	159 
6689	136 
6690	541 
6691	174 
6692	175 
6693	381 
6694	324 
6695	190 
6696	267 
6697	478 
6698	98 
6699	126 
6700	89 
6701	64 
6702	108 
6703	232 
6704	81 
6705	33 
6706	245 
6707	348 
6708	421 
6709	489 
6710	230 
6711	128 
6712	51 
6713	215 
6714	360 
6715	467 
6716	541 
6717	198 
6718	179 
6719	455 
6720	118 
6721	399 
6722	384 
6723	257 
6724	467 
6725	206 
6726	386 
6727	414 
6728	366 
6729	125 
6730	324 
6731	132 
6732	311 
6733	92 
6734	295 
6735	45 
6736	111 
6737	529 
6738	547 
6739	325 
6740	523 
6741	327 
6742	450 
6743	290 
6744	292 
6745	30 
6746	102 
6747	277 
6748	407 
6749	242 
6750	123 
6751	549 
6752	348 
6753	366 
6754	51 
6755	477 
6756	13 
6757	83 
6758	519 
6759	326 
6760	213 
6761	431 
6762	68 
6763	283 
6764	413 
6765	232 
6766	347 
6767	386 
6768	8 
6769	77 
6770	284 
6771	541 
6772	135 
6773	163 
6774	311 
6775	477 
6776	326 
6777	350 
6778	104 
6779	108 
6780	40 
6781	41 
6782	96 
6783	398 
6784	411 
6785	47 
6786	66 
6787	441 
6788	148 
6789	180 
6790	553 
6791	431 
6792	432 
6793	469 
6794	476 
6795	441 
6796	180 
6797	400 
6798	80 
6799	92 
6800	450 
6801	153 
6802	407 
6803	169 
6804	230 
6805	117 
6806	305 
6807	238 
6808	511 
6809	126 
6810	76 
6811	178 
6812	283 
6813	450 
6814	458 
6815	157 
6816	37 
6817	413 
6818	348 
6819	488 
6820	305 
6821	458 
6822	378 
6823	8 
6824	204 
6825	392 
6826	436 
6827	300 
6828	272 
6829	497 
6830	446 
6831	175 
6832	151 
6833	159 
6834	204 
6835	97 
6836	294 
6837	343 
6838	82 
6839	379 
6840	283 
6841	508 
6842	303 
6843	6 
6844	518 
6845	89 
6846	349 
6847	62 
6848	149 
6849	328 
6850	498 
6851	120 
6852	494 
6853	180 
6854	344 
6855	256 
6856	263 
6857	117 
6858	340 
6859	436 
6860	34 
6861	11 
6862	467 
6863	327 
6864	549 
6865	238 
6866	180 
6867	278 
6868	165 
6869	58 
6870	176 
6871	511 
6872	103 
6873	260 
6874	45 
6875	167 
6876	331 
6877	378 
6878	195 
6879	27 
6880	236 
6881	401 
6882	172 
6883	206 
6884	401 
6885	490 
6886	516 
6887	11 
6888	472 
6889	380 
6890	90 
6891	295 
6892	101 
6893	180 
6894	438 
6895	482 
6896	373 
6897	112 
6898	160 
6899	183 
6900	6 
6901	132 
6902	97 
6903	188 
6904	80 
6905	80 
6906	358 
6907	159 
6908	404 
6909	401 
6910	373 
6911	25 
6912	205 
6913	431 
6914	84 
6915	72 
6916	11 
6917	287 
6918	277 
6919	81 
6920	323 
6921	373 
6922	201 
6923	218 
6924	305 
6925	185 
6926	466 
6927	81 
6928	555 
6929	300 
6930	320 
6931	488 
6932	192 
6933	165 
6934	429 
6935	347 
6936	250 
6937	230 
6938	470 
6939	335 
6940	98 
6941	184 
6942	485 
6943	56 
6944	355 
6945	204 
6946	216 
6947	120 
6948	428 
6949	489 
6950	73 
6951	391 
6952	231 
6953	49 
6954	96 
6955	280 
6956	438 
6957	218 
6958	440 
6959	357 
6960	187 
6961	377 
6962	312 
6963	370 
6964	478 
6965	212 
6966	209 
6967	7 
6968	326 
6969	30 
6970	320 
6971	458 
6972	47 
6973	241 
6974	277 
6975	367 
6976	129 
6977	435 
6978	66 
6979	69 
6980	135 
6981	108 
6982	49 
6983	253 
6984	329 
6985	108 
6986	68 
6987	80 
6988	437 
6989	45 
6990	121 
6991	104 
6992	111 
6993	423 
6994	315 
6995	42 
6996	110 
6997	520 
6998	558 
6999	265 
7000	192 
7001	170 
7002	132 
7003	339 
7004	549 
7005	278 
7006	435 
7007	407 
7008	523 
7009	89 
7010	289 
7011	426 
7012	110 
7013	287 
7014	243 
7015	45 
7016	89 
7017	246 
7018	114 
7019	109 
7020	326 
7021	54 
7022	25 
7023	157 
7024	110 
7025	85 
7026	496 
7027	91 
7028	512 
7029	518 
7030	110 
7031	267 
7032	175 
7033	132 
7034	525 
7035	92 
7036	269 
7037	481 
7038	532 
7039	267 
7040	25 
7041	128 
7042	198 
7043	157 
7044	187 
7045	192 
7046	183 
7047	110 
7048	77 
7049	58 
7050	549 
7051	136 
7052	466 
7053	41 
7054	227 
7055	202 
7056	325 
7057	147 
7058	82 
7059	217 
7060	151 
7061	462 
7062	378 
7063	111 
7064	558 
7065	523 
7066	468 
7067	221 
7068	136 
7069	269 
7070	80 
7071	519 
7072	297 
7073	91 
7074	117 
7075	229 
7076	502 
7077	46 
7078	558 
7079	85 
7080	525 
7081	309 
7082	511 
7083	174 
7084	380 
7085	476 
7086	68 
7087	1 
7088	514 
7089	265 
7090	331 
7091	383 
7092	466 
7093	204 
7094	123 
7095	67 
7096	127 
7097	190 
7098	292 
7099	292 
7100	231 
7101	426 
7102	449 
7103	406 
7104	439 
7105	221 
7106	9 
7107	198 
7108	434 
7109	221 
7110	445 
7111	409 
7112	462 
7113	42 
7114	517 
7115	87 
7116	56 
7117	384 
7118	311 
7119	76 
7120	184 
7121	80 
7122	433 
7123	325 
7124	31 
7125	132 
7126	494 
7127	418 
7128	380 
7129	20 
7130	66 
7131	202 
7132	40 
7133	462 
7134	150 
7135	129 
7136	26 
7137	411 
7138	89 
7139	430 
7140	221 
7141	239 
7142	416 
7143	518 
7144	298 
7145	202 
7146	346 
7147	7 
7148	91 
7149	69 
7150	190 
7151	80 
7152	231 
7153	163 
7154	461 
7155	279 
7156	517 
7157	91 
7158	174 
7159	269 
7160	165 
7161	159 
7162	163 
7163	292 
7164	325 
7165	106 
7166	48 
7167	457 
7168	68 
7169	466 
7170	39 
7171	178 
7172	185 
7173	523 
7174	58 
7175	153 
7176	92 
7177	407 
7178	71 
7179	9 
7180	198 
7181	409 
7182	57 
7183	326 
7184	73 
7185	193 
7186	105 
7187	458 
7188	321 
7189	96 
7190	446 
7191	549 
7192	267 
7193	278 
7194	91 
7195	174 
7196	180 
7197	263 
7198	80 
7199	89 
7200	392 
7201	470 
7202	128 
7203	548 
7204	1 
7205	68 
7206	68 
7207	442 
7208	378 
7209	533 
7210	553 
7211	106 
7212	148 
7213	44 
7214	530 
7215	404 
7216	78 
7217	546 
7218	508 
7219	69 
7220	411 
7221	147 
7222	37 
7223	187 
7224	185 
7225	5 
7226	81 
7227	100 
7228	352 
7229	321 
7230	124 
7231	78 
7232	442 
7233	148 
7234	295 
7235	265 
7236	398 
7237	185 
7238	280 
7239	458 
7240	174 
7241	233 
7242	45 
7243	213 
7244	392 
7245	177 
7246	132 
7247	55 
7248	186 
7249	311 
7250	195 
7251	41 
7252	87 
7253	401 
7254	412 
7255	452 
7256	471 
7257	535 
7258	203 
7259	417 
7260	47 
7261	5 
7262	500 
7263	188 
7264	124 
7265	540 
7266	320 
7267	167 
7268	175 
7269	151 
7270	188 
7271	374 
7272	457 
7273	132 
7274	81 
7275	90 
7276	231 
7277	201 
7278	296 
7279	79 
7280	457 
7281	270 
7282	178 
7283	155 
7284	527 
7285	412 
7286	374 
7287	491 
7288	165 
7289	201 
7290	461 
7291	455 
7292	478 
7293	285 
7294	161 
7295	518 
7296	207 
7297	419 
7298	91 
7299	281 
7300	398 
7301	359 
7302	263 
7303	441 
7304	438 
7305	326 
7306	427 
7307	384 
7308	186 
7309	439 
7310	82 
7311	536 
7312	457 
7313	323 
7314	139 
7315	33 
7316	285 
7317	226 
7318	309 
7319	103 
7320	132 
7321	192 
7322	479 
7323	213 
7324	256 
7325	386 
7326	470 
7327	362 
7328	15 
7329	106 
7330	278 
7331	132 
7332	234 
7333	204 
7334	135 
7335	185 
7336	463 
7337	357 
7338	91 
7339	190 
7340	78 
7341	423 
7342	320 
7343	45 
7344	151 
7345	85 
7346	320 
7347	476 
7348	132 
7349	170 
7350	419 
7351	73 
7352	440 
7353	269 
7354	427 
7355	320 
7356	8 
7357	45 
7358	34 
7359	48 
7360	130 
7361	80 
7362	45 
7363	499 
7364	484 
7365	250 
7366	398 
7367	5 
7368	220 
7369	356 
7370	59 
7371	102 
7372	69 
7373	287 
7374	320 
7375	339 
7376	169 
7377	491 
7378	218 
7379	440 
7380	342 
7381	482 
7382	311 
7383	502 
7384	224 
7385	321 
7386	42 
7387	129 
7388	198 
7389	360 
7390	8 
7391	383 
7392	179 
7393	463 
7394	127 
7395	15 
7396	78 
7397	305 
7398	284 
7399	165 
7400	466 
7401	450 
7402	449 
7403	190 
7404	57 
7405	68 
7406	325 
7407	209 
7408	269 
7409	49 
7410	392 
7411	502 
7412	30 
7413	107 
7414	340 
7415	227 
7416	78 
7417	544 
7418	499 
7419	217 
7420	494 
7421	426 
7422	112 
7423	54 
7424	38 
7425	45 
7426	281 
7427	151 
7428	258 
7429	535 
7430	325 
7431	256 
7432	46 
7433	442 
7434	99 
7435	259 
7436	40 
7437	111 
7438	349 
7439	38 
7440	67 
7441	269 
7442	49 
7443	400 
7444	243 
7445	331 
7446	434 
7447	419 
7448	331 
7449	466 
7450	26 
7451	450 
7452	500 
7453	68 
7454	468 
7455	484 
7456	246 
7457	269 
7458	416 
7459	502 
7460	253 
7461	350 
7462	252 
7463	55 
7464	312 
7465	502 
7466	163 
7467	503 
7468	41 
7469	532 
7470	269 
7471	431 
7472	478 
7473	519 
7474	67 
7475	452 
7476	45 
7477	269 
7478	480 
7479	450 
7480	80 
7481	316 
7482	278 
7483	524 
7484	73 
7485	2 
7486	57 
7487	132 
7488	184 
7489	223 
7490	285 
7491	514 
7492	386 
7493	374 
7494	401 
7495	320 
7496	93 
7497	288 
7498	150 
7499	75 
7500	503 
7501	294 
7502	409 
7503	321 
7504	61 
7505	282 
7506	76 
7507	548 
7508	320 
7509	546 
7510	384 
7511	207 
7512	338 
7513	485 
7514	58 
7515	373 
7516	481 
7517	536 
7518	218 
7519	309 
7520	326 
7521	273 
7522	101 
7523	145 
7524	46 
7525	188 
7526	479 
7527	348 
7528	546 
7529	148 
7530	234 
7531	136 
7532	480 
7533	470 
7534	478 
7535	90 
7536	458 
7537	108 
7538	512 
7539	159 
7540	55 
7541	139 
7542	502 
7543	279 
7544	343 
7545	169 
7546	412 
7547	278 
7548	436 
7549	155 
7550	246 
7551	48 
7552	458 
7553	80 
7554	333 
7555	320 
7556	169 
7557	76 
7558	321 
7559	246 
7560	235 
7561	71 
7562	163 
7563	186 
7564	316 
7565	540 
7566	70 
7567	338 
7568	426 
7569	230 
7570	458 
7571	79 
7572	167 
7573	490 
7574	38 
7575	326 
7576	518 
7577	127 
7578	417 
7579	502 
7580	112 
7581	100 
7582	462 
7583	269 
7584	284 
7585	46 
7586	179 
7587	533 
7588	235 
7589	6 
7590	473 
7591	264 
7592	285 
7593	40 
7594	440 
7595	358 
7596	235 
7597	380 
7598	490 
7599	358 
7600	262 
7601	294 
7602	80 
7603	360 
7604	101 
7605	500 
7606	511 
7607	440 
7608	417 
7609	258 
7610	185 
7611	326 
7612	201 
7613	223 
7614	549 
7615	44 
7616	518 
7617	231 
7618	30 
7619	535 
7620	94 
7621	372 
7622	80 
7623	558 
7624	190 
7625	58 
7626	323 
7627	47 
7628	446 
7629	37 
7630	79 
7631	397 
7632	346 
7633	71 
7634	485 
7635	541 
7636	264 
7637	378 
7638	98 
7639	514 
7640	170 
7641	482 
7642	227 
7643	482 
7644	511 
7645	111 
7646	383 
7647	407 
7648	401 
7649	407 
7650	518 
7651	480 
7652	108 
7653	473 
7654	429 
7655	297 
7656	45 
7657	278 
7658	40 
7659	184 
7660	54 
7661	112 
7662	283 
7663	297 
7664	78 
7665	457 
7666	259 
7667	549 
7668	348 
7669	155 
7670	499 
7671	508 
7672	202 
7673	518 
7674	500 
7675	320 
7676	541 
7677	418 
7678	127 
7679	418 
7680	264 
7681	269 
7682	90 
7683	397 
7684	142 
7685	74 
7686	540 
7687	265 
7688	498 
7689	27 
7690	502 
7691	418 
7692	506 
7693	58 
7694	434 
7695	45 
7696	548 
7697	70 
7698	533 
7699	357 
7700	106 
7701	482 
7702	78 
7703	385 
7704	479 
7705	288 
7706	516 
7707	320 
7708	45 
7709	321 
7710	285 
7711	14 
7712	408 
7713	524 
7714	40 
7715	45 
7716	89 
7717	477 
7718	429 
7719	491 
7720	157 
7721	495 
7722	221 
7723	467 
7724	45 
7725	357 
7726	169 
7727	160 
7728	320 
7729	296 
7730	103 
7731	92 
7732	61 
7733	180 
7734	441 
7735	358 
7736	132 
7737	93 
7738	481 
7739	175 
7740	89 
7741	378 
7742	347 
7743	227 
7744	326 
7745	500 
7746	408 
7747	229 
7748	128 
7749	2 
7750	79 
7751	385 
7752	437 
7753	202 
7754	18 
7755	190 
7756	89 
7757	76 
7758	117 
7759	359 
7760	541 
7761	533 
7762	339 
7763	229 
7764	233 
7765	202 
7766	69 
7767	239 
7768	366 
7769	287 
7770	58 
7771	360 
7772	386 
7773	214 
7774	481 
7775	172 
7776	450 
7777	49 
7778	372 
7779	436 
7780	108 
7781	429 
7782	106 
7783	98 
7784	92 
7785	514 
7786	202 
7787	348 
7788	174 
7789	269 
7790	494 
7791	264 
7792	123 
7793	195 
7794	419 
7795	45 
7796	518 
7797	320 
7798	149 
7799	338 
7800	190 
7801	517 
7802	547 
7803	334 
7804	506 
7805	112 
7806	79 
7807	42 
7808	45 
7809	297 
7810	168 
7811	45 
7812	378 
7813	499 
7814	296 
7815	530 
7816	486 
7817	287 
7818	231 
7819	212 
7820	168 
7821	207 
7822	90 
7823	472 
7824	273 
7825	499 
7826	378 
7827	439 
7828	132 
7829	136 
7830	226 
7831	491 
7832	481 
7833	527 
7834	92 
7835	494 
7836	269 
7837	458 
7838	508 
7839	99 
7840	511 
7841	66 
7842	100 
7843	43 
7844	171 
7845	190 
7846	477 
7847	318 
7848	61 
7849	247 
7850	44 
7851	72 
7852	497 
7853	40 
7854	426 
7855	478 
7856	38 
7857	34 
7858	149 
7859	103 
7860	1 
7861	385 
7862	408 
7863	547 
7864	135 
7865	165 
7866	380 
7867	117 
7868	243 
7869	322 
7870	58 
7871	217 
7872	206 
7873	80 
7874	450 
7875	417 
7876	180 
7877	462 
7878	506 
7879	75 
7880	525 
7881	207 
7882	503 
7883	168 
7884	350 
7885	467 
7886	174 
7887	433 
7888	172 
7889	447 
7890	455 
7891	127 
7892	272 
7893	180 
7894	524 
7895	446 
7896	285 
7897	360 
7898	5 
7899	146 
7900	78 
7901	315 
7902	102 
7903	331 
7904	117 
7905	93 
7906	132 
7907	160 
7908	326 
7909	46 
7910	58 
7911	12 
7912	478 
7913	477 
7914	3 
7915	325 
7916	207 
7917	449 
7918	18 
7919	201 
7920	359 
7921	449 
7922	169 
7923	357 
7924	59 
7925	172 
7926	428 
7927	66 
7928	338 
7929	378 
7930	524 
7931	223 
7932	516 
7933	377 
7934	548 
7935	121 
7936	112 
7937	172 
7938	546 
7939	480 
7940	146 
7941	309 
7942	170 
7943	294 
7944	477 
7945	147 
7946	68 
7947	436 
7948	429 
7949	455 
7950	246 
7951	470 
7952	440 
7953	190 
7954	135 
7955	347 
7956	46 
7957	442 
7958	75 
7959	495 
7960	98 
7961	118 
7962	279 
7963	377 
7964	477 
7965	80 
7966	386 
7967	472 
7968	419 
7969	96 
7970	323 
7971	204 
7972	8 
7973	30 
7974	132 
7975	18 
7976	246 
7977	61 
7978	165 
7979	549 
7980	340 
7981	37 
7982	120 
7983	450 
7984	273 
7985	12 
7986	338 
7987	514 
7988	94 
7989	403 
7990	259 
7991	333 
7992	499 
7993	249 
7994	38 
7995	246 
7996	264 
7997	530 
7998	377 
7999	59 
8000	185 
8001	386 
8002	135 
8003	73 
8004	81 
8005	18 
8006	461 
8007	163 
8008	458 
8009	502 
8010	445 
8011	338 
8012	417 
8013	246 
8014	486 
8015	15 
8016	49 
8017	107 
8018	446 
8019	320 
8020	145 
8021	70 
8022	296 
8023	269 
8024	206 
8025	33 
8026	44 
8027	333 
8028	517 
8029	503 
8030	204 
8031	82 
8032	314 
8033	213 
8034	190 
8035	439 
8036	44 
8037	334 
8038	81 
8039	99 
8040	48 
8041	290 
8042	530 
8043	547 
8044	542 
8045	498 
8046	338 
8047	93 
8048	139 
8049	43 
8050	494 
8051	15 
8052	157 
8053	69 
8054	45 
8055	45 
8056	59 
8057	135 
8058	235 
8059	43 
8060	139 
8061	18 
8062	278 
8063	98 
8064	392 
8065	331 
8066	530 
8067	412 
8068	341 
8069	469 
8070	15 
8071	536 
8072	461 
8073	68 
8074	523 
8075	269 
8076	482 
8077	503 
8078	30 
8079	236 
8080	178 
8081	297 
8082	478 
8083	518 
8084	536 
8085	315 
8086	93 
8087	18 
8088	384 
8089	31 
8090	335 
8091	437 
8092	358 
8093	154 
8094	462 
8095	174 
8096	326 
8097	82 
8098	169 
8099	426 
8100	121 
8101	282 
8102	149 
8103	331 
8104	516 
8105	179 
8106	265 
8107	160 
8108	326 
8109	326 
8110	338 
8111	358 
8112	246 
8113	159 
8114	457 
8115	79 
8116	455 
8117	148 
8118	226 
8119	294 
8120	322 
8121	373 
8122	269 
8123	73 
8124	96 
8125	435 
8126	78 
8127	149 
8128	82 
8129	523 
8130	204 
8131	478 
8132	190 
8133	296 
8134	268 
8135	427 
8136	335 
8137	542 
8138	514 
8139	72 
8140	516 
8141	231 
8142	497 
8143	385 
8144	331 
8145	89 
8146	31 
8147	80 
8148	316 
8149	185 
8150	517 
8151	370 
8152	398 
8153	246 
8154	500 
8155	178 
8156	450 
8157	491 
8158	506 
8159	75 
8160	378 
8161	89 
8162	135 
8163	519 
8164	232 
8165	407 
8166	231 
8167	419 
8168	322 
8169	12 
8170	480 
8171	433 
8172	183 
8173	297 
8174	102 
8175	216 
8176	296 
8177	186 
8178	107 
8179	527 
8180	516 
8181	486 
8182	43 
8183	66 
8184	433 
8185	446 
8186	353 
8187	547 
8188	213 
8189	68 
8190	185 
8191	268 
8192	269 
8193	100 
8194	269 
8195	94 
8196	524 
8197	250 
8198	135 
8199	111 
8200	446 
8201	89 
8202	541 
8203	350 
8204	462 
8205	127 
8206	232 
8207	426 
8208	450 
8209	58 
8210	30 
8211	186 
8212	433 
8213	159 
8214	284 
8215	279 
8216	135 
8217	73 
8218	80 
8219	491 
8220	407 
8221	322 
8222	347 
8223	481 
8224	213 
8225	58 
8226	31 
8227	221 
8228	322 
8229	247 
8230	353 
8231	486 
8232	502 
8233	79 
8234	518 
8235	326 
8236	151 
8237	8 
8238	516 
8239	294 
8240	30 
8241	264 
8242	163 
8243	335 
8244	334 
8245	282 
8246	183 
8247	140 
8248	235 
8249	178 
8250	149 
8251	227 
8252	326 
8253	38 
8254	5 
8255	326 
8256	111 
8257	111 
8258	481 
8259	321 
8260	18 
8261	269 
8262	72 
8263	142 
8264	347 
8265	204 
8266	38 
8267	320 
8268	282 
8269	2 
8270	92 
8271	103 
8272	278 
8273	91 
8274	81 
8275	190 
8276	530 
8277	147 
8278	160 
8279	343 
8280	142 
8281	76 
8282	128 
8283	185 
8284	284 
8285	297 
8286	386 
8287	14 
8288	290 
8289	523 
8290	147 
8291	527 
8292	184 
8293	541 
8294	140 
8295	346 
8296	92 
8297	204 
8298	449 
8299	427 
8300	38 
8301	31 
8302	446 
8303	76 
8304	498 
8305	535 
8306	174 
8307	486 
8308	278 
8309	123 
8310	549 
8311	18 
8312	59 
8313	61 
8314	117 
8315	79 
8316	461 
8317	320 
8318	502 
8319	455 
8320	204 
8321	111 
8322	429 
8323	429 
8324	117 
8325	316 
8326	20 
8327	99 
8328	360 
8329	15 
8330	331 
8331	467 
8332	120 
8333	439 
8334	348 
8335	419 
8336	202 
8337	348 
8338	216 
8339	350 
8340	340 
8341	269 
8342	321 
8343	154 
8344	243 
8345	269 
8346	112 
8347	506 
8348	247 
8349	321 
8350	247 
8351	441 
8352	12 
8353	450 
8354	284 
8355	54 
8356	549 
8357	178 
8358	407 
8359	419 
8360	321 
8361	268 
8362	370 
8363	285 
8364	476 
8365	105 
8366	118 
8367	213 
8368	187 
8369	338 
8370	403 
8371	518 
8372	315 
8373	18 
8374	419 
8375	347 
8376	232 
8377	260 
8378	80 
8379	370 
8380	360 
8381	370 
8382	43 
8383	157 
8384	358 
8385	426 
8386	398 
8387	549 
8388	264 
8389	321 
8390	536 
8391	18 
8392	92 
8393	185 
8394	128 
8395	457 
8396	285 
8397	68 
8398	498 
8399	246 
8400	469 
8401	284 
8402	12 
8403	93 
8404	548 
8405	185 
8406	516 
8407	68 
8408	322 
8409	107 
8410	215 
8411	159 
8412	20 
8413	89 
8414	512 
8415	12 
8416	145 
8417	91 
8418	401 
8419	123 
8420	190 
8421	167 
8422	112 
8423	321 
8424	20 
8425	502 
8426	216 
8427	343 
8428	103 
8429	478 
8430	439 
8431	260 
8432	516 
8433	8 
8434	278 
8435	309 
8436	268 
8437	207 
8438	511 
8439	45 
8440	441 
8441	457 
8442	403 
8443	428 
8444	178 
8445	441 
8446	535 
8447	165 
8448	96 
8449	516 
8450	433 
8451	80 
8452	103 
8453	268 
8454	100 
8455	458 
8456	165 
8457	508 
8458	243 
8459	315 
8460	482 
8461	247 
8462	247 
8463	94 
8464	123 
8465	14 
8466	285 
8467	15 
8468	204 
8469	468 
8470	434 
8471	91 
8472	458 
8473	171 
8474	185 
8475	140 
8476	190 
8477	187 
8478	127 
8479	282 
8480	180 
8481	154 
8482	190 
8483	92 
8484	265 
8485	508 
8486	68 
8487	481 
8488	331 
8489	68 
8490	499 
8491	546 
8492	140 
8493	120 
8494	407 
8495	59 
8496	185 
8497	295 
8498	468 
8499	428 
8500	202 
8501	384 
8502	546 
8503	105 
8504	75 
8505	90 
8506	461 
8507	549 
8508	339 
8509	338 
8510	8 
8511	462 
8512	103 
8513	58 
8514	188 
8515	250 
8516	378 
8517	457 
8518	392 
8519	338 
8520	89 
8521	136 
8522	353 
8523	373 
8524	478 
8525	401 
8526	272 
8527	338 
8528	89 
8529	73 
8530	178 
8531	132 
8532	346 
8533	339 
8534	377 
8535	516 
8536	136 
8537	486 
8538	478 
8539	297 
8540	132 
8541	518 
8542	458 
8543	499 
8544	1 
8545	259 
8546	478 
8547	75 
8548	100 
8549	439 
8550	151 
8551	148 
8552	18 
8553	338 
8554	315 
8555	135 
8556	160 
8557	546 
8558	272 
8559	132 
8560	541 
8561	491 
8562	440 
8563	80 
8564	502 
8565	74 
8566	80 
8567	202 
8568	76 
8569	190 
8570	190 
8571	502 
8572	110 
8573	256 
8574	494 
8575	268 
8576	321 
8577	333 
8578	58 
8579	42 
8580	148 
8581	91 
8582	256 
8583	408 
8584	54 
8585	481 
8586	358 
8587	408 
8588	204 
8589	72 
8590	231 
8591	491 
8592	165 
8593	502 
8594	256 
8595	527 
8596	96 
8597	140 
8598	108 
8599	498 
8600	185 
8601	217 
8602	541 
8603	333 
8604	45 
8605	45 
8606	90 
8607	236 
8608	202 
8609	498 
8610	357 
8611	260 
8612	309 
8613	48 
8614	206 
8615	118 
8616	309 
8617	157 
8618	183 
8619	260 
8620	340 
8621	547 
8622	331 
8623	284 
8624	469 
8625	74 
8626	91 
8627	295 
8628	236 
8629	392 
8630	174 
8631	506 
8632	227 
8633	269 
8634	377 
8635	34 
8636	407 
8637	346 
8638	68 
8639	549 
8640	503 
8641	527 
8642	14 
8643	58 
8644	74 
8645	247 
8646	269 
8647	497 
8648	480 
8649	145 
8650	440 
8651	103 
8652	132 
8653	99 
8654	514 
8655	69 
8656	163 
8657	297 
8658	401 
8659	272 
8660	353 
8661	142 
8662	494 
8663	434 
8664	145 
8665	91 
8666	103 
8667	480 
8668	151 
8669	160 
8670	497 
8671	265 
8672	34 
8673	93 
8674	190 
8675	69 
8676	462 
8677	407 
8678	170 
8679	278 
8680	386 
8681	127 
8682	132 
8683	494 
8684	110 
8685	378 
8686	1 
8687	536 
8688	392 
8689	548 
8690	449 
8691	408 
8692	357 
8693	401 
8694	480 
8695	11 
8696	320 
8697	339 
8698	370 
8699	326 
8700	339 
8701	517 
8702	256 
8703	154 
8704	96 
8705	69 
8706	385 
8707	499 
8708	80 
8709	102 
8710	45 
8711	139 
8712	91 
8713	33 
8714	110 
8715	11 
8716	549 
8717	518 
8718	204 
8719	227 
8720	297 
8721	260 
8722	58 
8723	40 
8724	111 
8725	419 
8726	74 
8727	148 
8728	8 
8729	440 
8730	169 
8731	92 
8732	321 
8733	250 
8734	384 
8735	8 
8736	455 
8737	92 
8738	190 
8739	169 
8740	58 
8741	135 
8742	481 
8743	523 
8744	78 
8745	284 
8746	80 
8747	350 
8748	45 
8749	322 
8750	190 
8751	455 
8752	446 
8753	331 
8754	449 
8755	518 
8756	380 
8757	107 
8758	517 
8759	377 
8760	76 
8761	477 
8762	79 
8763	147 
8764	118 
8765	384 
8766	142 
8767	517 
8768	449 
8769	149 
8770	160 
8771	264 
8772	316 
8773	1 
8774	91 
8775	89 
8776	499 
8777	12 
8778	188 
8779	180 
8780	59 
8781	297 
8782	105 
8783	204 
8784	68 
8785	187 
8786	72 
8787	154 
8788	502 
8789	80 
8790	58 
8791	168 
8792	140 
8793	72 
8794	49 
8795	278 
8796	227 
8797	5 
8798	140 
8799	297 
8800	517 
8801	512 
8802	445 
8803	297 
8804	111 
8805	491 
8806	142 
8807	178 
8808	105 
8809	511 
8810	296 
8811	202 
8812	42 
8813	139 
8814	445 
8815	169 
8816	536 
8817	213 
8818	169 
8819	185 
8820	246 
8821	377 
8822	516 
8823	461 
8824	170 
8825	140 
8826	316 
8827	99 
8828	76 
8829	180 
8830	246 
8831	2 
8832	462 
8833	159 
8834	282 
8835	163 
8836	110 
8837	187 
8838	43 
8839	92 
8840	213 
8841	118 
8842	269 
8843	457 
8844	439 
8845	331 
8846	15 
8847	213 
8848	202 
8849	33 
8850	340 
8851	112 
8852	132 
8853	512 
8854	206 
8855	178 
8856	309 
8857	294 
8858	380 
8859	206 
8860	326 
8861	250 
8862	98 
8863	265 
8864	227 
8865	350 
8866	348 
8867	68 
8868	247 
8869	127 
8870	331 
8871	103 
8872	249 
8873	468 
8874	92 
8875	207 
8876	118 
8877	441 
8878	347 
8879	49 
8880	486 
8881	59 
8882	78 
8883	20 
8884	45 
8885	494 
8886	149 
8887	278 
8888	547 
8889	321 
8890	80 
8891	159 
8892	165 
8893	326 
8894	503 
8895	78 
8896	2 
8897	15 
8898	445 
8899	518 
8900	79 
8901	273 
8902	264 
8903	58 
8904	408 
8905	316 
8906	204 
8907	333 
8908	511 
8909	178 
8910	190 
8911	45 
8912	455 
8913	204 
8914	209 
8915	530 
8916	18 
8917	331 
8918	440 
8919	326 
8920	160 
8921	455 
8922	535 
8923	140 
8924	107 
8925	284 
8926	76 
8927	450 
8928	108 
8929	132 
8930	243 
8931	188 
8932	92 
8933	128 
8934	384 
8935	118 
8936	50 
8937	316 
8938	514 
8939	476 
8940	472 
8941	348 
8942	445 
8943	188 
8944	282 
8945	209 
8946	455 
8947	455 
8948	135 
8949	185 
8950	466 
8951	409 
8952	558 
8953	209 
8954	50 
8955	170 
8956	154 
8957	5 
8958	461 
8959	174 
8960	331 
8961	174 
8962	285 
8963	80 
8964	357 
8965	461 
8966	340 
8967	297 
8968	246 
8969	160 
8970	202 
8971	476 
8972	455 
8973	403 
8974	549 
8975	89 
8976	45 
8977	190 
8978	478 
8979	151 
8980	78 
8981	403 
8982	331 
8983	439 
8984	512 
8985	334 
8986	78 
8987	58 
8988	491 
8989	477 
8990	353 
8991	340 
8992	278 
8993	320 
8994	273 
8995	76 
8996	335 
8997	190 
8998	380 
8999	548 
9000	8 
9001	458 
9002	58 
9003	542 
9004	468 
9005	68 
9006	103 
9007	204 
9008	243 
9009	469 
9010	285 
9011	204 
9012	284 
9013	477 
9014	45 
9015	316 
9016	360 
9017	132 
9018	170 
9019	256 
9020	549 
9021	227 
9022	478 
9023	8 
9024	30 
9025	478 
9026	80 
9027	76 
9028	439 
9029	259 
9030	110 
9031	343 
9032	380 
9033	321 
9034	110 
9035	216 
9036	90 
9037	419 
9038	1 
9039	384 
9040	338 
9041	478 
9042	440 
9043	2 
9044	284 
9045	461 
9046	269 
9047	536 
9048	2 
9049	111 
9050	516 
9051	315 
9052	469 
9053	188 
9054	139 
9055	273 
9056	542 
9057	282 
9058	321 
9059	419 
9060	536 
9061	296 
9062	247 
9063	33 
9064	81 
9065	185 
9066	80 
9067	477 
9068	494 
9069	269 
9070	43 
9071	403 
9072	79 
9073	476 
9074	353 
9075	546 
9076	469 
9077	30 
9078	401 
9079	178 
9080	89 
9081	512 
9082	284 
9083	282 
9084	127 
9085	68 
9086	188 
9087	503 
9088	42 
9089	45 
9090	326 
9091	294 
9092	497 
9093	331 
9094	517 
9095	190 
9096	91 
9097	33 
9098	296 
9099	80 
9100	103 
9101	135 
9102	440 
9103	494 
9104	426 
9105	111 
9106	316 
9107	269 
9108	8 
9109	92 
9110	195 
9111	132 
9112	333 
9113	518 
9114	92 
9115	407 
9116	232 
9117	149 
9118	455 
9119	165 
9120	353 
9121	42 
9122	401 
9123	512 
9124	462 
9125	147 
9126	69 
9127	209 
9128	72 
9129	78 
9130	8 
9131	185 
9132	478 
9133	187 
9134	33 
9135	12 
9136	185 
9137	204 
9138	33 
9139	269 
9140	343 
9141	80 
9142	58 
9143	190 
9144	58 
9145	33 
9146	68 
9147	187 
9148	449 
9149	92 
9150	165 
9151	157 
9152	548 
9153	185 
9154	469 
9155	68 
9156	132 
9157	340 
9158	165 
9159	478 
9160	469 
9161	542 
9162	160 
9163	333 
9164	468 
9165	378 
9166	450 
9167	439 
9168	360 
9169	468 
9170	195 
9171	439 
9172	462 
9173	409 
9174	170 
9175	343 
9176	110 
9177	449 
9178	78 
9179	340 
9180	478 
9181	320 
9182	326 
9183	269 
9184	132 
9185	401 
9186	34 
9187	72 
9188	149 
9189	30 
9190	480 
9191	68 
9192	343 
9193	461 
9194	486 
9195	190 
9196	8 
9197	478 
9198	548 
9199	185 
9200	269 
9201	315 
9202	128 
9203	502 
9204	159 
9205	163 
9206	187 
9207	154 
9208	132 
9209	43 
9210	321 
9211	407 
9212	149 
9213	446 
9214	279 
9215	250 
9216	469 
9217	76 
9218	445 
9219	190 
9220	33 
9221	8 
9222	256 
9223	45 
9224	168 
9225	373 
9226	154 
9227	68 
9228	103 
9229	279 
9230	247 
9231	294 
9232	72 
9233	58 
9234	43 
9235	149 
9236	243 
9237	469 
9238	546 
9239	269 
9240	377 
9241	338 
9242	80 
9243	78 
9244	112 
9245	518 
9246	343 
9247	207 
9248	445 
9249	480 
9250	34 
9251	279 
9252	461 
9253	468 
9254	386 
9255	370 
9256	232 
9257	185 
9258	204 
9259	445 
9260	343 
9261	149 
9262	321 
9263	315 
9264	132 
9265	243 
9266	517 
9267	185 
9268	216 
9269	546 
9270	180 
9271	481 
9272	132 
9273	76 
9274	163 
9275	331 
9276	190 
9277	157 
9278	477 
9279	157 
9280	494 
9281	462 
9282	188 
9283	458 
9284	91 
9285	476 
9286	469 
9287	378 
9288	503 
9289	204 
9290	468 
9291	34 
9292	111 
9293	250 
9294	370 
9295	358 
9296	455 
9297	549 
9298	494 
9299	440 
9300	449 
9301	157 
9302	401 
9303	79 
9304	457 
9305	188 
9306	466 
9307	5 
9308	81 
9309	468 
9310	486 
9311	68 
9312	30 
9313	320 
9314	462 
9315	284 
9316	333 
9317	167 
9318	247 
9319	278 
9320	92 
9321	111 
9322	103 
9323	256 
9324	135 
9325	516 
9326	335 
9327	466 
9328	547 
9329	518 
9330	486 
9331	440 
9332	315 
9333	477 
9334	165 
9335	335 
9336	502 
9337	278 
9338	91 
9339	542 
9340	315 
9341	481 
9342	243 
9343	468 
9344	45 
9345	518 
9346	147 
9347	378 
9348	58 
9349	154 
9350	110 
9351	91 
9352	149 
9353	386 
9354	78 
9355	476 
9356	321 
9357	89 
9358	502 
9359	516 
9360	321 
9361	227 
9362	227 
9363	439 
9364	12 
9365	78 
9366	326 
9367	8 
9368	58 
9369	163 
9370	132 
9371	370 
9372	269 
9373	269 
9374	320 
9375	69 
9376	320 
9377	142 
9378	69 
9379	204 
9380	458 
9381	80 
9382	5 
9383	297 
9384	247 
9385	68 
9386	321 
9387	163 
9388	163 
9389	185 
9390	407 
9391	334 
9392	547 
9393	511 
9394	80 
9395	247 
9396	297 
9397	264 
9398	76 
9399	132 
9400	78 
9401	8 
9402	91 
9403	159 
9404	58 
9405	149 
9406	358 
9407	378 
9408	321 
9409	272 
9410	58 
9411	151 
9412	80 
9413	478 
9414	216 
9415	68 
9416	331 
9417	477 
9418	163 
9419	98 
9420	466 
9421	494 
9422	12 
9423	320 
9424	112 
9425	89 
9426	180 
9427	486 
9428	279 
9429	204 
9430	204 
9431	477 
9432	450 
9433	269 
9434	204 
9435	516 
9436	340 
9437	358 
9438	497 
9439	12 
9440	149 
9441	204 
9442	91 
9443	338 
9444	11 
9445	294 
9446	180 
9447	440 
9448	468 
9449	285 
9450	264 
9451	8 
9452	378 
9453	128 
9454	45 
9455	338 
9456	81 
9457	321 
9458	445 
9459	232 
9460	207 
9461	188 
9462	516 
9463	326 
9464	541 
9465	497 
9466	68 
9467	204 
9468	163 
9469	132 
9470	297 
9471	278 
9472	174 
9473	478 
9474	12 
9475	157 
9476	8 
9477	458 
9478	149 
9479	81 
9480	503 
9481	202 
9482	320 
9483	334 
9484	110 
9485	462 
9486	202 
9487	149 
9488	461 
9489	159 
9490	163 
9491	202 
9492	334 
9493	157 
9494	151 
9495	73 
9496	378 
9497	80 
9498	461 
9499	340 
9500	278 
9501	58 
9502	202 
9503	159 
9504	45 
9505	348 
9506	469 
9507	80 
9508	546 
9509	204 
9510	243 
9511	132 
9512	204 
9513	511 
9514	204 
9515	282 
9516	207 
9517	80 
9518	149 
9519	185 
9520	466 
9521	321 
9522	326 
9523	80 
9524	401 
9525	12 
9526	45 
9527	469 
9528	128 
9529	407 
9530	209 
9531	247 
9532	549 
9533	285 
9534	18 
9535	547 
9536	462 
9537	445 
9538	8 
9539	333 
9540	149 
9541	136 
9542	386 
9543	185 
9544	419 
9545	159 
9546	282 
9547	5 
9548	79 
9549	264 
9550	518 
9551	142 
9552	518 
9553	511 
9554	476 
9555	246 
9556	207 
9557	294 
9558	151 
9559	334 
9560	243 
9561	511 
9562	80 
9563	18 
9564	502 
9565	284 
9566	185 
9567	180 
9568	477 
9569	480 
9570	331 
9571	81 
9572	321 
9573	204 
9574	469 
9575	80 
9576	498 
9577	157 
9578	180 
9579	58 
9580	320 
9581	481 
9582	142 
9583	98 
9584	45 
9585	458 
9586	12 
9587	547 
9588	441 
9589	58 
9590	89 
9591	151 
9592	18 
9593	190 
9594	502 
9595	321 
9596	498 
9597	159 
9598	135 
9599	157 
9600	343 
9601	80 
9602	11 
9603	486 
9604	279 
9605	282 
9606	331 
9607	89 
9608	111 
9609	338 
9610	108 
9611	466 
9612	419 
9613	461 
9614	494 
9615	326 
9616	45 
9617	518 
9618	549 
9619	68 
9620	110 
9621	518 
9622	326 
9623	68 
9624	439 
9625	334 
9626	458 
9627	165 
9628	12 
9629	407 
9630	458 
9631	135 
9632	407 
9633	547 
9634	401 
9635	111 
9636	209 
9637	12 
9638	151 
9639	338 
9640	320 
9641	163 
9642	165 
9643	108 
9644	264 
9645	89 
9646	92 
9647	321 
9648	80 
9649	81 
9650	151 
9651	478 
9652	256 
9653	497 
9654	108 
9655	79 
9656	469 
9657	469 
9658	407 
9659	128 
9660	12 
9661	466 
9662	517 
9663	68 
9664	204 
9665	478 
9666	373 
9667	76 
9668	269 
9669	112 
9670	269 
9671	149 
9672	491 
9673	43 
9674	278 
9675	180 
9676	284 
9677	132 
9678	132 
9679	326 
9680	78 
9681	8 
9682	502 
9683	89 
9684	92 
9685	11 
9686	358 
9687	89 
9688	458 
9689	377 
9690	91 
9691	160 
9692	343 
9693	163 
9694	5 
9695	157 
9696	190 
9697	80 
9698	494 
9699	78 
9700	272 
9701	76 
9702	190 
9703	79 
9704	78 
9705	455 
9706	68 
9707	91 
9708	33 
9709	401 
9710	2 
9711	373 
9712	157 
9713	378 
9714	165 
9715	478 
9716	227 
9717	549 
9718	209 
9719	209 
9720	461 
9721	160 
9722	461 
9723	331 
9724	190 
9725	321 
9726	486 
9727	455 
9728	269 
9729	284 
9730	149 
9731	204 
9732	516 
9733	441 
9734	331 
9735	180 
9736	516 
9737	206 
9738	33 
9739	321 
9740	76 
9741	165 
9742	269 
9743	373 
9744	440 
9745	157 
9746	159 
9747	79 
9748	58 
9749	12 
9750	373 
9751	468 
9752	58 
9753	461 
9754	174 
9755	58 
9756	180 
9757	516 
9758	76 
9759	486 
9760	518 
9761	188 
9762	419 
9763	92 
9764	321 
9765	516 
9766	111 
9767	269 
9768	128 
9769	69 
9770	206 
9771	149 
9772	178 
9773	518 
9774	89 
9775	188 
9776	338 
9777	190 
9778	441 
9779	441 
9780	326 
9781	163 
9782	190 
9783	159 
9784	43 
9785	80 
9786	160 
9787	497 
9788	334 
9789	269 
9790	333 
9791	455 
9792	386 
9793	135 
9794	165 
9795	12 
9796	401 
9797	207 
9798	58 
9799	79 
9800	81 
9801	516 
9802	468 
9803	204 
9804	462 
9805	269 
9806	516 
9807	294 
9808	547 
9809	111 
9810	320 
9811	282 
9812	439 
9813	178 
9814	269 
9815	204 
9816	132 
9817	407 
9818	246 
9819	108 
9820	401 
9821	68 
9822	180 
9823	343 
9824	5 
9825	486 
9826	333 
9827	502 
9828	439 
9829	204 
9830	333 
9831	502 
9832	149 
9833	331 
9834	256 
9835	486 
9836	503 
9837	441 
9838	142 
9839	89 
9840	12 
9841	547 
9842	8 
9843	79 
9844	151 
9845	478 
9846	462 
9847	358 
9848	468 
9849	516 
9850	159 
9851	204 
9852	246 
9853	142 
9854	190 
9855	458 
9856	462 
9857	333 
9858	69 
9859	12 
9860	401 
9861	478 
9862	494 
9863	2 
9864	132 
9865	58 
9866	502 
9867	320 
9868	81 
9869	180 
9870	477 
9871	76 
9872	149 
9873	502 
9874	159 
9875	386 
9876	204 
9877	190 
9878	439 
9879	502 
9880	149 
9881	284 
9882	401 
9883	58 
9884	68 
9885	378 
9886	461 
9887	269 
9888	165 
9889	58 
9890	45 
9891	284 
9892	89 
9893	320 
9894	494 
9895	294 
9896	478 
9897	547 
9898	502 
9899	18 
9900	320 
9901	407 
9902	494 
9903	2 
9904	80 
9905	58 
9906	269 
9907	149 
9908	149 
9909	132 
9910	297 
9911	142 
9912	190 
9913	517 
9914	440 
9915	458 
9916	494 
9917	462 
9918	80 
9919	334 
9920	457 
9921	190 
9922	149 
9923	503 
9924	204 
9925	373 
9926	516 
9927	69 
9928	18 
9929	373 
9930	497 
9931	294 
9932	68 
9933	190 
9934	256 
9935	76 
9936	45 
9937	518 
9938	190 
9939	494 
9940	378 
9941	8 
9942	462 
9943	8 
9944	462 
9945	461 
9946	477 
9947	132 
9948	478 
9949	45 
9950	190 
9951	45 
9952	401 
9953	92 
9954	477 
9955	190 
9956	343 
9957	204 
9958	334 
9959	45 
9960	326 
9961	12 
9962	269 
9963	478 
9964	89 
9965	441 
9966	297 
9967	58 
9968	68 
9969	174 
9970	269 
9971	516 
9972	326 
9973	326 
9974	516 
9975	178 
9976	338 
9977	338 
9978	165 
9979	204 
9980	92 
9981	497 
9982	503 
9983	343 
9984	92 
9985	8 
9986	80 
9987	441 
9988	142 
9989	246 
9990	68 
9991	165 
9992	111 
9993	334 
9994	440 
9995	69 
9996	69 
9997	320 
9998	190 
9999	458 
10000	321 
