0 0
1 1
2 1
3 1
4 0
5 0
6 1
7 1
8 0
9 1
10 1
11 0
12 1
13 0
14 1
15 0
16 1
17 1
18 1
19 0
20 1
21 1
22 0
23 0
24 0
25 1
26 0
27 1
28 1
29 1
30 0
31 0
32 0
33 1
34 1
35 1
36 0
37 1
38 1
39 0
40 1
41 1
42 0
43 1
44 0
45 1
46 1
47 1
48 1
49 1
50 0
51 0
52 0
53 1
54 1
55 1
56 0
57 1
58 1
59 1
60 1
61 0
62 0
63 1
64 1
65 0
66 1
67 1
68 0
69 0
70 0
71 1
72 0
73 0
74 0
75 1
76 0
77 0
78 0
79 1
80 0
81 1
82 0
83 1
84 1
85 1
86 0
87 0
88 1
89 0
90 0
91 1
92 1
93 1
94 0
95 0
96 1
97 0
98 0
99 1
100 0
101 0
102 0
103 0
104 0
105 0
106 0
107 1
108 1
109 0
110 0
111 0
112 0
113 0
114 1
115 0
116 1
117 0
118 0
119 1
120 0
121 1
122 0
123 1
124 1
125 0
126 1
127 0
128 1
129 1
130 0
131 1
132 0
133 1
134 1
135 1
136 0
137 1
138 0
139 1
140 1
141 1
142 1
143 0
144 1
145 1
146 0
147 1
148 1
149 0
150 1
151 0
152 1
153 0
154 1
155 0
156 0
157 1
158 0
159 1
160 0
161 0
162 0
163 1
164 0
165 1
166 1
167 1
168 0
169 1
170 1
171 1
172 0
173 1
174 0
175 0
176 0
177 1
178 1
179 1
180 1
181 0
182 0
183 0
184 1
185 0
186 1
187 1
188 1
189 1
190 0
191 0
192 1
193 0
194 0
195 1
196 1
197 1
198 0
199 0
200 0
201 1
202 1
203 1
204 0
205 1
206 1
207 0
208 0
209 0
210 0
211 0
212 1
213 1
214 1
215 1
216 0
217 1
218 1
219 0
220 0
221 1
222 1
223 0
224 0
225 0
226 1
227 0
228 1
229 0
230 1
231 0
232 0
233 0
234 0
235 1
236 1
237 0
238 1
239 0
240 1
241 0
242 1
243 1
244 0
245 1
246 1
247 1
248 0
249 0
250 1
251 1
252 0
253 1
254 1
255 1
256 0
257 1
258 1
259 0
260 0
261 0
262 1
263 1
264 1
265 1
266 0
267 0
268 0
269 0
270 1
271 1
272 1
273 0
274 0
275 0
276 1
277 1
278 0
279 0
280 1
281 0
282 0
283 0
284 1
285 0
286 0
287 0
288 1
289 1
290 1
291 0
292 0
293 1
294 0
295 0
296 0
297 1
298 1
299 1
300 0
301 1
302 0
303 0
304 1
305 1
306 0
307 0
308 1
309 0
310 1
311 0
312 0
313 1
314 1
315 0
316 1
317 1
318 1
319 0
320 0
321 1
322 1
323 1
324 0
325 0
326 1
327 1
328 1
329 0
330 1
331 1
332 1
333 0
334 1
335 0
336 0
337 1
338 0
339 0
340 1
341 0
342 1
343 1
344 1
345 0
346 0
347 1
348 1
349 0
350 0
351 0
352 0
353 0
354 0
355 1
356 1
357 0
358 1
359 1
360 0
361 1
362 0
363 0
364 1
365 1
366 1
367 1
368 0
369 0
370 1
371 1
372 0
373 1
374 1
375 1
376 1
377 0
378 1
379 1
380 1
381 0
382 1
383 1
384 0
385 1
386 1
387 0
388 0
389 0
390 1
391 1
392 1
393 1
394 1
395 1
396 1
397 0
398 1
399 1
400 0
401 1
402 1
403 0
404 0
405 0
406 1
407 0
408 1
409 1
410 0
411 0
412 0
413 0
414 0
415 1
416 1
417 1
418 1
419 1
420 0
421 1
422 1
423 1
424 0
425 0
426 1
427 0
428 1
429 0
430 1
431 1
432 1
433 0
434 1
435 0
436 0
437 1
438 0
439 0
440 0
441 1
442 1
443 0
444 0
445 1
446 0
447 1
448 1
449 0
450 1
451 0
452 1
453 0
454 1
455 1
456 0
457 1
458 0
459 0
460 1
461 1
462 1
463 1
464 0
465 0
466 1
467 1
468 0
469 1
470 0
471 1
472 1
473 1
474 1
475 1
476 1
477 0
478 0
479 1
480 0
481 0
482 0
483 1
484 1
485 0
486 0
487 1
488 1
489 1
490 1
491 1
492 1
493 1
494 1
495 0
496 1
497 0
498 0
499 1
500 0
501 1
502 0
503 0
504 1
505 1
506 0
507 0
508 1
509 1
510 0
511 0
512 1
513 0
514 0
515 1
516 0
517 1
518 1
519 0
520 0
521 0
522 0
523 0
524 0
525 1
526 1
527 1
528 1
529 1
530 0
531 1
532 1
533 1
534 0
535 1
536 0
537 0
538 1
539 1
540 0
541 0
542 1
543 1
544 0
545 1
546 0
547 1
548 0
549 0
550 0
551 1
552 1
553 1
554 1
555 0
556 1
557 0
558 1
559 1
560 1
561 1
562 0
563 1
564 0
565 1
566 0
567 1
568 1
569 1
570 1
571 0
572 1
573 1
574 1
575 1
576 1
577 0
578 0
579 0
580 1
581 1
582 0
583 0
584 1
585 0
586 0
587 1
588 0
589 0
590 1
591 0
592 0
593 1
594 1
595 0
596 1
597 0
598 1
599 0
600 0
601 0
602 1
603 0
604 0
605 1
606 1
607 0
608 0
609 0
610 1
611 0
612 1
613 1
614 0
615 1
616 0
617 0
618 0
619 0
620 1
621 0
622 1
623 1
624 0
625 0
626 1
627 1
628 0
629 1
630 0
631 0
632 0
633 1
634 1
635 0
636 1
637 1
638 0
639 1
640 1
641 1
642 0
643 1
644 1
645 0
646 0
647 0
648 0
649 1
650 0
651 0
652 0
653 1
654 1
655 0
656 1
657 0
658 1
659 1
660 0
661 1
662 1
663 0
664 1
665 1
666 0
667 0
668 0
669 0
670 1
671 0
672 1
673 1
674 0
675 1
676 0
677 1
678 1
679 1
680 1
681 0
682 1
683 1
684 1
685 1
686 1
687 1
688 0
689 0
690 1
691 1
692 1
693 1
694 0
695 0
696 1
697 0
698 0
699 1
700 1
701 1
702 0
703 1
704 0
705 0
706 0
707 1
708 0
709 0
710 1
711 1
712 1
713 1
714 1
715 0
716 1
717 1
718 1
719 1
720 1
721 0
722 0
723 1
724 1
725 1
726 1
727 0
728 0
729 0
730 1
731 0
732 1
733 0
734 0
735 0
736 1
737 1
738 1
739 0
740 1
741 0
742 1
743 0
744 0
745 0
746 1
747 1
748 1
749 0
750 1
751 0
752 1
753 1
754 0
755 1
756 1
757 0
758 1
759 1
760 1
761 0
762 1
763 0
764 1
765 0
766 1
767 1
768 1
769 0
770 0
771 0
772 0
773 0
774 1
775 1
776 0
777 1
778 0
779 0
780 0
781 0
782 1
783 1
784 0
785 0
786 0
787 0
788 1
789 1
790 1
791 0
792 0
793 0
794 1
795 0
796 1
797 0
798 1
799 0
800 0
801 1
802 1
803 1
804 0
805 0
806 1
807 0
808 1
809 0
810 0
811 0
812 1
813 0
814 0
815 0
816 1
817 0
818 1
819 1
820 0
821 1
822 1
823 0
824 0
825 1
826 1
827 1
828 0
829 0
830 0
831 1
832 1
833 1
834 1
835 1
836 0
837 1
838 0
839 0
840 0
841 1
842 0
843 1
844 1
845 1
846 1
847 1
848 1
849 1
850 1
851 1
852 0
853 0
854 0
855 1
856 1
857 0
858 0
859 0
860 0
861 1
862 1
863 1
864 1
865 0
866 1
867 1
868 0
869 0
870 1
871 1
872 0
873 1
874 1
875 0
876 1
877 1
878 1
879 0
880 0
881 0
882 0
883 1
884 0
885 1
886 1
887 0
888 0
889 0
890 1
891 1
892 1
893 1
894 1
895 0
896 0
897 1
898 1
899 0
900 1
901 1
902 0
903 1
904 0
905 0
906 1
907 0
908 0
909 1
910 1
911 1
912 0
913 1
914 0
915 1
916 1
917 0
918 0
919 1
920 1
921 0
922 1
923 0
924 1
925 1
926 1
927 1
928 1
929 0
930 0
931 1
932 0
933 1
934 0
935 0
936 1
937 1
938 0
939 1
940 1
941 1
942 0
943 0
944 1
945 0
946 1
947 1
948 0
949 0
950 0
951 0
952 1
953 0
954 0
955 0
956 0
957 1
958 0
959 1
960 0
961 0
962 0
963 1
964 0
965 1
966 0
967 0
968 1
969 0
970 1
971 1
972 1
973 0
974 0
975 1
976 0
977 0
978 0
979 0
980 1
981 0
982 0
983 0
984 1
985 1
986 0
987 1
988 0
989 0
990 1
991 1
992 1
993 0
994 0
995 0
996 0
997 0
998 0
999 0
1000 2
1001 3
1002 4
1003 3
1004 4
1005 5
1006 6
1007 7
1008 8
1009 5
1010 9
1011 10
1012 8
1013 2
1014 10
1015 7
1016 11
1017 12
1018 2
1019 3
1020 11
1021 13
1022 4
1023 9
1024 8
1025 3
1026 4
1027 14
1028 11
1029 9
1030 12
1031 15
1032 11
1033 8
1034 5
1035 4
1036 6
1037 11
1038 3
1039 9
1040 7
1041 15
1042 12
1043 15
1044 3
1045 9
1046 11
1047 13
1048 11
1049 15
1050 9
1051 12
1052 14
1053 14
1054 13
1055 12
1056 3
1057 9
1058 13
1059 4
1060 5
1061 13
1062 11
1063 15
1064 15
1065 11
1066 4
1067 15
1068 7
1069 6
1070 5
1071 14
1072 12
1073 8
1074 13
1075 6
1076 4
1077 14
1078 2
1079 6
1080 8
1081 13
1082 2
1083 12
1084 6
1085 6
1086 9
1087 14
1088 8
1089 6
1090 6
1091 2
1092 13
1093 9
1094 2
1095 12
1096 6
1097 5
1098 5
1099 13
1100 13
1101 11
1102 8
1103 5
1104 7
1105 5
1106 7
1107 12
1108 11
1109 2
1110 5
1111 3
1112 13
1113 14
1114 8
1115 13
1116 2
1117 15
1118 8
1119 5
1120 4
1121 6
1122 15
1123 5
1124 12
1125 12
1126 2
1127 2
1128 11
1129 15
1130 4
1131 13
1132 7
1133 4
1134 11
1135 8
1136 6
1137 9
1138 13
1139 4
1140 9
1141 15
1142 13
1143 11
1144 4
1145 3
1146 11
1147 12
1148 15
1149 3
1150 8
1151 14
1152 15
1153 4
1154 12
1155 7
1156 12
1157 4
1158 9
1159 9
1160 4
1161 9
1162 4
1163 10
1164 6
1165 6
1166 2
1167 6
1168 5
1169 15
1170 3
1171 10
1172 2
1173 5
1174 7
1175 3
1176 4
1177 12
1178 8
1179 2
1180 4
1181 4
1182 9
1183 4
1184 6
1185 12
1186 13
1187 4
1188 9
1189 11
1190 12
1191 6
1192 5
1193 15
1194 3
1195 7
1196 9
1197 11
1198 13
1199 10
1200 5
1201 6
1202 7
1203 14
1204 2
1205 4
1206 10
1207 9
1208 14
1209 3
1210 5
1211 7
1212 4
1213 14
1214 3
1215 13
1216 5
1217 4
1218 3
1219 6
1220 11
1221 7
1222 4
1223 12
1224 10
1225 3
1226 6
1227 14
1228 14
1229 11
1230 10
1231 11
1232 15
1233 11
1234 5
1235 8
1236 14
1237 9
1238 3
1239 10
1240 10
1241 2
1242 8
1243 12
1244 13
1245 15
1246 12
1247 10
1248 6
1249 10
1250 2
1251 5
1252 13
1253 14
1254 12
1255 6
1256 13
1257 3
1258 3
1259 15
1260 13
1261 15
1262 10
1263 9
1264 14
1265 13
1266 9
1267 15
1268 13
1269 15
1270 10
1271 14
1272 3
1273 12
1274 6
1275 14
1276 15
1277 11
1278 10
1279 10
1280 6
1281 8
1282 15
1283 10
1284 15
1285 15
1286 9
1287 10
1288 12
1289 3
1290 10
1291 11
1292 11
1293 10
1294 3
1295 9
1296 10
1297 12
1298 13
1299 4
1300 4
1301 13
1302 7
1303 13
1304 10
1305 10
1306 6
1307 15
1308 2
1309 15
1310 12
1311 3
1312 10
1313 11
1314 9
1315 15
1316 15
1317 15
1318 15
1319 3
1320 10
1321 12
1322 15
1323 15
1324 14
1325 11
1326 10
1327 13
1328 7
1329 8
1330 6
1331 13
1332 7
1333 6
1334 9
1335 6
1336 7
1337 9
1338 12
1339 6
1340 7
1341 9
1342 3
1343 12
1344 8
1345 5
1346 5
1347 9
1348 11
1349 14
1350 14
1351 15
1352 10
1353 14
1354 7
1355 7
1356 7
1357 6
1358 6
1359 6
1360 5
1361 2
1362 12
1363 13
1364 7
1365 3
1366 3
1367 8
1368 7
1369 12
1370 10
1371 4
1372 13
1373 13
1374 13
1375 3
1376 5
1377 14
1378 6
1379 11
1380 5
1381 6
1382 8
1383 9
1384 9
1385 12
1386 9
1387 4
1388 9
1389 9
1390 13
1391 10
1392 9
1393 9
1394 12
1395 10
1396 12
1397 9
1398 15
1399 8
1400 10
1401 10
1402 11
1403 9
1404 12
1405 10
1406 12
1407 3
1408 11
1409 13
1410 15
1411 13
1412 7
1413 5
1414 5
1415 3
1416 5
1417 11
1418 12
1419 6
1420 5
1421 5
1422 9
1423 12
1424 12
1425 7
1426 7
1427 3
1428 13
1429 3
1430 3
1431 9
1432 2
1433 13
1434 11
1435 7
1436 5
1437 2
1438 6
1439 10
1440 4
1441 15
1442 12
1443 12
1444 10
1445 2
1446 8
1447 4
1448 11
1449 10
1450 13
1451 14
1452 3
1453 6
1454 7
1455 10
1456 15
1457 15
1458 13
1459 15
1460 13
1461 13
1462 3
1463 8
1464 11
1465 3
1466 12
1467 13
1468 8
1469 13
1470 8
1471 3
1472 9
1473 12
1474 4
1475 10
1476 5
1477 3
1478 4
1479 12
1480 10
1481 3
1482 15
1483 5
1484 12
1485 7
1486 4
1487 4
1488 5
1489 13
1490 14
1491 4
1492 7
1493 4
1494 7
1495 12
1496 9
1497 5
1498 14
1499 2
1500 11
1501 7
1502 12
1503 6
1504 7
1505 7
1506 2
1507 14
1508 3
1509 3
1510 7
1511 15
1512 7
1513 6
1514 11
1515 8
1516 10
1517 10
1518 2
1519 10
1520 13
1521 13
1522 10
1523 8
1524 11
1525 12
1526 13
1527 9
1528 7
1529 13
1530 13
1531 10
1532 13
1533 10
1534 11
1535 5
1536 4
1537 9
1538 11
1539 11
1540 11
1541 13
1542 9
1543 10
1544 13
1545 11
1546 15
1547 7
1548 12
1549 7
1550 4
1551 11
1552 6
1553 6
1554 11
1555 15
1556 7
1557 4
1558 11
1559 9
1560 13
1561 15
1562 6
1563 11
1564 6
1565 12
1566 12
1567 2
1568 11
1569 15
1570 15
1571 5
1572 2
1573 4
1574 15
1575 12
1576 11
1577 15
1578 13
1579 7
1580 14
1581 5
1582 8
1583 7
1584 12
1585 15
1586 5
1587 7
1588 8
1589 15
1590 6
1591 7
1592 15
1593 8
1594 14
1595 6
1596 15
1597 15
1598 15
1599 11
1600 2
1601 9
1602 6
1603 14
1604 2
1605 9
1606 10
1607 11
1608 14
1609 2
1610 8
1611 8
1612 13
1613 11
1614 15
1615 11
1616 12
1617 2
1618 13
1619 13
1620 2
1621 2
1622 12
1623 7
1624 2
1625 11
1626 5
1627 2
1628 11
1629 15
1630 5
1631 11
1632 9
1633 9
1634 9
1635 2
1636 7
1637 14
1638 13
1639 6
1640 15
1641 13
1642 13
1643 9
1644 12
1645 15
1646 6
1647 6
1648 8
1649 9
1650 15
1651 6
1652 11
1653 6
1654 9
1655 12
1656 15
1657 3
1658 3
1659 11
1660 8
1661 9
1662 3
1663 9
1664 15
1665 6
1666 13
1667 10
1668 11
1669 9
1670 12
1671 3
1672 6
1673 5
1674 12
1675 7
1676 6
1677 11
1678 12
1679 15
1680 15
1681 5
1682 5
1683 7
1684 2
1685 10
1686 10
1687 11
1688 13
1689 3
1690 2
1691 10
1692 15
1693 12
1694 10
1695 4
1696 9
1697 10
1698 15
1699 5
1700 15
1701 13
1702 10
1703 12
1704 7
1705 8
1706 5
1707 15
1708 6
1709 12
1710 9
1711 14
1712 12
1713 9
1714 15
1715 14
1716 14
1717 11
1718 10
1719 8
1720 11
1721 7
1722 7
1723 4
1724 8
1725 10
1726 4
1727 14
1728 3
1729 8
1730 12
1731 12
1732 5
1733 9
1734 10
1735 8
1736 7
1737 4
1738 12
1739 3
1740 11
1741 12
1742 3
1743 4
1744 13
1745 13
1746 2
1747 5
1748 11
1749 11
1750 14
1751 4
1752 9
1753 2
1754 15
1755 13
1756 3
1757 2
1758 13
1759 12
1760 6
1761 9
1762 6
1763 13
1764 4
1765 5
1766 2
1767 2
1768 15
1769 11
1770 3
1771 15
1772 11
1773 14
1774 13
1775 15
1776 13
1777 13
1778 14
1779 10
1780 15
1781 10
1782 15
1783 11
1784 9
1785 11
1786 9
1787 3
1788 15
1789 13
1790 9
1791 13
1792 13
1793 3
1794 12
1795 3
1796 13
1797 9
1798 10
1799 15
1800 15
1801 7
1802 15
1803 4
1804 9
1805 7
1806 15
1807 9
1808 6
1809 12
1810 10
1811 11
1812 3
1813 13
1814 10
1815 12
1816 6
1817 11
1818 7
1819 7
1820 9
1821 12
1822 3
1823 7
1824 7
1825 6
1826 15
1827 10
1828 5
1829 15
1830 12
1831 5
1832 2
1833 9
1834 11
1835 12
1836 15
1837 12
1838 9
1839 2
1840 8
1841 3
1842 10
1843 8
1844 15
1845 15
1846 8
1847 9
1848 9
1849 2
1850 2
1851 2
1852 9
1853 6
1854 12
1855 12
1856 3
1857 11
1858 5
1859 2
1860 5
1861 7
1862 2
1863 15
1864 15
1865 9
1866 15
1867 15
1868 10
1869 2
1870 3
1871 15
1872 14
1873 3
1874 6
1875 6
1876 3
1877 10
1878 12
1879 11
1880 5
1881 9
1882 14
1883 12
1884 11
1885 5
1886 12
1887 2
1888 8
1889 11
1890 3
1891 14
1892 3
1893 8
1894 11
1895 6
1896 12
1897 9
1898 15
1899 15
1900 9
1901 4
1902 13
1903 11
1904 3
1905 13
1906 3
1907 11
1908 12
1909 15
1910 11
1911 13
1912 15
1913 3
1914 12
1915 9
1916 4
1917 6
1918 6
1919 11
1920 12
1921 6
1922 9
1923 13
1924 10
1925 5
1926 6
1927 9
1928 7
1929 11
1930 3
1931 13
1932 2
1933 7
1934 13
1935 13
1936 7
1937 13
1938 11
1939 9
1940 2
1941 6
1942 12
1943 3
1944 3
1945 9
1946 6
1947 5
1948 10
1949 12
1950 8
1951 2
1952 4
1953 13
1954 13
1955 10
1956 2
1957 13
1958 11
1959 13
1960 13
1961 12
1962 9
1963 4
1964 4
1965 8
1966 11
1967 15
1968 11
1969 2
1970 9
1971 5
1972 9
1973 3
1974 11
1975 11
1976 9
1977 5
1978 12
1979 3
1980 7
1981 5
1982 12
1983 8
1984 13
1985 14
1986 5
1987 14
1988 12
1989 2
1990 3
1991 15
1992 4
1993 6
1994 2
1995 5
1996 10
1997 3
1998 4
1999 10
