0 3
1 1
2 4
3 6
4 12
5 2
6 12
7 6
8 0
9 1
10 18
11 22
12 2
13 6
14 11
15 2
16 3
17 5
18 3
19 0
20 8
21 1
22 19
23 10
24 3
25 12
26 0
27 0
28 19
29 0
30 8
31 2
32 6
33 5
34 19
35 0
36 11
37 2
38 7
39 19
40 7
41 24
42 4
43 2
44 2
45 18
46 10
47 7
48 4
49 6
50 20
51 1
52 0
53 1
54 2
55 2
56 5
57 20
58 4
59 2
60 2
61 24
62 3
63 5
64 3
65 0
66 2
67 16
68 3
69 11
70 4
71 9
72 9
73 9
74 7
75 13
76 10
77 17
78 5
79 11
80 3
81 0
82 9
83 3
84 10
85 13
86 22
87 4
88 13
89 20
90 14
91 16
92 0
93 2
94 2
95 2
96 17
97 2
98 3
99 2
100 6
101 15
102 8
103 0
104 10
105 0
106 0
107 20
108 22
109 7
110 2
111 5
112 6
113 11
114 9
115 23
116 0
117 2
118 1
119 16
120 22
121 11
122 9
123 22
124 0
125 22
126 1
127 1
128 0
129 17
130 18
131 9
132 3
133 7
134 12
135 9
136 5
137 12
138 12
139 8
140 6
141 3
142 16
143 0
144 10
145 9
146 10
147 10
148 0
149 12
150 1
151 10
152 6
153 7
154 3
155 8
156 7
157 4
158 2
159 3
160 1
161 1
162 7
163 3
164 12
165 1
166 12
167 3
168 3
169 1
170 18
171 14
172 0
173 20
174 14
175 22
176 10
177 1
178 4
179 4
180 3
181 2
182 2
183 6
184 23
185 7
186 1
187 2
188 3
189 2
190 14
191 12
192 1
193 1
194 6
195 7
196 13
197 1
198 9
199 3
200 2
201 10
202 16
203 5
204 3
205 7
206 3
207 13
208 20
209 1
210 8
211 23
212 2
213 19
214 7
215 2
216 2
217 2
218 0
219 8
220 9
221 0
222 14
223 2
224 8
225 7
226 22
227 10
228 7
229 15
230 8
231 13
232 11
233 4
234 0
235 1
236 16
237 21
238 0
239 9
240 0
241 0
242 2
243 11
244 12
245 6
246 12
247 2
248 5
249 1
250 0
251 2
252 13
253 12
254 23
255 20
256 6
257 7
258 1
259 0
260 19
261 2
262 0
263 7
264 5
265 21
266 0
267 18
268 11
269 12
270 13
271 12
272 2
273 6
274 3
275 8
276 9
277 7
278 10
279 0
280 2
281 4
282 0
283 13
284 3
285 7
286 17
287 3
288 2
289 2
290 1
291 2
292 7
293 0
294 3
295 17
296 15
297 3
298 2
299 10
300 19
301 21
302 2
303 21
304 3
305 15
306 2
307 2
308 10
309 13
310 21
311 23
312 15
313 21
314 0
315 12
316 14
317 17
318 2
319 1
320 10
321 17
322 2
323 15
324 1
325 2
326 3
327 15
328 20
329 4
330 0
331 10
332 8
333 0
334 3
335 10
336 8
337 1
338 18
339 9
340 23
341 12
342 2
343 5
344 17
345 12
346 0
347 5
348 17
349 0
350 12
351 3
352 23
353 4
354 2
355 2
356 3
357 20
358 24
359 0
360 0
361 2
362 23
363 22
364 6
365 5
366 2
367 3
368 3
369 12
370 0
371 19
372 0
373 7
374 10
375 1
376 3
377 15
378 3
379 9
380 5
381 1
382 1
383 0
384 0
385 1
386 1
387 20
388 3
389 4
390 4
391 23
392 7
393 0
394 24
395 10
396 3
397 9
398 2
399 4
400 2
401 24
402 0
403 1
404 0
405 0
406 0
407 1
408 13
409 1
410 1
411 1
412 1
413 2
414 1
415 1
416 14
417 3
418 0
419 7
420 8
421 21
422 1
423 1
424 2
425 6
426 18
427 3
428 2
429 8
430 17
431 16
432 2
433 9
434 0
435 1
436 19
437 7
438 9
439 0
440 1
441 3
442 2
443 15
444 0
445 19
446 2
447 19
448 11
449 5
450 18
451 5
452 2
453 16
454 2
455 0
456 0
457 3
458 0
459 4
460 0
461 2
462 16
463 14
464 6
465 2
466 10
467 11
468 4
469 0
470 0
471 4
472 20
473 8
474 0
475 2
476 1
477 4
478 1
479 7
480 1
481 11
482 20
483 2
484 0
485 9
486 2
487 4
488 10
489 1
490 0
491 4
492 1
493 2
494 0
495 13
496 0
497 10
498 1
499 16
500 22
501 4
502 15
503 1
504 9
505 3
506 1
507 1
508 7
509 24
510 10
511 0
512 5
513 1
514 1
515 1
516 22
517 1
518 16
519 3
520 1
521 1
522 0
523 3
524 0
525 2
526 5
527 2
528 0
529 3
530 18
531 2
532 2
533 20
534 3
535 24
536 17
537 1
538 0
539 20
540 9
541 22
542 9
543 9
544 1
545 9
546 1
547 1
548 10
549 15
550 1
551 4
552 18
553 0
554 7
555 7
556 4
557 1
558 11
559 5
560 10
561 5
562 0
563 4
564 2
565 1
566 11
567 24
568 2
569 2
570 4
571 0
572 1
573 3
574 2
575 0
576 2
577 15
578 2
579 23
580 10
581 23
582 11
583 5
584 0
585 3
586 7
587 1
588 0
589 4
590 0
591 3
592 18
593 0
594 20
595 1
596 0
597 4
598 21
599 3
600 1
601 0
602 4
603 19
604 1
605 9
606 23
607 13
608 0
609 0
610 8
611 0
612 1
613 2
614 0
615 0
616 20
617 16
618 5
619 0
620 10
621 3
622 0
623 3
624 3
625 0
626 11
627 3
628 2
629 7
630 12
631 0
632 6
633 18
634 24
635 2
636 1
637 0
638 3
639 10
640 1
641 6
642 3
643 20
644 3
645 19
646 3
647 0
648 0
649 1
650 0
651 6
652 18
653 17
654 2
655 3
656 9
657 4
658 2
659 3
660 16
661 1
662 9
663 1
664 3
665 1
666 4
667 4
668 18
669 6
670 0
671 2
672 0
673 12
674 1
675 3
676 11
677 2
678 4
679 9
680 0
681 3
682 3
683 17
684 0
685 0
686 6
687 2
688 3
689 14
690 10
691 1
692 1
693 19
694 0
695 10
696 9
697 4
698 9
699 1
700 22
701 1
702 3
703 8
704 3
705 8
706 4
707 6
708 0
709 4
710 0
711 1
712 3
713 2
714 2
715 3
716 3
717 1
718 13
719 0
720 0
721 4
722 7
723 20
724 3
725 1
726 11
727 1
728 7
729 0
730 9
731 0
732 13
733 7
734 0
735 1
736 2
737 2
738 2
739 10
740 8
741 3
742 12
743 1
744 0
745 2
746 14
747 1
748 3
749 3
750 1
751 3
752 0
753 3
754 3
755 3
756 14
757 2
758 2
759 1
760 3
761 0
762 4
763 11
764 18
765 2
766 15
767 0
768 12
769 22
770 2
771 0
772 1
773 2
774 13
775 5
776 8
777 1
778 0
779 5
780 2
781 12
782 10
783 2
784 13
785 0
786 0
787 14
788 12
789 21
790 8
791 1
792 2
793 8
794 4
795 2
796 3
797 13
798 14
799 1
800 3
801 3
802 1
803 20
804 1
805 7
806 1
807 3
808 21
809 0
810 2
811 8
812 6
813 19
814 4
815 21
816 0
817 7
818 0
819 3
820 5
821 2
822 15
823 0
824 6
825 4
826 4
827 10
828 16
829 1
830 1
831 3
832 4
833 2
834 8
835 12
836 16
837 8
838 1
839 6
840 0
841 2
842 1
843 6
844 2
845 0
846 0
847 3
848 2
849 3
850 0
851 0
852 2
853 4
854 3
855 12
856 2
857 4
858 2
859 1
860 3
861 3
862 2
863 1
864 3
865 1
866 13
867 1
868 24
869 1
870 0
871 14
872 3
873 3
874 3
875 7
876 10
877 9
878 13
879 24
880 20
881 0
882 5
883 1
884 3
885 0
886 4
887 4
888 1
889 2
890 14
891 6
892 10
893 2
894 9
895 0
896 19
897 1
898 1
899 6
900 2
901 4
902 7
903 8
904 4
905 3
906 0
907 0
908 0
909 16
910 15
911 2
912 10
913 7
914 0
915 2
916 9
917 0
918 1
919 1
920 2
921 8
922 2
923 21
924 22
925 19
926 2
927 3
928 0
929 16
930 14
931 17
932 3
933 2
934 0
935 0
936 15
937 3
938 2
939 0
940 12
941 3
942 1
943 14
944 0
945 6
946 2
947 20
948 3
949 17
950 3
951 9
952 2
953 1
954 2
955 3
956 11
957 3
958 10
959 6
960 4
961 1
962 11
963 3
964 21
965 1
966 10
967 2
968 4
969 16
970 8
971 7
972 2
973 11
974 2
975 1
976 1
977 3
978 1
979 3
980 1
981 3
982 4
983 8
984 4
985 5
986 3
987 14
988 12
989 4
990 1
991 0
992 11
993 4
994 7
995 2
996 1
997 0
998 0
999 2
1000 11
1001 2
1002 1
1003 8
1004 2
1005 4
1006 0
1007 16
1008 4
1009 0
1010 2
1011 11
1012 5
1013 11
1014 13
1015 10
1016 5
1017 22
1018 1
1019 17
1020 2
1021 2
1022 2
1023 3
1024 3
1025 21
1026 2
1027 4
1028 2
1029 14
1030 0
1031 7
1032 24
1033 1
1034 0
1035 1
1036 0
1037 3
1038 0
1039 1
1040 1
1041 3
1042 9
1043 18
1044 12
1045 0
1046 3
1047 20
1048 17
1049 21
1050 4
1051 7
1052 2
1053 1
1054 22
1055 21
1056 0
1057 0
1058 4
1059 12
1060 17
1061 4
1062 0
1063 1
1064 1
1065 11
1066 0
1067 14
1068 3
1069 3
1070 1
1071 4
1072 1
1073 4
1074 2
1075 0
1076 11
1077 15
1078 2
1079 6
1080 2
1081 2
1082 21
1083 0
1084 10
1085 1
1086 21
1087 16
1088 16
1089 16
1090 3
1091 17
1092 23
1093 16
1094 13
1095 1
1096 3
1097 6
1098 1
1099 0
1100 2
1101 2
1102 11
1103 1
1104 9
1105 0
1106 3
1107 8
1108 13
1109 0
1110 3
1111 14
1112 1
1113 1
1114 2
1115 0
1116 8
1117 1
1118 17
1119 0
1120 1
1121 6
1122 1
1123 3
1124 1
1125 4
1126 11
1127 4
1128 4
1129 1
1130 5
1131 21
1132 14
1133 15
1134 3
1135 2
1136 11
1137 18
1138 0
1139 2
1140 4
1141 2
1142 0
1143 22
1144 13
1145 0
1146 19
1147 9
1148 3
1149 5
1150 0
1151 3
1152 19
1153 14
1154 6
1155 9
1156 5
1157 4
1158 4
1159 8
1160 4
1161 4
1162 1
1163 11
1164 3
1165 6
1166 1
1167 5
1168 2
1169 0
1170 3
1171 0
1172 1
1173 0
1174 1
1175 1
1176 0
1177 3
1178 0
1179 4
1180 3
1181 0
1182 2
1183 10
1184 2
1185 0
1186 11
1187 3
1188 10
1189 20
1190 9
1191 14
1192 2
1193 7
1194 1
1195 7
1196 5
1197 18
1198 2
1199 0
1200 3
1201 0
1202 0
1203 1
1204 0
1205 11
1206 2
1207 3
1208 6
1209 0
1210 0
1211 3
1212 2
1213 1
1214 2
1215 11
1216 7
1217 2
1218 11
1219 7
1220 6
1221 11
1222 21
1223 4
1224 20
1225 23
1226 3
1227 2
1228 20
1229 0
1230 6
1231 5
1232 3
1233 14
1234 4
1235 18
1236 8
1237 4
1238 3
1239 0
1240 17
1241 4
1242 9
1243 2
1244 4
1245 3
1246 2
1247 12
1248 2
1249 8
1250 0
1251 2
1252 8
1253 4
1254 3
1255 3
1256 2
1257 18
1258 5
1259 4
1260 14
1261 0
1262 0
1263 2
1264 4
1265 2
1266 1
1267 6
1268 0
1269 3
1270 3
1271 2
1272 19
1273 2
1274 1
1275 2
1276 5
1277 0
1278 13
1279 18
1280 17
1281 2
1282 4
1283 21
1284 0
1285 0
1286 1
1287 24
1288 1
1289 7
1290 11
1291 3
1292 1
1293 13
1294 0
1295 4
1296 0
1297 4
1298 0
1299 2
1300 20
1301 0
1302 4
1303 12
1304 3
1305 14
1306 2
1307 3
1308 2
1309 6
1310 2
1311 3
1312 2
1313 4
1314 19
1315 10
1316 2
1317 0
1318 3
1319 3
1320 15
1321 15
1322 0
1323 22
1324 0
1325 0
1326 10
1327 19
1328 7
1329 0
1330 24
1331 0
1332 21
1333 10
1334 12
1335 7
1336 15
1337 2
1338 21
1339 0
1340 2
1341 14
1342 17
1343 1
1344 21
1345 2
1346 19
1347 0
1348 1
1349 1
1350 2
1351 2
1352 0
1353 6
1354 2
1355 2
1356 0
1357 1
1358 2
1359 4
1360 21
1361 7
1362 1
1363 6
1364 20
1365 3
1366 10
1367 4
1368 3
1369 0
1370 9
1371 3
1372 14
1373 0
1374 0
1375 8
1376 4
1377 8
1378 22
1379 0
1380 0
1381 20
1382 4
1383 0
1384 3
1385 1
1386 4
1387 1
1388 12
1389 0
1390 2
1391 2
1392 1
1393 11
1394 21
1395 4
1396 4
1397 3
1398 2
1399 0
1400 23
1401 21
1402 4
1403 0
1404 1
1405 2
1406 6
1407 2
1408 1
1409 5
1410 2
1411 0
1412 2
1413 1
1414 0
1415 1
1416 24
1417 0
1418 5
1419 15
1420 1
1421 0
1422 16
1423 4
1424 2
1425 2
1426 0
1427 4
1428 8
1429 6
1430 1
1431 3
1432 1
1433 2
1434 14
1435 19
1436 3
1437 1
1438 17
1439 6
1440 5
1441 0
1442 9
1443 20
1444 1
1445 2
1446 23
1447 0
1448 1
1449 10
1450 2
1451 16
1452 1
1453 8
1454 1
1455 11
1456 0
1457 4
1458 3
1459 4
1460 2
1461 7
1462 4
1463 1
1464 1
1465 4
1466 3
1467 0
1468 2
1469 0
1470 3
1471 15
1472 16
1473 2
1474 2
1475 0
1476 6
1477 2
1478 11
1479 16
1480 1
1481 2
1482 15
1483 8
1484 1
1485 3
1486 12
1487 3
1488 2
1489 0
1490 3
1491 3
1492 5
1493 7
1494 0
1495 18
1496 0
1497 3
1498 2
1499 1
1500 3
1501 2
1502 17
1503 1
1504 2
1505 7
1506 3
1507 3
1508 8
1509 6
1510 2
1511 15
1512 1
1513 0
1514 0
1515 5
1516 2
1517 2
1518 2
1519 3
1520 11
1521 0
1522 15
1523 4
1524 5
1525 0
1526 13
1527 4
1528 4
1529 24
1530 9
1531 8
1532 4
1533 2
1534 3
1535 1
1536 1
1537 2
1538 4
1539 2
1540 2
1541 23
1542 4
1543 1
1544 22
1545 6
1546 17
1547 2
1548 14
1549 0
1550 2
1551 1
1552 14
1553 4
1554 2
1555 16
1556 13
1557 4
1558 24
1559 10
1560 3
1561 0
1562 2
1563 18
1564 18
1565 10
1566 3
1567 1
1568 2
1569 7
1570 8
1571 5
1572 3
1573 16
1574 2
1575 4
1576 14
1577 5
1578 17
1579 0
1580 0
1581 10
1582 5
1583 2
1584 0
1585 15
1586 0
1587 6
1588 8
1589 1
1590 2
1591 3
1592 9
1593 5
1594 11
1595 1
1596 4
1597 0
1598 10
1599 2
1600 1
1601 9
1602 1
1603 7
1604 4
1605 9
1606 0
1607 3
1608 11
1609 1
1610 5
1611 7
1612 22
1613 1
1614 15
1615 10
1616 0
1617 1
1618 21
1619 2
1620 7
1621 7
1622 19
1623 7
1624 3
1625 3
1626 2
1627 4
1628 2
1629 1
1630 3
1631 9
1632 0
1633 1
1634 2
1635 2
1636 0
1637 3
1638 0
1639 3
1640 0
1641 11
1642 11
1643 4
1644 15
1645 20
1646 1
1647 0
1648 7
1649 20
1650 1
1651 0
1652 20
1653 11
1654 0
1655 2
1656 2
1657 1
1658 2
1659 3
1660 4
1661 0
1662 0
1663 2
1664 2
1665 0
1666 18
1667 5
1668 0
1669 20
1670 3
1671 3
1672 13
1673 1
1674 0
1675 11
1676 3
1677 2
1678 4
1679 1
1680 0
1681 0
1682 0
1683 10
1684 0
1685 3
1686 1
1687 0
1688 16
1689 20
1690 9
1691 1
1692 0
1693 15
1694 6
1695 5
1696 2
1697 3
1698 4
1699 3
1700 6
1701 3
1702 5
1703 4
1704 3
1705 0
1706 20
1707 1
1708 1
1709 17
1710 3
1711 1
1712 2
1713 15
1714 3
1715 6
1716 0
1717 6
1718 5
1719 0
1720 12
1721 3
1722 9
1723 1
1724 15
1725 20
1726 2
1727 4
1728 1
1729 11
1730 2
1731 1
1732 0
1733 1
1734 18
1735 18
1736 7
1737 9
1738 18
1739 10
1740 6
1741 0
1742 1
1743 9
1744 2
1745 23
1746 1
1747 1
1748 0
1749 0
1750 2
1751 1
1752 23
1753 2
1754 2
1755 14
1756 0
1757 0
1758 2
1759 1
1760 0
1761 11
1762 22
1763 1
1764 3
1765 8
1766 3
1767 7
1768 0
1769 4
1770 14
1771 2
1772 3
1773 23
1774 0
1775 4
1776 14
1777 3
1778 4
1779 2
1780 1
1781 0
1782 0
1783 3
1784 0
1785 24
1786 0
1787 20
1788 19
1789 13
1790 3
1791 1
1792 3
1793 9
1794 2
1795 3
1796 17
1797 1
1798 10
1799 10
1800 2
1801 11
1802 11
1803 0
1804 18
1805 3
1806 0
1807 4
1808 14
1809 21
1810 14
1811 2
1812 1
1813 3
1814 4
1815 1
1816 2
1817 22
1818 15
1819 8
1820 11
1821 1
1822 4
1823 14
1824 2
1825 1
1826 2
1827 4
1828 1
1829 6
1830 10
1831 11
1832 9
1833 3
1834 0
1835 1
1836 3
1837 16
1838 9
1839 3
1840 4
1841 8
1842 4
1843 15
1844 7
1845 21
1846 0
1847 1
1848 1
1849 2
1850 14
1851 3
1852 5
1853 4
1854 1
1855 0
1856 1
1857 2
1858 0
1859 1
1860 3
1861 3
1862 3
1863 9
1864 17
1865 3
1866 11
1867 1
1868 2
1869 15
1870 4
1871 3
1872 12
1873 1
1874 15
1875 3
1876 1
1877 3
1878 8
1879 4
1880 2
1881 4
1882 4
1883 0
1884 2
1885 0
1886 1
1887 2
1888 15
1889 3
1890 5
1891 8
1892 0
1893 2
1894 10
1895 3
1896 2
1897 3
1898 4
1899 14
1900 1
1901 2
1902 13
1903 12
1904 1
1905 3
1906 2
1907 21
1908 0
1909 1
1910 3
1911 0
1912 2
1913 0
1914 2
1915 2
1916 17
1917 1
1918 1
1919 10
1920 2
1921 1
1922 3
1923 9
1924 2
1925 6
1926 4
1927 10
1928 1
1929 3
1930 0
1931 1
1932 24
1933 4
1934 0
1935 7
1936 11
1937 2
1938 0
1939 2
1940 7
1941 2
1942 4
1943 1
1944 0
1945 4
1946 4
1947 3
1948 2
1949 1
1950 12
1951 1
1952 1
1953 1
1954 0
1955 1
1956 0
1957 2
1958 12
1959 3
1960 3
1961 0
1962 4
1963 1
1964 16
1965 0
1966 14
1967 14
1968 8
1969 1
1970 24
1971 15
1972 3
1973 3
1974 1
1975 3
1976 1
1977 0
1978 12
1979 1
1980 2
1981 12
1982 4
1983 1
1984 0
1985 0
1986 4
1987 0
1988 1
1989 2
1990 1
1991 13
1992 1
1993 4
1994 1
1995 1
1996 9
1997 10
1998 4
1999 2
2000 15
2001 17
2002 0
2003 2
2004 4
2005 6
2006 6
2007 22
2008 21
2009 1
2010 1
2011 1
2012 1
2013 9
2014 24
2015 0
2016 1
2017 2
2018 3
2019 3
2020 13
2021 2
2022 2
2023 18
2024 2
2025 0
2026 0
2027 1
2028 8
2029 22
2030 3
2031 2
2032 2
2033 17
2034 4
2035 1
2036 0
2037 1
2038 2
2039 0
2040 17
2041 1
2042 20
2043 1
2044 0
2045 1
2046 1
2047 3
2048 8
2049 8
2050 3
2051 0
2052 4
2053 1
2054 9
2055 1
2056 12
2057 1
2058 7
2059 13
2060 6
2061 1
2062 8
2063 4
2064 15
2065 0
2066 0
2067 18
2068 10
2069 16
2070 0
2071 16
2072 5
2073 2
2074 1
2075 24
2076 12
2077 17
2078 1
2079 12
2080 1
2081 2
2082 0
2083 13
2084 10
2085 1
2086 2
2087 18
2088 19
2089 3
2090 9
2091 12
2092 14
2093 2
2094 2
2095 1
2096 16
2097 1
2098 2
2099 18
2100 2
2101 2
2102 2
2103 0
2104 2
2105 8
2106 0
2107 1
2108 3
2109 14
2110 7
2111 0
2112 3
2113 1
2114 14
2115 2
2116 17
2117 2
2118 16
2119 11
2120 5
2121 2
2122 1
2123 1
2124 3
2125 2
2126 15
2127 6
2128 0
2129 21
2130 7
2131 1
2132 7
2133 8
2134 1
2135 0
2136 4
2137 0
2138 4
2139 1
2140 7
2141 23
2142 2
2143 4
2144 2
2145 3
2146 2
2147 2
2148 0
2149 2
2150 4
2151 11
2152 22
2153 2
2154 9
2155 2
2156 3
2157 3
2158 4
2159 3
2160 14
2161 1
2162 1
2163 11
2164 1
2165 3
2166 0
2167 16
2168 19
2169 18
2170 16
2171 17
2172 12
2173 2
2174 2
2175 1
2176 13
2177 10
2178 0
2179 5
2180 12
2181 3
2182 2
2183 18
2184 16
2185 1
2186 13
2187 1
2188 3
2189 12
2190 2
2191 11
2192 20
2193 10
2194 14
2195 4
2196 3
2197 3
2198 1
2199 7
2200 5
2201 1
2202 10
2203 24
2204 9
2205 0
2206 3
2207 4
2208 10
2209 7
2210 3
2211 0
2212 18
2213 1
2214 8
2215 20
2216 13
2217 7
2218 14
2219 16
2220 3
2221 0
2222 23
2223 14
2224 11
2225 0
2226 2
2227 1
2228 1
2229 11
2230 0
2231 2
2232 12
2233 1
2234 12
2235 1
2236 22
2237 4
2238 2
2239 20
2240 5
2241 0
2242 17
2243 2
2244 1
2245 13
2246 10
2247 8
2248 5
2249 1
2250 23
2251 19
2252 3
2253 3
2254 5
2255 0
2256 14
2257 6
2258 9
2259 22
2260 9
2261 12
2262 2
2263 0
2264 9
2265 3
2266 14
2267 23
2268 2
2269 7
2270 2
2271 2
2272 1
2273 3
2274 2
2275 6
2276 2
2277 2
2278 2
2279 3
2280 0
2281 1
2282 3
2283 2
2284 17
2285 1
2286 2
2287 4
2288 5
2289 9
2290 1
2291 10
2292 0
2293 1
2294 2
2295 1
2296 2
2297 15
2298 0
2299 0
2300 13
2301 2
2302 0
2303 3
2304 5
2305 0
2306 1
2307 1
2308 2
2309 0
2310 10
2311 19
2312 4
2313 4
2314 0
2315 17
2316 1
2317 0
2318 0
2319 3
2320 19
2321 7
2322 16
2323 1
2324 1
2325 3
2326 3
2327 11
2328 1
2329 0
2330 20
2331 3
2332 2
2333 0
2334 13
2335 14
2336 3
2337 0
2338 20
2339 0
2340 0
2341 0
2342 1
2343 19
2344 0
2345 6
2346 13
2347 11
2348 0
2349 3
2350 1
2351 7
2352 0
2353 4
2354 10
2355 2
2356 0
2357 2
2358 2
2359 0
2360 3
2361 2
2362 0
2363 0
2364 1
2365 11
2366 12
2367 9
2368 9
2369 2
2370 15
2371 24
2372 1
2373 6
2374 1
2375 1
2376 3
2377 17
2378 3
2379 1
2380 4
2381 1
2382 11
2383 12
2384 11
2385 13
2386 1
2387 11
2388 1
2389 24
2390 0
2391 11
2392 1
2393 2
2394 0
2395 2
2396 1
2397 0
2398 14
2399 7
2400 9
2401 1
2402 3
2403 4
2404 5
2405 2
2406 3
2407 6
2408 0
2409 3
2410 3
2411 6
2412 10
2413 3
2414 2
2415 1
2416 4
2417 3
2418 1
2419 15
2420 0
2421 10
2422 2
2423 2
2424 2
2425 0
2426 9
2427 12
2428 11
2429 1
2430 3
2431 10
2432 0
2433 0
2434 11
2435 2
2436 1
2437 14
2438 2
2439 2
2440 21
2441 3
2442 9
2443 15
2444 2
2445 12
2446 3
2447 3
2448 20
2449 2
2450 1
2451 1
2452 3
2453 2
2454 2
2455 8
2456 15
2457 3
2458 7
2459 1
2460 10
2461 19
2462 2
2463 0
2464 17
2465 0
2466 0
2467 11
2468 0
2469 1
2470 3
2471 0
2472 1
2473 0
2474 2
2475 18
2476 6
2477 24
2478 2
2479 3
2480 5
2481 0
2482 14
2483 22
2484 0
2485 12
2486 0
2487 1
2488 8
2489 2
2490 18
2491 3
2492 2
2493 0
2494 1
2495 3
2496 1
2497 3
2498 2
2499 22
2500 2
2501 0
2502 0
2503 21
2504 0
2505 1
2506 1
2507 12
2508 2
2509 9
2510 18
2511 0
2512 0
2513 12
2514 3
2515 3
2516 2
2517 1
2518 13
2519 1
2520 1
2521 14
2522 0
2523 3
2524 2
2525 3
2526 14
2527 18
2528 3
2529 1
2530 2
2531 2
2532 4
2533 19
2534 1
2535 12
2536 2
2537 3
2538 4
2539 3
2540 4
2541 4
2542 2
2543 2
2544 4
2545 7
2546 4
2547 1
2548 1
2549 2
2550 0
2551 0
2552 1
2553 2
2554 2
2555 11
2556 15
2557 3
2558 0
2559 1
2560 13
2561 12
2562 12
2563 4
2564 1
2565 1
2566 11
2567 17
2568 2
2569 20
2570 2
2571 21
2572 2
2573 6
2574 9
2575 16
2576 9
2577 0
2578 7
2579 2
2580 1
2581 5
2582 4
2583 24
2584 2
2585 0
2586 1
2587 1
2588 6
2589 1
2590 10
2591 18
2592 3
2593 2
2594 2
2595 2
2596 6
2597 18
2598 2
2599 20
2600 0
2601 8
2602 3
2603 12
2604 13
2605 2
2606 7
2607 2
2608 0
2609 0
2610 0
2611 0
2612 13
2613 0
2614 7
2615 1
2616 13
2617 7
2618 0
2619 2
2620 1
2621 15
2622 3
2623 21
2624 8
2625 2
2626 21
2627 8
2628 23
2629 8
2630 3
2631 0
2632 0
2633 2
2634 7
2635 2
2636 3
2637 1
2638 2
2639 10
2640 1
2641 10
2642 4
2643 0
2644 3
2645 1
2646 2
2647 9
2648 0
2649 2
2650 15
2651 0
2652 4
2653 2
2654 1
2655 1
2656 0
2657 16
2658 4
2659 4
2660 1
2661 1
2662 8
2663 1
2664 1
2665 1
2666 0
2667 1
2668 2
2669 0
2670 6
2671 14
2672 21
2673 2
2674 19
2675 2
2676 1
2677 11
2678 4
2679 11
2680 3
2681 2
2682 0
2683 6
2684 8
2685 2
2686 4
2687 11
2688 17
2689 7
2690 11
2691 4
2692 12
2693 1
2694 14
2695 0
2696 1
2697 1
2698 1
2699 3
2700 1
2701 2
2702 0
2703 1
2704 0
2705 12
2706 14
2707 2
2708 10
2709 4
2710 10
2711 6
2712 0
2713 0
2714 3
2715 3
2716 2
2717 10
2718 4
2719 4
2720 16
2721 5
2722 0
2723 3
2724 0
2725 2
2726 24
2727 2
2728 20
2729 11
2730 0
2731 2
2732 0
2733 19
2734 2
2735 8
2736 23
2737 3
2738 2
2739 2
2740 3
2741 4
2742 2
2743 1
2744 11
2745 11
2746 24
2747 9
2748 0
2749 3
2750 0
2751 14
2752 0
2753 7
2754 1
2755 2
2756 1
2757 2
2758 2
2759 0
2760 3
2761 1
2762 4
2763 2
2764 0
2765 19
2766 13
2767 6
2768 2
2769 2
2770 2
2771 2
2772 1
2773 1
2774 0
2775 0
2776 14
2777 0
2778 3
2779 1
2780 2
2781 1
2782 0
2783 2
2784 1
2785 1
2786 4
2787 9
2788 3
2789 10
2790 1
2791 19
2792 1
2793 21
2794 15
2795 1
2796 9
2797 7
2798 0
2799 21
2800 16
2801 1
2802 3
2803 2
2804 2
2805 1
2806 0
2807 0
2808 2
2809 0
2810 0
2811 1
2812 1
2813 8
2814 2
2815 0
2816 1
2817 4
2818 1
2819 4
2820 21
2821 0
2822 4
2823 1
2824 12
2825 2
2826 1
2827 19
2828 6
2829 5
2830 4
2831 1
2832 12
2833 4
2834 3
2835 1
2836 10
2837 4
2838 2
2839 1
2840 23
2841 11
2842 19
2843 9
2844 2
2845 4
2846 4
2847 1
2848 0
2849 1
2850 3
2851 3
2852 3
2853 1
2854 2
2855 4
2856 1
2857 1
2858 2
2859 4
2860 22
2861 9
2862 18
2863 1
2864 11
2865 4
2866 0
2867 17
2868 2
2869 4
2870 8
2871 8
2872 1
2873 6
2874 1
2875 1
2876 5
2877 5
2878 3
2879 2
2880 1
2881 2
2882 2
2883 1
2884 4
2885 1
2886 8
2887 2
2888 1
2889 0
2890 0
2891 22
2892 1
2893 2
2894 12
2895 6
2896 3
2897 10
2898 1
2899 1
2900 1
2901 1
2902 4
2903 0
2904 1
2905 6
2906 5
2907 14
2908 2
2909 2
2910 0
2911 2
2912 9
2913 13
2914 0
2915 2
2916 0
2917 1
2918 2
2919 3
2920 1
2921 6
2922 4
2923 2
2924 2
2925 3
2926 8
2927 2
2928 3
2929 0
2930 3
2931 14
2932 13
2933 2
2934 9
2935 1
2936 3
2937 2
2938 3
2939 20
2940 1
2941 1
2942 2
2943 2
2944 4
2945 1
2946 2
2947 0
2948 1
2949 0
2950 6
2951 1
2952 2
2953 18
2954 3
2955 3
2956 1
2957 3
2958 9
2959 1
2960 6
2961 1
2962 4
2963 20
2964 6
2965 10
2966 4
2967 10
2968 3
2969 8
2970 2
2971 0
2972 6
2973 8
2974 3
2975 9
2976 14
2977 21
2978 4
2979 0
2980 1
2981 16
2982 0
2983 1
2984 1
2985 2
2986 11
2987 3
2988 5
2989 10
2990 12
2991 2
2992 21
2993 19
2994 6
2995 4
2996 17
2997 2
2998 2
2999 3
3000 0
3001 2
3002 1
3003 1
3004 18
3005 12
3006 2
3007 2
3008 22
3009 1
3010 17
3011 4
3012 2
3013 3
3014 4
3015 2
3016 4
3017 12
3018 2
3019 3
3020 20
3021 2
3022 2
3023 17
3024 18
3025 9
3026 2
3027 7
3028 0
3029 2
3030 2
3031 2
3032 6
3033 4
3034 2
3035 6
3036 7
3037 3
3038 2
3039 0
3040 13
3041 0
3042 2
3043 4
3044 2
3045 16
3046 3
3047 2
3048 0
3049 1
3050 0
3051 2
3052 4
3053 12
3054 19
3055 20
3056 0
3057 9
3058 8
3059 1
3060 16
3061 3
3062 0
3063 0
3064 3
3065 3
3066 2
3067 15
3068 1
3069 1
3070 0
3071 0
3072 16
3073 0
3074 5
3075 16
3076 2
3077 6
3078 2
3079 0
3080 14
3081 7
3082 3
3083 14
3084 2
3085 18
3086 15
3087 2
3088 13
3089 1
3090 8
3091 4
3092 2
3093 4
3094 3
3095 0
3096 4
3097 10
3098 2
3099 10
3100 3
3101 0
3102 12
3103 2
3104 2
3105 1
3106 7
3107 0
3108 0
3109 9
3110 1
3111 3
3112 16
3113 13
3114 2
3115 5
3116 0
3117 2
3118 9
3119 2
3120 0
3121 12
3122 1
3123 9
3124 24
3125 6
3126 4
3127 16
3128 16
3129 1
3130 5
3131 1
3132 3
3133 6
3134 0
3135 1
3136 17
3137 21
3138 0
3139 1
3140 0
3141 2
3142 0
3143 1
3144 4
3145 4
3146 1
3147 1
3148 15
3149 1
3150 16
3151 10
3152 4
3153 11
3154 4
3155 3
3156 4
3157 1
3158 20
3159 4
3160 4
3161 0
3162 2
3163 0
3164 1
3165 5
3166 12
3167 2
3168 1
3169 14
3170 0
3171 19
3172 3
3173 4
3174 12
3175 3
3176 1
3177 1
3178 1
3179 6
3180 15
3181 1
3182 2
3183 7
3184 11
3185 2
3186 2
3187 4
3188 3
3189 0
3190 4
3191 3
3192 8
3193 2
3194 6
3195 0
3196 10
3197 4
3198 0
3199 13
3200 3
3201 1
3202 2
3203 0
3204 17
3205 11
3206 13
3207 7
3208 3
3209 4
3210 8
3211 23
3212 0
3213 4
3214 0
3215 12
3216 8
3217 0
3218 0
3219 13
3220 12
3221 0
3222 7
3223 1
3224 3
3225 3
3226 15
3227 1
3228 3
3229 18
3230 2
3231 0
3232 4
3233 19
3234 1
3235 2
3236 3
3237 3
3238 3
3239 3
3240 3
3241 2
3242 1
3243 1
3244 9
3245 18
3246 13
3247 2
3248 2
3249 1
3250 2
3251 2
3252 6
3253 1
3254 0
3255 3
3256 2
3257 1
3258 2
3259 7
3260 2
3261 2
3262 4
3263 0
3264 2
3265 2
3266 0
3267 1
3268 1
3269 4
3270 4
3271 10
3272 1
3273 15
3274 1
3275 2
3276 1
3277 19
3278 6
3279 8
3280 2
3281 3
3282 0
3283 11
3284 23
3285 3
3286 1
3287 24
3288 6
3289 18
3290 1
3291 0
3292 14
3293 4
3294 1
3295 0
3296 2
3297 16
3298 0
3299 14
3300 1
3301 4
3302 3
3303 4
3304 0
3305 8
3306 11
3307 4
3308 2
3309 0
3310 2
3311 1
3312 0
3313 12
3314 17
3315 4
3316 2
3317 17
3318 2
3319 8
3320 12
3321 3
3322 2
3323 3
3324 3
3325 4
3326 11
3327 16
3328 4
3329 0
3330 5
3331 3
3332 3
3333 5
3334 4
3335 3
3336 1
3337 5
3338 21
3339 4
3340 14
3341 6
3342 0
3343 3
3344 7
3345 4
3346 8
3347 11
3348 14
3349 0
3350 0
3351 18
3352 4
3353 23
3354 4
3355 4
3356 7
3357 3
3358 0
3359 13
3360 1
3361 4
3362 17
3363 0
3364 20
3365 1
3366 15
3367 15
3368 18
3369 5
3370 1
3371 0
3372 18
3373 3
3374 9
3375 0
3376 9
3377 5
3378 11
3379 4
3380 4
3381 7
3382 20
3383 1
3384 5
3385 14
3386 0
3387 1
3388 12
3389 1
3390 4
3391 11
3392 5
3393 1
3394 2
3395 4
3396 20
3397 3
3398 2
3399 7
3400 0
3401 15
3402 1
3403 0
3404 23
3405 19
3406 2
3407 4
3408 6
3409 1
3410 12
3411 0
3412 19
3413 12
3414 3
3415 4
3416 8
3417 11
3418 1
3419 7
3420 0
3421 20
3422 4
3423 3
3424 0
3425 0
3426 8
3427 0
3428 4
3429 23
3430 3
3431 8
3432 2
3433 4
3434 20
3435 17
3436 18
3437 3
3438 4
3439 1
3440 9
3441 1
3442 3
3443 22
3444 19
3445 1
3446 5
3447 1
3448 11
3449 11
3450 3
3451 9
3452 9
3453 1
3454 9
3455 4
3456 8
3457 1
3458 7
3459 0
3460 1
3461 13
3462 1
3463 9
3464 0
3465 18
3466 1
3467 1
3468 18
3469 8
3470 5
3471 2
3472 14
3473 2
3474 3
3475 0
3476 12
3477 1
3478 0
3479 0
3480 10
3481 12
3482 4
3483 1
3484 0
3485 4
3486 1
3487 7
3488 5
3489 3
3490 9
3491 0
3492 3
3493 13
3494 17
3495 8
3496 2
3497 1
3498 14
3499 2
3500 0
3501 0
3502 14
3503 3
3504 6
3505 19
3506 7
3507 18
3508 21
3509 4
3510 0
3511 3
3512 0
3513 0
3514 2
3515 6
3516 1
3517 17
3518 12
3519 0
3520 2
3521 0
3522 2
3523 2
3524 3
3525 1
3526 0
3527 2
3528 0
3529 0
3530 1
3531 2
3532 4
3533 3
3534 10
3535 0
3536 1
3537 12
3538 5
3539 11
3540 1
3541 5
3542 10
3543 1
3544 7
3545 2
3546 1
3547 10
3548 2
3549 0
3550 8
3551 3
3552 3
3553 3
3554 11
3555 1
3556 4
3557 1
3558 1
3559 1
3560 1
3561 7
3562 0
3563 3
3564 4
3565 0
3566 0
3567 0
3568 4
3569 6
3570 1
3571 4
3572 0
3573 1
3574 2
3575 1
3576 7
3577 5
3578 1
3579 15
3580 2
3581 2
3582 16
3583 4
3584 3
3585 2
3586 2
3587 21
3588 8
3589 2
3590 4
3591 3
3592 2
3593 2
3594 24
3595 2
3596 0
3597 23
3598 4
3599 14
3600 2
3601 2
3602 1
3603 17
3604 2
3605 4
3606 4
3607 24
3608 5
3609 15
3610 2
3611 13
3612 1
3613 4
3614 20
3615 3
3616 21
3617 2
3618 2
3619 1
3620 1
3621 0
3622 12
3623 17
3624 1
3625 0
3626 9
3627 2
3628 2
3629 2
3630 1
3631 3
3632 4
3633 2
3634 3
3635 4
3636 18
3637 8
3638 10
3639 5
3640 8
3641 1
3642 8
3643 0
3644 19
3645 11
3646 2
3647 7
3648 0
3649 2
3650 13
3651 3
3652 12
3653 1
3654 2
3655 3
3656 2
3657 16
3658 3
3659 18
3660 3
3661 3
3662 9
3663 0
3664 1
3665 3
3666 9
3667 7
3668 0
3669 0
3670 13
3671 20
3672 0
3673 7
3674 9
3675 1
3676 12
3677 3
3678 2
3679 4
3680 2
3681 9
3682 2
3683 17
3684 3
3685 2
3686 7
3687 4
3688 2
3689 1
3690 20
3691 1
3692 0
3693 3
3694 21
3695 1
3696 3
3697 24
3698 3
3699 6
3700 3
3701 1
3702 6
3703 3
3704 1
3705 3
3706 14
3707 4
3708 8
3709 2
3710 10
3711 1
3712 4
3713 2
3714 3
3715 21
3716 12
3717 0
3718 14
3719 3
3720 0
3721 11
3722 11
3723 20
3724 10
3725 0
3726 12
3727 5
3728 10
3729 4
3730 4
3731 9
3732 7
3733 15
3734 5
3735 3
3736 11
3737 17
3738 0
3739 17
3740 1
3741 0
3742 3
3743 2
3744 1
3745 2
3746 0
3747 2
3748 1
3749 12
3750 0
3751 0
3752 0
3753 0
3754 11
3755 4
3756 2
3757 3
3758 0
3759 3
3760 3
3761 4
3762 0
3763 4
3764 20
3765 0
3766 7
3767 3
3768 11
3769 1
3770 0
3771 17
3772 1
3773 3
3774 1
3775 0
3776 3
3777 4
3778 0
3779 3
3780 1
3781 3
3782 0
3783 2
3784 0
3785 5
3786 1
3787 7
3788 0
3789 0
3790 0
3791 11
3792 3
3793 0
3794 3
3795 1
3796 2
3797 2
3798 2
3799 9
3800 1
3801 1
3802 3
3803 3
3804 0
3805 17
3806 0
3807 2
3808 2
3809 3
3810 0
3811 0
3812 2
3813 20
3814 1
3815 13
3816 3
3817 9
3818 20
3819 0
3820 2
3821 2
3822 3
3823 17
3824 2
3825 0
3826 13
3827 0
3828 1
3829 3
3830 8
3831 15
3832 8
3833 2
3834 1
3835 0
3836 0
3837 19
3838 4
3839 7
3840 0
3841 11
3842 0
3843 13
3844 0
3845 14
3846 4
3847 2
3848 3
3849 14
3850 1
3851 0
3852 2
3853 12
3854 2
3855 13
3856 3
3857 2
3858 13
3859 2
3860 4
3861 1
3862 21
3863 1
3864 7
3865 17
3866 14
3867 2
3868 7
3869 18
3870 1
3871 0
3872 18
3873 0
3874 8
3875 10
3876 4
3877 4
3878 1
3879 1
3880 0
3881 21
3882 4
3883 0
3884 9
3885 2
3886 3
3887 5
3888 6
3889 2
3890 1
3891 2
3892 4
3893 0
3894 19
3895 1
3896 0
3897 4
3898 0
3899 2
3900 2
3901 2
3902 1
3903 1
3904 1
3905 3
3906 0
3907 2
3908 0
3909 22
3910 3
3911 1
3912 21
3913 19
3914 1
3915 1
3916 16
3917 21
3918 2
3919 2
3920 2
3921 1
3922 2
3923 2
3924 15
3925 0
3926 6
3927 1
3928 0
3929 2
3930 0
3931 16
3932 0
3933 4
3934 2
3935 1
3936 3
3937 0
3938 2
3939 2
3940 0
3941 6
3942 2
3943 0
3944 0
3945 6
3946 3
3947 1
3948 10
3949 1
3950 2
3951 3
3952 1
3953 14
3954 14
3955 2
3956 1
3957 2
3958 2
3959 3
3960 0
3961 0
3962 6
3963 2
3964 22
3965 1
3966 5
3967 0
3968 2
3969 14
3970 2
3971 6
3972 14
3973 6
3974 1
3975 2
3976 1
3977 1
3978 2
3979 20
3980 1
3981 1
3982 0
3983 20
3984 3
3985 4
3986 1
3987 12
3988 2
3989 1
3990 0
3991 0
3992 4
3993 0
3994 3
3995 6
3996 21
3997 9
3998 2
3999 2
4000 1
4001 1
4002 23
4003 0
4004 3
4005 1
4006 0
4007 3
4008 2
4009 6
4010 23
4011 2
4012 6
4013 2
4014 1
4015 9
4016 1
4017 2
4018 1
4019 0
4020 0
4021 1
4022 2
4023 2
4024 1
4025 2
4026 0
4027 18
4028 2
4029 0
4030 20
4031 2
4032 1
4033 1
4034 9
4035 3
4036 0
4037 11
4038 4
4039 13
4040 2
4041 2
4042 11
4043 0
4044 7
4045 3
4046 21
4047 2
4048 2
4049 1
4050 1
4051 17
4052 3
4053 2
4054 2
4055 3
4056 2
4057 0
4058 1
4059 9
4060 2
4061 18
4062 1
4063 16
4064 12
4065 1
4066 2
4067 6
4068 22
4069 2
4070 15
4071 5
4072 2
4073 2
4074 0
4075 0
4076 2
4077 6
4078 13
4079 4
4080 16
4081 1
4082 1
4083 3
4084 0
4085 4
4086 11
4087 2
4088 13
4089 3
4090 22
4091 13
4092 10
4093 1
4094 1
4095 2
4096 1
4097 15
4098 2
4099 7
4100 24
4101 0
4102 3
4103 8
4104 4
4105 9
4106 22
4107 2
4108 7
4109 10
4110 0
4111 9
4112 1
4113 20
4114 0
4115 2
4116 12
4117 0
4118 11
4119 1
4120 16
4121 1
4122 5
4123 2
4124 9
4125 2
4126 4
4127 3
4128 7
4129 1
4130 16
4131 5
4132 18
4133 15
4134 8
4135 10
4136 1
4137 7
4138 2
4139 8
4140 22
4141 5
4142 8
4143 3
4144 2
4145 1
4146 5
4147 0
4148 17
4149 0
4150 16
4151 2
4152 1
4153 1
4154 18
4155 9
4156 13
4157 3
4158 3
4159 6
4160 2
4161 3
4162 0
4163 0
4164 13
4165 12
4166 16
4167 17
4168 5
4169 3
4170 0
4171 2
4172 1
4173 0
4174 12
4175 0
4176 0
4177 8
4178 4
4179 21
4180 3
4181 1
4182 2
4183 14
4184 0
4185 13
4186 1
4187 10
4188 0
4189 10
4190 17
4191 9
4192 11
4193 3
4194 2
4195 2
4196 15
4197 1
4198 1
4199 5
4200 7
4201 11
4202 21
4203 10
4204 0
4205 9
4206 20
4207 2
4208 0
4209 0
4210 8
4211 8
4212 15
4213 17
4214 4
4215 2
4216 2
4217 22
4218 0
4219 2
4220 13
4221 17
4222 3
4223 3
4224 1
4225 4
4226 11
4227 4
4228 2
4229 6
4230 19
4231 3
4232 12
4233 19
4234 12
4235 14
4236 0
4237 4
4238 4
4239 3
4240 20
4241 11
4242 17
4243 0
4244 2
4245 3
4246 0
4247 24
4248 16
4249 2
4250 2
4251 7
4252 10
4253 0
4254 6
4255 6
4256 15
4257 0
4258 0
4259 13
4260 3
4261 2
4262 19
4263 2
4264 0
4265 10
4266 0
4267 11
4268 9
4269 4
4270 10
4271 2
4272 4
4273 2
4274 18
4275 10
4276 0
4277 13
4278 2
4279 0
4280 10
4281 11
4282 14
4283 2
4284 0
4285 3
4286 20
4287 9
4288 2
4289 2
4290 2
4291 21
4292 12
4293 21
4294 14
4295 15
4296 2
4297 3
4298 9
4299 9
4300 8
4301 0
4302 14
4303 14
4304 0
4305 0
4306 16
4307 19
4308 10
4309 12
4310 2
4311 1
4312 8
4313 17
4314 2
4315 0
4316 2
4317 0
4318 18
4319 3
4320 22
4321 5
4322 22
4323 7
4324 19
4325 2
4326 17
4327 0
4328 12
4329 3
4330 0
4331 8
4332 3
4333 0
4334 7
4335 22
4336 10
4337 22
4338 1
4339 13
4340 7
4341 15
4342 9
4343 2
4344 9
4345 9
4346 2
4347 14
4348 6
4349 1
4350 20
4351 0
4352 15
4353 1
4354 3
4355 10
4356 0
4357 1
4358 16
4359 4
4360 19
4361 14
4362 12
4363 3
4364 0
4365 1
4366 4
4367 3
4368 0
4369 1
4370 23
4371 14
4372 19
4373 3
4374 2
4375 0
4376 23
4377 2
4378 0
4379 12
4380 5
4381 4
4382 9
4383 3
4384 14
4385 2
4386 7
4387 20
4388 3
4389 15
4390 6
4391 10
4392 12
4393 5
4394 3
4395 2
4396 0
4397 8
4398 2
4399 0
4400 1
4401 7
4402 3
4403 2
4404 5
4405 2
4406 19
4407 0
4408 5
4409 1
4410 8
4411 2
4412 1
4413 2
4414 5
4415 3
4416 0
4417 14
4418 16
4419 0
4420 2
4421 1
4422 0
4423 3
4424 2
4425 11
4426 3
4427 2
4428 1
4429 3
4430 11
4431 18
4432 12
4433 3
4434 15
4435 1
4436 5
4437 14
4438 3
4439 2
4440 0
4441 0
4442 7
4443 15
4444 2
4445 9
4446 10
4447 3
4448 15
4449 16
4450 16
4451 3
4452 2
4453 22
4454 2
4455 1
4456 2
4457 17
4458 0
4459 2
4460 4
4461 2
4462 2
4463 9
4464 2
4465 16
4466 1
4467 3
4468 6
4469 1
4470 12
4471 5
4472 6
4473 1
4474 0
4475 2
4476 4
4477 0
4478 0
4479 3
4480 4
4481 4
4482 6
4483 18
4484 3
4485 0
4486 1
4487 1
4488 4
4489 1
4490 17
4491 0
4492 0
4493 3
4494 1
4495 3
4496 2
4497 3
4498 10
4499 0
4500 21
4501 2
4502 0
4503 1
4504 0
4505 1
4506 3
4507 1
4508 0
4509 1
4510 1
4511 16
4512 2
4513 10
4514 3
4515 3
4516 11
4517 1
4518 1
4519 2
4520 0
4521 1
4522 2
4523 18
4524 2
4525 0
4526 8
4527 5
4528 1
4529 5
4530 1
4531 0
4532 22
4533 3
4534 3
4535 1
4536 10
4537 12
4538 3
4539 7
4540 4
4541 1
4542 16
4543 21
4544 18
4545 0
4546 3
4547 18
4548 18
4549 3
4550 12
4551 15
4552 2
4553 2
4554 2
4555 3
4556 0
4557 2
4558 0
4559 2
4560 0
4561 0
4562 2
4563 16
4564 1
4565 11
4566 12
4567 21
4568 16
4569 21
4570 6
4571 5
4572 0
4573 14
4574 19
4575 0
4576 19
4577 1
4578 3
4579 4
4580 5
4581 6
4582 10
4583 8
4584 0
4585 2
4586 4
4587 3
4588 16
4589 1
4590 0
4591 7
4592 4
4593 0
4594 2
4595 6
4596 1
4597 4
4598 1
4599 5
4600 18
4601 0
4602 3
4603 8
4604 2
4605 1
4606 19
4607 1
4608 10
4609 4
4610 0
4611 1
4612 1
4613 4
4614 5
4615 1
4616 3
4617 1
4618 24
4619 14
4620 6
4621 1
4622 13
4623 17
4624 9
4625 1
4626 0
4627 1
4628 0
4629 4
4630 1
4631 16
4632 4
4633 4
4634 23
4635 21
4636 20
4637 8
4638 2
4639 16
4640 1
4641 14
4642 13
4643 19
4644 0
4645 4
4646 7
4647 24
4648 8
4649 22
4650 24
4651 13
4652 5
4653 4
4654 19
4655 2
4656 24
4657 6
4658 22
4659 8
4660 2
4661 0
4662 4
4663 4
4664 0
4665 2
4666 4
4667 3
4668 2
4669 7
4670 0
4671 8
4672 6
4673 20
4674 20
4675 18
4676 3
4677 3
4678 1
4679 3
4680 10
4681 2
4682 13
4683 0
4684 5
4685 0
4686 2
4687 2
4688 9
4689 0
4690 11
4691 3
4692 5
4693 4
4694 1
4695 0
4696 1
4697 0
4698 9
4699 3
4700 0
4701 4
4702 7
4703 8
4704 0
4705 5
4706 11
4707 1
4708 7
4709 0
4710 4
4711 20
4712 0
4713 4
4714 10
4715 0
4716 2
4717 4
4718 3
4719 1
4720 0
4721 15
4722 3
4723 2
4724 17
4725 21
4726 13
4727 3
4728 14
4729 1
4730 1
4731 0
4732 1
4733 3
4734 0
4735 4
4736 1
4737 1
4738 3
4739 0
4740 2
4741 1
4742 1
4743 4
4744 10
4745 0
4746 4
4747 11
4748 2
4749 0
4750 0
4751 1
4752 12
4753 0
4754 12
4755 3
4756 2
4757 0
4758 7
4759 2
4760 10
4761 15
4762 1
4763 5
4764 1
4765 1
4766 8
4767 20
4768 1
4769 2
4770 2
4771 0
4772 2
4773 1
4774 2
4775 3
4776 1
4777 1
4778 2
4779 10
4780 7
4781 3
4782 2
4783 0
4784 3
4785 1
4786 7
4787 3
4788 3
4789 0
4790 0
4791 6
4792 6
4793 2
4794 5
4795 3
4796 11
4797 3
4798 9
4799 24
4800 3
4801 2
4802 0
4803 1
4804 3
4805 3
4806 4
4807 10
4808 0
4809 1
4810 7
4811 1
4812 8
4813 4
4814 3
4815 2
4816 5
4817 18
4818 0
4819 0
4820 3
4821 2
4822 16
4823 9
4824 17
4825 2
4826 4
4827 4
4828 3
4829 0
4830 0
4831 11
4832 4
4833 16
4834 3
4835 3
4836 2
4837 10
4838 2
4839 2
4840 2
4841 1
4842 1
4843 1
4844 0
4845 0
4846 11
4847 10
4848 0
4849 1
4850 0
4851 2
4852 1
4853 4
4854 2
4855 1
4856 0
4857 23
4858 1
4859 1
4860 18
4861 17
4862 1
4863 2
4864 0
4865 1
4866 1
4867 0
4868 23
4869 4
4870 2
4871 2
4872 14
4873 24
4874 2
4875 3
4876 5
4877 3
4878 3
4879 1
4880 0
4881 0
4882 2
4883 9
4884 9
4885 1
4886 3
4887 13
4888 7
4889 2
4890 0
4891 0
4892 7
4893 1
4894 9
4895 9
4896 1
4897 1
4898 0
4899 0
4900 4
4901 22
4902 21
4903 7
4904 8
4905 2
4906 9
4907 13
4908 0
4909 20
4910 3
4911 0
4912 5
4913 12
4914 0
4915 17
4916 1
4917 3
4918 11
4919 1
4920 2
4921 0
4922 1
4923 4
4924 4
4925 4
4926 3
4927 1
4928 2
4929 11
4930 18
4931 1
4932 23
4933 3
4934 2
4935 1
4936 4
4937 1
4938 0
4939 1
4940 1
4941 7
4942 0
4943 6
4944 23
4945 2
4946 21
4947 5
4948 5
4949 3
4950 2
4951 1
4952 2
4953 1
4954 2
4955 0
4956 22
4957 1
4958 5
4959 8
4960 4
4961 0
4962 1
4963 0
4964 0
4965 6
4966 16
4967 4
4968 1
4969 1
4970 1
4971 2
4972 2
4973 0
4974 1
4975 15
4976 1
4977 6
4978 2
4979 8
4980 4
4981 0
4982 0
4983 4
4984 10
4985 10
4986 8
4987 0
4988 15
4989 2
4990 4
4991 6
4992 0
4993 16
4994 1
4995 4
4996 2
4997 2
4998 3
4999 3
5000 1
5001 4
5002 2
5003 3
5004 0
5005 9
5006 3
5007 20
5008 1
5009 10
5010 2
5011 1
5012 19
5013 0
5014 8
5015 10
5016 2
5017 19
5018 3
5019 2
5020 2
5021 1
5022 0
5023 7
5024 1
5025 3
5026 4
5027 4
5028 1
5029 4
5030 2
5031 3
5032 4
5033 4
5034 3
5035 18
5036 1
5037 5
5038 2
5039 0
5040 4
5041 21
5042 2
5043 1
5044 7
5045 0
5046 15
5047 3
5048 22
5049 3
5050 4
5051 3
5052 2
5053 1
5054 1
5055 2
5056 4
5057 4
5058 2
5059 1
5060 1
5061 5
5062 2
5063 6
5064 1
5065 20
5066 2
5067 2
5068 0
5069 8
5070 15
5071 2
5072 1
5073 4
5074 0
5075 19
5076 2
5077 2
5078 9
5079 1
5080 12
5081 1
5082 4
5083 2
5084 21
5085 22
5086 4
5087 1
5088 4
5089 15
5090 16
5091 3
5092 11
5093 0
5094 1
5095 17
5096 2
5097 4
5098 1
5099 2
5100 0
5101 2
5102 11
5103 7
5104 0
5105 1
5106 1
5107 1
5108 20
5109 1
5110 8
5111 14
5112 2
5113 1
5114 0
5115 2
5116 15
5117 0
5118 1
5119 0
5120 0
5121 1
5122 11
5123 0
5124 10
5125 1
5126 11
5127 4
5128 2
5129 1
5130 4
5131 3
5132 7
5133 13
5134 15
5135 7
5136 8
5137 4
5138 8
5139 6
5140 23
5141 17
5142 7
5143 11
5144 11
5145 8
5146 7
5147 1
5148 5
5149 17
5150 6
5151 1
5152 0
5153 5
5154 1
5155 4
5156 4
5157 1
5158 6
5159 5
5160 1
5161 4
5162 1
5163 2
5164 4
5165 1
5166 0
5167 1
5168 4
5169 1
5170 7
5171 1
5172 8
5173 6
5174 23
5175 0
5176 10
5177 22
5178 0
5179 4
5180 3
5181 4
5182 4
5183 8
5184 3
5185 1
5186 2
5187 2
5188 3
5189 0
5190 4
5191 23
5192 1
5193 4
5194 23
5195 6
5196 1
5197 2
5198 4
5199 3
5200 3
5201 1
5202 21
5203 2
5204 18
5205 23
5206 2
5207 13
5208 1
5209 2
5210 1
5211 11
5212 0
5213 13
5214 13
5215 0
5216 4
5217 2
5218 10
5219 16
5220 3
5221 0
5222 14
5223 2
5224 9
5225 1
5226 12
5227 1
5228 16
5229 21
5230 0
5231 10
5232 0
5233 14
5234 2
5235 12
5236 19
5237 9
5238 5
5239 4
5240 4
5241 15
5242 4
5243 10
5244 19
5245 4
5246 1
5247 2
5248 1
5249 0
5250 16
5251 4
5252 7
5253 17
5254 8
5255 16
5256 3
5257 20
5258 0
5259 1
5260 3
5261 0
5262 17
5263 3
5264 3
5265 1
5266 0
5267 11
5268 0
5269 18
5270 3
5271 6
5272 19
5273 0
5274 2
5275 2
5276 14
5277 3
5278 0
5279 0
5280 0
5281 4
5282 0
5283 6
5284 16
5285 7
5286 1
5287 14
5288 0
5289 1
5290 1
5291 0
5292 0
5293 22
5294 7
5295 0
5296 1
5297 18
5298 9
5299 2
5300 11
5301 8
5302 1
5303 0
5304 1
5305 1
5306 0
5307 3
5308 18
5309 2
5310 2
5311 1
5312 0
5313 1
5314 14
5315 3
5316 2
5317 2
5318 0
5319 2
5320 9
5321 24
5322 4
5323 4
5324 20
5325 2
5326 19
5327 1
5328 16
5329 3
5330 0
5331 5
5332 5
5333 10
5334 18
5335 1
5336 7
5337 19
5338 17
5339 1
5340 18
5341 0
5342 3
5343 2
5344 1
5345 2
5346 1
5347 16
5348 1
5349 0
5350 6
5351 8
5352 18
5353 24
5354 13
5355 0
5356 3
5357 14
5358 13
5359 9
5360 14
5361 0
5362 2
5363 3
5364 11
5365 0
5366 2
5367 14
5368 6
5369 0
5370 2
5371 13
5372 1
5373 6
5374 0
5375 0
5376 1
5377 0
5378 22
5379 0
5380 0
5381 2
5382 12
5383 20
5384 4
5385 1
5386 2
5387 2
5388 1
5389 3
5390 3
5391 3
5392 2
5393 2
5394 3
5395 3
5396 20
5397 2
5398 12
5399 2
5400 0
5401 4
5402 23
5403 4
5404 2
5405 9
5406 1
5407 1
5408 3
5409 3
5410 15
5411 3
5412 14
5413 1
5414 1
5415 9
5416 1
5417 2
5418 3
5419 0
5420 15
5421 16
5422 12
5423 1
5424 15
5425 12
5426 3
5427 0
5428 1
5429 3
5430 1
5431 0
5432 2
5433 14
5434 0
5435 6
5436 2
5437 1
5438 0
5439 3
5440 9
5441 18
5442 9
5443 14
5444 3
5445 5
5446 4
5447 3
5448 14
5449 5
5450 2
5451 9
5452 3
5453 4
5454 3
5455 3
5456 0
5457 0
5458 12
5459 23
5460 2
5461 6
5462 1
5463 3
5464 0
5465 3
5466 21
5467 7
5468 2
5469 0
5470 20
5471 2
5472 4
5473 3
5474 15
5475 2
5476 8
5477 1
5478 3
5479 18
5480 13
5481 0
5482 9
5483 20
5484 2
5485 3
5486 12
5487 1
5488 3
5489 1
5490 18
5491 2
5492 1
5493 1
5494 17
5495 12
5496 1
5497 0
5498 0
5499 1
5500 3
5501 19
5502 4
5503 2
5504 1
5505 15
5506 8
5507 4
5508 10
5509 6
5510 15
5511 2
5512 2
5513 3
5514 2
5515 2
5516 4
5517 19
5518 4
5519 1
5520 23
5521 7
5522 0
5523 8
5524 2
5525 1
5526 0
5527 18
5528 0
5529 15
5530 11
5531 1
5532 1
5533 1
5534 9
5535 3
5536 1
5537 1
5538 19
5539 16
5540 14
5541 2
5542 2
5543 2
5544 2
5545 0
5546 1
5547 0
5548 4
5549 1
5550 1
5551 2
5552 14
5553 8
5554 17
5555 5
5556 0
5557 16
5558 0
5559 9
5560 0
5561 20
5562 1
5563 7
5564 22
5565 23
5566 2
5567 19
5568 4
5569 3
5570 1
5571 2
5572 3
5573 2
5574 15
5575 9
5576 8
5577 22
5578 1
5579 11
5580 15
5581 1
5582 4
5583 2
5584 20
5585 1
5586 16
5587 15
5588 11
5589 8
5590 12
5591 1
5592 16
5593 1
5594 5
5595 18
5596 1
5597 10
5598 1
5599 1
5600 3
5601 1
5602 13
5603 2
5604 24
5605 0
5606 3
5607 2
5608 2
5609 17
5610 17
5611 1
5612 1
5613 8
5614 8
5615 4
5616 21
5617 1
5618 3
5619 7
5620 2
5621 12
5622 2
5623 1
5624 2
5625 7
5626 18
5627 1
5628 13
5629 17
5630 9
5631 2
5632 0
5633 7
5634 3
5635 9
5636 2
5637 4
5638 8
5639 1
5640 4
5641 0
5642 0
5643 7
5644 1
5645 0
5646 2
5647 4
5648 13
5649 2
5650 6
5651 18
5652 22
5653 2
5654 6
5655 2
5656 1
5657 1
5658 5
5659 11
5660 3
5661 0
5662 23
5663 2
5664 3
5665 3
5666 22
5667 10
5668 2
5669 1
5670 6
5671 19
5672 2
5673 18
5674 5
5675 19
5676 11
5677 16
5678 5
5679 0
5680 0
5681 21
5682 1
5683 12
5684 18
5685 0
5686 1
5687 22
5688 10
5689 1
5690 12
5691 0
5692 2
5693 4
5694 17
5695 0
5696 7
5697 3
5698 3
5699 0
5700 2
5701 2
5702 5
5703 9
5704 4
5705 3
5706 1
5707 0
5708 3
5709 2
5710 10
5711 7
5712 1
5713 2
5714 2
5715 4
5716 1
5717 2
5718 1
5719 0
5720 1
5721 0
5722 17
5723 13
5724 7
5725 7
5726 3
5727 2
5728 17
5729 17
5730 3
5731 3
5732 0
5733 0
5734 1
5735 11
5736 3
5737 0
5738 18
5739 10
5740 15
5741 24
5742 0
5743 4
5744 0
5745 1
5746 1
5747 0
5748 19
5749 10
5750 2
5751 0
5752 5
5753 2
5754 18
5755 19
5756 2
5757 2
5758 3
5759 4
5760 21
5761 2
5762 1
5763 0
5764 4
5765 3
5766 13
5767 12
5768 0
5769 11
5770 8
5771 24
5772 20
5773 2
5774 0
5775 11
5776 1
5777 4
5778 19
5779 0
5780 14
5781 0
5782 9
5783 3
5784 11
5785 15
5786 0
5787 4
5788 1
5789 12
5790 0
5791 2
5792 0
5793 0
5794 5
5795 1
5796 13
5797 3
5798 1
5799 4
5800 7
5801 1
5802 2
5803 1
5804 2
5805 2
5806 1
5807 1
5808 0
5809 7
5810 17
5811 2
5812 2
5813 4
5814 7
5815 0
5816 5
5817 2
5818 4
5819 1
5820 1
5821 2
5822 1
5823 16
5824 2
5825 0
5826 3
5827 0
5828 3
5829 4
5830 3
5831 7
5832 9
5833 3
5834 1
5835 16
5836 0
5837 2
5838 2
5839 1
5840 23
5841 10
5842 3
5843 3
5844 0
5845 17
5846 0
5847 2
5848 0
5849 1
5850 4
5851 1
5852 3
5853 0
5854 2
5855 6
5856 0
5857 2
5858 1
5859 1
5860 1
5861 2
5862 0
5863 5
5864 13
5865 22
5866 6
5867 2
5868 2
5869 0
5870 1
5871 0
5872 3
5873 0
5874 3
5875 4
5876 7
5877 2
5878 21
5879 2
5880 0
5881 15
5882 11
5883 1
5884 0
5885 15
5886 17
5887 0
5888 4
5889 3
5890 1
5891 4
5892 4
5893 1
5894 1
5895 1
5896 0
5897 4
5898 2
5899 4
5900 0
5901 3
5902 0
5903 10
5904 0
5905 1
5906 3
5907 4
5908 4
5909 3
5910 1
5911 14
5912 6
5913 2
5914 3
5915 14
5916 1
5917 3
5918 12
5919 1
5920 13
5921 2
5922 2
5923 2
5924 1
5925 3
5926 2
5927 4
5928 0
5929 3
5930 0
5931 2
5932 2
5933 0
5934 3
5935 4
5936 0
5937 1
5938 6
5939 0
5940 8
5941 0
5942 6
5943 1
5944 6
5945 6
5946 0
5947 2
5948 5
5949 1
5950 3
5951 0
5952 2
5953 2
5954 8
5955 12
5956 3
5957 2
5958 0
5959 1
5960 17
5961 5
5962 3
5963 14
5964 0
5965 13
5966 13
5967 3
5968 3
5969 1
5970 22
5971 19
5972 2
5973 0
5974 0
5975 3
5976 14
5977 1
5978 2
5979 1
5980 2
5981 0
5982 3
5983 2
5984 6
5985 21
5986 0
5987 0
5988 0
5989 9
5990 2
5991 23
5992 3
5993 4
5994 8
5995 3
5996 0
5997 1
5998 15
5999 9
6000 1
6001 2
6002 23
6003 8
6004 1
6005 0
6006 0
6007 1
6008 22
6009 5
6010 2
6011 8
6012 1
6013 0
6014 2
6015 1
6016 14
6017 1
6018 18
6019 3
6020 0
6021 2
6022 2
6023 1
6024 12
6025 0
6026 0
6027 8
6028 5
6029 3
6030 6
6031 9
6032 0
6033 20
6034 4
6035 1
6036 3
6037 1
6038 4
6039 2
6040 21
6041 3
6042 0
6043 6
6044 1
6045 7
6046 1
6047 2
6048 24
6049 0
6050 2
6051 7
6052 0
6053 24
6054 18
6055 3
6056 3
6057 4
6058 18
6059 0
6060 4
6061 6
6062 1
6063 1
6064 6
6065 21
6066 6
6067 17
6068 12
6069 22
6070 0
6071 15
6072 7
6073 7
6074 16
6075 2
6076 18
6077 0
6078 2
6079 1
6080 3
6081 0
6082 2
6083 4
6084 21
6085 8
6086 1
6087 0
6088 20
6089 9
6090 5
6091 8
6092 1
6093 1
6094 18
6095 11
6096 10
6097 1
6098 2
6099 0
6100 13
6101 10
6102 17
6103 8
6104 0
6105 2
6106 0
6107 1
6108 0
6109 11
6110 12
6111 11
6112 0
6113 0
6114 0
6115 4
6116 0
6117 0
6118 2
6119 0
6120 0
6121 1
6122 18
6123 0
6124 2
6125 17
6126 3
6127 0
6128 5
6129 2
6130 12
6131 12
6132 4
6133 5
6134 2
6135 8
6136 6
6137 2
6138 15
6139 16
6140 5
6141 4
6142 1
6143 0
6144 2
6145 13
6146 0
6147 1
6148 13
6149 0
6150 9
6151 5
6152 1
6153 0
6154 2
6155 2
6156 12
6157 2
6158 3
6159 11
6160 1
6161 3
6162 0
6163 19
6164 11
6165 2
6166 1
6167 2
6168 3
6169 3
6170 1
6171 1
6172 9
6173 19
6174 0
6175 7
6176 1
6177 16
6178 5
6179 20
6180 3
6181 2
6182 4
6183 2
6184 2
6185 2
6186 5
6187 5
6188 12
6189 11
6190 18
6191 0
6192 19
6193 0
6194 3
6195 0
6196 2
6197 0
6198 11
6199 13
6200 1
6201 15
6202 4
6203 18
6204 1
6205 11
6206 9
6207 18
6208 16
6209 9
6210 12
6211 1
6212 3
6213 0
6214 2
6215 2
6216 8
6217 3
6218 3
6219 13
6220 13
6221 3
6222 6
6223 4
6224 1
6225 2
6226 18
6227 2
6228 0
6229 1
6230 2
6231 15
6232 4
6233 0
6234 19
6235 23
6236 3
6237 2
6238 0
6239 15
6240 3
6241 3
6242 13
6243 1
6244 1
6245 7
6246 7
6247 10
6248 9
6249 2
6250 9
6251 10
6252 9
6253 3
6254 11
6255 4
6256 14
6257 5
6258 15
6259 1
6260 19
6261 14
6262 1
6263 4
6264 2
6265 2
6266 13
6267 1
6268 8
6269 1
6270 0
6271 21
6272 0
6273 0
6274 4
6275 4
6276 0
6277 1
6278 3
6279 1
6280 16
6281 10
6282 1
6283 1
6284 11
6285 7
6286 11
6287 1
6288 5
6289 2
6290 2
6291 21
6292 1
6293 2
6294 20
6295 2
6296 16
6297 22
6298 16
6299 3
6300 2
6301 18
6302 0
6303 5
6304 0
6305 3
6306 4
6307 11
6308 0
6309 9
6310 15
6311 23
6312 3
6313 22
6314 4
6315 2
6316 7
6317 24
6318 0
6319 4
6320 3
6321 2
6322 2
6323 2
6324 3
6325 1
6326 3
6327 17
6328 17
6329 7
6330 24
6331 0
6332 2
6333 20
6334 1
6335 6
6336 14
6337 3
6338 5
6339 1
6340 8
6341 6
6342 1
6343 2
6344 0
6345 14
6346 11
6347 3
6348 1
6349 0
6350 2
6351 16
6352 1
6353 1
6354 2
6355 10
6356 1
6357 10
6358 7
6359 8
6360 12
6361 1
6362 1
6363 22
6364 12
6365 4
6366 2
6367 10
6368 2
6369 1
6370 0
6371 12
6372 13
6373 15
6374 11
6375 5
6376 12
6377 3
6378 11
6379 1
6380 0
6381 2
6382 0
6383 13
6384 20
6385 3
6386 3
6387 9
6388 22
6389 22
6390 20
6391 0
6392 4
6393 1
6394 21
6395 18
6396 14
6397 1
6398 5
6399 1
6400 10
6401 14
6402 20
6403 3
6404 4
6405 12
6406 10
6407 0
6408 2
6409 21
6410 4
6411 2
6412 3
6413 2
6414 2
6415 0
6416 17
6417 1
6418 13
6419 8
6420 3
6421 14
6422 12
6423 10
6424 2
6425 10
6426 5
6427 2
6428 1
6429 0
6430 0
6431 18
6432 13
6433 18
6434 3
6435 6
6436 17
6437 2
6438 16
6439 1
6440 17
6441 9
6442 5
6443 9
6444 5
6445 23
6446 3
6447 10
6448 14
6449 2
6450 10
6451 1
6452 6
6453 13
6454 2
6455 13
6456 0
6457 11
6458 11
6459 2
6460 1
6461 7
6462 10
6463 0
6464 16
6465 2
6466 2
6467 2
6468 17
6469 12
6470 10
6471 0
6472 15
6473 3
6474 19
6475 24
6476 16
6477 8
6478 6
6479 12
6480 2
6481 9
6482 7
6483 2
6484 10
6485 2
6486 1
6487 22
6488 10
6489 0
6490 17
6491 4
6492 2
6493 0
6494 0
6495 7
6496 3
6497 2
6498 0
6499 4
6500 2
6501 8
6502 21
6503 1
6504 13
6505 0
6506 19
6507 20
6508 0
6509 0
6510 9
6511 3
6512 0
6513 2
6514 5
6515 3
6516 2
6517 0
6518 2
6519 1
6520 21
6521 19
6522 13
6523 10
6524 3
6525 3
6526 19
6527 0
6528 0
6529 3
6530 0
6531 2
6532 8
6533 3
6534 8
6535 12
6536 0
6537 0
6538 21
6539 4
6540 2
6541 5
6542 3
6543 3
6544 1
6545 1
6546 4
6547 2
6548 11
6549 11
6550 0
6551 16
6552 1
6553 10
6554 1
6555 3
6556 8
6557 1
6558 1
6559 0
6560 0
6561 10
6562 16
6563 2
6564 0
6565 8
6566 17
6567 0
6568 0
6569 1
6570 3
6571 1
6572 17
6573 14
6574 5
6575 1
6576 11
6577 0
6578 14
6579 8
6580 1
6581 1
6582 2
6583 2
6584 16
6585 8
6586 0
6587 12
6588 9
6589 17
6590 1
6591 1
6592 1
6593 3
6594 8
6595 0
6596 5
6597 18
6598 0
6599 3
6600 2
6601 8
6602 15
6603 0
6604 16
6605 21
6606 3
6607 4
6608 1
6609 12
6610 23
6611 12
6612 16
6613 9
6614 4
6615 2
6616 9
6617 2
6618 11
6619 3
6620 0
6621 23
6622 0
6623 0
6624 1
6625 0
6626 2
6627 17
6628 6
6629 1
6630 0
6631 2
6632 0
6633 10
6634 1
6635 14
6636 1
6637 1
6638 2
6639 1
6640 1
6641 1
6642 4
6643 2
6644 11
6645 8
6646 2
6647 3
6648 1
6649 3
6650 8
6651 2
6652 14
6653 22
6654 0
6655 4
6656 9
6657 9
6658 0
6659 2
6660 1
6661 12
6662 7
6663 2
6664 1
6665 3
6666 10
6667 3
6668 13
6669 20
6670 1
6671 3
6672 6
6673 2
6674 8
6675 2
6676 1
6677 0
6678 10
6679 18
6680 1
6681 11
6682 19
6683 13
6684 21
6685 0
6686 15
6687 4
6688 1
6689 8
6690 0
6691 8
6692 2
6693 3
6694 2
6695 2
6696 4
6697 0
6698 13
6699 7
6700 19
6701 7
6702 0
6703 0
6704 16
6705 2
6706 16
6707 0
6708 10
6709 13
6710 13
6711 21
6712 2
6713 0
6714 6
6715 2
6716 3
6717 4
6718 10
6719 3
6720 0
6721 3
6722 9
6723 13
6724 2
6725 1
6726 1
6727 13
6728 7
6729 11
6730 10
6731 19
6732 2
6733 2
6734 12
6735 21
6736 0
6737 19
6738 3
6739 11
6740 5
6741 2
6742 11
6743 22
6744 3
6745 1
6746 0
6747 5
6748 12
6749 0
6750 1
6751 1
6752 7
6753 15
6754 1
6755 3
6756 0
6757 3
6758 17
6759 0
6760 2
6761 9
6762 1
6763 9
6764 4
6765 2
6766 0
6767 2
6768 18
6769 4
6770 1
6771 1
6772 7
6773 3
6774 2
6775 4
6776 0
6777 11
6778 0
6779 3
6780 0
6781 2
6782 0
6783 1
6784 5
6785 2
6786 1
6787 1
6788 4
6789 1
6790 6
6791 2
6792 5
6793 7
6794 1
6795 0
6796 10
6797 0
6798 2
6799 3
6800 3
6801 2
6802 6
6803 4
6804 2
6805 4
6806 0
6807 3
6808 2
6809 1
6810 24
6811 4
6812 2
6813 1
6814 17
6815 4
6816 0
6817 3
6818 8
6819 16
6820 20
6821 0
6822 0
6823 3
6824 1
6825 5
6826 1
6827 1
6828 15
6829 24
6830 3
6831 2
6832 1
6833 2
6834 0
6835 2
6836 12
6837 3
6838 7
6839 4
6840 2
6841 17
6842 2
6843 0
6844 3
6845 3
6846 1
6847 2
6848 0
6849 1
6850 2
6851 1
6852 0
6853 0
6854 1
6855 3
6856 1
6857 17
6858 14
6859 0
6860 4
6861 4
6862 6
6863 1
6864 14
6865 6
6866 4
6867 2
6868 0
6869 2
6870 0
6871 0
6872 9
6873 0
6874 3
6875 1
6876 1
6877 12
6878 4
6879 4
6880 4
6881 4
6882 17
6883 1
6884 2
6885 2
6886 2
6887 3
6888 2
6889 1
6890 19
6891 12
6892 22
6893 0
6894 3
6895 0
6896 6
6897 1
6898 1
6899 2
6900 6
6901 1
6902 14
6903 0
6904 18
6905 4
6906 2
6907 1
6908 1
6909 4
6910 1
6911 3
6912 6
6913 2
6914 0
6915 1
6916 9
6917 4
6918 3
6919 1
6920 4
6921 1
6922 2
6923 7
6924 2
6925 0
6926 6
6927 5
6928 2
6929 9
6930 2
6931 3
6932 16
6933 1
6934 2
6935 11
6936 0
6937 8
6938 3
6939 3
6940 15
6941 11
6942 3
6943 1
6944 8
6945 0
6946 6
6947 2
6948 1
6949 3
6950 5
6951 0
6952 12
6953 3
6954 4
6955 16
6956 24
6957 10
6958 1
6959 10
6960 0
6961 5
6962 8
6963 3
6964 17
6965 0
6966 19
6967 1
6968 4
6969 1
6970 6
6971 5
6972 1
6973 10
6974 18
6975 0
6976 7
6977 2
6978 1
6979 2
6980 6
6981 1
6982 6
6983 1
6984 3
6985 12
6986 16
6987 2
6988 18
6989 0
6990 0
6991 7
6992 0
6993 1
6994 9
6995 11
6996 8
6997 1
6998 3
6999 0
7000 2
7001 3
7002 2
7003 6
7004 0
7005 0
7006 8
7007 3
7008 2
7009 4
7010 1
7011 1
7012 3
7013 14
7014 2
7015 0
7016 3
7017 0
7018 2
7019 11
7020 14
7021 3
7022 0
7023 1
7024 2
7025 3
7026 1
7027 2
7028 2
7029 0
7030 4
7031 1
7032 2
7033 2
7034 3
7035 7
7036 18
7037 8
7038 5
7039 0
7040 1
7041 4
7042 6
7043 6
7044 3
7045 2
7046 2
7047 1
7048 1
7049 5
7050 1
7051 4
7052 8
7053 10
7054 1
7055 2
7056 0
7057 2
7058 4
7059 1
7060 15
7061 18
7062 3
7063 3
7064 16
7065 0
7066 2
7067 15
7068 9
7069 1
7070 3
7071 0
7072 3
7073 3
7074 0
7075 0
7076 15
7077 12
7078 3
7079 21
7080 0
7081 20
7082 13
7083 2
7084 3
7085 0
7086 2
7087 5
7088 3
7089 5
7090 3
7091 17
7092 4
7093 5
7094 3
7095 4
7096 6
7097 19
7098 6
7099 0
7100 3
7101 0
7102 2
7103 0
7104 0
7105 0
7106 5
7107 23
7108 2
7109 1
7110 0
7111 2
7112 0
7113 6
7114 2
7115 2
7116 0
7117 0
7118 21
7119 1
7120 9
7121 4
7122 3
7123 0
7124 11
7125 0
7126 17
7127 5
7128 1
7129 0
7130 8
7131 2
7132 4
7133 2
7134 0
7135 12
7136 19
7137 4
7138 2
7139 1
7140 1
7141 17
7142 4
7143 4
7144 5
7145 3
7146 1
7147 3
7148 0
7149 17
7150 21
7151 11
7152 0
7153 2
7154 0
7155 0
7156 24
7157 10
7158 11
7159 14
7160 6
7161 1
7162 2
7163 1
7164 6
7165 10
7166 23
7167 3
7168 3
7169 2
7170 7
7171 1
7172 2
7173 5
7174 0
7175 1
7176 7
7177 2
7178 3
7179 3
7180 2
7181 5
7182 6
7183 2
7184 8
7185 19
7186 2
7187 13
7188 4
7189 22
7190 12
7191 4
7192 12
7193 11
7194 16
7195 8
7196 1
7197 1
7198 2
7199 3
7200 22
7201 9
7202 10
7203 0
7204 0
7205 9
7206 1
7207 5
7208 17
7209 17
7210 3
7211 20
7212 7
7213 0
7214 13
7215 2
7216 7
7217 8
7218 12
7219 3
7220 7
7221 23
7222 1
7223 4
7224 0
7225 4
7226 22
7227 0
7228 4
7229 4
7230 2
7231 6
7232 12
7233 16
7234 20
7235 4
7236 2
7237 2
7238 0
7239 12
7240 2
7241 10
7242 1
7243 1
7244 19
7245 0
7246 4
7247 1
7248 1
7249 15
7250 0
7251 3
7252 8
7253 0
7254 1
7255 2
7256 1
7257 3
7258 16
7259 2
7260 13
7261 10
7262 4
7263 19
7264 0
7265 15
7266 1
7267 15
7268 0
7269 1
7270 19
7271 15
7272 3
7273 2
7274 2
7275 3
7276 22
7277 1
7278 2
7279 1
7280 1
7281 0
7282 4
7283 21
7284 17
7285 19
7286 4
7287 19
7288 0
7289 0
7290 7
7291 2
7292 23
7293 4
7294 2
7295 9
7296 6
7297 0
7298 1
7299 2
7300 4
7301 3
7302 9
7303 0
7304 0
7305 2
7306 2
7307 2
7308 7
7309 15
7310 1
7311 0
7312 0
7313 0
7314 2
7315 3
7316 2
7317 6
7318 3
7319 18
7320 3
7321 3
7322 9
7323 4
7324 0
7325 12
7326 4
7327 2
7328 2
7329 5
7330 14
7331 12
7332 2
7333 13
7334 7
7335 3
7336 6
7337 5
7338 3
7339 4
7340 1
7341 0
7342 1
7343 3
7344 3
7345 0
7346 16
7347 1
7348 5
7349 0
7350 0
7351 1
7352 5
7353 0
7354 16
7355 14
7356 12
7357 9
7358 3
7359 1
7360 0
7361 7
7362 0
7363 5
7364 0
7365 9
7366 2
7367 3
7368 1
7369 17
7370 1
7371 7
7372 4
7373 0
7374 2
7375 0
7376 0
7377 12
7378 12
7379 2
7380 15
7381 11
7382 17
7383 3
7384 15
7385 14
7386 4
7387 2
7388 2
7389 0
7390 0
7391 0
7392 20
7393 9
7394 11
7395 0
7396 0
7397 15
7398 3
7399 3
7400 0
7401 3
7402 3
7403 2
7404 3
7405 3
7406 2
7407 1
7408 23
7409 2
7410 2
7411 1
7412 15
7413 1
7414 0
7415 3
7416 2
7417 12
7418 1
7419 9
7420 21
7421 0
7422 3
7423 2
7424 3
7425 3
7426 0
7427 3
7428 0
7429 8
7430 1
7431 13
7432 0
7433 4
7434 2
7435 2
7436 2
7437 3
7438 21
7439 0
7440 3
7441 2
7442 0
7443 13
7444 0
7445 20
7446 14
7447 1
7448 5
7449 2
7450 2
7451 1
7452 2
7453 1
7454 8
7455 2
7456 18
7457 4
7458 0
7459 4
7460 12
7461 3
7462 0
7463 3
7464 10
7465 0
7466 6
7467 0
7468 19
7469 2
7470 1
7471 13
7472 21
7473 13
7474 7
7475 3
7476 19
7477 4
7478 3
7479 4
7480 0
7481 7
7482 19
7483 1
7484 3
7485 0
7486 3
7487 10
7488 1
7489 7
7490 4
7491 3
7492 19
7493 8
7494 3
7495 15
7496 0
7497 1
7498 11
7499 7
7500 2
7501 3
7502 3
7503 17
7504 3
7505 4
7506 4
7507 1
7508 8
7509 19
7510 1
7511 18
7512 11
7513 3
7514 0
7515 10
7516 1
7517 14
7518 3
7519 24
7520 0
7521 0
7522 0
7523 0
7524 10
7525 13
7526 14
7527 0
7528 11
7529 4
7530 23
7531 2
7532 0
7533 1
7534 2
7535 24
7536 2
7537 19
7538 2
7539 9
7540 1
7541 1
7542 0
7543 2
7544 0
7545 21
7546 10
7547 20
7548 2
7549 1
7550 5
7551 4
7552 0
7553 4
7554 18
7555 10
7556 1
7557 0
7558 2
7559 1
7560 1
7561 1
7562 7
7563 0
7564 17
7565 2
7566 4
7567 0
7568 23
7569 2
7570 0
7571 2
7572 2
7573 0
7574 4
7575 5
7576 0
7577 15
7578 18
7579 11
7580 12
7581 1
7582 0
7583 4
7584 4
7585 0
7586 1
7587 2
7588 0
7589 3
7590 0
7591 0
7592 11
7593 1
7594 0
7595 1
7596 5
7597 0
7598 4
7599 24
7600 2
7601 4
7602 0
7603 5
7604 8
7605 4
7606 12
7607 0
7608 1
7609 3
7610 3
7611 2
7612 5
7613 1
7614 10
7615 3
7616 3
7617 20
7618 2
7619 3
7620 4
7621 7
7622 20
7623 3
7624 3
7625 15
7626 10
7627 2
7628 10
7629 2
7630 1
7631 0
7632 0
7633 0
7634 4
7635 0
7636 2
7637 4
7638 3
7639 2
7640 2
7641 1
7642 0
7643 2
7644 21
7645 23
7646 20
7647 4
7648 15
7649 8
7650 1
7651 2
7652 19
7653 11
7654 2
7655 4
7656 2
7657 1
7658 0
7659 0
7660 16
7661 1
7662 0
7663 6
7664 3
7665 6
7666 12
7667 1
7668 1
7669 4
7670 6
7671 6
7672 0
7673 18
7674 6
7675 4
7676 0
7677 0
7678 4
7679 20
7680 6
7681 0
7682 12
7683 16
7684 11
7685 9
7686 0
7687 19
7688 2
7689 3
7690 4
7691 2
7692 3
7693 5
7694 4
7695 0
7696 15
7697 9
7698 4
7699 4
7700 2
7701 0
7702 22
7703 3
7704 6
7705 1
7706 2
7707 13
7708 10
7709 2
7710 4
7711 1
7712 5
7713 2
7714 10
7715 1
7716 3
7717 2
7718 23
7719 12
7720 13
7721 1
7722 3
7723 0
7724 2
7725 9
7726 10
7727 0
7728 1
7729 7
7730 2
7731 4
7732 6
7733 1
7734 3
7735 1
7736 7
7737 9
7738 17
7739 4
7740 1
7741 3
7742 2
7743 17
7744 4
7745 1
7746 1
7747 1
7748 4
7749 6
7750 1
7751 18
7752 0
7753 2
7754 17
7755 3
7756 3
7757 3
7758 11
7759 13
7760 0
7761 15
7762 24
7763 19
7764 4
7765 0
7766 3
7767 9
7768 18
7769 3
7770 2
7771 1
7772 3
7773 6
7774 1
7775 1
7776 23
7777 1
7778 13
7779 20
7780 4
7781 0
7782 0
7783 16
7784 4
7785 11
7786 0
7787 3
7788 0
7789 12
7790 2
7791 3
7792 0
7793 17
7794 0
7795 16
7796 1
7797 7
7798 4
7799 2
7800 8
7801 13
7802 13
7803 1
7804 2
7805 1
7806 12
7807 9
7808 10
7809 2
7810 1
7811 4
7812 16
7813 5
7814 0
7815 3
7816 1
7817 3
7818 1
7819 18
7820 1
7821 12
7822 2
7823 1
7824 0
7825 18
7826 24
7827 20
7828 18
7829 6
7830 5
7831 18
7832 18
7833 2
7834 17
7835 3
7836 3
7837 0
7838 0
7839 2
7840 2
7841 0
7842 2
7843 3
7844 4
7845 4
7846 0
7847 3
7848 17
7849 2
7850 4
7851 8
7852 1
7853 3
7854 3
7855 0
7856 1
7857 4
7858 11
7859 0
7860 2
7861 19
7862 3
7863 1
7864 1
7865 24
7866 1
7867 0
7868 2
7869 7
7870 16
7871 3
7872 2
7873 0
7874 3
7875 2
7876 2
7877 23
7878 14
7879 3
7880 5
7881 0
7882 1
7883 6
7884 1
7885 16
7886 5
7887 2
7888 14
7889 1
7890 4
7891 1
7892 1
7893 3
7894 19
7895 0
7896 17
7897 3
7898 2
7899 0
7900 2
7901 4
7902 0
7903 2
7904 12
7905 9
7906 3
7907 0
7908 5
7909 1
7910 8
7911 12
7912 5
7913 1
7914 0
7915 2
7916 4
7917 14
7918 1
7919 2
7920 2
7921 2
7922 9
7923 1
7924 1
7925 0
7926 14
7927 0
7928 2
7929 1
7930 2
7931 2
7932 2
7933 0
7934 19
7935 19
7936 12
7937 0
7938 2
7939 19
7940 11
7941 2
7942 0
7943 0
7944 0
7945 2
7946 2
7947 2
7948 11
7949 2
7950 4
7951 2
7952 2
7953 0
7954 1
7955 1
7956 1
7957 3
7958 0
7959 8
7960 1
7961 15
7962 1
7963 0
7964 2
7965 3
7966 21
7967 8
7968 22
7969 9
7970 5
7971 0
7972 2
7973 2
7974 4
7975 2
7976 15
7977 1
7978 0
7979 2
7980 0
7981 18
7982 0
7983 0
7984 8
7985 4
7986 12
7987 2
7988 6
7989 2
7990 9
7991 2
7992 2
7993 2
7994 0
7995 19
7996 0
7997 12
7998 0
7999 15
8000 1
8001 17
8002 20
8003 19
8004 8
8005 3
8006 5
8007 8
8008 0
8009 0
8010 4
8011 3
8012 1
8013 21
8014 15
8015 6
8016 0
8017 12
8018 4
8019 3
8020 0
8021 1
8022 23
8023 9
8024 1
8025 15
8026 0
8027 1
8028 18
8029 1
8030 6
8031 2
8032 21
8033 1
8034 0
8035 2
8036 2
8037 6
8038 16
8039 5
8040 2
8041 2
8042 3
8043 2
8044 0
8045 1
8046 4
8047 1
8048 1
8049 1
8050 2
8051 2
8052 0
8053 2
8054 10
8055 5
8056 4
8057 1
8058 2
8059 13
8060 4
8061 0
8062 3
8063 0
8064 24
8065 4
8066 9
8067 3
8068 2
8069 7
8070 2
8071 2
8072 3
8073 10
8074 3
8075 1
8076 0
8077 0
8078 2
8079 2
8080 1
8081 1
8082 3
8083 3
8084 4
8085 21
8086 7
8087 16
8088 8
8089 1
8090 8
8091 1
8092 3
8093 16
8094 3
8095 1
8096 6
8097 2
8098 1
8099 19
8100 2
8101 1
8102 2
8103 16
8104 1
8105 3
8106 0
8107 6
8108 1
8109 8
8110 2
8111 4
8112 0
8113 0
8114 20
8115 0
8116 6
8117 1
8118 15
8119 3
8120 4
8121 0
8122 0
8123 0
8124 18
8125 1
8126 8
8127 2
8128 0
8129 8
8130 14
8131 1
8132 16
8133 1
8134 1
8135 1
8136 1
8137 0
8138 16
8139 17
8140 11
8141 6
8142 17
8143 13
8144 0
8145 3
8146 3
8147 0
8148 12
8149 0
8150 0
8151 21
8152 0
8153 0
8154 2
8155 1
8156 1
8157 3
8158 4
8159 0
8160 1
8161 2
8162 1
8163 1
8164 23
8165 0
8166 5
8167 22
8168 3
8169 2
8170 13
8171 0
8172 4
8173 2
8174 3
8175 5
8176 5
8177 4
8178 21
8179 4
8180 0
8181 10
8182 1
8183 3
8184 1
8185 0
8186 7
8187 15
8188 13
8189 7
8190 21
8191 8
8192 10
8193 0
8194 1
8195 7
8196 1
8197 0
8198 8
8199 3
8200 2
8201 20
8202 0
8203 2
8204 5
8205 10
8206 2
8207 9
8208 13
8209 10
8210 1
8211 2
8212 21
8213 5
8214 16
8215 0
8216 10
8217 1
8218 15
8219 1
8220 1
8221 13
8222 1
8223 1
8224 3
8225 0
8226 2
8227 2
8228 0
8229 15
8230 15
8231 6
8232 2
8233 24
8234 6
8235 8
8236 9
8237 1
8238 2
8239 0
8240 1
8241 8
8242 11
8243 1
8244 7
8245 4
8246 1
8247 1
8248 7
8249 23
8250 7
8251 6
8252 1
8253 1
8254 0
8255 2
8256 3
8257 2
8258 14
8259 23
8260 0
8261 2
8262 1
8263 0
8264 1
8265 8
8266 2
8267 0
8268 0
8269 11
8270 0
8271 4
8272 1
8273 19
8274 4
8275 4
8276 13
8277 12
8278 11
8279 2
8280 2
8281 3
8282 1
8283 8
8284 2
8285 0
8286 24
8287 2
8288 4
8289 11
8290 15
8291 22
8292 8
8293 16
8294 0
8295 24
8296 0
8297 20
8298 2
8299 8
8300 4
8301 22
8302 13
8303 10
8304 0
8305 10
8306 0
8307 4
8308 2
8309 0
8310 3
8311 7
8312 2
8313 14
8314 2
8315 0
8316 2
8317 1
8318 2
8319 7
8320 13
8321 0
8322 24
8323 1
8324 1
8325 2
8326 2
8327 18
8328 4
8329 3
8330 16
8331 24
8332 10
8333 3
8334 13
8335 9
8336 8
8337 2
8338 11
8339 24
8340 1
8341 21
8342 19
8343 22
8344 3
8345 3
8346 10
8347 0
8348 2
8349 6
8350 2
8351 7
8352 4
8353 10
8354 1
8355 13
8356 1
8357 18
8358 2
8359 1
8360 15
8361 4
8362 7
8363 10
8364 3
8365 17
8366 4
8367 11
8368 15
8369 1
8370 1
8371 4
8372 1
8373 23
8374 5
8375 2
8376 3
8377 2
8378 9
8379 6
8380 2
8381 18
8382 1
8383 5
8384 16
8385 3
8386 9
8387 5
8388 5
8389 2
8390 1
8391 0
8392 10
8393 0
8394 15
8395 0
8396 1
8397 3
8398 2
8399 17
8400 15
8401 16
8402 0
8403 10
8404 1
8405 11
8406 1
8407 5
8408 7
8409 20
8410 3
8411 0
8412 18
8413 18
8414 1
8415 1
8416 17
8417 1
8418 8
8419 3
8420 1
8421 6
8422 3
8423 0
8424 2
8425 17
8426 2
8427 15
8428 4
8429 1
8430 22
8431 21
8432 10
8433 8
8434 1
8435 0
8436 4
8437 24
8438 7
8439 0
8440 18
8441 4
8442 2
8443 9
8444 0
8445 0
8446 16
8447 7
8448 12
8449 0
8450 3
8451 2
8452 2
8453 2
8454 0
8455 3
8456 9
8457 4
8458 0
8459 0
8460 5
8461 2
8462 2
8463 3
8464 8
8465 3
8466 16
8467 2
8468 9
8469 0
8470 7
8471 4
8472 1
8473 9
8474 22
8475 1
8476 3
8477 2
8478 6
8479 3
8480 15
8481 1
8482 22
8483 6
8484 15
8485 2
8486 13
8487 2
8488 0
8489 0
8490 2
8491 13
8492 7
8493 13
8494 0
8495 21
8496 9
8497 3
8498 13
8499 0
8500 5
8501 1
8502 4
8503 1
8504 3
8505 6
8506 1
8507 13
8508 2
8509 11
8510 0
8511 2
8512 1
8513 19
8514 7
8515 0
8516 15
8517 10
8518 3
8519 3
8520 4
8521 0
8522 12
8523 17
8524 9
8525 4
8526 17
8527 2
8528 3
8529 6
8530 10
8531 11
8532 8
8533 3
8534 9
8535 4
8536 0
8537 10
8538 23
8539 6
8540 12
8541 9
8542 3
8543 2
8544 0
8545 21
8546 19
8547 0
8548 2
8549 8
8550 4
8551 5
8552 3
8553 2
8554 1
8555 1
8556 1
8557 0
8558 0
8559 3
8560 0
8561 2
8562 0
8563 2
8564 1
8565 12
8566 0
8567 0
8568 12
8569 12
8570 3
8571 3
8572 0
8573 3
8574 0
8575 13
8576 0
8577 1
8578 19
8579 5
8580 14
8581 4
8582 18
8583 1
8584 8
8585 1
8586 1
8587 0
8588 2
8589 15
8590 1
8591 20
8592 2
8593 3
8594 1
8595 1
8596 3
8597 1
8598 0
8599 1
8600 2
8601 15
8602 1
8603 2
8604 0
8605 11
8606 1
8607 3
8608 2
8609 2
8610 1
8611 2
8612 3
8613 3
8614 15
8615 2
8616 1
8617 8
8618 7
8619 1
8620 0
8621 6
8622 1
8623 1
8624 6
8625 1
8626 0
8627 6
8628 19
8629 19
8630 1
8631 0
8632 3
8633 3
8634 9
8635 2
8636 1
8637 1
8638 2
8639 0
8640 0
8641 4
8642 16
8643 4
8644 1
8645 18
8646 2
8647 10
8648 0
8649 9
8650 1
8651 2
8652 0
8653 12
8654 13
8655 3
8656 24
8657 3
8658 8
8659 1
8660 17
8661 4
8662 2
8663 18
8664 1
8665 21
8666 1
8667 2
8668 3
8669 2
8670 0
8671 15
8672 10
8673 1
8674 5
8675 1
8676 3
8677 2
8678 1
8679 1
8680 4
8681 17
8682 2
8683 4
8684 2
8685 1
8686 1
8687 12
8688 1
8689 6
8690 2
8691 0
8692 13
8693 11
8694 23
8695 13
8696 22
8697 1
8698 6
8699 1
8700 14
8701 0
8702 9
8703 2
8704 5
8705 0
8706 4
8707 1
8708 1
8709 2
8710 21
8711 8
8712 11
8713 3
8714 1
8715 3
8716 20
8717 9
8718 0
8719 7
8720 17
8721 2
8722 2
8723 0
8724 6
8725 4
8726 1
8727 20
8728 5
8729 11
8730 5
8731 3
8732 18
8733 3
8734 0
8735 3
8736 3
8737 1
8738 16
8739 0
8740 10
8741 9
8742 11
8743 2
8744 9
8745 3
8746 3
8747 9
8748 8
8749 8
8750 5
8751 2
8752 15
8753 20
8754 0
8755 1
8756 21
8757 9
8758 13
8759 1
8760 13
8761 23
8762 5
8763 10
8764 9
8765 4
8766 3
8767 23
8768 2
8769 19
8770 3
8771 9
8772 2
8773 0
8774 1
8775 3
8776 13
8777 7
8778 9
8779 4
8780 1
8781 13
8782 5
8783 7
8784 19
8785 0
8786 0
8787 3
8788 2
8789 2
8790 15
8791 4
8792 0
8793 1
8794 6
8795 23
8796 0
8797 3
8798 5
8799 17
8800 1
8801 9
8802 1
8803 1
8804 3
8805 0
8806 22
8807 3
8808 0
8809 10
8810 2
8811 0
8812 6
8813 16
8814 0
8815 2
8816 11
8817 13
8818 0
8819 4
8820 7
8821 17
8822 0
8823 12
8824 3
8825 16
8826 0
8827 2
8828 2
8829 12
8830 6
8831 19
8832 4
8833 11
8834 2
8835 2
8836 17
8837 0
8838 0
8839 1
8840 0
8841 0
8842 1
8843 0
8844 1
8845 0
8846 2
8847 4
8848 0
8849 6
8850 3
8851 2
8852 1
8853 2
8854 3
8855 0
8856 12
8857 9
8858 2
8859 2
8860 19
8861 3
8862 2
8863 12
8864 3
8865 2
8866 8
8867 2
8868 13
8869 9
8870 10
8871 1
8872 7
8873 0
8874 3
8875 4
8876 2
8877 3
8878 5
8879 9
8880 0
8881 1
8882 20
8883 0
8884 3
8885 0
8886 1
8887 1
8888 0
8889 1
8890 7
8891 3
8892 8
8893 8
8894 6
8895 1
8896 1
8897 15
8898 6
8899 4
8900 8
8901 1
8902 2
8903 2
8904 2
8905 11
8906 2
8907 3
8908 3
8909 16
8910 7
8911 0
8912 1
8913 19
8914 2
8915 1
8916 0
8917 1
8918 0
8919 19
8920 13
8921 0
8922 22
8923 13
8924 1
8925 0
8926 1
8927 0
8928 2
8929 16
8930 2
8931 2
8932 4
8933 12
8934 0
8935 2
8936 2
8937 8
8938 1
8939 5
8940 1
8941 7
8942 2
8943 22
8944 0
8945 23
8946 1
8947 3
8948 0
8949 17
8950 1
8951 10
8952 1
8953 17
8954 1
8955 13
8956 3
8957 0
8958 0
8959 1
8960 0
8961 1
8962 3
8963 0
8964 4
8965 19
8966 0
8967 1
8968 1
8969 2
8970 9
8971 0
8972 9
8973 0
8974 0
8975 10
8976 0
8977 2
8978 1
8979 7
8980 14
8981 18
8982 7
8983 0
8984 2
8985 0
8986 0
8987 13
8988 0
8989 5
8990 1
8991 2
8992 3
8993 1
8994 3
8995 17
8996 4
8997 2
8998 4
8999 0
9000 3
9001 0
9002 0
9003 3
9004 12
9005 3
9006 9
9007 0
9008 3
9009 1
9010 4
9011 1
9012 1
9013 2
9014 9
9015 10
9016 3
9017 4
9018 4
9019 12
9020 2
9021 1
9022 8
9023 1
9024 0
9025 6
9026 8
9027 4
9028 4
9029 2
9030 0
9031 0
9032 3
9033 17
9034 1
9035 2
9036 2
9037 0
9038 2
9039 8
9040 2
9041 3
9042 14
9043 2
9044 1
9045 0
9046 8
9047 5
9048 0
9049 2
9050 18
9051 1
9052 13
9053 17
9054 12
9055 8
9056 0
9057 4
9058 1
9059 14
9060 10
9061 0
9062 2
9063 6
9064 2
9065 3
9066 2
9067 4
9068 1
9069 13
9070 2
9071 3
9072 1
9073 0
9074 2
9075 2
9076 3
9077 1
9078 8
9079 7
9080 0
9081 2
9082 12
9083 0
9084 3
9085 0
9086 18
9087 18
9088 9
9089 18
9090 1
9091 1
9092 1
9093 8
9094 19
9095 15
9096 7
9097 1
9098 1
9099 1
9100 4
9101 9
9102 4
9103 3
9104 3
9105 2
9106 2
9107 2
9108 0
9109 19
9110 4
9111 0
9112 2
9113 8
9114 19
9115 1
9116 2
9117 3
9118 0
9119 2
9120 4
9121 0
9122 2
9123 1
9124 1
9125 13
9126 3
9127 1
9128 3
9129 1
9130 0
9131 0
9132 1
9133 3
9134 17
9135 14
9136 6
9137 6
9138 2
9139 1
9140 11
9141 0
9142 18
9143 3
9144 1
9145 1
9146 2
9147 2
9148 8
9149 2
9150 20
9151 1
9152 12
9153 0
9154 20
9155 2
9156 8
9157 0
9158 2
9159 1
9160 10
9161 6
9162 9
9163 1
9164 1
9165 0
9166 2
9167 13
9168 4
9169 11
9170 6
9171 16
9172 2
9173 22
9174 14
9175 2
9176 2
9177 2
9178 0
9179 0
9180 2
9181 2
9182 6
9183 19
9184 14
9185 14
9186 18
9187 15
9188 0
9189 0
9190 2
9191 3
9192 0
9193 1
9194 4
9195 3
9196 1
9197 1
9198 20
9199 2
9200 16
9201 13
9202 13
9203 2
9204 18
9205 13
9206 0
9207 0
9208 2
9209 6
9210 3
9211 16
9212 6
9213 4
9214 24
9215 3
9216 9
9217 11
9218 5
9219 5
9220 21
9221 14
9222 0
9223 0
9224 7
9225 8
9226 14
9227 15
9228 3
9229 2
9230 0
9231 1
9232 13
9233 7
9234 0
9235 5
9236 2
9237 0
9238 4
9239 1
9240 15
9241 0
9242 4
9243 18
9244 1
9245 19
9246 19
9247 0
9248 3
9249 1
9250 2
9251 1
9252 9
9253 22
9254 4
9255 1
9256 1
9257 0
9258 3
9259 0
9260 3
9261 4
9262 10
9263 0
9264 1
9265 18
9266 10
9267 1
9268 0
9269 6
9270 1
9271 13
9272 2
9273 1
9274 2
9275 17
9276 4
9277 0
9278 0
9279 0
9280 6
9281 4
9282 1
9283 12
9284 0
9285 0
9286 3
9287 15
9288 15
9289 0
9290 2
9291 0
9292 3
9293 0
9294 2
9295 3
9296 7
9297 3
9298 0
9299 21
9300 0
9301 15
9302 0
9303 8
9304 3
9305 14
9306 0
9307 0
9308 0
9309 3
9310 4
9311 2
9312 0
9313 4
9314 0
9315 13
9316 3
9317 1
9318 0
9319 15
9320 1
9321 4
9322 1
9323 7
9324 6
9325 3
9326 1
9327 3
9328 4
9329 3
9330 7
9331 1
9332 10
9333 2
9334 10
9335 2
9336 2
9337 0
9338 11
9339 2
9340 11
9341 6
9342 0
9343 0
9344 11
9345 20
9346 8
9347 11
9348 2
9349 11
9350 2
9351 8
9352 12
9353 0
9354 1
9355 3
9356 4
9357 3
9358 16
9359 3
9360 0
9361 20
9362 2
9363 24
9364 4
9365 19
9366 0
9367 3
9368 1
9369 15
9370 3
9371 0
9372 7
9373 1
9374 0
9375 4
9376 4
9377 4
9378 9
9379 3
9380 3
9381 13
9382 19
9383 0
9384 7
9385 6
9386 1
9387 21
9388 2
9389 3
9390 0
9391 5
9392 3
9393 1
9394 2
9395 17
9396 6
9397 16
9398 2
9399 0
9400 3
9401 4
9402 3
9403 11
9404 5
9405 1
9406 5
9407 1
9408 3
9409 9
9410 0
9411 5
9412 5
9413 1
9414 12
9415 4
9416 0
9417 7
9418 15
9419 6
9420 3
9421 1
9422 15
9423 1
9424 0
9425 19
9426 0
9427 9
9428 0
9429 5
9430 0
9431 0
9432 9
9433 0
9434 2
9435 8
9436 1
9437 2
9438 3
9439 12
9440 0
9441 0
9442 18
9443 12
9444 0
9445 2
9446 2
9447 8
9448 2
9449 12
9450 3
9451 0
9452 3
9453 0
9454 17
9455 3
9456 0
9457 7
9458 4
9459 4
9460 3
9461 1
9462 0
9463 8
9464 22
9465 17
9466 17
9467 1
9468 0
9469 3
9470 3
9471 2
9472 2
9473 0
9474 8
9475 11
9476 14
9477 3
9478 24
9479 4
9480 3
9481 22
9482 10
9483 2
9484 5
9485 2
9486 3
9487 3
9488 13
9489 3
9490 17
9491 2
9492 3
9493 0
9494 2
9495 1
9496 3
9497 11
9498 3
9499 4
9500 4
9501 4
9502 11
9503 13
9504 1
9505 20
9506 1
9507 16
9508 0
9509 4
9510 4
9511 0
9512 19
9513 1
9514 1
9515 2
9516 2
9517 6
9518 4
9519 9
9520 0
9521 2
9522 2
9523 5
9524 2
9525 1
9526 13
9527 1
9528 4
9529 7
9530 2
9531 0
9532 10
9533 3
9534 1
9535 4
9536 23
9537 2
9538 0
9539 0
9540 16
9541 3
9542 17
9543 14
9544 2
9545 0
9546 0
9547 4
9548 6
9549 13
9550 0
9551 1
9552 0
9553 6
9554 1
9555 3
9556 19
9557 4
9558 3
9559 4
9560 2
9561 4
9562 5
9563 0
9564 5
9565 5
9566 2
9567 14
9568 23
9569 7
9570 1
9571 3
9572 2
9573 2
9574 8
9575 2
9576 3
9577 3
9578 24
9579 4
9580 16
9581 13
9582 4
9583 0
9584 3
9585 1
9586 3
9587 2
9588 0
9589 0
9590 1
9591 2
9592 1
9593 1
9594 6
9595 1
9596 1
9597 2
9598 0
9599 4
9600 8
9601 8
9602 11
9603 0
9604 1
9605 3
9606 4
9607 1
9608 3
9609 4
9610 5
9611 24
9612 12
9613 12
9614 1
9615 1
9616 17
9617 0
9618 9
9619 18
9620 2
9621 1
9622 0
9623 3
9624 12
9625 0
9626 1
9627 2
9628 12
9629 3
9630 9
9631 1
9632 1
9633 3
9634 3
9635 9
9636 1
9637 9
9638 24
9639 2
9640 2
9641 13
9642 1
9643 2
9644 1
9645 12
9646 2
9647 0
9648 7
9649 1
9650 7
9651 1
9652 14
9653 23
9654 4
9655 2
9656 8
9657 1
9658 3
9659 8
9660 16
9661 3
9662 1
9663 8
9664 0
9665 1
9666 17
9667 1
9668 4
9669 3
9670 10
9671 10
9672 0
9673 10
9674 3
9675 4
9676 18
9677 0
9678 2
9679 5
9680 22
9681 1
9682 3
9683 2
9684 12
9685 2
9686 2
9687 1
9688 0
9689 1
9690 2
9691 12
9692 3
9693 4
9694 3
9695 8
9696 5
9697 6
9698 2
9699 1
9700 1
9701 1
9702 0
9703 3
9704 3
9705 1
9706 1
9707 12
9708 1
9709 4
9710 13
9711 16
9712 2
9713 20
9714 2
9715 3
9716 1
9717 3
9718 12
9719 8
9720 2
9721 4
9722 1
9723 4
9724 0
9725 5
9726 4
9727 1
9728 0
9729 20
9730 20
9731 4
9732 3
9733 0
9734 4
9735 0
9736 4
9737 4
9738 1
9739 2
9740 17
9741 2
9742 5
9743 2
9744 1
9745 0
9746 12
9747 15
9748 6
9749 19
9750 0
9751 0
9752 16
9753 1
9754 20
9755 4
9756 2
9757 1
9758 13
9759 5
9760 4
9761 23
9762 11
9763 1
9764 0
9765 20
9766 8
9767 0
9768 0
9769 24
9770 0
9771 1
9772 0
9773 18
9774 3
9775 2
9776 3
9777 8
9778 6
9779 0
9780 23
9781 16
9782 4
9783 13
9784 1
9785 7
9786 2
9787 15
9788 0
9789 20
9790 13
9791 0
9792 4
9793 2
9794 3
9795 9
9796 2
9797 10
9798 2
9799 12
9800 4
9801 13
9802 1
9803 2
9804 7
9805 7
9806 0
9807 7
9808 0
9809 3
9810 15
9811 6
9812 8
9813 0
9814 4
9815 0
9816 3
9817 0
9818 2
9819 2
9820 4
9821 0
9822 1
9823 2
9824 0
9825 4
9826 4
9827 3
9828 2
9829 2
9830 5
9831 2
9832 16
9833 0
9834 8
9835 11
9836 1
9837 2
9838 0
9839 1
9840 3
9841 1
9842 3
9843 3
9844 0
9845 3
9846 5
9847 1
9848 7
9849 4
9850 14
9851 4
9852 2
9853 2
9854 0
9855 7
9856 0
9857 2
9858 17
9859 4
9860 0
9861 3
9862 0
9863 4
9864 2
9865 4
9866 16
9867 20
9868 18
9869 0
9870 15
9871 6
9872 13
9873 5
9874 14
9875 2
9876 16
9877 1
9878 0
9879 1
9880 0
9881 2
9882 4
9883 12
9884 4
9885 5
9886 3
9887 4
9888 0
9889 21
9890 1
9891 16
9892 0
9893 1
9894 4
9895 1
9896 18
9897 5
9898 11
9899 5
9900 3
9901 1
9902 2
9903 3
9904 16
9905 2
9906 0
9907 4
9908 1
9909 2
9910 3
9911 2
9912 17
9913 3
9914 2
9915 3
9916 21
9917 1
9918 4
9919 3
9920 1
9921 3
9922 8
9923 13
9924 1
9925 20
9926 1
9927 1
9928 8
9929 2
9930 1
9931 23
9932 0
9933 2
9934 1
9935 0
9936 14
9937 1
9938 0
9939 0
9940 20
9941 14
9942 1
9943 17
9944 3
9945 1
9946 2
9947 1
9948 4
9949 4
9950 22
9951 21
9952 13
9953 0
9954 16
9955 1
9956 20
9957 0
9958 1
9959 10
9960 3
9961 8
9962 0
9963 2
9964 10
9965 3
9966 13
9967 0
9968 17
9969 11
9970 2
9971 12
9972 0
9973 1
9974 1
9975 2
9976 1
9977 16
9978 0
9979 0
9980 4
9981 0
9982 14
9983 8
9984 4
9985 2
9986 2
9987 2
9988 2
9989 11
9990 12
9991 2
9992 2
9993 1
9994 2
9995 11
9996 3
9997 0
9998 9
9999 2
