0 3
1 6
2 13
3 15
4 1
5 1
6 19
7 11
8 0
9 5
10 14
11 22
12 1
13 3
14 12
15 3
16 3
17 11
18 0
19 1
20 1
21 18
22 22
23 11
24 5
25 19
26 4
27 0
28 12
29 13
30 1
31 3
32 17
33 10
34 12
35 0
36 14
37 2
38 3
39 4
40 2
41 20
42 1
43 7
44 12
45 23
46 15
47 3
48 13
49 17
50 3
51 2
52 13
53 3
54 4
55 5
56 10
57 2
58 4
59 3
60 11
61 0
62 7
63 10
64 17
65 1
66 0
67 9
68 23
69 5
70 10
71 20
72 6
73 20
74 1
75 9
76 9
77 6
78 10
79 14
80 1
81 1
82 15
83 6
84 15
85 1
86 9
87 13
88 9
89 16
90 4
91 9
92 0
93 3
94 2
95 0
96 3
97 1
98 2
99 1
100 8
101 18
102 1
103 0
104 15
105 3
106 1
107 16
108 22
109 3
110 3
111 10
112 2
113 14
114 6
115 10
116 0
117 3
118 15
119 9
120 9
121 16
122 16
123 1
124 0
125 9
126 7
127 3
128 6
129 21
130 18
131 6
132 2
133 2
134 19
135 1
136 11
137 19
138 3
139 2
140 5
141 6
142 9
143 0
144 11
145 11
146 15
147 15
148 0
149 19
150 3
151 15
152 3
153 2
154 3
155 1
156 7
157 13
158 3
159 20
160 14
161 4
162 3
163 5
164 19
165 4
166 12
167 0
168 11
169 0
170 23
171 1
172 0
173 2
174 1
175 9
176 15
177 3
178 1
179 1
180 5
181 3
182 0
183 3
184 20
185 7
186 0
187 12
188 3
189 3
190 1
191 1
192 7
193 19
194 17
195 11
196 1
197 19
198 3
199 7
200 7
201 0
202 9
203 11
204 2
205 3
206 1
207 9
208 1
209 4
210 1
211 1
212 2
213 15
214 3
215 13
216 16
217 3
218 0
219 6
220 6
221 1
222 1
223 3
224 1
225 3
226 22
227 11
228 3
229 3
230 2
231 21
232 16
233 17
234 0
235 7
236 9
237 6
238 0
239 7
240 0
241 1
242 2
243 12
244 19
245 2
246 7
247 16
248 10
249 4
250 4
251 2
252 21
253 19
254 11
255 2
256 3
257 3
258 3
259 0
260 12
261 2
262 0
263 19
264 10
265 6
266 0
267 23
268 16
269 19
270 16
271 12
272 11
273 11
274 23
275 3
276 16
277 2
278 15
279 1
280 20
281 1
282 0
283 17
284 18
285 3
286 21
287 1
288 2
289 2
290 4
291 1
292 3
293 6
294 16
295 3
296 6
297 3
298 2
299 15
300 22
301 3
302 17
303 10
304 3
305 18
306 2
307 2
308 15
309 17
310 5
311 10
312 21
313 6
314 17
315 3
316 1
317 21
318 1
319 1
320 15
321 6
322 15
323 18
324 7
325 0
326 10
327 18
328 2
329 13
330 15
331 15
332 1
333 1
334 5
335 9
336 1
337 4
338 23
339 20
340 10
341 1
342 2
343 10
344 6
345 19
346 0
347 10
348 1
349 1
350 19
351 3
352 10
353 5
354 2
355 4
356 1
357 16
358 20
359 0
360 1
361 5
362 20
363 9
364 1
365 3
366 5
367 6
368 5
369 7
370 0
371 11
372 5
373 3
374 15
375 7
376 3
377 6
378 3
379 21
380 10
381 2
382 7
383 4
384 4
385 4
386 1
387 2
388 2
389 2
390 1
391 10
392 3
393 3
394 15
395 15
396 3
397 20
398 17
399 16
400 3
401 15
402 0
403 7
404 9
405 0
406 0
407 3
408 17
409 16
410 20
411 8
412 4
413 7
414 5
415 4
416 1
417 5
418 1
419 7
420 1
421 6
422 4
423 4
424 2
425 0
426 23
427 23
428 2
429 1
430 21
431 9
432 9
433 5
434 0
435 0
436 1
437 0
438 3
439 0
440 20
441 0
442 19
443 3
444 0
445 22
446 23
447 12
448 9
449 10
450 23
451 11
452 2
453 5
454 9
455 2
456 1
457 5
458 1
459 4
460 0
461 2
462 9
463 1
464 3
465 20
466 11
467 14
468 0
469 0
470 8
471 13
472 1
473 1
474 0
475 1
476 14
477 7
478 4
479 19
480 3
481 2
482 2
483 3
484 0
485 20
486 8
487 13
488 9
489 18
490 0
491 2
492 7
493 2
494 0
495 11
496 0
497 20
498 0
499 9
500 22
501 13
502 0
503 4
504 15
505 9
506 4
507 7
508 3
509 20
510 0
511 0
512 12
513 4
514 6
515 4
516 9
517 7
518 0
519 5
520 4
521 6
522 2
523 5
524 0
525 3
526 10
527 2
528 3
529 2
530 23
531 0
532 9
533 1
534 14
535 20
536 18
537 7
538 0
539 0
540 15
541 22
542 13
543 4
544 1
545 21
546 13
547 4
548 15
549 6
550 7
551 13
552 23
553 3
554 11
555 3
556 13
557 4
558 14
559 1
560 1
561 12
562 19
563 16
564 11
565 1
566 4
567 20
568 1
569 4
570 13
571 0
572 4
573 5
574 3
575 0
576 2
577 3
578 3
579 10
580 15
581 10
582 21
583 10
584 0
585 23
586 3
587 4
588 3
589 3
590 0
591 2
592 1
593 1
594 1
595 22
596 5
597 13
598 6
599 5
600 7
601 1
602 20
603 22
604 7
605 13
606 9
607 21
608 0
609 3
610 13
611 0
612 4
613 3
614 0
615 2
616 16
617 9
618 11
619 0
620 15
621 5
622 0
623 5
624 5
625 0
626 14
627 5
628 1
629 2
630 19
631 3
632 5
633 18
634 20
635 17
636 4
637 11
638 4
639 15
640 2
641 17
642 5
643 19
644 3
645 12
646 5
647 0
648 2
649 22
650 0
651 7
652 16
653 5
654 3
655 18
656 20
657 2
658 0
659 2
660 1
661 8
662 20
663 4
664 2
665 4
666 3
667 13
668 14
669 13
670 7
671 2
672 0
673 1
674 3
675 0
676 5
677 2
678 1
679 15
680 0
681 5
682 3
683 6
684 0
685 20
686 17
687 3
688 3
689 0
690 15
691 3
692 4
693 12
694 0
695 15
696 21
697 9
698 21
699 4
700 22
701 7
702 1
703 1
704 4
705 1
706 18
707 17
708 0
709 2
710 5
711 19
712 3
713 1
714 3
715 0
716 5
717 7
718 17
719 0
720 0
721 2
722 1
723 16
724 5
725 2
726 3
727 7
728 16
729 0
730 21
731 0
732 5
733 3
734 17
735 3
736 0
737 1
738 2
739 15
740 0
741 5
742 19
743 6
744 8
745 3
746 1
747 3
748 3
749 3
750 15
751 22
752 1
753 5
754 5
755 5
756 1
757 23
758 2
759 8
760 23
761 0
762 13
763 16
764 2
765 2
766 18
767 1
768 15
769 9
770 8
771 0
772 7
773 11
774 17
775 0
776 1
777 2
778 8
779 10
780 3
781 10
782 3
783 8
784 1
785 1
786 0
787 0
788 1
789 6
790 1
791 3
792 2
793 1
794 1
795 5
796 5
797 16
798 1
799 4
800 1
801 3
802 4
803 16
804 1
805 7
806 8
807 1
808 6
809 0
810 2
811 8
812 1
813 9
814 2
815 6
816 1
817 2
818 0
819 5
820 10
821 10
822 1
823 0
824 20
825 1
826 1
827 15
828 9
829 7
830 4
831 0
832 20
833 3
834 1
835 19
836 10
837 15
838 7
839 11
840 0
841 3
842 7
843 0
844 8
845 0
846 0
847 0
848 2
849 5
850 0
851 14
852 8
853 2
854 22
855 5
856 2
857 6
858 2
859 4
860 5
861 2
862 2
863 4
864 5
865 13
866 11
867 7
868 20
869 8
870 16
871 12
872 5
873 5
874 0
875 3
876 15
877 6
878 6
879 3
880 16
881 1
882 10
883 4
884 3
885 0
886 13
887 7
888 2
889 5
890 0
891 0
892 0
893 8
894 13
895 1
896 9
897 22
898 2
899 2
900 7
901 0
902 11
903 1
904 1
905 0
906 21
907 0
908 8
909 2
910 18
911 2
912 11
913 3
914 0
915 2
916 16
917 3
918 1
919 20
920 0
921 1
922 17
923 6
924 2
925 9
926 3
927 7
928 0
929 10
930 0
931 0
932 3
933 3
934 8
935 0
936 18
937 5
938 3
939 0
940 19
941 5
942 20
943 5
944 4
945 3
946 18
947 1
948 5
949 6
950 19
951 20
952 10
953 3
954 2
955 5
956 14
957 9
958 15
959 11
960 14
961 4
962 12
963 16
964 6
965 8
966 11
967 3
968 13
969 9
970 1
971 3
972 1
973 14
974 2
975 4
976 4
977 5
978 1
979 18
980 4
981 3
982 4
983 2
984 13
985 10
986 1
987 1
988 1
989 2
990 2
991 18
992 16
993 1
994 7
995 4
996 8
997 0
998 1
999 2
1000 3
1001 21
1002 7
1003 1
1004 2
1005 16
1006 0
1007 8
1008 17
1009 0
1010 2
1011 21
1012 10
1013 14
1014 6
1015 11
1016 12
1017 18
1018 11
1019 6
1020 7
1021 3
1022 2
1023 1
1024 23
1025 6
1026 2
1027 13
1028 3
1029 1
1030 17
1031 3
1032 20
1033 0
1034 2
1035 6
1036 0
1037 23
1038 0
1039 4
1040 8
1041 16
1042 15
1043 5
1044 19
1045 1
1046 3
1047 2
1048 15
1049 3
1050 4
1051 3
1052 2
1053 8
1054 22
1055 7
1056 19
1057 4
1058 0
1059 7
1060 6
1061 6
1062 0
1063 2
1064 8
1065 14
1066 0
1067 1
1068 3
1069 9
1070 2
1071 13
1072 4
1073 9
1074 2
1075 0
1076 5
1077 18
1078 21
1079 11
1080 9
1081 2
1082 10
1083 0
1084 11
1085 3
1086 1
1087 9
1088 5
1089 0
1090 8
1091 21
1092 10
1093 9
1094 3
1095 1
1096 23
1097 17
1098 4
1099 7
1100 4
1101 13
1102 14
1103 18
1104 3
1105 22
1106 5
1107 3
1108 16
1109 0
1110 2
1111 12
1112 13
1113 3
1114 2
1115 0
1116 1
1117 6
1118 6
1119 17
1120 3
1121 3
1122 0
1123 3
1124 7
1125 1
1126 14
1127 15
1128 13
1129 16
1130 2
1131 14
1132 2
1133 2
1134 11
1135 2
1136 12
1137 18
1138 1
1139 2
1140 2
1141 3
1142 0
1143 10
1144 17
1145 1
1146 22
1147 6
1148 5
1149 10
1150 6
1151 3
1152 3
1153 11
1154 21
1155 16
1156 10
1157 21
1158 6
1159 3
1160 18
1161 1
1162 7
1163 16
1164 18
1165 2
1166 4
1167 10
1168 2
1169 0
1170 3
1171 0
1172 4
1173 2
1174 21
1175 4
1176 0
1177 3
1178 0
1179 14
1180 3
1181 0
1182 3
1183 16
1184 11
1185 1
1186 14
1187 5
1188 15
1189 2
1190 2
1191 2
1192 3
1193 0
1194 20
1195 3
1196 10
1197 18
1198 2
1199 0
1200 5
1201 0
1202 0
1203 9
1204 21
1205 3
1206 2
1207 3
1208 1
1209 1
1210 0
1211 9
1212 1
1213 17
1214 3
1215 14
1216 3
1217 2
1218 12
1219 11
1220 3
1221 12
1222 5
1223 1
1224 3
1225 20
1226 2
1227 3
1228 0
1229 2
1230 11
1231 10
1232 5
1233 1
1234 13
1235 3
1236 1
1237 0
1238 6
1239 1
1240 1
1241 13
1242 15
1243 18
1244 13
1245 1
1246 2
1247 12
1248 14
1249 1
1250 0
1251 2
1252 1
1253 1
1254 3
1255 5
1256 0
1257 23
1258 11
1259 4
1260 11
1261 0
1262 0
1263 2
1264 2
1265 14
1266 1
1267 2
1268 0
1269 3
1270 3
1271 2
1272 12
1273 2
1274 1
1275 2
1276 14
1277 0
1278 1
1279 18
1280 6
1281 18
1282 5
1283 6
1284 0
1285 3
1286 4
1287 20
1288 4
1289 3
1290 2
1291 5
1292 11
1293 21
1294 0
1295 18
1296 5
1297 21
1298 1
1299 4
1300 2
1301 0
1302 20
1303 0
1304 19
1305 1
1306 3
1307 10
1308 1
1309 11
1310 8
1311 0
1312 2
1313 1
1314 16
1315 11
1316 14
1317 1
1318 5
1319 3
1320 6
1321 2
1322 1
1323 7
1324 3
1325 0
1326 15
1327 12
1328 3
1329 1
1330 3
1331 6
1332 6
1333 15
1334 2
1335 2
1336 18
1337 2
1338 6
1339 8
1340 5
1341 1
1342 21
1343 3
1344 9
1345 2
1346 2
1347 1
1348 3
1349 1
1350 2
1351 10
1352 1
1353 2
1354 3
1355 3
1356 0
1357 12
1358 6
1359 13
1360 6
1361 3
1362 21
1363 3
1364 19
1365 5
1366 15
1367 13
1368 5
1369 1
1370 6
1371 5
1372 4
1373 0
1374 1
1375 1
1376 4
1377 1
1378 22
1379 20
1380 0
1381 2
1382 0
1383 18
1384 16
1385 4
1386 4
1387 12
1388 9
1389 0
1390 2
1391 2
1392 6
1393 2
1394 6
1395 1
1396 4
1397 3
1398 2
1399 0
1400 10
1401 1
1402 13
1403 13
1404 4
1405 18
1406 2
1407 2
1408 3
1409 10
1410 2
1411 1
1412 0
1413 7
1414 0
1415 2
1416 20
1417 2
1418 10
1419 2
1420 7
1421 0
1422 0
1423 1
1424 23
1425 2
1426 0
1427 3
1428 1
1429 3
1430 2
1431 5
1432 7
1433 5
1434 1
1435 12
1436 9
1437 4
1438 5
1439 21
1440 11
1441 21
1442 21
1443 1
1444 4
1445 13
1446 10
1447 1
1448 11
1449 15
1450 3
1451 9
1452 12
1453 1
1454 4
1455 12
1456 5
1457 5
1458 1
1459 8
1460 2
1461 3
1462 13
1463 7
1464 4
1465 7
1466 3
1467 0
1468 3
1469 0
1470 0
1471 6
1472 9
1473 2
1474 9
1475 1
1476 5
1477 15
1478 12
1479 9
1480 4
1481 5
1482 23
1483 4
1484 3
1485 1
1486 20
1487 5
1488 2
1489 0
1490 7
1491 2
1492 10
1493 0
1494 7
1495 23
1496 3
1497 5
1498 2
1499 4
1500 0
1501 3
1502 6
1503 0
1504 2
1505 4
1506 5
1507 1
1508 1
1509 17
1510 14
1511 18
1512 1
1513 0
1514 8
1515 12
1516 2
1517 2
1518 2
1519 5
1520 14
1521 0
1522 18
1523 5
1524 10
1525 7
1526 17
1527 1
1528 2
1529 20
1530 13
1531 1
1532 13
1533 15
1534 5
1535 7
1536 8
1537 2
1538 2
1539 4
1540 19
1541 3
1542 6
1543 17
1544 9
1545 17
1546 5
1547 8
1548 1
1549 1
1550 2
1551 3
1552 0
1553 19
1554 3
1555 9
1556 6
1557 14
1558 15
1559 11
1560 9
1561 0
1562 7
1563 10
1564 18
1565 3
1566 11
1567 7
1568 2
1569 3
1570 1
1571 10
1572 3
1573 9
1574 2
1575 7
1576 1
1577 10
1578 21
1579 3
1580 1
1581 11
1582 10
1583 0
1584 3
1585 2
1586 4
1587 18
1588 6
1589 7
1590 2
1591 4
1592 0
1593 11
1594 12
1595 4
1596 13
1597 0
1598 3
1599 2
1600 22
1601 6
1602 2
1603 3
1604 13
1605 20
1606 0
1607 16
1608 12
1609 7
1610 10
1611 3
1612 22
1613 4
1614 3
1615 3
1616 0
1617 7
1618 0
1619 2
1620 3
1621 3
1622 12
1623 2
1624 3
1625 2
1626 2
1627 1
1628 23
1629 11
1630 5
1631 21
1632 4
1633 3
1634 2
1635 8
1636 0
1637 5
1638 0
1639 0
1640 0
1641 14
1642 16
1643 10
1644 2
1645 16
1646 2
1647 4
1648 3
1649 2
1650 9
1651 0
1652 16
1653 16
1654 1
1655 2
1656 2
1657 6
1658 5
1659 2
1660 6
1661 1
1662 0
1663 0
1664 2
1665 0
1666 2
1667 10
1668 5
1669 16
1670 7
1671 5
1672 16
1673 4
1674 0
1675 14
1676 7
1677 2
1678 1
1679 2
1680 10
1681 1
1682 1
1683 11
1684 0
1685 3
1686 0
1687 0
1688 2
1689 19
1690 6
1691 1
1692 8
1693 18
1694 17
1695 21
1696 2
1697 1
1698 8
1699 0
1700 2
1701 1
1702 10
1703 11
1704 0
1705 14
1706 1
1707 4
1708 2
1709 2
1710 5
1711 4
1712 23
1713 23
1714 5
1715 2
1716 0
1717 17
1718 11
1719 1
1720 12
1721 5
1722 20
1723 3
1724 18
1725 16
1726 17
1727 3
1728 4
1729 0
1730 2
1731 4
1732 0
1733 2
1734 2
1735 23
1736 12
1737 15
1738 23
1739 3
1740 3
1741 0
1742 1
1743 13
1744 2
1745 8
1746 1
1747 13
1748 14
1749 2
1750 8
1751 4
1752 10
1753 15
1754 3
1755 1
1756 1
1757 0
1758 3
1759 0
1760 0
1761 16
1762 1
1763 0
1764 0
1765 3
1766 3
1767 2
1768 3
1769 13
1770 7
1771 2
1772 5
1773 10
1774 1
1775 1
1776 2
1777 5
1778 3
1779 2
1780 3
1781 0
1782 8
1783 3
1784 0
1785 15
1786 8
1787 2
1788 2
1789 9
1790 5
1791 4
1792 0
1793 20
1794 1
1795 1
1796 21
1797 7
1798 2
1799 11
1800 1
1801 2
1802 16
1803 5
1804 23
1805 3
1806 0
1807 13
1808 1
1809 2
1810 12
1811 1
1812 1
1813 23
1814 0
1815 7
1816 2
1817 22
1818 23
1819 3
1820 14
1821 23
1822 3
1823 1
1824 6
1825 4
1826 2
1827 13
1828 3
1829 17
1830 1
1831 16
1832 20
1833 10
1834 1
1835 4
1836 1
1837 9
1838 20
1839 5
1840 13
1841 0
1842 13
1843 18
1844 6
1845 6
1846 21
1847 3
1848 2
1849 3
1850 12
1851 5
1852 4
1853 4
1854 11
1855 1
1856 4
1857 2
1858 1
1859 4
1860 1
1861 14
1862 5
1863 6
1864 6
1865 3
1866 2
1867 8
1868 2
1869 21
1870 13
1871 0
1872 18
1873 1
1874 14
1875 3
1876 4
1877 3
1878 1
1879 13
1880 2
1881 1
1882 1
1883 0
1884 1
1885 0
1886 7
1887 0
1888 3
1889 5
1890 10
1891 1
1892 0
1893 2
1894 9
1895 15
1896 3
1897 1
1898 4
1899 11
1900 4
1901 1
1902 0
1903 19
1904 11
1905 3
1906 3
1907 6
1908 12
1909 4
1910 13
1911 1
1912 2
1913 0
1914 2
1915 2
1916 3
1917 4
1918 20
1919 15
1920 3
1921 1
1922 0
1923 20
1924 2
1925 17
1926 1
1927 15
1928 3
1929 0
1930 0
1931 4
1932 20
1933 18
1934 0
1935 13
1936 6
1937 2
1938 0
1939 2
1940 3
1941 8
1942 8
1943 4
1944 5
1945 7
1946 6
1947 0
1948 3
1949 8
1950 12
1951 8
1952 1
1953 4
1954 1
1955 4
1956 1
1957 2
1958 20
1959 3
1960 23
1961 0
1962 13
1963 4
1964 9
1965 1
1966 1
1967 1
1968 0
1969 1
1970 20
1971 2
1972 0
1973 0
1974 4
1975 5
1976 2
1977 0
1978 7
1979 8
1980 2
1981 1
1982 2
1983 5
1984 3
1985 0
1986 14
1987 0
1988 4
1989 3
1990 9
1991 1
1992 1
1993 13
1994 4
1995 1
1996 0
1997 15
1998 3
1999 2
2000 0
2001 1
2002 0
2003 2
2004 13
2005 8
2006 2
2007 22
2008 3
2009 4
2010 5
2011 5
2012 4
2013 1
2014 2
2015 1
2016 7
2017 3
2018 5
2019 2
2020 1
2021 10
2022 20
2023 1
2024 12
2025 1
2026 1
2027 3
2028 1
2029 7
2030 3
2031 1
2032 8
2033 0
2034 8
2035 4
2036 0
2037 3
2038 2
2039 0
2040 3
2041 0
2042 3
2043 20
2044 13
2045 11
2046 0
2047 5
2048 3
2049 1
2050 5
2051 0
2052 1
2053 8
2054 8
2055 5
2056 19
2057 7
2058 3
2059 17
2060 14
2061 1
2062 1
2063 13
2064 18
2065 1
2066 11
2067 3
2068 3
2069 13
2070 6
2071 9
2072 10
2073 3
2074 1
2075 15
2076 19
2077 3
2078 4
2079 3
2080 4
2081 3
2082 5
2083 1
2084 11
2085 4
2086 2
2087 19
2088 14
2089 2
2090 21
2091 0
2092 23
2093 2
2094 12
2095 3
2096 14
2097 1
2098 20
2099 3
2100 3
2101 15
2102 3
2103 3
2104 2
2105 0
2106 0
2107 17
2108 3
2109 1
2110 3
2111 7
2112 3
2113 0
2114 0
2115 3
2116 21
2117 3
2118 9
2119 2
2120 10
2121 2
2122 7
2123 4
2124 0
2125 23
2126 6
2127 2
2128 1
2129 6
2130 3
2131 7
2132 2
2133 1
2134 4
2135 8
2136 0
2137 21
2138 16
2139 3
2140 3
2141 20
2142 21
2143 1
2144 2
2145 12
2146 9
2147 6
2148 0
2149 2
2150 5
2151 14
2152 22
2153 3
2154 16
2155 4
2156 5
2157 2
2158 9
2159 5
2160 2
2161 1
2162 2
2163 14
2164 4
2165 5
2166 0
2167 9
2168 2
2169 0
2170 9
2171 6
2172 19
2173 3
2174 2
2175 4
2176 1
2177 15
2178 0
2179 10
2180 19
2181 8
2182 2
2183 23
2184 5
2185 4
2186 1
2187 8
2188 5
2189 19
2190 2
2191 4
2192 16
2193 12
2194 2
2195 13
2196 16
2197 9
2198 0
2199 0
2200 10
2201 4
2202 15
2203 20
2204 15
2205 0
2206 3
2207 3
2208 11
2209 0
2210 0
2211 0
2212 23
2213 11
2214 2
2215 0
2216 3
2217 0
2218 1
2219 9
2220 17
2221 0
2222 7
2223 1
2224 14
2225 0
2226 5
2227 4
2228 4
2229 14
2230 2
2231 2
2232 19
2233 8
2234 19
2235 7
2236 22
2237 1
2238 0
2239 2
2240 10
2241 0
2242 19
2243 3
2244 1
2245 17
2246 11
2247 1
2248 10
2249 7
2250 10
2251 1
2252 23
2253 2
2254 10
2255 16
2256 3
2257 3
2258 15
2259 22
2260 4
2261 19
2262 2
2263 8
2264 7
2265 3
2266 1
2267 10
2268 2
2269 2
2270 16
2271 3
2272 6
2273 3
2274 3
2275 17
2276 3
2277 2
2278 0
2279 2
2280 6
2281 11
2282 5
2283 20
2284 3
2285 2
2286 12
2287 1
2288 10
2289 15
2290 21
2291 2
2292 0
2293 0
2294 2
2295 4
2296 5
2297 18
2298 0
2299 22
2300 21
2301 2
2302 0
2303 5
2304 10
2305 1
2306 11
2307 3
2308 0
2309 0
2310 15
2311 22
2312 17
2313 2
2314 0
2315 21
2316 2
2317 1
2318 2
2319 3
2320 22
2321 2
2322 0
2323 4
2324 6
2325 5
2326 1
2327 12
2328 15
2329 19
2330 16
2331 5
2332 3
2333 0
2334 1
2335 1
2336 5
2337 4
2338 2
2339 3
2340 2
2341 1
2342 4
2343 22
2344 0
2345 1
2346 17
2347 12
2348 7
2349 5
2350 0
2351 3
2352 1
2353 18
2354 3
2355 2
2356 0
2357 4
2358 12
2359 14
2360 20
2361 2
2362 14
2363 7
2364 14
2365 3
2366 9
2367 15
2368 1
2369 2
2370 18
2371 15
2372 13
2373 5
2374 7
2375 5
2376 2
2377 3
2378 6
2379 1
2380 7
2381 4
2382 20
2383 19
2384 16
2385 21
2386 2
2387 16
2388 22
2389 3
2390 1
2391 1
2392 3
2393 21
2394 1
2395 0
2396 3
2397 3
2398 1
2399 3
2400 13
2401 1
2402 0
2403 13
2404 17
2405 2
2406 5
2407 17
2408 0
2409 8
2410 3
2411 0
2412 15
2413 22
2414 2
2415 5
2416 2
2417 0
2418 2
2419 9
2420 4
2421 15
2422 3
2423 22
2424 2
2425 5
2426 21
2427 2
2428 12
2429 4
2430 0
2431 15
2432 0
2433 7
2434 14
2435 2
2436 1
2437 11
2438 11
2439 3
2440 6
2441 5
2442 3
2443 2
2444 3
2445 19
2446 11
2447 5
2448 0
2449 2
2450 4
2451 4
2452 6
2453 1
2454 20
2455 1
2456 18
2457 5
2458 3
2459 4
2460 15
2461 12
2462 2
2463 2
2464 21
2465 1
2466 0
2467 14
2468 19
2469 3
2470 6
2471 0
2472 4
2473 1
2474 2
2475 14
2476 3
2477 3
2478 5
2479 0
2480 10
2481 0
2482 2
2483 14
2484 0
2485 19
2486 0
2487 7
2488 1
2489 2
2490 3
2491 5
2492 3
2493 9
2494 2
2495 1
2496 6
2497 8
2498 3
2499 9
2500 2
2501 0
2502 0
2503 10
2504 2
2505 0
2506 4
2507 19
2508 1
2509 1
2510 14
2511 7
2512 0
2513 7
2514 1
2515 17
2516 22
2517 1
2518 17
2519 4
2520 1
2521 1
2522 0
2523 20
2524 2
2525 0
2526 17
2527 23
2528 5
2529 1
2530 3
2531 3
2532 13
2533 12
2534 4
2535 19
2536 5
2537 0
2538 21
2539 6
2540 13
2541 1
2542 12
2543 2
2544 17
2545 2
2546 1
2547 4
2548 7
2549 2
2550 1
2551 0
2552 4
2553 2
2554 1
2555 3
2556 6
2557 3
2558 1
2559 2
2560 17
2561 19
2562 3
2563 1
2564 4
2565 21
2566 14
2567 3
2568 2
2569 2
2570 2
2571 6
2572 0
2573 1
2574 18
2575 9
2576 15
2577 0
2578 3
2579 12
2580 2
2581 10
2582 13
2583 8
2584 5
2585 1
2586 8
2587 3
2588 17
2589 4
2590 11
2591 14
2592 21
2593 2
2594 2
2595 9
2596 2
2597 14
2598 2
2599 1
2600 0
2601 1
2602 5
2603 19
2604 11
2605 3
2606 3
2607 2
2608 1
2609 0
2610 1
2611 3
2612 21
2613 0
2614 1
2615 8
2616 11
2617 7
2618 0
2619 1
2620 4
2621 18
2622 5
2623 9
2624 1
2625 3
2626 6
2627 1
2628 10
2629 1
2630 3
2631 0
2632 21
2633 2
2634 3
2635 1
2636 22
2637 0
2638 0
2639 3
2640 4
2641 15
2642 13
2643 0
2644 2
2645 18
2646 17
2647 16
2648 0
2649 2
2650 18
2651 1
2652 13
2653 2
2654 6
2655 7
2656 4
2657 9
2658 1
2659 19
2660 2
2661 4
2662 6
2663 1
2664 4
2665 1
2666 1
2667 11
2668 2
2669 19
2670 3
2671 3
2672 6
2673 6
2674 12
2675 1
2676 4
2677 16
2678 21
2679 16
2680 5
2681 2
2682 3
2683 2
2684 1
2685 0
2686 13
2687 16
2688 6
2689 9
2690 5
2691 3
2692 9
2693 3
2694 21
2695 0
2696 3
2697 4
2698 4
2699 9
2700 2
2701 0
2702 1
2703 18
2704 1
2705 12
2706 1
2707 4
2708 11
2709 2
2710 3
2711 17
2712 0
2713 8
2714 1
2715 5
2716 2
2717 15
2718 1
2719 1
2720 9
2721 10
2722 17
2723 1
2724 15
2725 2
2726 9
2727 2
2728 2
2729 23
2730 1
2731 2
2732 1
2733 7
2734 5
2735 1
2736 10
2737 0
2738 3
2739 19
2740 5
2741 1
2742 2
2743 4
2744 12
2745 5
2746 7
2747 1
2748 0
2749 5
2750 6
2751 21
2752 1
2753 3
2754 1
2755 16
2756 1
2757 2
2758 7
2759 0
2760 2
2761 4
2762 0
2763 2
2764 0
2765 12
2766 17
2767 1
2768 2
2769 3
2770 3
2771 2
2772 1
2773 7
2774 1
2775 10
2776 12
2777 0
2778 3
2779 4
2780 2
2781 18
2782 8
2783 2
2784 7
2785 8
2786 17
2787 13
2788 5
2789 11
2790 8
2791 0
2792 8
2793 6
2794 1
2795 4
2796 1
2797 0
2798 0
2799 14
2800 8
2801 4
2802 5
2803 2
2804 23
2805 4
2806 18
2807 3
2808 3
2809 1
2810 0
2811 8
2812 3
2813 1
2814 1
2815 0
2816 4
2817 13
2818 2
2819 1
2820 6
2821 0
2822 4
2823 4
2824 22
2825 21
2826 2
2827 22
2828 16
2829 3
2830 8
2831 4
2832 12
2833 5
2834 3
2835 4
2836 16
2837 2
2838 4
2839 7
2840 0
2841 14
2842 22
2843 20
2844 22
2845 3
2846 15
2847 4
2848 0
2849 7
2850 5
2851 3
2852 5
2853 2
2854 2
2855 1
2856 8
2857 8
2858 7
2859 18
2860 1
2861 20
2862 18
2863 0
2864 7
2865 1
2866 1
2867 11
2868 1
2869 1
2870 1
2871 2
2872 4
2873 17
2874 1
2875 7
2876 3
2877 10
2878 2
2879 2
2880 7
2881 2
2882 3
2883 0
2884 1
2885 4
2886 0
2887 3
2888 8
2889 1
2890 1
2891 22
2892 7
2893 6
2894 12
2895 3
2896 2
2897 15
2898 8
2899 5
2900 7
2901 7
2902 6
2903 0
2904 7
2905 17
2906 10
2907 2
2908 1
2909 2
2910 0
2911 2
2912 4
2913 1
2914 0
2915 21
2916 0
2917 1
2918 2
2919 3
2920 4
2921 2
2922 1
2923 1
2924 2
2925 5
2926 3
2927 2
2928 5
2929 21
2930 1
2931 1
2932 17
2933 2
2934 2
2935 4
2936 3
2937 14
2938 5
2939 22
2940 4
2941 1
2942 3
2943 2
2944 1
2945 1
2946 3
2947 0
2948 4
2949 7
2950 0
2951 3
2952 10
2953 0
2954 23
2955 3
2956 7
2957 5
2958 20
2959 8
2960 17
2961 22
2962 5
2963 16
2964 17
2965 1
2966 6
2967 15
2968 0
2969 1
2970 2
2971 8
2972 17
2973 1
2974 5
2975 4
2976 12
2977 6
2978 4
2979 0
2980 3
2981 9
2982 1
2983 3
2984 2
2985 3
2986 16
2987 1
2988 10
2989 15
2990 0
2991 3
2992 6
2993 22
2994 17
2995 1
2996 5
2997 2
2998 19
2999 5
3000 0
3001 2
3002 0
3003 7
3004 23
3005 2
3006 3
3007 2
3008 23
3009 7
3010 1
3011 13
3012 21
3013 5
3014 4
3015 2
3016 1
3017 19
3018 12
3019 11
3020 0
3021 20
3022 3
3023 3
3024 18
3025 1
3026 7
3027 3
3028 0
3029 2
3030 2
3031 16
3032 21
3033 13
3034 2
3035 17
3036 19
3037 2
3038 2
3039 0
3040 17
3041 17
3042 20
3043 1
3044 0
3045 9
3046 11
3047 22
3048 0
3049 7
3050 1
3051 9
3052 2
3053 9
3054 20
3055 2
3056 0
3057 20
3058 0
3059 4
3060 15
3061 2
3062 0
3063 0
3064 0
3065 0
3066 3
3067 10
3068 3
3069 2
3070 6
3071 0
3072 9
3073 8
3074 5
3075 9
3076 1
3077 17
3078 21
3079 9
3080 0
3081 3
3082 5
3083 23
3084 2
3085 23
3086 3
3087 3
3088 21
3089 4
3090 1
3091 13
3092 2
3093 0
3094 1
3095 0
3096 5
3097 11
3098 3
3099 3
3100 0
3101 0
3102 19
3103 2
3104 11
3105 0
3106 3
3107 0
3108 0
3109 20
3110 2
3111 3
3112 9
3113 1
3114 3
3115 10
3116 3
3117 2
3118 6
3119 2
3120 0
3121 12
3122 3
3123 20
3124 20
3125 2
3126 6
3127 1
3128 23
3129 1
3130 12
3131 3
3132 2
3133 5
3134 0
3135 2
3136 16
3137 1
3138 0
3139 13
3140 0
3141 2
3142 0
3143 4
3144 4
3145 1
3146 4
3147 4
3148 7
3149 7
3150 9
3151 3
3152 6
3153 14
3154 6
3155 5
3156 2
3157 4
3158 2
3159 3
3160 0
3161 5
3162 2
3163 0
3164 1
3165 4
3166 0
3167 17
3168 11
3169 1
3170 0
3171 22
3172 5
3173 3
3174 3
3175 17
3176 4
3177 5
3178 7
3179 3
3180 18
3181 7
3182 4
3183 3
3184 5
3185 2
3186 2
3187 8
3188 21
3189 0
3190 3
3191 16
3192 0
3193 18
3194 17
3195 1
3196 15
3197 13
3198 0
3199 21
3200 1
3201 1
3202 2
3203 0
3204 0
3205 0
3206 21
3207 9
3208 5
3209 4
3210 1
3211 20
3212 0
3213 4
3214 3
3215 19
3216 1
3217 0
3218 0
3219 21
3220 12
3221 2
3222 12
3223 14
3224 0
3225 0
3226 18
3227 3
3228 5
3229 18
3230 2
3231 9
3232 2
3233 22
3234 22
3235 1
3236 0
3237 14
3238 0
3239 3
3240 5
3241 0
3242 8
3243 17
3244 8
3245 18
3246 21
3247 3
3248 2
3249 4
3250 3
3251 2
3252 1
3253 19
3254 3
3255 3
3256 2
3257 4
3258 3
3259 3
3260 3
3261 2
3262 2
3263 0
3264 2
3265 0
3266 0
3267 4
3268 5
3269 13
3270 3
3271 2
3272 3
3273 0
3274 4
3275 17
3276 1
3277 12
3278 3
3279 1
3280 2
3281 5
3282 0
3283 16
3284 10
3285 3
3286 7
3287 15
3288 0
3289 0
3290 5
3291 5
3292 12
3293 1
3294 22
3295 5
3296 2
3297 1
3298 0
3299 1
3300 0
3301 3
3302 3
3303 6
3304 0
3305 1
3306 12
3307 5
3308 1
3309 0
3310 1
3311 3
3312 19
3313 19
3314 1
3315 3
3316 2
3317 3
3318 3
3319 2
3320 19
3321 1
3322 8
3323 3
3324 5
3325 13
3326 16
3327 9
3328 1
3329 0
3330 11
3331 3
3332 13
3333 13
3334 1
3335 23
3336 2
3337 3
3338 3
3339 13
3340 11
3341 0
3342 8
3343 5
3344 19
3345 6
3346 1
3347 14
3348 1
3349 1
3350 0
3351 2
3352 0
3353 10
3354 3
3355 1
3356 1
3357 5
3358 3
3359 1
3360 15
3361 1
3362 6
3363 5
3364 0
3365 4
3366 18
3367 18
3368 3
3369 1
3370 4
3371 0
3372 5
3373 3
3374 0
3375 0
3376 20
3377 10
3378 16
3379 3
3380 1
3381 3
3382 23
3383 7
3384 10
3385 3
3386 0
3387 7
3388 19
3389 4
3390 3
3391 14
3392 10
3393 14
3394 3
3395 2
3396 1
3397 3
3398 2
3399 2
3400 7
3401 18
3402 4
3403 11
3404 10
3405 12
3406 4
3407 13
3408 5
3409 1
3410 7
3411 15
3412 22
3413 19
3414 3
3415 14
3416 1
3417 6
3418 2
3419 11
3420 0
3421 2
3422 14
3423 0
3424 5
3425 0
3426 1
3427 0
3428 11
3429 10
3430 3
3431 1
3432 13
3433 16
3434 16
3435 14
3436 18
3437 3
3438 10
3439 4
3440 20
3441 3
3442 5
3443 1
3444 12
3445 8
3446 6
3447 9
3448 16
3449 5
3450 5
3451 15
3452 20
3453 4
3454 13
3455 4
3456 1
3457 7
3458 3
3459 0
3460 8
3461 1
3462 7
3463 20
3464 0
3465 3
3466 4
3467 2
3468 1
3469 1
3470 10
3471 2
3472 1
3473 0
3474 1
3475 8
3476 9
3477 7
3478 22
3479 0
3480 0
3481 12
3482 1
3483 4
3484 1
3485 2
3486 4
3487 3
3488 10
3489 2
3490 4
3491 0
3492 0
3493 0
3494 3
3495 1
3496 21
3497 7
3498 1
3499 14
3500 0
3501 0
3502 12
3503 5
3504 17
3505 22
3506 11
3507 23
3508 6
3509 3
3510 7
3511 22
3512 0
3513 0
3514 2
3515 2
3516 7
3517 6
3518 3
3519 1
3520 5
3521 0
3522 2
3523 2
3524 3
3525 3
3526 0
3527 1
3528 5
3529 1
3530 7
3531 0
3532 5
3533 5
3534 15
3535 7
3536 8
3537 19
3538 10
3539 18
3540 2
3541 11
3542 15
3543 4
3544 2
3545 2
3546 4
3547 15
3548 3
3549 0
3550 1
3551 2
3552 3
3553 1
3554 12
3555 7
3556 13
3557 4
3558 7
3559 4
3560 4
3561 2
3562 0
3563 5
3564 13
3565 8
3566 3
3567 0
3568 1
3569 17
3570 2
3571 13
3572 19
3573 4
3574 3
3575 3
3576 2
3577 10
3578 2
3579 18
3580 3
3581 1
3582 9
3583 0
3584 5
3585 9
3586 1
3587 6
3588 1
3589 2
3590 13
3591 0
3592 0
3593 3
3594 20
3595 5
3596 0
3597 10
3598 1
3599 1
3600 16
3601 2
3602 7
3603 3
3604 2
3605 3
3606 3
3607 20
3608 10
3609 18
3610 2
3611 17
3612 12
3613 4
3614 1
3615 10
3616 6
3617 2
3618 5
3619 13
3620 12
3621 0
3622 12
3623 3
3624 4
3625 8
3626 6
3627 1
3628 1
3629 12
3630 0
3631 5
3632 13
3633 18
3634 19
3635 9
3636 3
3637 1
3638 1
3639 10
3640 21
3641 1
3642 1
3643 1
3644 1
3645 14
3646 1
3647 9
3648 0
3649 2
3650 11
3651 2
3652 1
3653 2
3654 3
3655 16
3656 2
3657 9
3658 16
3659 14
3660 17
3661 23
3662 20
3663 0
3664 11
3665 0
3666 20
3667 3
3668 2
3669 18
3670 9
3671 16
3672 0
3673 1
3674 6
3675 12
3676 9
3677 13
3678 2
3679 4
3680 0
3681 20
3682 2
3683 3
3684 2
3685 3
3686 3
3687 2
3688 2
3689 8
3690 16
3691 4
3692 9
3693 1
3694 6
3695 4
3696 0
3697 21
3698 16
3699 0
3700 5
3701 0
3702 3
3703 3
3704 0
3705 23
3706 2
3707 0
3708 1
3709 5
3710 15
3711 1
3712 13
3713 0
3714 6
3715 1
3716 19
3717 1
3718 8
3719 3
3720 0
3721 14
3722 0
3723 2
3724 2
3725 0
3726 19
3727 1
3728 11
3729 13
3730 13
3731 13
3732 3
3733 18
3734 2
3735 2
3736 9
3737 3
3738 1
3739 21
3740 4
3741 0
3742 3
3743 3
3744 4
3745 2
3746 0
3747 2
3748 8
3749 19
3750 5
3751 0
3752 6
3753 23
3754 16
3755 16
3756 2
3757 5
3758 2
3759 3
3760 16
3761 0
3762 0
3763 9
3764 2
3765 11
3766 5
3767 5
3768 14
3769 4
3770 2
3771 6
3772 4
3773 5
3774 4
3775 0
3776 0
3777 17
3778 0
3779 5
3780 7
3781 5
3782 6
3783 2
3784 0
3785 10
3786 7
3787 12
3788 2
3789 0
3790 1
3791 14
3792 7
3793 20
3794 3
3795 4
3796 2
3797 2
3798 3
3799 21
3800 1
3801 4
3802 0
3803 5
3804 20
3805 5
3806 6
3807 2
3808 2
3809 1
3810 5
3811 0
3812 3
3813 2
3814 4
3815 17
3816 6
3817 21
3818 20
3819 15
3820 2
3821 4
3822 3
3823 2
3824 2
3825 0
3826 17
3827 22
3828 4
3829 5
3830 1
3831 2
3832 4
3833 1
3834 4
3835 0
3836 1
3837 12
3838 8
3839 3
3840 0
3841 12
3842 0
3843 17
3844 4
3845 12
3846 3
3847 2
3848 0
3849 1
3850 7
3851 0
3852 2
3853 16
3854 6
3855 21
3856 8
3857 1
3858 3
3859 3
3860 13
3861 20
3862 3
3863 3
3864 11
3865 1
3866 3
3867 6
3868 3
3869 18
3870 8
3871 0
3872 4
3873 0
3874 3
3875 15
3876 2
3877 13
3878 4
3879 0
3880 0
3881 6
3882 13
3883 6
3884 15
3885 5
3886 6
3887 10
3888 11
3889 2
3890 7
3891 0
3892 6
3893 0
3894 12
3895 7
3896 5
3897 17
3898 4
3899 1
3900 3
3901 2
3902 4
3903 7
3904 1
3905 3
3906 0
3907 3
3908 0
3909 7
3910 2
3911 6
3912 6
3913 2
3914 0
3915 4
3916 9
3917 3
3918 2
3919 2
3920 1
3921 3
3922 2
3923 3
3924 18
3925 0
3926 2
3927 21
3928 1
3929 2
3930 5
3931 0
3932 0
3933 1
3934 3
3935 7
3936 11
3937 5
3938 1
3939 2
3940 0
3941 2
3942 2
3943 8
3944 1
3945 17
3946 0
3947 7
3948 0
3949 7
3950 2
3951 5
3952 6
3953 12
3954 1
3955 1
3956 7
3957 3
3958 2
3959 3
3960 0
3961 17
3962 12
3963 2
3964 22
3965 14
3966 10
3967 0
3968 2
3969 1
3970 2
3971 3
3972 1
3973 22
3974 4
3975 1
3976 7
3977 7
3978 17
3979 0
3980 4
3981 8
3982 2
3983 2
3984 2
3985 1
3986 4
3987 12
3988 3
3989 7
3990 1
3991 1
3992 6
3993 0
3994 3
3995 3
3996 5
3997 21
3998 2
3999 2
4000 4
4001 0
4002 6
4003 0
4004 5
4005 2
4006 14
4007 5
4008 2
4009 19
4010 6
4011 1
4012 2
4013 2
4014 0
4015 15
4016 8
4017 3
4018 8
4019 0
4020 3
4021 1
4022 2
4023 3
4024 4
4025 2
4026 0
4027 23
4028 2
4029 2
4030 3
4031 11
4032 4
4033 0
4034 0
4035 3
4036 0
4037 2
4038 8
4039 17
4040 3
4041 2
4042 23
4043 0
4044 3
4045 5
4046 6
4047 16
4048 2
4049 1
4050 2
4051 6
4052 5
4053 2
4054 0
4055 0
4056 2
4057 3
4058 1
4059 21
4060 3
4061 3
4062 7
4063 9
4064 3
4065 4
4066 2
4067 0
4068 3
4069 1
4070 9
4071 11
4072 9
4073 3
4074 1
4075 0
4076 8
4077 1
4078 17
4079 4
4080 8
4081 4
4082 4
4083 13
4084 0
4085 14
4086 14
4087 3
4088 21
4089 2
4090 12
4091 21
4092 15
4093 6
4094 1
4095 11
4096 8
4097 18
4098 3
4099 14
4100 20
4101 1
4102 3
4103 1
4104 2
4105 20
4106 1
4107 2
4108 19
4109 11
4110 16
4111 20
4112 6
4113 3
4114 0
4115 7
4116 14
4117 0
4118 12
4119 8
4120 9
4121 4
4122 10
4123 14
4124 6
4125 2
4126 1
4127 5
4128 7
4129 1
4130 9
4131 10
4132 3
4133 18
4134 21
4135 11
4136 2
4137 3
4138 2
4139 1
4140 22
4141 10
4142 1
4143 9
4144 1
4145 8
4146 10
4147 1
4148 21
4149 1
4150 2
4151 23
4152 4
4153 4
4154 1
4155 0
4156 17
4157 3
4158 8
4159 3
4160 1
4161 1
4162 0
4163 19
4164 1
4165 12
4166 9
4167 21
4168 10
4169 5
4170 0
4171 1
4172 8
4173 3
4174 2
4175 3
4176 6
4177 1
4178 14
4179 6
4180 14
4181 8
4182 8
4183 1
4184 0
4185 1
4186 1
4187 15
4188 0
4189 15
4190 2
4191 13
4192 16
4193 3
4194 2
4195 3
4196 18
4197 4
4198 5
4199 10
4200 5
4201 14
4202 6
4203 15
4204 0
4205 6
4206 16
4207 3
4208 0
4209 6
4210 1
4211 1
4212 0
4213 3
4214 6
4215 1
4216 16
4217 22
4218 1
4219 2
4220 16
4221 21
4222 3
4223 2
4224 1
4225 4
4226 14
4227 6
4228 2
4229 4
4230 12
4231 3
4232 0
4233 12
4234 19
4235 12
4236 0
4237 2
4238 2
4239 0
4240 1
4241 14
4242 21
4243 0
4244 2
4245 3
4246 0
4247 15
4248 9
4249 3
4250 2
4251 11
4252 15
4253 6
4254 11
4255 2
4256 18
4257 0
4258 1
4259 11
4260 5
4261 6
4262 12
4263 2
4264 8
4265 15
4266 0
4267 16
4268 15
4269 13
4270 15
4271 2
4272 2
4273 2
4274 20
4275 11
4276 0
4277 17
4278 2
4279 0
4280 15
4281 14
4282 1
4283 5
4284 0
4285 5
4286 2
4287 15
4288 23
4289 17
4290 1
4291 1
4292 19
4293 3
4294 4
4295 10
4296 1
4297 17
4298 6
4299 15
4300 2
4301 0
4302 1
4303 1
4304 0
4305 1
4306 1
4307 12
4308 15
4309 19
4310 2
4311 0
4312 1
4313 5
4314 16
4315 1
4316 4
4317 20
4318 23
4319 6
4320 22
4321 10
4322 22
4323 3
4324 8
4325 2
4326 3
4327 1
4328 7
4329 3
4330 1
4331 1
4332 2
4333 0
4334 2
4335 22
4336 10
4337 22
4338 3
4339 4
4340 3
4341 6
4342 15
4343 2
4344 20
4345 16
4346 1
4347 7
4348 21
4349 1
4350 17
4351 10
4352 6
4353 20
4354 5
4355 9
4356 4
4357 0
4358 20
4359 4
4360 3
4361 1
4362 5
4363 12
4364 1
4365 2
4366 14
4367 5
4368 0
4369 0
4370 20
4371 23
4372 22
4373 20
4374 2
4375 3
4376 20
4377 2
4378 3
4379 19
4380 3
4381 2
4382 21
4383 16
4384 1
4385 3
4386 3
4387 18
4388 21
4389 11
4390 22
4391 12
4392 19
4393 10
4394 5
4395 3
4396 1
4397 0
4398 2
4399 0
4400 0
4401 7
4402 3
4403 2
4404 10
4405 2
4406 22
4407 4
4408 10
4409 1
4410 3
4411 2
4412 4
4413 2
4414 6
4415 0
4416 1
4417 23
4418 5
4419 7
4420 3
4421 20
4422 0
4423 4
4424 0
4425 14
4426 3
4427 20
4428 7
4429 10
4430 12
4431 14
4432 19
4433 5
4434 18
4435 22
4436 10
4437 2
4438 0
4439 2
4440 1
4441 3
4442 2
4443 9
4444 2
4445 13
4446 15
4447 6
4448 18
4449 9
4450 2
4451 0
4452 2
4453 3
4454 5
4455 4
4456 18
4457 5
4458 1
4459 4
4460 6
4461 3
4462 2
4463 15
4464 2
4465 3
4466 8
4467 2
4468 2
4469 4
4470 3
4471 10
4472 1
4473 4
4474 0
4475 3
4476 3
4477 0
4478 0
4479 5
4480 2
4481 19
4482 3
4483 18
4484 3
4485 1
4486 7
4487 7
4488 3
4489 8
4490 21
4491 22
4492 1
4493 5
4494 0
4495 1
4496 12
4497 16
4498 15
4499 0
4500 6
4501 2
4502 0
4503 7
4504 0
4505 8
4506 1
4507 8
4508 0
4509 4
4510 2
4511 9
4512 2
4513 15
4514 5
4515 5
4516 21
4517 2
4518 4
4519 2
4520 19
4521 4
4522 3
4523 14
4524 7
4525 0
4526 1
4527 11
4528 7
4529 10
4530 22
4531 1
4532 5
4533 5
4534 6
4535 8
4536 0
4537 9
4538 5
4539 3
4540 1
4541 7
4542 1
4543 2
4544 1
4545 8
4546 5
4547 9
4548 14
4549 5
4550 9
4551 18
4552 2
4553 0
4554 2
4555 3
4556 0
4557 2
4558 0
4559 2
4560 1
4561 0
4562 2
4563 9
4564 2
4565 14
4566 18
4567 6
4568 9
4569 6
4570 2
4571 11
4572 6
4573 1
4574 12
4575 2
4576 12
4577 1
4578 16
4579 13
4580 12
4581 3
4582 11
4583 1
4584 8
4585 2
4586 3
4587 23
4588 9
4589 22
4590 0
4591 3
4592 13
4593 0
4594 2
4595 17
4596 8
4597 13
4598 7
4599 2
4600 23
4601 0
4602 5
4603 4
4604 3
4605 1
4606 12
4607 4
4608 11
4609 13
4610 8
4611 4
4612 7
4613 0
4614 12
4615 1
4616 4
4617 4
4618 20
4619 23
4620 17
4621 1
4622 11
4623 6
4624 20
4625 7
4626 3
4627 4
4628 22
4629 3
4630 1
4631 9
4632 1
4633 13
4634 7
4635 3
4636 2
4637 1
4638 2
4639 9
4640 4
4641 1
4642 21
4643 12
4644 0
4645 3
4646 3
4647 3
4648 1
4649 22
4650 20
4651 18
4652 10
4653 1
4654 22
4655 17
4656 15
4657 8
4658 22
4659 6
4660 2
4661 0
4662 4
4663 5
4664 1
4665 0
4666 2
4667 23
4668 20
4669 3
4670 8
4671 1
4672 17
4673 3
4674 16
4675 18
4676 5
4677 5
4678 1
4679 3
4680 3
4681 3
4682 11
4683 1
4684 10
4685 0
4686 3
4687 2
4688 6
4689 0
4690 14
4691 5
4692 2
4693 1
4694 15
4695 0
4696 1
4697 0
4698 20
4699 5
4700 8
4701 1
4702 3
4703 1
4704 0
4705 12
4706 14
4707 0
4708 3
4709 1
4710 13
4711 16
4712 1
4713 6
4714 11
4715 3
4716 21
4717 4
4718 22
4719 4
4720 3
4721 18
4722 5
4723 3
4724 11
4725 6
4726 21
4727 3
4728 2
4729 8
4730 1
4731 5
4732 4
4733 5
4734 3
4735 2
4736 4
4737 4
4738 5
4739 16
4740 2
4741 19
4742 4
4743 13
4744 15
4745 1
4746 1
4747 14
4748 3
4749 3
4750 0
4751 4
4752 0
4753 6
4754 12
4755 3
4756 2
4757 1
4758 2
4759 2
4760 3
4761 2
4762 4
4763 10
4764 4
4765 5
4766 1
4767 16
4768 21
4769 2
4770 2
4771 1
4772 3
4773 14
4774 0
4775 3
4776 5
4777 7
4778 2
4779 11
4780 3
4781 5
4782 3
4783 3
4784 5
4785 7
4786 2
4787 5
4788 17
4789 5
4790 8
4791 11
4792 2
4793 3
4794 10
4795 5
4796 16
4797 12
4798 16
4799 1
4800 5
4801 10
4802 0
4803 4
4804 0
4805 5
4806 9
4807 11
4808 0
4809 4
4810 3
4811 7
4812 1
4813 13
4814 1
4815 3
4816 10
4817 4
4818 17
4819 8
4820 5
4821 2
4822 1
4823 15
4824 3
4825 2
4826 4
4827 5
4828 5
4829 5
4830 1
4831 2
4832 23
4833 18
4834 1
4835 1
4836 2
4837 1
4838 2
4839 2
4840 8
4841 7
4842 2
4843 8
4844 1
4845 1
4846 16
4847 23
4848 0
4849 13
4850 0
4851 3
4852 7
4853 0
4854 2
4855 4
4856 0
4857 21
4858 4
4859 13
4860 6
4861 10
4862 1
4863 2
4864 20
4865 4
4866 4
4867 1
4868 7
4869 13
4870 2
4871 2
4872 1
4873 16
4874 23
4875 5
4876 11
4877 5
4878 8
4879 8
4880 1
4881 14
4882 20
4883 21
4884 21
4885 7
4886 3
4887 17
4888 3
4889 3
4890 18
4891 0
4892 3
4893 8
4894 1
4895 5
4896 4
4897 3
4898 0
4899 2
4900 1
4901 9
4902 15
4903 3
4904 2
4905 3
4906 6
4907 1
4908 5
4909 9
4910 5
4911 0
4912 11
4913 19
4914 1
4915 14
4916 1
4917 1
4918 14
4919 4
4920 2
4921 0
4922 18
4923 13
4924 13
4925 5
4926 2
4927 4
4928 2
4929 14
4930 18
4931 4
4932 10
4933 5
4934 1
4935 3
4936 2
4937 4
4938 19
4939 0
4940 4
4941 3
4942 2
4943 1
4944 10
4945 2
4946 21
4947 10
4948 3
4949 8
4950 3
4951 4
4952 2
4953 4
4954 3
4955 8
4956 10
4957 7
4958 4
4959 1
4960 13
4961 6
4962 12
4963 0
4964 0
4965 2
4966 9
4967 13
4968 22
4969 7
4970 4
4971 3
4972 2
4973 2
4974 8
4975 0
4976 0
4977 2
4978 3
4979 1
4980 7
4981 0
4982 6
4983 13
4984 15
4985 1
4986 1
4987 1
4988 10
4989 13
4990 0
4991 17
4992 8
4993 20
4994 8
4995 7
4996 0
4997 1
4998 3
4999 11
5000 20
5001 21
5002 3
5003 3
5004 1
5005 6
5006 7
5007 2
5008 2
5009 15
5010 8
5011 4
5012 3
5013 20
5014 1
5015 3
5016 2
5017 12
5018 5
5019 4
5020 8
5021 1
5022 0
5023 18
5024 7
5025 0
5026 14
5027 3
5028 8
5029 14
5030 12
5031 5
5032 13
5033 6
5034 5
5035 3
5036 7
5037 11
5038 3
5039 2
5040 3
5041 2
5042 2
5043 4
5044 1
5045 1
5046 18
5047 3
5048 22
5049 8
5050 1
5051 16
5052 2
5053 1
5054 8
5055 3
5056 13
5057 0
5058 2
5059 4
5060 2
5061 4
5062 4
5063 17
5064 4
5065 2
5066 7
5067 2
5068 0
5069 1
5070 18
5071 2
5072 4
5073 1
5074 23
5075 2
5076 2
5077 8
5078 3
5079 7
5080 0
5081 8
5082 1
5083 2
5084 6
5085 22
5086 6
5087 4
5088 2
5089 2
5090 9
5091 5
5092 2
5093 0
5094 3
5095 6
5096 1
5097 7
5098 22
5099 2
5100 0
5101 1
5102 4
5103 12
5104 8
5105 20
5106 4
5107 0
5108 1
5109 8
5110 1
5111 12
5112 3
5113 14
5114 1
5115 2
5116 18
5117 12
5118 7
5119 0
5120 22
5121 4
5122 5
5123 2
5124 6
5125 8
5126 14
5127 0
5128 2
5129 4
5130 1
5131 5
5132 3
5133 21
5134 18
5135 3
5136 0
5137 4
5138 13
5139 17
5140 10
5141 1
5142 3
5143 14
5144 14
5145 1
5146 7
5147 9
5148 10
5149 6
5150 20
5151 4
5152 4
5153 11
5154 4
5155 13
5156 14
5157 21
5158 5
5159 10
5160 17
5161 3
5162 1
5163 23
5164 7
5165 4
5166 0
5167 4
5168 13
5169 1
5170 13
5171 7
5172 1
5173 2
5174 20
5175 0
5176 3
5177 1
5178 0
5179 13
5180 1
5181 2
5182 1
5183 1
5184 3
5185 19
5186 3
5187 13
5188 12
5189 0
5190 13
5191 6
5192 4
5193 13
5194 10
5195 7
5196 10
5197 11
5198 11
5199 18
5200 11
5201 3
5202 1
5203 2
5204 23
5205 3
5206 3
5207 17
5208 1
5209 2
5210 5
5211 2
5212 8
5213 17
5214 6
5215 0
5216 6
5217 3
5218 3
5219 9
5220 3
5221 0
5222 1
5223 3
5224 20
5225 7
5226 1
5227 3
5228 1
5229 6
5230 1
5231 15
5232 0
5233 8
5234 21
5235 3
5236 22
5237 6
5238 10
5239 6
5240 13
5241 3
5242 15
5243 1
5244 12
5245 0
5246 0
5247 3
5248 8
5249 0
5250 9
5251 2
5252 3
5253 3
5254 1
5255 9
5256 5
5257 2
5258 12
5259 1
5260 5
5261 1
5262 21
5263 3
5264 2
5265 4
5266 0
5267 16
5268 1
5269 14
5270 3
5271 9
5272 22
5273 0
5274 0
5275 3
5276 1
5277 5
5278 0
5279 23
5280 0
5281 13
5282 0
5283 17
5284 9
5285 3
5286 6
5287 2
5288 2
5289 4
5290 4
5291 1
5292 5
5293 0
5294 7
5295 0
5296 1
5297 23
5298 4
5299 1
5300 14
5301 2
5302 4
5303 0
5304 4
5305 4
5306 2
5307 5
5308 2
5309 1
5310 1
5311 1
5312 6
5313 1
5314 15
5315 5
5316 3
5317 2
5318 8
5319 2
5320 2
5321 8
5322 16
5323 0
5324 16
5325 0
5326 12
5327 19
5328 9
5329 5
5330 0
5331 10
5332 12
5333 3
5334 23
5335 7
5336 3
5337 12
5338 1
5339 1
5340 23
5341 0
5342 3
5343 5
5344 4
5345 1
5346 4
5347 9
5348 4
5349 0
5350 2
5351 1
5352 23
5353 1
5354 17
5355 21
5356 1
5357 7
5358 17
5359 20
5360 1
5361 5
5362 15
5363 10
5364 14
5365 1
5366 2
5367 7
5368 11
5369 0
5370 1
5371 17
5372 6
5373 17
5374 2
5375 7
5376 7
5377 0
5378 6
5379 0
5380 5
5381 2
5382 0
5383 2
5384 9
5385 4
5386 3
5387 2
5388 4
5389 5
5390 6
5391 3
5392 15
5393 3
5394 0
5395 16
5396 16
5397 3
5398 9
5399 11
5400 10
5401 13
5402 8
5403 6
5404 1
5405 7
5406 2
5407 13
5408 20
5409 1
5410 23
5411 0
5412 1
5413 4
5414 4
5415 3
5416 4
5417 22
5418 4
5419 4
5420 18
5421 9
5422 12
5423 8
5424 18
5425 19
5426 7
5427 0
5428 1
5429 5
5430 1
5431 0
5432 10
5433 1
5434 3
5435 19
5436 8
5437 2
5438 4
5439 1
5440 13
5441 18
5442 13
5443 12
5444 11
5445 10
5446 1
5447 0
5448 0
5449 11
5450 2
5451 6
5452 5
5453 1
5454 5
5455 3
5456 0
5457 0
5458 12
5459 10
5460 2
5461 7
5462 22
5463 1
5464 1
5465 5
5466 6
5467 3
5468 2
5469 0
5470 2
5471 0
5472 2
5473 5
5474 3
5475 0
5476 8
5477 17
5478 0
5479 3
5480 9
5481 1
5482 6
5483 0
5484 21
5485 5
5486 19
5487 4
5488 6
5489 14
5490 18
5491 5
5492 2
5493 4
5494 6
5495 19
5496 4
5497 0
5498 8
5499 5
5500 1
5501 22
5502 13
5503 3
5504 6
5505 18
5506 1
5507 3
5508 9
5509 23
5510 18
5511 2
5512 2
5513 2
5514 2
5515 2
5516 1
5517 12
5518 7
5519 4
5520 10
5521 0
5522 0
5523 1
5524 2
5525 0
5526 3
5527 14
5528 0
5529 18
5530 14
5531 4
5532 4
5533 4
5534 20
5535 5
5536 22
5537 4
5538 12
5539 9
5540 2
5541 2
5542 2
5543 2
5544 2
5545 22
5546 4
5547 1
5548 0
5549 22
5550 13
5551 2
5552 1
5553 1
5554 5
5555 1
5556 0
5557 9
5558 8
5559 18
5560 1
5561 19
5562 4
5563 2
5564 22
5565 10
5566 16
5567 12
5568 13
5569 5
5570 4
5571 23
5572 1
5573 2
5574 18
5575 20
5576 1
5577 9
5578 4
5579 4
5580 18
5581 6
5582 2
5583 2
5584 1
5585 3
5586 9
5587 18
5588 14
5589 2
5590 20
5591 4
5592 9
5593 4
5594 11
5595 17
5596 18
5597 15
5598 8
5599 11
5600 3
5601 7
5602 17
5603 2
5604 0
5605 0
5606 5
5607 2
5608 2
5609 6
5610 11
5611 4
5612 7
5613 1
5614 2
5615 3
5616 6
5617 7
5618 5
5619 3
5620 12
5621 0
5622 4
5623 16
5624 2
5625 1
5626 18
5627 7
5628 20
5629 6
5630 20
5631 0
5632 3
5633 2
5634 3
5635 15
5636 5
5637 22
5638 1
5639 3
5640 6
5641 0
5642 0
5643 3
5644 1
5645 3
5646 11
5647 13
5648 9
5649 3
5650 5
5651 18
5652 9
5653 3
5654 17
5655 2
5656 4
5657 3
5658 10
5659 12
5660 0
5661 0
5662 20
5663 3
5664 3
5665 6
5666 22
5667 11
5668 2
5669 4
5670 17
5671 22
5672 0
5673 23
5674 10
5675 12
5676 14
5677 9
5678 10
5679 0
5680 0
5681 6
5682 2
5683 12
5684 16
5685 0
5686 7
5687 22
5688 11
5689 3
5690 21
5691 0
5692 2
5693 2
5694 0
5695 0
5696 3
5697 5
5698 3
5699 7
5700 23
5701 3
5702 2
5703 1
5704 3
5705 5
5706 1
5707 5
5708 0
5709 1
5710 15
5711 0
5712 2
5713 2
5714 6
5715 6
5716 4
5717 2
5718 1
5719 0
5720 3
5721 0
5722 1
5723 21
5724 3
5725 3
5726 1
5727 0
5728 21
5729 1
5730 5
5731 1
5732 19
5733 0
5734 14
5735 14
5736 5
5737 5
5738 3
5739 3
5740 2
5741 1
5742 3
5743 7
5744 0
5745 5
5746 3
5747 1
5748 12
5749 0
5750 8
5751 0
5752 11
5753 2
5754 0
5755 0
5756 2
5757 2
5758 0
5759 2
5760 6
5761 11
5762 0
5763 0
5764 1
5765 3
5766 16
5767 19
5768 0
5769 16
5770 1
5771 15
5772 23
5773 2
5774 1
5775 22
5776 4
5777 13
5778 12
5779 0
5780 1
5781 0
5782 15
5783 5
5784 16
5785 2
5786 6
5787 2
5788 2
5789 2
5790 3
5791 2
5792 14
5793 14
5794 4
5795 8
5796 0
5797 2
5798 7
5799 2
5800 2
5801 1
5802 2
5803 18
5804 22
5805 7
5806 4
5807 8
5808 0
5809 3
5810 11
5811 1
5812 0
5813 1
5814 3
5815 5
5816 10
5817 7
5818 21
5819 8
5820 7
5821 8
5822 4
5823 9
5824 20
5825 0
5826 16
5827 8
5828 5
5829 1
5830 22
5831 8
5832 15
5833 5
5834 4
5835 3
5836 0
5837 2
5838 2
5839 4
5840 20
5841 3
5842 2
5843 17
5844 3
5845 2
5846 20
5847 2
5848 0
5849 0
5850 13
5851 8
5852 3
5853 0
5854 8
5855 1
5856 0
5857 3
5858 0
5859 0
5860 0
5861 2
5862 19
5863 11
5864 17
5865 1
5866 14
5867 2
5868 7
5869 2
5870 17
5871 0
5872 5
5873 22
5874 3
5875 9
5876 3
5877 2
5878 6
5879 2
5880 0
5881 15
5882 14
5883 4
5884 0
5885 9
5886 13
5887 1
5888 7
5889 8
5890 4
5891 9
5892 3
5893 0
5894 3
5895 6
5896 1
5897 15
5898 9
5899 2
5900 22
5901 12
5902 0
5903 9
5904 1
5905 8
5906 18
5907 18
5908 3
5909 5
5910 4
5911 2
5912 2
5913 2
5914 1
5915 3
5916 8
5917 2
5918 3
5919 7
5920 1
5921 2
5922 2
5923 1
5924 0
5925 13
5926 2
5927 1
5928 1
5929 1
5930 0
5931 2
5932 8
5933 0
5934 2
5935 0
5936 1
5937 20
5938 1
5939 0
5940 1
5941 3
5942 2
5943 4
5944 3
5945 17
5946 0
5947 3
5948 12
5949 2
5950 5
5951 0
5952 11
5953 1
5954 1
5955 19
5956 5
5957 3
5958 0
5959 4
5960 3
5961 10
5962 3
5963 1
5964 1
5965 2
5966 1
5967 5
5968 3
5969 8
5970 22
5971 20
5972 7
5973 1
5974 0
5975 5
5976 3
5977 5
5978 13
5979 4
5980 2
5981 0
5982 12
5983 16
5984 1
5985 6
5986 3
5987 1
5988 0
5989 3
5990 2
5991 17
5992 9
5993 3
5994 0
5995 5
5996 1
5997 7
5998 1
5999 20
6000 4
6001 3
6002 3
6003 12
6004 8
6005 0
6006 5
6007 10
6008 22
6009 17
6010 2
6011 1
6012 7
6013 2
6014 2
6015 2
6016 12
6017 4
6018 14
6019 11
6020 0
6021 2
6022 2
6023 2
6024 2
6025 10
6026 0
6027 1
6028 10
6029 5
6030 2
6031 16
6032 5
6033 0
6034 18
6035 4
6036 1
6037 3
6038 3
6039 3
6040 6
6041 5
6042 21
6043 17
6044 1
6045 13
6046 4
6047 3
6048 15
6049 6
6050 2
6051 19
6052 0
6053 15
6054 0
6055 0
6056 15
6057 2
6058 3
6059 0
6060 4
6061 18
6062 0
6063 4
6064 17
6065 2
6066 5
6067 1
6068 1
6069 1
6070 0
6071 3
6072 3
6073 3
6074 1
6075 7
6076 14
6077 0
6078 1
6079 4
6080 3
6081 8
6082 2
6083 3
6084 21
6085 11
6086 3
6087 1
6088 3
6089 20
6090 3
6091 4
6092 5
6093 4
6094 7
6095 14
6096 10
6097 3
6098 2
6099 0
6100 17
6101 11
6102 6
6103 1
6104 0
6105 11
6106 0
6107 4
6108 3
6109 14
6110 19
6111 14
6112 19
6113 0
6114 0
6115 13
6116 0
6117 0
6118 2
6119 0
6120 1
6121 12
6122 23
6123 8
6124 1
6125 6
6126 5
6127 1
6128 1
6129 2
6130 1
6131 17
6132 13
6133 10
6134 2
6135 19
6136 2
6137 2
6138 2
6139 8
6140 18
6141 2
6142 7
6143 6
6144 3
6145 11
6146 0
6147 7
6148 17
6149 0
6150 8
6151 11
6152 7
6153 3
6154 21
6155 11
6156 3
6157 2
6158 5
6159 0
6160 7
6161 0
6162 1
6163 22
6164 12
6165 9
6166 3
6167 2
6168 19
6169 5
6170 7
6171 0
6172 6
6173 12
6174 1
6175 7
6176 4
6177 9
6178 11
6179 0
6180 22
6181 2
6182 2
6183 2
6184 1
6185 2
6186 10
6187 11
6188 19
6189 14
6190 23
6191 0
6192 12
6193 0
6194 8
6195 6
6196 1
6197 0
6198 14
6199 21
6200 5
6201 18
6202 1
6203 23
6204 5
6205 1
6206 6
6207 2
6208 9
6209 6
6210 19
6211 1
6212 0
6213 1
6214 1
6215 2
6216 1
6217 5
6218 6
6219 16
6220 11
6221 1
6222 1
6223 11
6224 4
6225 2
6226 0
6227 11
6228 1
6229 6
6230 2
6231 15
6232 1
6233 0
6234 0
6235 10
6236 19
6237 13
6238 9
6239 18
6240 14
6241 4
6242 21
6243 5
6244 4
6245 3
6246 3
6247 11
6248 21
6249 9
6250 13
6251 0
6252 15
6253 3
6254 5
6255 1
6256 7
6257 11
6258 7
6259 8
6260 12
6261 11
6262 7
6263 19
6264 2
6265 1
6266 18
6267 19
6268 4
6269 4
6270 3
6271 10
6272 2
6273 0
6274 6
6275 5
6276 3
6277 2
6278 1
6279 7
6280 9
6281 1
6282 2
6283 4
6284 6
6285 5
6286 2
6287 1
6288 11
6289 5
6290 14
6291 6
6292 0
6293 2
6294 11
6295 2
6296 9
6297 22
6298 9
6299 2
6300 2
6301 18
6302 0
6303 11
6304 19
6305 5
6306 4
6307 2
6308 21
6309 4
6310 18
6311 11
6312 5
6313 9
6314 2
6315 3
6316 3
6317 11
6318 1
6319 3
6320 5
6321 0
6322 2
6323 9
6324 1
6325 4
6326 0
6327 6
6328 0
6329 3
6330 3
6331 0
6332 22
6333 2
6334 1
6335 11
6336 1
6337 22
6338 3
6339 20
6340 6
6341 11
6342 4
6343 16
6344 0
6345 23
6346 2
6347 5
6348 4
6349 0
6350 1
6351 9
6352 4
6353 7
6354 2
6355 9
6356 4
6357 15
6358 3
6359 1
6360 7
6361 0
6362 2
6363 9
6364 19
6365 8
6366 2
6367 9
6368 3
6369 1
6370 2
6371 3
6372 9
6373 18
6374 12
6375 12
6376 19
6377 15
6378 5
6379 2
6380 0
6381 2
6382 3
6383 17
6384 13
6385 16
6386 0
6387 21
6388 16
6389 22
6390 16
6391 0
6392 1
6393 2
6394 6
6395 18
6396 2
6397 0
6398 10
6399 7
6400 9
6401 1
6402 16
6403 3
6404 0
6405 19
6406 3
6407 3
6408 2
6409 6
6410 6
6411 2
6412 5
6413 2
6414 2
6415 1
6416 21
6417 4
6418 2
6419 19
6420 1
6421 12
6422 3
6423 3
6424 7
6425 3
6426 10
6427 2
6428 3
6429 11
6430 0
6431 18
6432 0
6433 5
6434 3
6435 5
6436 5
6437 2
6438 2
6439 5
6440 2
6441 15
6442 10
6443 6
6444 4
6445 18
6446 0
6447 3
6448 2
6449 8
6450 10
6451 2
6452 3
6453 4
6454 2
6455 21
6456 0
6457 23
6458 3
6459 1
6460 0
6461 3
6462 15
6463 9
6464 9
6465 1
6466 2
6467 5
6468 6
6469 19
6470 3
6471 0
6472 18
6473 0
6474 22
6475 4
6476 23
6477 0
6478 17
6479 7
6480 6
6481 21
6482 3
6483 2
6484 21
6485 2
6486 7
6487 22
6488 15
6489 1
6490 3
6491 1
6492 2
6493 0
6494 0
6495 3
6496 16
6497 2
6498 0
6499 17
6500 3
6501 1
6502 6
6503 22
6504 17
6505 0
6506 12
6507 16
6508 0
6509 0
6510 3
6511 0
6512 0
6513 0
6514 18
6515 0
6516 0
6517 0
6518 2
6519 0
6520 1
6521 12
6522 1
6523 15
6524 5
6525 1
6526 12
6527 22
6528 6
6529 3
6530 2
6531 5
6532 7
6533 5
6534 1
6535 0
6536 0
6537 19
6538 1
6539 3
6540 2
6541 10
6542 5
6543 3
6544 3
6545 4
6546 3
6547 2
6548 5
6549 14
6550 3
6551 5
6552 7
6553 15
6554 4
6555 0
6556 1
6557 3
6558 3
6559 10
6560 1
6561 16
6562 9
6563 0
6564 0
6565 1
6566 6
6567 8
6568 3
6569 8
6570 0
6571 4
6572 3
6573 21
6574 4
6575 4
6576 7
6577 0
6578 7
6579 4
6580 7
6581 5
6582 1
6583 0
6584 1
6585 1
6586 1
6587 12
6588 20
6589 6
6590 4
6591 7
6592 4
6593 2
6594 1
6595 1
6596 10
6597 14
6598 0
6599 5
6600 4
6601 1
6602 18
6603 0
6604 9
6605 1
6606 16
6607 4
6608 4
6609 0
6610 10
6611 0
6612 9
6613 13
6614 2
6615 2
6616 15
6617 0
6618 12
6619 5
6620 14
6621 10
6622 19
6623 0
6624 7
6625 0
6626 15
6627 7
6628 17
6629 11
6630 0
6631 2
6632 1
6633 15
6634 4
6635 11
6636 4
6637 18
6638 12
6639 4
6640 2
6641 4
6642 4
6643 2
6644 16
6645 1
6646 10
6647 0
6648 3
6649 3
6650 1
6651 3
6652 1
6653 22
6654 0
6655 3
6656 20
6657 15
6658 0
6659 3
6660 4
6661 19
6662 3
6663 8
6664 5
6665 9
6666 20
6667 3
6668 1
6669 16
6670 4
6671 12
6672 17
6673 4
6674 1
6675 2
6676 2
6677 0
6678 3
6679 18
6680 3
6681 12
6682 9
6683 17
6684 2
6685 0
6686 11
6687 13
6688 8
6689 1
6690 0
6691 1
6692 8
6693 3
6694 14
6695 23
6696 13
6697 0
6698 17
6699 3
6700 22
6701 3
6702 0
6703 1
6704 3
6705 3
6706 4
6707 1
6708 2
6709 21
6710 1
6711 6
6712 0
6713 0
6714 2
6715 5
6716 5
6717 13
6718 0
6719 14
6720 0
6721 5
6722 21
6723 17
6724 2
6725 4
6726 6
6727 9
6728 2
6729 14
6730 15
6731 0
6732 1
6733 1
6734 12
6735 21
6736 1
6737 12
6738 5
6739 14
6740 10
6741 11
6742 14
6743 22
6744 5
6745 0
6746 0
6747 10
6748 1
6749 0
6750 11
6751 8
6752 3
6753 18
6754 10
6755 5
6756 0
6757 23
6758 6
6759 0
6760 2
6761 21
6762 7
6763 7
6764 20
6765 3
6766 0
6767 2
6768 21
6769 13
6770 1
6771 1
6772 3
6773 3
6774 6
6775 4
6776 0
6777 14
6778 18
6779 3
6780 0
6781 2
6782 0
6783 11
6784 4
6785 3
6786 0
6787 4
6788 1
6789 3
6790 6
6791 2
6792 11
6793 3
6794 1
6795 0
6796 15
6797 2
6798 2
6799 5
6800 3
6801 2
6802 1
6803 1
6804 0
6805 15
6806 0
6807 3
6808 3
6809 4
6810 14
6811 6
6812 2
6813 4
6814 21
6815 20
6816 0
6817 5
6818 1
6819 9
6820 0
6821 0
6822 13
6823 0
6824 8
6825 10
6826 4
6827 3
6828 18
6829 20
6830 8
6831 2
6832 4
6833 2
6834 0
6835 2
6836 0
6837 4
6838 0
6839 8
6840 6
6841 3
6842 14
6843 7
6844 4
6845 18
6846 7
6847 3
6848 0
6849 3
6850 8
6851 7
6852 0
6853 0
6854 22
6855 3
6856 4
6857 0
6858 12
6859 0
6860 2
6861 20
6862 0
6863 4
6864 1
6865 0
6866 3
6867 2
6868 10
6869 2
6870 0
6871 0
6872 1
6873 0
6874 0
6875 19
6876 14
6877 0
6878 8
6879 6
6880 1
6881 18
6882 6
6883 4
6884 3
6885 1
6886 3
6887 5
6888 2
6889 4
6890 6
6891 19
6892 22
6893 16
6894 9
6895 0
6896 2
6897 8
6898 3
6899 9
6900 3
6901 7
6902 23
6903 0
6904 9
6905 1
6906 2
6907 4
6908 3
6909 6
6910 4
6911 3
6912 2
6913 0
6914 8
6915 2
6916 13
6917 13
6918 6
6919 4
6920 19
6921 7
6922 2
6923 3
6924 3
6925 0
6926 4
6927 10
6928 0
6929 20
6930 2
6931 3
6932 5
6933 0
6934 2
6935 12
6936 3
6937 1
6938 1
6939 5
6940 1
6941 16
6942 3
6943 6
6944 12
6945 0
6946 8
6947 2
6948 16
6949 3
6950 10
6951 1
6952 3
6953 4
6954 13
6955 1
6956 4
6957 0
6958 6
6959 11
6960 10
6961 11
6962 4
6963 5
6964 21
6965 0
6966 0
6967 6
6968 13
6969 17
6970 17
6971 10
6972 7
6973 11
6974 16
6975 0
6976 16
6977 2
6978 4
6979 17
6980 1
6981 4
6982 14
6983 4
6984 5
6985 19
6986 2
6987 8
6988 3
6989 0
6990 1
6991 2
6992 0
6993 5
6994 16
6995 12
6996 1
6997 7
6998 0
6999 1
7000 2
7001 0
7002 2
7003 17
7004 1
7005 0
7006 1
7007 15
7008 3
7009 1
7010 4
7011 1
7012 0
7013 1
7014 13
7015 5
7016 5
7017 1
7018 13
7019 2
7020 5
7021 12
7022 2
7023 7
7024 3
7025 3
7026 7
7027 10
7028 0
7029 16
7030 2
7031 6
7032 5
7033 10
7034 17
7035 0
7036 5
7037 1
7038 2
7039 0
7040 4
7041 0
7042 3
7043 8
7044 13
7045 3
7046 3
7047 6
7048 8
7049 10
7050 2
7051 7
7052 1
7053 1
7054 4
7055 2
7056 19
7057 3
7058 13
7059 4
7060 15
7061 18
7062 1
7063 16
7064 9
7065 1
7066 7
7067 10
7068 20
7069 4
7070 13
7071 3
7072 2
7073 0
7074 0
7075 1
7076 18
7077 2
7078 2
7079 6
7080 0
7081 2
7082 21
7083 2
7084 3
7085 19
7086 2
7087 3
7088 2
7089 3
7090 2
7091 6
7092 1
7093 11
7094 3
7095 1
7096 1
7097 12
7098 2
7099 3
7100 5
7101 0
7102 2
7103 0
7104 2
7105 6
7106 3
7107 10
7108 13
7109 4
7110 11
7111 9
7112 6
7113 17
7114 2
7115 2
7116 6
7117 8
7118 6
7119 3
7120 5
7121 14
7122 16
7123 0
7124 12
7125 0
7126 6
7127 10
7128 1
7129 15
7130 6
7131 8
7132 1
7133 2
7134 0
7135 7
7136 12
7137 17
7138 18
7139 20
7140 6
7141 1
7142 6
7143 9
7144 10
7145 5
7146 2
7147 2
7148 7
7149 12
7150 4
7151 11
7152 16
7153 2
7154 0
7155 1
7156 7
7157 11
7158 14
7159 6
7160 0
7161 4
7162 3
7163 2
7164 11
7165 11
7166 0
7167 3
7168 5
7169 0
7170 19
7171 4
7172 1
7173 10
7174 13
7175 4
7176 3
7177 1
7178 2
7179 4
7180 2
7181 14
7182 11
7183 8
7184 1
7185 12
7186 2
7187 17
7188 3
7189 22
7190 0
7191 13
7192 3
7193 12
7194 2
7195 1
7196 7
7197 7
7198 2
7199 2
7200 22
7201 4
7202 3
7203 0
7204 0
7205 11
7206 4
7207 10
7208 6
7209 1
7210 6
7211 2
7212 4
7213 0
7214 21
7215 10
7216 14
7217 16
7218 19
7219 5
7220 3
7221 19
7222 4
7223 1
7224 0
7225 1
7226 22
7227 19
7228 1
7229 4
7230 2
7231 17
7232 2
7233 9
7234 2
7235 16
7236 8
7237 6
7238 1
7239 0
7240 21
7241 9
7242 4
7243 3
7244 22
7245 0
7246 13
7247 1
7248 16
7249 3
7250 0
7251 0
7252 1
7253 0
7254 6
7255 2
7256 4
7257 5
7258 9
7259 4
7260 9
7261 1
7262 1
7263 12
7264 0
7265 18
7266 12
7267 18
7268 2
7269 3
7270 22
7271 18
7272 0
7273 14
7274 3
7275 5
7276 0
7277 4
7278 2
7279 1
7280 0
7281 17
7282 6
7283 2
7284 3
7285 12
7286 0
7287 12
7288 3
7289 2
7290 10
7291 2
7292 20
7293 4
7294 2
7295 16
7296 17
7297 1
7298 7
7299 3
7300 7
7301 3
7302 13
7303 0
7304 0
7305 12
7306 2
7307 22
7308 2
7309 1
7310 4
7311 0
7312 1
7313 6
7314 3
7315 3
7316 4
7317 1
7318 5
7319 18
7320 5
7321 14
7322 15
7323 4
7324 0
7325 19
7326 13
7327 3
7328 1
7329 11
7330 1
7331 19
7332 8
7333 1
7334 7
7335 3
7336 1
7337 10
7338 5
7339 13
7340 21
7341 0
7342 0
7343 0
7344 2
7345 9
7346 9
7347 1
7348 11
7349 0
7350 1
7351 1
7352 10
7353 6
7354 2
7355 1
7356 19
7357 4
7358 1
7359 15
7360 0
7361 1
7362 12
7363 10
7364 3
7365 2
7366 13
7367 5
7368 9
7369 11
7370 2
7371 3
7372 9
7373 0
7374 4
7375 3
7376 0
7377 19
7378 19
7379 1
7380 1
7381 12
7382 6
7383 0
7384 18
7385 1
7386 1
7387 12
7388 2
7389 4
7390 14
7391 11
7392 16
7393 5
7394 12
7395 0
7396 7
7397 18
7398 0
7399 10
7400 0
7401 0
7402 3
7403 22
7404 5
7405 5
7406 2
7407 0
7408 10
7409 1
7410 1
7411 3
7412 3
7413 6
7414 0
7415 9
7416 6
7417 1
7418 6
7419 0
7420 6
7421 1
7422 11
7423 2
7424 13
7425 5
7426 1
7427 5
7428 0
7429 1
7430 23
7431 1
7432 0
7433 1
7434 6
7435 2
7436 11
7437 3
7438 2
7439 3
7440 16
7441 2
7442 0
7443 1
7444 0
7445 16
7446 2
7447 2
7448 10
7449 0
7450 0
7451 0
7452 1
7453 1
7454 1
7455 3
7456 23
7457 14
7458 0
7459 21
7460 0
7461 9
7462 0
7463 2
7464 11
7465 1
7466 3
7467 17
7468 12
7469 2
7470 2
7471 16
7472 12
7473 17
7474 7
7475 5
7476 0
7477 1
7478 3
7479 13
7480 0
7481 3
7482 14
7483 1
7484 2
7485 0
7486 8
7487 11
7488 3
7489 16
7490 6
7491 1
7492 10
7493 1
7494 5
7495 18
7496 0
7497 0
7498 6
7499 3
7500 21
7501 10
7502 19
7503 6
7504 1
7505 13
7506 11
7507 14
7508 1
7509 22
7510 3
7511 23
7512 16
7513 3
7514 0
7515 15
7516 1
7517 0
7518 1
7519 15
7520 0
7521 1
7522 2
7523 2
7524 15
7525 3
7526 1
7527 0
7528 16
7529 18
7530 19
7531 2
7532 1
7533 1
7534 3
7535 20
7536 2
7537 1
7538 2
7539 1
7540 4
7541 4
7542 0
7543 2
7544 0
7545 23
7546 0
7547 3
7548 1
7549 8
7550 12
7551 6
7552 0
7553 1
7554 14
7555 11
7556 4
7557 0
7558 2
7559 4
7560 4
7561 4
7562 3
7563 7
7564 21
7565 6
7566 9
7567 3
7568 10
7569 6
7570 0
7571 2
7572 2
7573 0
7574 1
7575 11
7576 0
7577 3
7578 17
7579 14
7580 0
7581 7
7582 3
7583 13
7584 6
7585 10
7586 4
7587 2
7588 1
7589 5
7590 0
7591 1
7592 14
7593 2
7594 8
7595 17
7596 10
7597 5
7598 1
7599 11
7600 8
7601 13
7602 0
7603 11
7604 1
7605 1
7606 2
7607 0
7608 8
7609 3
7610 1
7611 2
7612 11
7613 1
7614 11
7615 3
7616 5
7617 16
7618 2
7619 1
7620 1
7621 0
7622 2
7623 0
7624 23
7625 6
7626 21
7627 0
7628 11
7629 3
7630 2
7631 9
7632 0
7633 0
7634 15
7635 0
7636 1
7637 13
7638 6
7639 20
7640 2
7641 8
7642 2
7643 17
7644 6
7645 10
7646 16
7647 13
7648 3
7649 1
7650 7
7651 2
7652 22
7653 15
7654 2
7655 13
7656 0
7657 4
7658 0
7659 0
7660 9
7661 2
7662 0
7663 14
7664 23
7665 17
7666 1
7667 4
7668 15
7669 2
7670 14
7671 3
7672 0
7673 23
7674 6
7675 6
7676 4
7677 0
7678 2
7679 2
7680 17
7681 1
7682 12
7683 9
7684 14
7685 21
7686 21
7687 22
7688 3
7689 3
7690 0
7691 7
7692 8
7693 10
7694 14
7695 0
7696 0
7697 13
7698 3
7699 0
7700 2
7701 0
7702 22
7703 5
7704 17
7705 1
7706 3
7707 9
7708 15
7709 1
7710 3
7711 7
7712 10
7713 2
7714 15
7715 7
7716 6
7717 2
7718 3
7719 21
7720 21
7721 22
7722 5
7723 0
7724 1
7725 20
7726 2
7727 0
7728 4
7729 7
7730 2
7731 3
7732 2
7733 7
7734 6
7735 4
7736 3
7737 6
7738 4
7739 1
7740 8
7741 5
7742 2
7743 3
7744 4
7745 20
7746 4
7747 8
7748 23
7749 11
7750 2
7751 14
7752 0
7753 17
7754 6
7755 0
7756 1
7757 3
7758 12
7759 17
7760 0
7761 18
7762 6
7763 12
7764 13
7765 2
7766 8
7767 20
7768 18
7769 0
7770 5
7771 4
7772 1
7773 2
7774 15
7775 8
7776 1
7777 1
7778 1
7779 0
7780 4
7781 0
7782 1
7783 9
7784 13
7785 14
7786 1
7787 1
7788 0
7789 2
7790 0
7791 5
7792 0
7793 6
7794 0
7795 11
7796 4
7797 3
7798 4
7799 1
7800 1
7801 1
7802 1
7803 4
7804 1
7805 7
7806 13
7807 20
7808 15
7809 2
7810 19
7811 3
7812 9
7813 10
7814 1
7815 0
7816 7
7817 5
7818 4
7819 2
7820 5
7821 19
7822 22
7823 5
7824 0
7825 18
7826 15
7827 1
7828 14
7829 8
7830 11
7831 2
7832 7
7833 2
7834 9
7835 1
7836 2
7837 0
7838 0
7839 23
7840 2
7841 0
7842 2
7843 5
7844 1
7845 1
7846 0
7847 16
7848 6
7849 2
7850 12
7851 1
7852 7
7853 11
7854 11
7855 0
7856 0
7857 2
7858 12
7859 0
7860 2
7861 2
7862 5
7863 8
7864 8
7865 15
7866 0
7867 1
7868 12
7869 16
7870 9
7871 5
7872 3
7873 0
7874 0
7875 1
7876 2
7877 6
7878 1
7879 2
7880 12
7881 0
7882 7
7883 0
7884 4
7885 3
7886 10
7887 2
7888 0
7889 4
7890 4
7891 8
7892 4
7893 10
7894 0
7895 4
7896 3
7897 5
7898 2
7899 2
7900 2
7901 3
7902 5
7903 2
7904 19
7905 15
7906 3
7907 0
7908 10
7909 2
7910 1
7911 2
7912 12
7913 6
7914 0
7915 2
7916 20
7917 8
7918 4
7919 0
7920 16
7921 2
7922 21
7923 7
7924 4
7925 0
7926 1
7927 9
7928 3
7929 7
7930 0
7931 2
7932 8
7933 7
7934 12
7935 0
7936 19
7937 0
7938 16
7939 0
7940 2
7941 5
7942 0
7943 0
7944 12
7945 3
7946 2
7947 2
7948 16
7949 3
7950 8
7951 12
7952 3
7953 0
7954 0
7955 4
7956 2
7957 5
7958 0
7959 4
7960 7
7961 18
7962 20
7963 2
7964 0
7965 5
7966 3
7967 1
7968 22
7969 20
7970 10
7971 5
7972 6
7973 2
7974 1
7975 5
7976 18
7977 7
7978 0
7979 3
7980 0
7981 3
7982 0
7983 0
7984 1
7985 5
7986 19
7987 16
7988 10
7989 3
7990 20
7991 3
7992 2
7993 2
7994 0
7995 22
7996 1
7997 19
7998 18
7999 18
8000 0
8001 6
8002 22
8003 22
8004 1
8005 0
8006 10
8007 1
8008 0
8009 0
8010 18
8011 5
8012 18
8013 1
8014 18
8015 11
8016 7
8017 16
8018 15
8019 5
8020 0
8021 7
8022 10
8023 13
8024 8
8025 1
8026 0
8027 7
8028 18
8029 22
8030 17
8031 8
8032 6
8033 7
8034 1
8035 2
8036 2
8037 20
8038 9
8039 10
8040 8
8041 3
8042 23
8043 2
8044 7
8045 7
8046 13
8047 1
8048 7
8049 8
8050 1
8051 2
8052 1
8053 2
8054 15
8055 0
8056 5
8057 1
8058 8
8059 16
8060 9
8061 3
8062 5
8063 1
8064 20
8065 2
8066 21
8067 1
8068 3
8069 3
8070 1
8071 2
8072 3
8073 15
8074 2
8075 3
8076 8
8077 1
8078 3
8079 0
8080 12
8081 4
8082 5
8083 2
8084 4
8085 6
8086 12
8087 5
8088 1
8089 7
8090 1
8091 7
8092 14
8093 9
8094 1
8095 4
8096 17
8097 3
8098 8
8099 9
8100 3
8101 4
8102 1
8103 9
8104 7
8105 2
8106 1
8107 1
8108 4
8109 1
8110 2
8111 12
8112 15
8113 3
8114 16
8115 0
8116 0
8117 8
8118 18
8119 0
8120 0
8121 0
8122 0
8123 0
8124 3
8125 4
8126 1
8127 14
8128 1
8129 1
8130 2
8131 9
8132 14
8133 4
8134 8
8135 7
8136 4
8137 0
8138 9
8139 6
8140 14
8141 2
8142 8
8143 17
8144 0
8145 5
8146 16
8147 1
8148 9
8149 0
8150 0
8151 6
8152 0
8153 8
8154 0
8155 8
8156 19
8157 5
8158 14
8159 8
8160 3
8161 17
8162 20
8163 6
8164 10
8165 0
8166 12
8167 9
8168 5
8169 3
8170 17
8171 0
8172 0
8173 2
8174 3
8175 11
8176 11
8177 1
8178 6
8179 1
8180 14
8181 11
8182 18
8183 2
8184 4
8185 1
8186 7
8187 1
8188 17
8189 3
8190 22
8191 1
8192 11
8193 0
8194 8
8195 3
8196 1
8197 0
8198 2
8199 6
8200 2
8201 3
8202 3
8203 9
8204 11
8205 15
8206 2
8207 20
8208 2
8209 11
8210 0
8211 4
8212 6
8213 11
8214 9
8215 7
8216 3
8217 6
8218 19
8219 2
8220 19
8221 20
8222 5
8223 7
8224 2
8225 0
8226 2
8227 2
8228 0
8229 18
8230 6
8231 11
8232 1
8233 20
8234 17
8235 6
8236 15
8237 11
8238 14
8239 0
8240 8
8241 1
8242 14
8243 11
8244 19
8245 1
8246 7
8247 1
8248 3
8249 10
8250 3
8251 13
8252 4
8253 1
8254 8
8255 5
8256 6
8257 2
8258 0
8259 20
8260 1
8261 3
8262 4
8263 0
8264 8
8265 1
8266 2
8267 2
8268 17
8269 0
8270 6
8271 1
8272 8
8273 22
8274 6
8275 14
8276 1
8277 19
8278 14
8279 2
8280 2
8281 1
8282 7
8283 1
8284 2
8285 19
8286 20
8287 3
8288 1
8289 0
8290 15
8291 3
8292 1
8293 9
8294 0
8295 3
8296 0
8297 16
8298 3
8299 1
8300 6
8301 10
8302 21
8303 15
8304 8
8305 11
8306 3
8307 5
8308 3
8309 0
8310 14
8311 3
8312 1
8313 11
8314 2
8315 0
8316 3
8317 6
8318 2
8319 14
8320 11
8321 10
8322 15
8323 2
8324 4
8325 12
8326 9
8327 0
8328 2
8329 3
8330 9
8331 20
8332 15
8333 23
8334 11
8335 3
8336 1
8337 2
8338 14
8339 1
8340 17
8341 1
8342 12
8343 19
8344 15
8345 3
8346 15
8347 7
8348 2
8349 1
8350 2
8351 1
8352 1
8353 3
8354 4
8355 21
8356 0
8357 1
8358 3
8359 19
8360 18
8361 3
8362 19
8363 11
8364 3
8365 3
8366 0
8367 14
8368 0
8369 4
8370 4
8371 5
8372 7
8373 3
8374 2
8375 0
8376 7
8377 2
8378 21
8379 17
8380 2
8381 23
8382 19
8383 10
8384 9
8385 23
8386 15
8387 10
8388 2
8389 2
8390 2
8391 0
8392 11
8393 1
8394 5
8395 14
8396 6
8397 0
8398 18
8399 6
8400 1
8401 9
8402 1
8403 11
8404 4
8405 14
8406 4
8407 10
8408 3
8409 6
8410 8
8411 1
8412 1
8413 23
8414 8
8415 7
8416 3
8417 7
8418 0
8419 3
8420 23
8421 17
8422 11
8423 19
8424 1
8425 1
8426 14
8427 6
8428 14
8429 1
8430 9
8431 7
8432 11
8433 1
8434 1
8435 0
8436 18
8437 20
8438 19
8439 0
8440 23
8441 1
8442 2
8443 20
8444 0
8445 0
8446 9
8447 3
8448 19
8449 1
8450 14
8451 4
8452 22
8453 0
8454 1
8455 5
8456 6
8457 14
8458 0
8459 0
8460 5
8461 10
8462 14
8463 0
8464 1
8465 23
8466 9
8467 9
8468 15
8469 1
8470 9
8471 14
8472 4
8473 21
8474 22
8475 0
8476 3
8477 2
8478 2
8479 5
8480 16
8481 7
8482 22
8483 17
8484 20
8485 2
8486 17
8487 4
8488 1
8489 0
8490 2
8491 21
8492 2
8493 17
8494 0
8495 6
8496 3
8497 0
8498 18
8499 1
8500 11
8501 1
8502 10
8503 7
8504 16
8505 14
8506 22
8507 17
8508 2
8509 16
8510 1
8511 2
8512 4
8513 12
8514 3
8515 0
8516 1
8517 11
8518 5
8519 5
8520 3
8521 0
8522 19
8523 3
8524 16
8525 4
8526 6
8527 2
8528 1
8529 3
8530 14
8531 14
8532 1
8533 0
8534 2
8535 14
8536 0
8537 0
8538 20
8539 1
8540 19
8541 15
8542 5
8543 3
8544 0
8545 6
8546 22
8547 0
8548 2
8549 1
8550 4
8551 10
8552 3
8553 2
8554 4
8555 19
8556 1
8557 1
8558 0
8559 3
8560 1
8561 2
8562 1
8563 2
8564 8
8565 1
8566 19
8567 1
8568 7
8569 19
8570 1
8571 3
8572 9
8573 5
8574 19
8575 9
8576 2
8577 0
8578 22
8579 1
8580 1
8581 1
8582 14
8583 8
8584 1
8585 1
8586 4
8587 7
8588 2
8589 18
8590 8
8591 16
8592 8
8593 5
8594 7
8595 7
8596 3
8597 4
8598 0
8599 7
8600 2
8601 18
8602 4
8603 4
8604 6
8605 3
8606 0
8607 5
8608 2
8609 2
8610 7
8611 2
8612 3
8613 3
8614 18
8615 2
8616 7
8617 1
8618 2
8619 4
8620 0
8621 3
8622 4
8623 7
8624 21
8625 19
8626 0
8627 13
8628 22
8629 2
8630 7
8631 0
8632 11
8633 0
8634 4
8635 10
8636 14
8637 4
8638 10
8639 6
8640 3
8641 2
8642 9
8643 1
8644 7
8645 23
8646 3
8647 15
8648 0
8649 15
8650 4
8651 11
8652 1
8653 5
8654 17
8655 3
8656 0
8657 5
8658 1
8659 8
8660 6
8661 2
8662 0
8663 23
8664 7
8665 18
8666 11
8667 1
8668 4
8669 16
8670 1
8671 18
8672 15
8673 8
8674 10
8675 4
8676 3
8677 17
8678 7
8679 7
8680 1
8681 6
8682 2
8683 15
8684 0
8685 2
8686 0
8687 19
8688 8
8689 17
8690 3
8691 10
8692 17
8693 14
8694 4
8695 9
8696 22
8697 7
8698 3
8699 4
8700 2
8701 0
8702 15
8703 3
8704 10
8705 15
8706 14
8707 8
8708 0
8709 11
8710 2
8711 1
8712 0
8713 5
8714 7
8715 3
8716 8
8717 15
8718 0
8719 3
8720 3
8721 19
8722 12
8723 0
8724 2
8725 13
8726 7
8727 2
8728 10
8729 14
8730 11
8731 3
8732 3
8733 2
8734 0
8735 2
8736 20
8737 21
8738 9
8739 0
8740 15
8741 4
8742 14
8743 9
8744 20
8745 23
8746 8
8747 6
8748 0
8749 1
8750 10
8751 0
8752 2
8753 2
8754 4
8755 1
8756 6
8757 15
8758 21
8759 2
8760 21
8761 10
8762 3
8763 3
8764 20
8765 1
8766 7
8767 10
8768 3
8769 22
8770 5
8771 4
8772 2
8773 0
8774 4
8775 2
8776 21
8777 2
8778 6
8779 13
8780 23
8781 1
8782 10
8783 0
8784 12
8785 1
8786 0
8787 3
8788 3
8789 3
8790 15
8791 1
8792 7
8793 4
8794 1
8795 2
8796 1
8797 5
8798 1
8799 21
8800 7
8801 6
8802 6
8803 4
8804 16
8805 0
8806 5
8807 16
8808 5
8809 3
8810 2
8811 19
8812 17
8813 9
8814 5
8815 2
8816 18
8817 21
8818 0
8819 1
8820 2
8821 3
8822 9
8823 19
8824 3
8825 3
8826 6
8827 0
8828 2
8829 1
8830 2
8831 22
8832 8
8833 16
8834 3
8835 1
8836 6
8837 0
8838 1
8839 3
8840 4
8841 21
8842 21
8843 0
8844 4
8845 0
8846 2
8847 2
8848 5
8849 4
8850 3
8851 0
8852 4
8853 2
8854 5
8855 1
8856 12
8857 8
8858 2
8859 0
8860 22
8861 5
8862 0
8863 0
8864 5
8865 2
8866 17
8867 1
8868 1
8869 4
8870 22
8871 4
8872 1
8873 1
8874 16
8875 13
8876 6
8877 5
8878 2
8879 15
8880 0
8881 19
8882 8
8883 0
8884 14
8885 1
8886 14
8887 8
8888 0
8889 4
8890 5
8891 5
8892 1
8893 1
8894 11
8895 0
8896 19
8897 11
8898 3
8899 1
8900 4
8901 7
8902 3
8903 2
8904 2
8905 16
8906 2
8907 3
8908 0
8909 8
8910 3
8911 1
8912 5
8913 12
8914 3
8915 13
8916 0
8917 1
8918 6
8919 12
8920 17
8921 0
8922 7
8923 2
8924 0
8925 3
8926 16
8927 22
8928 21
8929 2
8930 2
8931 2
8932 13
8933 0
8934 2
8935 1
8936 2
8937 1
8938 4
8939 10
8940 4
8941 20
8942 2
8943 22
8944 5
8945 17
8946 1
8947 5
8948 16
8949 3
8950 4
8951 6
8952 7
8953 3
8954 8
8955 9
8956 8
8957 0
8958 21
8959 16
8960 0
8961 4
8962 5
8963 1
8964 6
8965 11
8966 1
8967 4
8968 4
8969 2
8970 8
8971 1
8972 20
8973 1
8974 0
8975 0
8976 0
8977 2
8978 4
8979 3
8980 2
8981 22
8982 3
8983 16
8984 2
8985 1
8986 0
8987 22
8988 0
8989 1
8990 18
8991 2
8992 16
8993 4
8994 16
8995 7
8996 1
8997 2
8998 0
8999 19
9000 0
9001 0
9002 1
9003 3
9004 19
9005 1
9006 15
9007 0
9008 3
9009 8
9010 0
9011 4
9012 0
9013 3
9014 5
9015 1
9016 5
9017 13
9018 16
9019 19
9020 8
9021 7
9022 1
9023 19
9024 1
9025 17
9026 1
9027 1
9028 13
9029 2
9030 1
9031 7
9032 1
9033 3
9034 8
9035 3
9036 3
9037 0
9038 2
9039 1
9040 2
9041 16
9042 4
9043 0
9044 4
9045 0
9046 1
9047 10
9048 3
9049 3
9050 18
9051 11
9052 21
9053 12
9054 12
9055 3
9056 8
9057 1
9058 4
9059 2
9060 15
9061 0
9062 9
9063 1
9064 2
9065 3
9066 2
9067 1
9068 3
9069 2
9070 2
9071 3
9072 4
9073 3
9074 1
9075 2
9076 3
9077 8
9078 9
9079 12
9080 1
9081 1
9082 3
9083 0
9084 5
9085 0
9086 18
9087 18
9088 13
9089 14
9090 8
9091 8
9092 2
9093 1
9094 6
9095 18
9096 4
9097 8
9098 12
9099 4
9100 3
9101 20
9102 0
9103 3
9104 2
9105 1
9106 1
9107 7
9108 1
9109 21
9110 13
9111 0
9112 3
9113 1
9114 12
9115 7
9116 4
9117 5
9118 2
9119 2
9120 8
9121 5
9122 3
9123 4
9124 7
9125 20
9126 6
9127 4
9128 5
9129 1
9130 0
9131 0
9132 3
9133 3
9134 6
9135 11
9136 2
9137 3
9138 2
9139 0
9140 14
9141 14
9142 14
9143 1
9144 3
9145 1
9146 2
9147 4
9148 1
9149 4
9150 18
9151 4
9152 12
9153 2
9154 20
9155 3
9156 21
9157 0
9158 11
9159 7
9160 9
9161 1
9162 20
9163 1
9164 4
9165 0
9166 5
9167 9
9168 9
9169 1
9170 4
9171 2
9172 2
9173 22
9174 2
9175 16
9176 3
9177 3
9178 21
9179 20
9180 9
9181 2
9182 0
9183 0
9184 1
9185 1
9186 23
9187 21
9188 0
9189 3
9190 3
9191 5
9192 5
9193 2
9194 6
9195 6
9196 14
9197 4
9198 0
9199 3
9200 9
9201 11
9202 1
9203 2
9204 10
9205 1
9206 0
9207 0
9208 2
9209 17
9210 5
9211 9
9212 1
9213 13
9214 20
9215 3
9216 5
9217 14
9218 2
9219 12
9220 19
9221 12
9222 3
9223 21
9224 0
9225 1
9226 23
9227 18
9228 10
9229 2
9230 0
9231 2
9232 21
9233 3
9234 0
9235 10
9236 17
9237 3
9238 13
9239 4
9240 2
9241 0
9242 6
9243 18
9244 2
9245 12
9246 12
9247 3
9248 10
9249 4
9250 11
9251 4
9252 6
9253 9
9254 3
9255 2
9256 10
9257 0
9258 3
9259 19
9260 5
9261 0
9262 15
9263 8
9264 2
9265 18
9266 15
9267 0
9268 0
9269 0
9270 4
9271 11
9272 3
9273 7
9274 2
9275 19
9276 1
9277 0
9278 3
9279 0
9280 4
9281 0
9282 4
9283 0
9284 22
9285 3
9286 5
9287 18
9288 18
9289 1
9290 0
9291 0
9292 5
9293 0
9294 2
9295 16
9296 3
9297 1
9298 6
9299 6
9300 6
9301 6
9302 0
9303 1
9304 5
9305 12
9306 0
9307 0
9308 0
9309 5
9310 13
9311 3
9312 7
9313 1
9314 0
9315 10
9316 16
9317 4
9318 3
9319 18
9320 8
9321 1
9322 0
9323 3
9324 3
9325 5
9326 22
9327 3
9328 1
9329 3
9330 3
9331 4
9332 3
9333 2
9334 11
9335 2
9336 2
9337 5
9338 14
9339 3
9340 11
9341 2
9342 0
9343 0
9344 14
9345 3
9346 1
9347 6
9348 2
9349 12
9350 0
9351 1
9352 19
9353 0
9354 3
9355 0
9356 5
9357 3
9358 9
9359 5
9360 1
9361 2
9362 2
9363 15
9364 6
9365 12
9366 0
9367 7
9368 7
9369 18
9370 5
9371 1
9372 1
9373 4
9374 0
9375 13
9376 2
9377 1
9378 7
9379 0
9380 18
9381 11
9382 9
9383 0
9384 0
9385 20
9386 4
9387 6
9388 2
9389 3
9390 0
9391 22
9392 5
9393 5
9394 3
9395 6
9396 0
9397 9
9398 6
9399 0
9400 0
9401 13
9402 3
9403 1
9404 0
9405 7
9406 2
9407 3
9408 6
9409 3
9410 0
9411 11
9412 10
9413 22
9414 19
9415 1
9416 1
9417 12
9418 18
9419 11
9420 7
9421 9
9422 0
9423 4
9424 1
9425 12
9426 0
9427 21
9428 0
9429 10
9430 0
9431 0
9432 0
9433 0
9434 2
9435 1
9436 2
9437 2
9438 1
9439 2
9440 1
9441 0
9442 14
9443 19
9444 0
9445 12
9446 4
9447 3
9448 19
9449 3
9450 5
9451 3
9452 0
9453 1
9454 3
9455 3
9456 21
9457 1
9458 4
9459 13
9460 3
9461 1
9462 0
9463 6
9464 22
9465 21
9466 3
9467 1
9468 0
9469 19
9470 5
9471 2
9472 2
9473 0
9474 0
9475 12
9476 1
9477 3
9478 0
9479 2
9480 1
9481 22
9482 1
9483 13
9484 10
9485 2
9486 7
9487 23
9488 21
9489 3
9490 6
9491 9
9492 5
9493 21
9494 2
9495 6
9496 3
9497 2
9498 3
9499 1
9500 6
9501 2
9502 16
9503 16
9504 20
9505 2
9506 7
9507 0
9508 0
9509 15
9510 13
9511 0
9512 22
9513 3
9514 1
9515 1
9516 2
9517 17
9518 1
9519 21
9520 0
9521 8
9522 2
9523 10
9524 15
9525 2
9526 17
9527 8
9528 5
9529 1
9530 2
9531 0
9532 15
9533 0
9534 4
9535 6
9536 20
9537 4
9538 0
9539 0
9540 9
9541 5
9542 7
9543 1
9544 2
9545 0
9546 1
9547 6
9548 11
9549 21
9550 0
9551 4
9552 0
9553 10
9554 3
9555 5
9556 12
9557 2
9558 0
9559 4
9560 8
9561 0
9562 10
9563 1
9564 2
9565 10
9566 2
9567 1
9568 6
9569 4
9570 0
9571 3
9572 2
9573 2
9574 1
9575 2
9576 0
9577 3
9578 20
9579 13
9580 1
9581 1
9582 1
9583 22
9584 1
9585 8
9586 5
9587 2
9588 0
9589 0
9590 4
9591 2
9592 12
9593 2
9594 3
9595 4
9596 7
9597 3
9598 0
9599 12
9600 1
9601 1
9602 14
9603 0
9604 4
9605 3
9606 1
9607 16
9608 5
9609 20
9610 11
9611 20
9612 19
9613 19
9614 4
9615 1
9616 6
9617 0
9618 20
9619 14
9620 5
9621 8
9622 0
9623 1
9624 19
9625 0
9626 20
9627 1
9628 3
9629 5
9630 21
9631 2
9632 4
9633 8
9634 5
9635 3
9636 4
9637 20
9638 15
9639 8
9640 1
9641 3
9642 19
9643 2
9644 7
9645 0
9646 2
9647 0
9648 11
9649 4
9650 0
9651 4
9652 12
9653 0
9654 8
9655 2
9656 1
9657 1
9658 6
9659 8
9660 9
9661 5
9662 11
9663 4
9664 7
9665 4
9666 13
9667 5
9668 13
9669 7
9670 15
9671 11
9672 8
9673 9
9674 3
9675 0
9676 23
9677 7
9678 2
9679 11
9680 22
9681 3
9682 0
9683 2
9684 12
9685 2
9686 1
9687 4
9688 0
9689 4
9690 3
9691 0
9692 5
9693 0
9694 3
9695 1
9696 1
9697 1
9698 2
9699 2
9700 7
9701 4
9702 10
9703 3
9704 3
9705 22
9706 4
9707 2
9708 2
9709 1
9710 17
9711 9
9712 2
9713 16
9714 1
9715 3
9716 4
9717 1
9718 21
9719 4
9720 3
9721 13
9722 7
9723 1
9724 4
9725 10
9726 6
9727 0
9728 3
9729 16
9730 1
9731 3
9732 3
9733 2
9734 1
9735 0
9736 14
9737 4
9738 4
9739 3
9740 21
9741 2
9742 11
9743 16
9744 4
9745 1
9746 12
9747 18
9748 17
9749 22
9750 0
9751 5
9752 9
9753 8
9754 2
9755 3
9756 3
9757 16
9758 1
9759 10
9760 2
9761 7
9762 12
9763 7
9764 0
9765 2
9766 6
9767 0
9768 0
9769 1
9770 3
9771 0
9772 0
9773 23
9774 2
9775 3
9776 1
9777 13
9778 17
9779 0
9780 10
9781 4
9782 13
9783 17
9784 1
9785 3
9786 22
9787 18
9788 19
9789 16
9790 17
9791 0
9792 1
9793 2
9794 8
9795 13
9796 2
9797 1
9798 3
9799 10
9800 0
9801 17
9802 6
9803 2
9804 3
9805 3
9806 1
9807 3
9808 0
9809 3
9810 2
9811 17
9812 6
9813 11
9814 1
9815 3
9816 5
9817 3
9818 3
9819 4
9820 11
9821 8
9822 3
9823 1
9824 7
9825 1
9826 9
9827 5
9828 16
9829 10
9830 10
9831 9
9832 9
9833 1
9834 6
9835 20
9836 9
9837 2
9838 0
9839 4
9840 2
9841 4
9842 0
9843 5
9844 19
9845 8
9846 10
9847 4
9848 3
9849 2
9850 2
9851 3
9852 11
9853 2
9854 0
9855 3
9856 0
9857 3
9858 21
9859 0
9860 0
9861 5
9862 22
9863 1
9864 1
9865 13
9866 15
9867 1
9868 21
9869 2
9870 7
9871 2
9872 9
9873 12
9874 1
9875 6
9876 2
9877 1
9878 0
9879 4
9880 0
9881 2
9882 2
9883 19
9884 1
9885 11
9886 3
9887 6
9888 5
9889 6
9890 7
9891 9
9892 1
9893 1
9894 14
9895 10
9896 2
9897 10
9898 19
9899 11
9900 5
9901 7
9902 8
9903 1
9904 9
9905 21
9906 0
9907 13
9908 3
9909 10
9910 23
9911 18
9912 11
9913 5
9914 4
9915 3
9916 5
9917 7
9918 1
9919 5
9920 12
9921 3
9922 1
9923 3
9924 7
9925 2
9926 1
9927 5
9928 23
9929 3
9930 4
9931 10
9932 0
9933 1
9934 8
9935 3
9936 12
9937 4
9938 0
9939 0
9940 0
9941 1
9942 3
9943 6
9944 0
9945 1
9946 2
9947 4
9948 4
9949 17
9950 22
9951 1
9952 2
9953 8
9954 17
9955 7
9956 16
9957 0
9958 4
9959 15
9960 0
9961 2
9962 3
9963 2
9964 11
9965 3
9966 1
9967 0
9968 8
9969 0
9970 1
9971 19
9972 10
9973 4
9974 4
9975 11
9976 8
9977 5
9978 1
9979 14
9980 1
9981 0
9982 2
9983 0
9984 1
9985 2
9986 4
9987 1
9988 2
9989 20
9990 7
9991 3
9992 2
9993 5
9994 2
9995 12
9996 3
9997 0
9998 20
9999 2
