0	0
138	0
164	0
225	0
257	0
493	0
523	0
594	0
671	0
824	0
839	0
87	0
335	0
385	0
394	0
417	0
660	0
784	0
900	0
934	0
105	0
383	0
455	0
502	0
636	0
820	0
978	0
332	0
341	0
616	0
5	0
32	0
92	0
150	0
371	0
608	0
655	0
675	0
751	0
611	0
741	0
992	0
208	0
413	0
484	0
702	0
860	0
86	0
526	0
169	0
542	0
921	0
74	0
226	0
454	0
832	0
857	0
55	0
145	0
168	0
246	0
457	0
549	0
364	0
252	0
253	0
426	0
800	0
830	0
904	0
59	0
514	0
424	0
463	0
478	0
399	0
880	0
924	0
398	0
554	0
562	0
621	0
290	0
313	0
496	0
510	0
982	0
19	0
81	0
186	0
270	0
282	0
445	0
475	0
504	0
809	0
990	0
412	0
758	0
400	0
402	0
283	0
816	0
870	0
734	0
891	0
903	0
178	0
574	0
612	0
748	0
786	0
811	0
382	0
794	0
210	0
753	0
928	0
27	0
289	0
703	0
769	0
961	0
970	0
28	0
219	0
351	0
366	0
488	0
513	0
577	0
855	0
912	0
733	0
987	0
153	0
306	0
568	0
410	0
700	0
76	0
182	0
235	0
297	0
343	0
354	0
630	0
589	0
668	0
739	0
521	0
552	0
37	0
84	0
162	0
296	0
503	0
960	0
99	0
39	0
129	0
709	0
852	0
149	0
188	0
460	0
607	0
43	0
308	0
456	0
899	0
45	0
294	0
374	0
536	0
886	0
151	0
167	0
187	0
879	0
47	0
726	0
854	0
885	0
280	0
773	0
844	0
940	0
172	0
317	0
386	0
717	0
813	0
892	0
893	0
116	0
714	0
53	0
156	0
54	0
242	0
272	0
311	0
425	0
677	0
955	0
56	0
117	0
130	0
427	0
678	0
825	0
950	0
230	0
236	0
775	0
360	0
216	0
929	0
154	0
656	0
62	0
390	0
638	0
713	0
742	0
63	0
249	0
617	0
380	0
946	0
139	0
782	0
693	0
67	0
720	0
888	0
69	0
75	0
541	0
771	0
401	0
959	0
831	0
108	0
759	0
792	0
943	0
431	0
592	0
593	0
968	0
862	0
378	0
975	0
803	0
529	0
631	0
684	0
868	0
490	0
637	0
408	0
418	0
505	0
966	0
972	0
193	0
97	0
927	0
745	0
430	0
814	0
106	0
171	0
271	0
218	0
344	0
701	0
189	0
212	0
391	0
963	0
735	0
881	0
917	0
215	0
518	0
595	0
357	0
325	0
453	0
915	0
664	0
953	0
767	0
465	0
667	0
619	0
328	0
160	1
161	1
304	1
370	1
469	1
494	1
690	1
715	1
836	1
83	1
222	1
305	1
307	1
495	1
564	1
572	1
605	1
764	1
853	1
916	1
983	1
2	1
124	1
221	1
251	1
265	1
334	1
355	1
449	1
470	1
560	1
676	1
882	1
884	1
896	1
3	1
6	1
110	1
114	1
204	1
254	1
319	1
326	1
392	1
533	1
586	1
632	1
819	1
822	1
883	1
4	1
13	1
16	1
48	1
52	1
146	1
201	1
277	1
309	1
363	1
497	1
606	1
613	1
651	1
719	1
802	1
815	1
874	1
22	1
41	1
347	1
356	1
476	1
583	1
21	1
79	1
256	1
519	1
548	1
679	1
737	1
810	1
835	1
845	1
909	1
935	1
148	1
199	1
300	1
538	1
965	1
8	1
68	1
70	1
152	1
266	1
322	1
477	1
614	1
654	1
740	1
947	1
962	1
9	1
49	1
78	1
165	1
227	1
433	1
509	1
520	1
531	1
633	1
698	1
710	1
765	1
790	1
865	1
878	1
10	1
147	1
198	1
432	1
468	1
537	1
546	1
599	1
600	1
622	1
666	1
696	1
866	1
889	1
973	1
423	1
590	1
986	1
12	1
269	1
292	1
377	1
421	1
547	1
566	1
663	1
791	1
867	1
906	1
996	1
135	1
543	1
659	1
695	1
805	1
14	1
177	1
288	1
381	1
429	1
539	1
602	1
209	1
211	1
750	1
761	1
864	1
974	1
977	1
214	1
276	1
620	1
725	1
785	1
799	1
890	1
17	1
194	1
231	1
376	1
415	1
524	1
626	1
781	1
843	1
858	1
952	1
31	1
80	1
104	1
180	1
243	1
314	1
479	1
840	1
861	1
350	1
776	1
384	1
508	1
517	1
801	1
82	1
473	1
558	1
649	1
26	1
118	1
185	1
247	1
587	1
985	1
23	1
179	1
301	1
369	1
393	1
435	1
443	1
466	1
556	1
563	1
627	1
661	1
674	1
762	1
826	1
837	1
902	1
941	1
120	1
174	1
229	1
419	1
581	1
768	1
897	1
125	1
158	1
956	1
121	1
342	1
407	1
442	1
755	1
817	1
847	1
907	1
291	1
367	1
411	1
506	1
642	1
818	1
40	1
29	1
140	1
353	1
428	1
643	1
933	1
772	1
914	1
922	1
61	1
91	1
228	1
379	1
728	1
142	1
397	1
515	1
895	1
73	1
261	1
275	1
330	1
499	1
625	1
841	1
34	1
126	1
596	1
629	1
35	1
132	1
244	1
462	1
525	1
763	1
36	1
206	1
285	1
373	1
482	1
491	1
721	1
245	1
754	1
989	1
38	1
217	1
237	1
472	1
530	1
273	1
331	1
507	1
565	1
50	1
694	1
708	1
872	1
176	1
752	1
796	1
958	1
141	1
358	1
438	1
278	1
420	1
71	1
144	1
910	1
945	1
925	1
46	1
597	1
628	1
175	1
871	1
302	1
375	1
409	1
461	1
540	1
645	1
730	1
760	1
96	1
159	1
327	1
744	1
766	1
798	1
967	1
213	1
303	1
312	1
51	1
615	1
173	1
258	1
877	1
458	1
467	1
932	1
559	1
264	1
688	1
699	1
716	1
887	1
57	1
362	1
756	1
859	1
58	1
131	1
422	1
954	1
692	1
60	1
181	1
365	1
601	1
241	1
396	1
414	1
624	1
286	1
939	1
274	1
372	1
930	1
64	1
263	1
551	1
65	1
137	1
192	1
846	1
873	1
346	1
439	1
474	1
640	1
732	1
299	1
485	1
747	1
191	1
239	1
316	1
450	1
704	1
778	1
72	1
770	1
268	1
489	1
500	1
603	1
85	1
444	1
133	1
944	1
573	1
749	1
821	1
875	1
348	1
823	1
259	1
406	1
281	1
522	1
669	1
723	1
718	1
913	1
789	1
936	1
738	1
387	1
639	1
780	1
969	1
680	1
128	1
757	1
329	1
808	1
948	1
190	1
964	1
234	1
610	1
109	1
920	1
650	1
634	1
196	1
200	1
336	1
481	1
926	1
571	1
691	1
869	1
111	1
279	1
609	1
240	1
448	1
248	1
340	1
657	1
806	1
976	1
653	1
119	1
459	1
641	1
195	1
170	1
545	1
998	1
848	1
648	1
724	1
828	1
323	1
544	1
550	1
576	1
683	1
483	1
447	1
452	1
585	1
834	1
582	1
729	1
647	1
919	1
232	1
995	1
937	1
511	1
665	1
183	1
707	1
736	1
849	1
205	1
464	1
697	1
471	1
685	1
838	1
404	1
333	2
1	2
267	2
295	2
359	2
395	2
570	2
584	2
827	2
856	2
923	2
942	2
197	2
318	2
403	2
440	2
203	2
320	2
898	2
993	2
101	2
487	2
535	2
94	2
687	2
7	2
238	2
532	2
580	2
670	2
672	2
807	2
315	2
567	2
591	2
569	2
11	2
134	2
250	2
284	2
434	2
578	2
658	2
804	2
829	2
260	2
77	2
107	2
224	2
233	2
555	2
618	2
706	2
15	2
103	2
501	2
783	2
293	2
673	2
788	2
905	2
18	2
90	2
287	2
352	2
492	2
575	2
833	2
598	2
20	2
262	2
528	2
604	2
787	2
850	2
894	2
949	2
994	2
113	2
42	2
451	2
731	2
777	2
127	2
24	2
95	2
561	2
579	2
25	2
662	2
842	2
863	2
908	2
255	2
516	2
918	2
298	2
999	2
30	2
338	2
588	2
33	2
100	2
184	2
793	2
979	2
779	2
223	2
446	2
635	2
115	2
980	2
812	2
901	2
166	2
682	2
512	2
984	2
66	2
44	2
339	2
361	2
498	2
712	2
93	2
938	2
436	2
88	2
711	2
774	2
681	2
324	2
991	2
349	2
686	2
722	2
557	2
997	2
553	2
112	2
534	2
136	2
527	2
345	2
652	2
123	2
202	2
988	2
646	2
971	2
437	2
981	2
337	2
388	2
746	2
951	2
89	2
220	2
405	2
441	2
797	2
163	2
644	2
689	2
368	2
389	2
705	2
98	2
795	2
122	2
102	2
851	2
931	2
157	2
143	2
743	2
155	2
911	2
480	2
623	2
876	2
957	2
207	2
416	2
486	2
310	2
321	2
727	2
1999	3
1991	3
1990	3
1992	3
1993	3
1994	3
1995	3
1996	3
1997	3
1998	3
1000	4
1001	4
1002	4
1003	4
1004	4
1005	4
1006	4
1007	4
1008	4
1009	4
1010	5
1011	5
1012	5
1013	5
1014	5
1015	5
1016	5
1017	5
1018	5
1019	5
1020	6
1021	6
1022	6
1023	6
1024	6
1025	6
1026	6
1027	6
1028	6
1029	6
1030	7
1031	7
1032	7
1033	7
1034	7
1035	7
1036	7
1037	7
1038	7
1039	7
1040	8
1041	8
1042	8
1043	8
1044	8
1045	8
1046	8
1047	8
1048	8
1049	8
1050	9
1051	9
1052	9
1053	9
1054	9
1055	9
1056	9
1057	9
1058	9
1059	9
1060	10
1061	10
1062	10
1063	10
1064	10
1065	10
1066	10
1067	10
1068	10
1069	10
1070	11
1071	11
1072	11
1073	11
1074	11
1075	11
1076	11
1077	11
1078	11
1079	11
1080	12
1081	12
1082	12
1083	12
1084	12
1085	12
1086	12
1087	12
1088	12
1089	12
1090	13
1091	13
1092	13
1093	13
1094	13
1095	13
1096	13
1097	13
1098	13
1099	13
1100	14
1101	14
1102	14
1103	14
1104	14
1105	14
1106	14
1107	14
1108	14
1109	14
1110	15
1111	15
1112	15
1113	15
1114	15
1115	15
1116	15
1117	15
1118	15
1119	15
1120	16
1121	16
1122	16
1123	16
1124	16
1125	16
1126	16
1127	16
1128	16
1129	16
1130	17
1131	17
1132	17
1133	17
1134	17
1135	17
1136	17
1137	17
1138	17
1139	17
1140	18
1141	18
1142	18
1143	18
1144	18
1145	18
1146	18
1147	18
1148	18
1149	18
1150	19
1151	19
1152	19
1153	19
1154	19
1155	19
1156	19
1157	19
1158	19
1159	19
1160	20
1161	20
1162	20
1163	20
1164	20
1165	20
1166	20
1167	20
1168	20
1169	20
1170	21
1171	21
1172	21
1173	21
1174	21
1175	21
1176	21
1177	21
1178	21
1179	21
1180	22
1181	22
1182	22
1183	22
1184	22
1185	22
1186	22
1187	22
1188	22
1189	22
1190	23
1191	23
1192	23
1193	23
1194	23
1195	23
1196	23
1197	23
1198	23
1199	23
1200	24
1201	24
1202	24
1203	24
1204	24
1205	24
1206	24
1207	24
1208	24
1209	24
1210	25
1211	25
1212	25
1213	25
1214	25
1215	25
1216	25
1217	25
1218	25
1219	25
1220	26
1221	26
1222	26
1223	26
1224	26
1225	26
1226	26
1227	26
1228	26
1229	26
1230	27
1231	27
1232	27
1233	27
1234	27
1235	27
1236	27
1237	27
1238	27
1239	27
1240	28
1241	28
1242	28
1243	28
1244	28
1245	28
1246	28
1247	28
1248	28
1249	28
1250	29
1251	29
1252	29
1253	29
1254	29
1255	29
1256	29
1257	29
1258	29
1259	29
1260	30
1261	30
1262	30
1263	30
1264	30
1265	30
1266	30
1267	30
1268	30
1269	30
1270	31
1271	31
1272	31
1273	31
1274	31
1275	31
1276	31
1277	31
1278	31
1279	31
1280	32
1281	32
1282	32
1283	32
1284	32
1285	32
1286	32
1287	32
1288	32
1289	32
1290	33
1291	33
1292	33
1293	33
1294	33
1295	33
1296	33
1297	33
1298	33
1299	33
1300	34
1301	34
1302	34
1303	34
1304	34
1305	34
1306	34
1307	34
1308	34
1309	34
1310	35
1311	35
1312	35
1313	35
1314	35
1315	35
1316	35
1317	35
1318	35
1319	35
1320	36
1321	36
1322	36
1323	36
1324	36
1325	36
1326	36
1327	36
1328	36
1329	36
1330	37
1331	37
1332	37
1333	37
1334	37
1335	37
1336	37
1337	37
1338	37
1339	37
1340	38
1341	38
1342	38
1343	38
1344	38
1345	38
1346	38
1347	38
1348	38
1349	38
1350	39
1351	39
1352	39
1353	39
1354	39
1355	39
1356	39
1357	39
1358	39
1359	39
1360	40
1361	40
1362	40
1363	40
1364	40
1365	40
1366	40
1367	40
1368	40
1369	40
1370	41
1371	41
1372	41
1373	41
1374	41
1375	41
1376	41
1377	41
1378	41
1379	41
1380	42
1381	42
1382	42
1383	42
1384	42
1385	42
1386	42
1387	42
1388	42
1389	42
1390	43
1391	43
1392	43
1393	43
1394	43
1395	43
1396	43
1397	43
1398	43
1399	43
1400	44
1401	44
1402	44
1403	44
1404	44
1405	44
1406	44
1407	44
1408	44
1409	44
1410	45
1411	45
1412	45
1413	45
1414	45
1415	45
1416	45
1417	45
1418	45
1419	45
1420	46
1421	46
1422	46
1423	46
1424	46
1425	46
1426	46
1427	46
1428	46
1429	46
1430	47
1431	47
1432	47
1433	47
1434	47
1435	47
1436	47
1437	47
1438	47
1439	47
1440	48
1441	48
1442	48
1443	48
1444	48
1445	48
1446	48
1447	48
1448	48
1449	48
1450	49
1451	49
1452	49
1453	49
1454	49
1455	49
1456	49
1457	49
1458	49
1459	49
1460	50
1461	50
1462	50
1463	50
1464	50
1465	50
1466	50
1467	50
1468	50
1469	50
1470	51
1471	51
1472	51
1473	51
1474	51
1475	51
1476	51
1477	51
1478	51
1479	51
1480	52
1481	52
1482	52
1483	52
1484	52
1485	52
1486	52
1487	52
1488	52
1489	52
1490	53
1491	53
1492	53
1493	53
1494	53
1495	53
1496	53
1497	53
1498	53
1499	53
1500	54
1501	54
1502	54
1503	54
1504	54
1505	54
1506	54
1507	54
1508	54
1509	54
1510	55
1511	55
1512	55
1513	55
1514	55
1515	55
1516	55
1517	55
1518	55
1519	55
1520	56
1521	56
1522	56
1523	56
1524	56
1525	56
1526	56
1527	56
1528	56
1529	56
1530	57
1531	57
1532	57
1533	57
1534	57
1535	57
1536	57
1537	57
1538	57
1539	57
1540	58
1541	58
1542	58
1543	58
1544	58
1545	58
1546	58
1547	58
1548	58
1549	58
1550	59
1551	59
1552	59
1553	59
1554	59
1555	59
1556	59
1557	59
1558	59
1559	59
1560	60
1561	60
1562	60
1563	60
1564	60
1565	60
1566	60
1567	60
1568	60
1569	60
1570	61
1571	61
1572	61
1573	61
1574	61
1575	61
1576	61
1577	61
1578	61
1579	61
1580	62
1581	62
1582	62
1583	62
1584	62
1585	62
1586	62
1587	62
1588	62
1589	62
1590	63
1591	63
1592	63
1593	63
1594	63
1595	63
1596	63
1597	63
1598	63
1599	63
1600	64
1601	64
1602	64
1603	64
1604	64
1605	64
1606	64
1607	64
1608	64
1609	64
1610	65
1611	65
1612	65
1613	65
1614	65
1615	65
1616	65
1617	65
1618	65
1619	65
1620	66
1621	66
1622	66
1623	66
1624	66
1625	66
1626	66
1627	66
1628	66
1629	66
1630	67
1631	67
1632	67
1633	67
1634	67
1635	67
1636	67
1637	67
1638	67
1639	67
1640	68
1641	68
1642	68
1643	68
1644	68
1645	68
1646	68
1647	68
1648	68
1649	68
1650	69
1651	69
1652	69
1653	69
1654	69
1655	69
1656	69
1657	69
1658	69
1659	69
1660	70
1661	70
1662	70
1663	70
1664	70
1665	70
1666	70
1667	70
1668	70
1669	70
1670	71
1671	71
1672	71
1673	71
1674	71
1675	71
1676	71
1677	71
1678	71
1679	71
1680	72
1681	72
1682	72
1683	72
1684	72
1685	72
1686	72
1687	72
1688	72
1689	72
1690	73
1691	73
1692	73
1693	73
1694	73
1695	73
1696	73
1697	73
1698	73
1699	73
1700	74
1701	74
1702	74
1703	74
1704	74
1705	74
1706	74
1707	74
1708	74
1709	74
1710	75
1711	75
1712	75
1713	75
1714	75
1715	75
1716	75
1717	75
1718	75
1719	75
1720	76
1721	76
1722	76
1723	76
1724	76
1725	76
1726	76
1727	76
1728	76
1729	76
1730	77
1731	77
1732	77
1733	77
1734	77
1735	77
1736	77
1737	77
1738	77
1739	77
1740	78
1741	78
1742	78
1743	78
1744	78
1745	78
1746	78
1747	78
1748	78
1749	78
1750	79
1751	79
1752	79
1753	79
1754	79
1755	79
1756	79
1757	79
1758	79
1759	79
1760	80
1761	80
1762	80
1763	80
1764	80
1765	80
1766	80
1767	80
1768	80
1769	80
1770	81
1771	81
1772	81
1773	81
1774	81
1775	81
1776	81
1777	81
1778	81
1779	81
1780	82
1781	82
1782	82
1783	82
1784	82
1785	82
1786	82
1787	82
1788	82
1789	82
1790	83
1791	83
1792	83
1793	83
1794	83
1795	83
1796	83
1797	83
1798	83
1799	83
1800	84
1801	84
1802	84
1803	84
1804	84
1805	84
1806	84
1807	84
1808	84
1809	84
1810	85
1811	85
1812	85
1813	85
1814	85
1815	85
1816	85
1817	85
1818	85
1819	85
1820	86
1821	86
1822	86
1823	86
1824	86
1825	86
1826	86
1827	86
1828	86
1829	86
1830	87
1831	87
1832	87
1833	87
1834	87
1835	87
1836	87
1837	87
1838	87
1839	87
1840	88
1841	88
1842	88
1843	88
1844	88
1845	88
1846	88
1847	88
1848	88
1849	88
1850	89
1851	89
1852	89
1853	89
1854	89
1855	89
1856	89
1857	89
1858	89
1859	89
1860	90
1861	90
1862	90
1863	90
1864	90
1865	90
1866	90
1867	90
1868	90
1869	90
1870	91
1871	91
1872	91
1873	91
1874	91
1875	91
1876	91
1877	91
1878	91
1879	91
1880	92
1881	92
1882	92
1883	92
1884	92
1885	92
1886	92
1887	92
1888	92
1889	92
1890	93
1891	93
1892	93
1893	93
1894	93
1895	93
1896	93
1897	93
1898	93
1899	93
1900	94
1901	94
1902	94
1903	94
1904	94
1905	94
1906	94
1907	94
1908	94
1909	94
1910	95
1911	95
1912	95
1913	95
1914	95
1915	95
1916	95
1917	95
1918	95
1919	95
1920	96
1921	96
1922	96
1923	96
1924	96
1925	96
1926	96
1927	96
1928	96
1929	96
1930	97
1931	97
1932	97
1933	97
1934	97
1935	97
1936	97
1937	97
1938	97
1939	97
1940	98
1941	98
1942	98
1943	98
1944	98
1945	98
1946	98
1947	98
1948	98
1949	98
1950	99
1951	99
1952	99
1953	99
1954	99
1955	99
1956	99
1957	99
1958	99
1959	99
1960	100
1961	100
1962	100
1963	100
1964	100
1965	100
1966	100
1967	100
1968	100
1969	100
1970	101
1971	101
1972	101
1973	101
1974	101
1975	101
1976	101
1977	101
1978	101
1979	101
1980	102
1981	102
1982	102
1983	102
1984	102
1985	102
1986	102
1987	102
1988	102
1989	102
