0 0
1 0
2 0
3 0
4 0
5 0
6 0
7 0
8 0
9 0
10 0
11 0
12 0
13 0
14 0
15 0
16 0
17 0
18 0
19 0
20 0
21 0
22 0
23 0
24 0
25 0
26 0
27 0
28 0
29 0
30 0
31 0
32 0
33 0
34 0
35 0
36 0
37 0
38 0
39 0
40 0
41 0
42 0
43 0
44 0
45 0
46 0
47 0
48 0
49 0
50 0
51 0
52 0
53 0
54 0
55 0
56 0
57 0
58 0
59 0
60 0
61 0
62 0
63 0
64 0
65 0
66 0
67 0
68 0
69 0
70 0
71 0
72 0
73 0
74 0
75 0
76 0
77 0
78 0
79 0
80 0
81 0
82 0
83 0
84 0
85 0
86 0
87 0
88 0
89 0
90 0
91 0
92 0
93 0
94 0
95 0
96 0
97 0
98 0
99 0
100 0
101 0
102 0
103 0
104 0
105 0
106 0
107 0
108 0
109 0
110 0
111 0
112 0
113 0
114 0
115 0
116 0
117 0
118 0
119 0
120 0
121 0
122 0
123 0
124 0
125 0
126 0
127 0
128 0
129 0
130 0
131 1
132 0
133 0
134 0
135 0
136 0
137 0
138 0
139 0
140 0
141 0
142 0
143 0
144 0
145 0
146 0
147 0
148 0
149 0
150 0
151 0
152 0
153 0
154 0
155 0
156 0
157 0
158 0
159 0
160 0
161 0
162 0
163 0
164 0
165 0
166 0
167 0
168 0
169 0
170 0
171 0
172 0
173 0
174 0
175 0
176 0
177 0
178 0
179 0
180 0
181 0
182 0
183 0
184 0
185 0
186 0
187 0
188 0
189 0
190 0
191 0
192 0
193 0
194 0
195 0
196 0
197 0
198 0
199 0
200 0
201 0
202 0
203 0
204 0
205 0
206 0
207 0
208 0
209 0
210 0
211 0
212 0
213 0
214 0
215 0
216 0
217 0
218 0
219 0
220 0
221 0
222 0
223 0
224 0
225 0
226 0
227 0
228 0
229 0
230 0
231 0
232 0
233 0
234 0
235 0
236 0
237 0
238 0
239 0
240 0
241 0
242 0
243 0
244 0
245 0
246 0
247 0
248 0
249 0
250 0
251 0
252 0
253 0
254 0
255 0
256 0
257 0
258 0
259 0
260 0
261 0
262 0
263 0
264 0
265 0
266 0
267 0
268 0
269 0
270 0
271 0
272 0
273 0
274 0
275 0
276 0
277 0
278 0
279 0
280 0
281 0
282 0
283 0
284 0
285 0
286 0
287 0
288 0
289 0
290 0
291 0
292 0
293 0
294 0
295 0
296 0
297 0
298 0
299 0
300 0
301 0
302 0
303 0
304 0
305 0
306 0
307 0
308 0
309 0
310 0
311 0
312 0
313 0
314 0
315 0
316 0
317 0
318 0
319 0
320 0
321 0
322 0
323 0
324 0
325 0
326 0
327 0
328 0
329 0
330 0
331 0
332 0
333 0
334 0
335 0
336 0
337 0
338 0
339 0
340 0
341 0
342 0
343 0
344 0
345 0
346 0
347 0
348 0
349 0
350 0
351 0
352 0
353 0
354 0
355 0
356 0
357 0
358 0
359 0
360 0
361 0
362 0
363 0
364 0
365 0
366 0
367 0
368 0
369 0
370 0
371 0
372 0
373 0
374 0
375 0
376 0
377 0
378 0
379 0
380 0
381 0
382 0
383 0
384 0
385 0
386 0
387 0
388 0
389 0
390 0
391 0
392 0
393 0
394 0
395 0
396 0
397 0
398 0
399 0
400 0
401 0
402 0
403 0
404 0
405 0
406 0
407 0
408 0
409 0
410 0
411 0
412 0
413 0
414 0
415 0
416 0
417 0
418 0
419 0
420 0
421 0
422 0
423 0
424 0
425 0
426 0
427 0
428 0
429 0
430 0
431 0
432 0
433 0
434 0
435 0
436 0
437 0
438 0
439 0
440 2
441 0
442 0
443 0
444 0
445 0
446 0
447 0
448 0
449 0
450 0
451 0
452 0
453 0
454 0
455 0
456 0
457 0
458 0
459 0
460 0
461 0
462 0
463 0
464 0
465 0
466 0
467 0
468 0
469 0
470 0
471 0
472 0
473 0
474 0
475 0
476 0
477 0
478 0
479 0
480 0
481 0
482 0
483 0
484 0
485 0
486 0
487 0
488 0
489 0
490 0
491 0
492 0
493 0
494 0
495 0
496 0
497 0
498 0
499 0
500 0
501 0
502 0
503 0
504 0
505 0
506 0
507 0
508 0
509 0
510 0
511 0
512 0
513 0
514 0
515 0
516 0
517 0
518 0
519 0
520 0
521 0
522 0
523 0
524 0
525 0
526 0
527 0
528 3
529 0
530 0
531 0
532 0
533 0
534 0
535 0
536 0
537 0
538 0
539 0
540 0
541 0
542 0
543 0
544 0
545 0
546 0
547 0
548 0
549 0
550 0
551 0
552 0
553 0
554 0
555 0
556 0
557 0
558 4
559 0
560 0
561 0
562 0
563 0
564 0
565 0
566 0
567 0
568 0
569 0
570 0
571 0
572 0
573 0
574 0
575 0
576 0
577 0
578 0
579 0
580 0
581 0
582 0
583 0
584 0
585 0
586 0
587 0
588 0
589 0
590 0
591 0
592 0
593 0
594 0
595 0
596 0
597 0
598 0
599 0
600 0
601 0
602 0
603 0
604 0
605 0
606 0
607 0
608 0
609 0
610 0
611 0
612 0
613 0
614 0
615 0
616 0
617 0
618 0
619 0
620 0
621 0
622 0
623 0
624 0
625 0
626 0
627 0
628 0
629 0
630 0
631 0
632 0
633 0
634 0
635 0
636 0
637 0
638 0
639 0
640 0
641 0
642 0
643 0
644 0
645 0
646 0
647 0
648 0
649 0
650 0
651 0
652 0
653 0
654 0
655 0
656 0
657 0
658 0
659 0
660 0
661 0
662 0
663 0
664 0
665 0
666 0
667 0
668 0
669 0
670 0
671 0
672 0
673 0
674 0
675 0
676 0
677 0
678 0
679 0
680 0
681 0
682 0
683 0
684 0
685 0
686 0
687 0
688 0
689 0
690 0
691 0
692 0
693 0
694 0
695 0
696 0
697 0
698 0
699 0
700 0
701 0
702 0
703 0
704 0
705 0
706 0
707 0
708 0
709 0
710 0
711 0
712 0
713 0
714 0
715 0
716 5
717 0
718 0
719 0
720 0
721 0
722 0
723 0
724 0
725 0
726 0
727 0
728 0
729 0
730 0
731 0
732 0
733 0
734 0
735 0
736 0
737 0
738 0
739 0
740 0
741 0
742 0
743 0
744 0
745 0
746 0
747 0
748 0
749 0
750 0
751 0
752 0
753 0
754 0
755 0
756 0
757 0
758 0
759 0
760 0
761 0
762 0
763 0
764 0
765 0
766 0
767 0
768 0
769 0
770 0
771 0
772 0
773 0
774 0
775 0
776 0
777 0
778 0
779 0
780 0
781 0
782 0
783 0
784 6
785 0
786 0
787 0
788 0
789 0
790 0
791 0
792 0
793 0
794 0
795 0
796 0
797 0
798 0
799 0
800 0
801 0
802 0
803 0
804 0
805 0
806 0
807 0
808 0
809 0
810 0
811 0
812 0
813 0
814 0
815 0
816 0
817 0
818 0
819 0
820 0
821 0
822 0
823 0
824 0
825 0
826 0
827 0
828 0
829 0
830 0
831 0
832 0
833 0
834 0
835 0
836 0
837 0
838 0
839 0
840 0
841 0
842 0
843 0
844 0
845 0
846 0
847 0
848 0
849 0
850 0
851 0
852 0
853 0
854 0
855 0
856 0
857 0
858 0
859 0
860 0
861 0
862 0
863 0
864 0
865 0
866 0
867 0
868 0
869 0
870 0
871 0
872 0
873 0
874 0
875 0
876 0
877 0
878 0
879 0
880 0
881 0
882 0
883 0
884 0
885 0
886 0
887 0
888 0
889 0
890 0
891 0
892 0
893 0
894 0
895 0
896 0
897 0
898 0
899 0
900 0
901 0
902 0
903 0
904 0
905 0
906 0
907 0
908 0
909 0
910 0
911 0
912 0
913 0
914 0
915 0
916 0
917 0
918 0
919 0
920 0
921 0
922 0
923 0
924 0
925 0
926 0
927 0
928 0
929 0
930 0
931 0
932 0
933 0
934 0
935 0
936 0
937 0
938 0
939 0
940 0
941 0
942 0
943 0
944 0
945 0
946 0
947 0
948 0
949 0
950 0
951 0
952 0
953 0
954 0
955 0
956 0
957 0
958 0
959 0
960 0
961 0
962 0
963 0
964 0
965 0
966 0
967 0
968 0
969 0
970 0
971 0
972 0
973 0
974 0
975 0
976 0
977 0
978 0
979 0
980 0
981 7
982 0
983 0
984 0
985 0
986 0
987 0
988 0
989 0
990 0
991 0
992 0
993 0
994 0
995 0
996 0
997 0
998 0
999 0
1000 8
1001 9
1002 10
1003 9
1004 10
1005 11
1006 12
1007 13
1008 14
1009 11
1010 15
1011 16
1012 14
1013 8
1014 16
1015 13
1016 17
1017 18
1018 8
1019 9
1020 17
1021 19
1022 10
1023 15
1024 14
1025 9
1026 10
1027 20
1028 17
1029 15
1030 18
1031 21
1032 17
1033 14
1034 11
1035 10
1036 12
1037 17
1038 9
1039 15
1040 13
1041 21
1042 18
1043 21
1044 9
1045 15
1046 17
1047 19
1048 17
1049 21
1050 15
1051 18
1052 20
1053 20
1054 19
1055 18
1056 9
1057 15
1058 19
1059 10
1060 11
1061 19
1062 17
1063 21
1064 21
1065 17
1066 10
1067 21
1068 13
1069 12
1070 11
1071 20
1072 18
1073 14
1074 19
1075 12
1076 10
1077 20
1078 8
1079 12
1080 14
1081 19
1082 8
1083 18
1084 12
1085 12
1086 15
1087 20
1088 14
1089 12
1090 12
1091 8
1092 19
1093 15
1094 8
1095 18
1096 12
1097 11
1098 11
1099 19
1100 19
1101 17
1102 14
1103 11
1104 13
1105 11
1106 13
1107 18
1108 17
1109 8
1110 11
1111 9
1112 19
1113 20
1114 14
1115 19
1116 8
1117 21
1118 14
1119 11
1120 10
1121 12
1122 21
1123 11
1124 18
1125 18
1126 8
1127 8
1128 17
1129 21
1130 10
1131 19
1132 13
1133 10
1134 17
1135 14
1136 12
1137 15
1138 19
1139 10
1140 15
1141 21
1142 19
1143 17
1144 10
1145 9
1146 17
1147 18
1148 21
1149 9
1150 14
1151 20
1152 21
1153 10
1154 18
1155 13
1156 18
1157 10
1158 15
1159 15
1160 10
1161 15
1162 10
1163 16
1164 12
1165 12
1166 8
1167 12
1168 11
1169 21
1170 9
1171 16
1172 8
1173 11
1174 13
1175 9
1176 10
1177 18
1178 14
1179 8
1180 10
1181 10
1182 15
1183 10
1184 12
1185 18
1186 19
1187 10
1188 15
1189 17
1190 18
1191 12
1192 11
1193 21
1194 9
1195 13
1196 15
1197 17
1198 19
1199 16
1200 11
1201 12
1202 13
1203 20
1204 8
1205 10
1206 16
1207 15
1208 20
1209 9
1210 11
1211 13
1212 10
1213 20
1214 9
1215 19
1216 11
1217 10
1218 9
1219 12
1220 17
1221 13
1222 10
1223 18
1224 16
1225 9
1226 12
1227 20
1228 20
1229 17
1230 16
1231 17
1232 21
1233 17
1234 11
1235 14
1236 20
1237 15
1238 9
1239 16
1240 16
1241 8
1242 14
1243 18
1244 19
1245 21
1246 18
1247 16
1248 12
1249 16
1250 8
1251 11
1252 19
1253 20
1254 18
1255 12
1256 19
1257 9
1258 9
1259 21
1260 19
1261 21
1262 16
1263 15
1264 20
1265 19
1266 15
1267 21
1268 19
1269 21
1270 16
1271 20
1272 9
1273 18
1274 12
1275 20
1276 21
1277 17
1278 16
1279 16
1280 12
1281 14
1282 21
1283 16
1284 21
1285 21
1286 15
1287 16
1288 18
1289 9
1290 16
1291 17
1292 17
1293 16
1294 9
1295 15
1296 16
1297 18
1298 19
1299 10
1300 10
1301 19
1302 13
1303 19
1304 16
1305 16
1306 12
1307 21
1308 8
1309 21
1310 18
1311 9
1312 16
1313 17
1314 15
1315 21
1316 21
1317 21
1318 21
1319 9
1320 16
1321 18
1322 21
1323 21
1324 20
1325 17
1326 16
1327 19
1328 13
1329 14
1330 12
1331 19
1332 13
1333 12
1334 15
1335 12
1336 13
1337 15
1338 18
1339 12
1340 13
1341 15
1342 9
1343 18
1344 14
1345 11
1346 11
1347 15
1348 17
1349 20
1350 20
1351 21
1352 16
1353 20
1354 13
1355 13
1356 13
1357 12
1358 12
1359 12
1360 11
1361 8
1362 18
1363 19
1364 13
1365 9
1366 9
1367 14
1368 13
1369 18
1370 16
1371 10
1372 19
1373 19
1374 19
1375 9
1376 11
1377 20
1378 12
1379 17
1380 11
1381 12
1382 14
1383 15
1384 15
1385 18
1386 15
1387 10
1388 15
1389 15
1390 19
1391 16
1392 15
1393 15
1394 18
1395 16
1396 18
1397 15
1398 21
1399 14
1400 16
1401 16
1402 17
1403 15
1404 18
1405 16
1406 18
1407 9
1408 17
1409 19
1410 21
1411 19
1412 13
1413 11
1414 11
1415 9
1416 11
1417 17
1418 18
1419 12
1420 11
1421 11
1422 15
1423 18
1424 18
1425 13
1426 13
1427 9
1428 19
1429 9
1430 9
1431 15
1432 8
1433 19
1434 17
1435 13
1436 11
1437 8
1438 12
1439 16
1440 10
1441 21
1442 18
1443 18
1444 16
1445 8
1446 14
1447 10
1448 17
1449 16
1450 19
1451 20
1452 9
1453 12
1454 13
1455 16
1456 21
1457 21
1458 19
1459 21
1460 19
1461 19
1462 9
1463 14
1464 17
1465 9
1466 18
1467 19
1468 14
1469 19
1470 14
1471 9
1472 15
1473 18
1474 10
1475 16
1476 11
1477 9
1478 10
1479 18
1480 16
1481 9
1482 21
1483 11
1484 18
1485 13
1486 10
1487 10
1488 11
1489 19
1490 20
1491 10
1492 13
1493 10
1494 13
1495 18
1496 15
1497 11
1498 20
1499 8
1500 17
1501 13
1502 18
1503 12
1504 13
1505 13
1506 8
1507 20
1508 9
1509 9
1510 13
1511 21
1512 13
1513 12
1514 17
1515 14
1516 16
1517 16
1518 8
1519 16
1520 19
1521 19
1522 16
1523 14
1524 17
1525 18
1526 19
1527 15
1528 13
1529 19
1530 19
1531 16
1532 19
1533 16
1534 17
1535 11
1536 10
1537 15
1538 17
1539 17
1540 17
1541 19
1542 15
1543 16
1544 19
1545 17
1546 21
1547 13
1548 18
1549 13
1550 10
1551 17
1552 12
1553 12
1554 17
1555 21
1556 13
1557 10
1558 17
1559 15
1560 19
1561 21
1562 12
1563 17
1564 12
1565 18
1566 18
1567 8
1568 17
1569 21
1570 21
1571 11
1572 8
1573 10
1574 21
1575 18
1576 17
1577 21
1578 19
1579 13
1580 20
1581 11
1582 14
1583 13
1584 18
1585 21
1586 11
1587 13
1588 14
1589 21
1590 12
1591 13
1592 21
1593 14
1594 20
1595 12
1596 21
1597 21
1598 21
1599 17
1600 8
1601 15
1602 12
1603 20
1604 8
1605 15
1606 16
1607 17
1608 20
1609 8
1610 14
1611 14
1612 19
1613 17
1614 21
1615 17
1616 18
1617 8
1618 19
1619 19
1620 8
1621 8
1622 18
1623 13
1624 8
1625 17
1626 11
1627 8
1628 17
1629 21
1630 11
1631 17
1632 15
1633 15
1634 15
1635 8
1636 13
1637 20
1638 19
1639 12
1640 21
1641 19
1642 19
1643 15
1644 18
1645 21
1646 12
1647 12
1648 14
1649 15
1650 21
1651 12
1652 17
1653 12
1654 15
1655 18
1656 21
1657 9
1658 9
1659 17
1660 14
1661 15
1662 9
1663 15
1664 21
1665 12
1666 19
1667 16
1668 17
1669 15
1670 18
1671 9
1672 12
1673 11
1674 18
1675 13
1676 12
1677 17
1678 18
1679 21
1680 21
1681 11
1682 11
1683 13
1684 8
1685 16
1686 16
1687 17
1688 19
1689 9
1690 8
1691 16
1692 21
1693 18
1694 16
1695 10
1696 15
1697 16
1698 21
1699 11
1700 21
1701 19
1702 16
1703 18
1704 13
1705 14
1706 11
1707 21
1708 12
1709 18
1710 15
1711 20
1712 18
1713 15
1714 21
1715 20
1716 20
1717 17
1718 16
1719 14
1720 17
1721 13
1722 13
1723 10
1724 14
1725 16
1726 10
1727 20
1728 9
1729 14
1730 18
1731 18
1732 11
1733 15
1734 16
1735 14
1736 13
1737 10
1738 18
1739 9
1740 17
1741 18
1742 9
1743 10
1744 19
1745 19
1746 8
1747 11
1748 17
1749 17
1750 20
1751 10
1752 15
1753 8
1754 21
1755 19
1756 9
1757 8
1758 19
1759 18
1760 12
1761 15
1762 12
1763 19
1764 10
1765 11
1766 8
1767 8
1768 21
1769 17
1770 9
1771 21
1772 17
1773 20
1774 19
1775 21
1776 19
1777 19
1778 20
1779 16
1780 21
1781 16
1782 21
1783 17
1784 15
1785 17
1786 15
1787 9
1788 21
1789 19
1790 15
1791 19
1792 19
1793 9
1794 18
1795 9
1796 19
1797 15
1798 16
1799 21
1800 21
1801 13
1802 21
1803 10
1804 15
1805 13
1806 21
1807 15
1808 12
1809 18
1810 16
1811 17
1812 9
1813 19
1814 16
1815 18
1816 12
1817 17
1818 13
1819 13
1820 15
1821 18
1822 9
1823 13
1824 13
1825 12
1826 21
1827 16
1828 11
1829 21
1830 18
1831 11
1832 8
1833 15
1834 17
1835 18
1836 21
1837 18
1838 15
1839 8
1840 14
1841 9
1842 16
1843 14
1844 21
1845 21
1846 14
1847 15
1848 15
1849 8
1850 8
1851 8
1852 15
1853 12
1854 18
1855 18
1856 9
1857 17
1858 11
1859 8
1860 11
1861 13
1862 8
1863 21
1864 21
1865 15
1866 21
1867 21
1868 16
1869 8
1870 9
1871 21
1872 20
1873 9
1874 12
1875 12
1876 9
1877 16
1878 18
1879 17
1880 11
1881 15
1882 20
1883 18
1884 17
1885 11
1886 18
1887 8
1888 14
1889 17
1890 9
1891 20
1892 9
1893 14
1894 17
1895 12
1896 18
1897 15
1898 21
1899 21
1900 15
1901 10
1902 19
1903 17
1904 9
1905 19
1906 9
1907 17
1908 18
1909 21
1910 17
1911 19
1912 21
1913 9
1914 18
1915 15
1916 10
1917 12
1918 12
1919 17
1920 18
1921 12
1922 15
1923 19
1924 16
1925 11
1926 12
1927 15
1928 13
1929 17
1930 9
1931 19
1932 8
1933 13
1934 19
1935 19
1936 13
1937 19
1938 17
1939 15
1940 8
1941 12
1942 18
1943 9
1944 9
1945 15
1946 12
1947 11
1948 16
1949 18
1950 14
1951 8
1952 10
1953 19
1954 19
1955 16
1956 8
1957 19
1958 17
1959 19
1960 19
1961 18
1962 15
1963 10
1964 10
1965 14
1966 17
1967 21
1968 17
1969 8
1970 15
1971 11
1972 15
1973 9
1974 17
1975 17
1976 15
1977 11
1978 18
1979 9
1980 13
1981 11
1982 18
1983 14
1984 19
1985 20
1986 11
1987 20
1988 18
1989 8
1990 9
1991 21
1992 10
1993 12
1994 8
1995 11
1996 16
1997 9
1998 10
1999 16
