0 14
1 15
2 16
3 17
4 18
5 19
6 20
7 21
8 22
9 23
10 24
11 25
12 26
13 27
14 28
15 29
16 30
17 31
18 32
19 33
20 34
21 35
22 36
23 37
24 38
25 39
26 40
27 41
28 42
29 43
30 44
31 45
32 46
33 47
34 48
35 49
36 50
37 51
38 52
39 53
40 54
41 55
42 56
43 57
44 58
45 59
46 60
47 61
48 62
49 63
50 64
51 65
52 66
53 67
54 68
55 69
56 70
57 71
58 72
59 73
60 74
61 75
62 76
63 77
64 78
65 79
66 80
67 81
68 82
69 83
70 84
71 85
72 86
73 87
74 88
75 89
76 90
77 91
78 92
79 93
80 94
81 95
82 96
83 97
84 98
85 99
86 100
87 101
88 102
89 103
90 104
91 105
92 106
93 107
94 108
95 109
96 110
97 111
98 112
99 113
100 114
101 115
102 116
103 117
104 118
105 119
106 120
107 121
108 122
109 123
110 124
111 125
112 126
113 127
114 128
115 129
116 130
117 131
118 132
119 133
120 134
121 135
122 136
123 137
124 138
125 139
126 140
127 141
128 142
129 143
130 144
131 145
132 146
133 147
134 148
135 149
136 150
137 151
138 152
139 153
140 154
141 155
142 156
143 157
144 158
145 159
146 160
147 161
148 162
149 163
150 164
151 165
152 166
153 167
154 168
155 169
156 170
157 171
158 172
159 173
160 174
161 175
162 176
163 177
164 178
165 179
166 180
167 181
168 182
169 183
170 184
171 185
172 186
173 187
174 188
175 189
176 190
177 191
178 192
179 193
180 194
181 195
182 196
183 197
184 198
185 199
186 200
187 201
188 202
189 203
190 204
191 205
192 206
193 207
194 208
195 209
196 210
197 211
198 212
199 213
200 214
201 215
202 216
203 217
204 218
205 219
206 220
207 221
208 222
209 223
210 224
211 225
212 226
213 227
214 228
215 229
216 230
217 231
218 232
219 233
220 234
221 235
222 236
223 237
224 238
225 239
226 240
227 241
228 242
229 243
230 244
231 245
232 246
233 247
234 248
235 249
236 250
237 251
238 252
239 253
240 254
241 255
242 256
243 257
244 258
245 259
246 260
247 261
248 262
249 263
250 264
251 265
252 266
253 267
254 268
255 269
256 270
257 271
258 272
259 273
260 274
261 275
262 276
263 277
264 278
265 279
266 280
267 281
268 282
269 283
270 284
271 285
272 286
273 287
274 288
275 289
276 290
277 291
278 292
279 293
280 294
281 295
282 296
283 297
284 298
285 299
286 300
287 301
288 302
289 303
290 304
291 305
292 306
293 307
294 308
295 309
296 310
297 311
298 312
299 313
300 314
301 315
302 316
303 317
304 318
305 319
306 320
307 321
308 322
309 323
310 324
311 325
312 326
313 327
314 328
315 329
316 330
317 331
318 332
319 333
320 334
321 335
322 336
323 337
324 338
325 339
326 340
327 341
328 342
329 343
330 344
331 345
332 346
333 347
334 348
335 349
336 350
337 351
338 352
339 353
340 354
341 355
342 356
343 357
344 358
345 359
346 360
347 361
348 362
349 363
350 364
351 365
352 366
353 367
354 368
355 369
356 370
357 371
358 372
359 373
360 374
361 375
362 376
363 377
364 378
365 379
366 380
367 381
368 382
369 383
370 384
371 385
372 386
373 387
374 388
375 389
376 390
377 391
378 392
379 393
380 394
381 395
382 396
383 397
384 398
385 399
386 400
387 401
388 402
389 403
390 404
391 405
392 406
393 407
394 408
395 409
396 410
397 411
398 412
399 413
400 414
401 415
402 416
403 417
404 418
405 419
406 420
407 421
408 422
409 423
410 424
411 425
412 426
413 427
414 428
415 429
416 430
417 431
418 432
419 433
420 434
421 435
422 436
423 437
424 438
425 439
426 440
427 441
428 442
429 443
430 444
431 445
432 446
433 447
434 448
435 449
436 450
437 451
438 452
439 453
440 454
441 455
442 456
443 457
444 458
445 459
446 460
447 461
448 462
449 463
450 464
451 465
452 466
453 467
454 468
455 469
456 470
457 471
458 472
459 473
460 474
461 475
462 476
463 477
464 478
465 479
466 480
467 481
468 482
469 483
470 484
471 485
472 486
473 487
474 488
475 489
476 490
477 491
478 492
479 493
480 494
481 495
482 496
483 497
484 498
485 499
486 500
487 501
488 502
489 503
490 504
491 505
492 506
493 507
494 508
495 509
496 510
497 511
498 512
499 513
500 514
501 515
502 516
503 517
504 518
505 519
506 520
507 521
508 522
509 523
510 524
511 525
512 526
513 527
514 528
515 529
516 530
517 531
518 532
519 533
520 534
521 535
522 536
523 537
524 538
525 539
526 540
527 541
528 542
529 543
530 544
531 545
532 546
533 547
534 548
535 549
536 550
537 551
538 552
539 553
540 554
541 555
542 556
543 557
544 558
545 559
546 560
547 561
548 562
549 563
550 564
551 565
552 566
553 567
554 568
555 569
556 570
557 571
558 572
559 573
560 574
561 575
562 576
563 577
564 578
565 579
566 580
567 581
568 582
569 583
570 584
571 585
572 586
573 587
574 588
575 589
576 590
577 591
578 592
579 593
580 594
581 595
582 596
583 597
584 598
585 599
586 600
587 601
588 602
589 603
590 604
591 605
592 606
593 607
594 608
595 609
596 610
597 611
598 612
599 613
600 614
601 615
602 616
603 617
604 618
605 619
606 620
607 621
608 622
609 623
610 624
611 625
612 626
613 627
614 628
615 629
616 630
617 631
618 632
619 633
620 634
621 635
622 636
623 637
624 638
625 639
626 640
627 641
628 642
629 643
630 644
631 645
632 646
633 647
634 648
635 649
636 650
637 651
638 652
639 653
640 654
641 655
642 656
643 657
644 658
645 659
646 660
647 661
648 662
649 663
650 664
651 665
652 666
653 667
654 668
655 669
656 670
657 671
658 672
659 673
660 674
661 675
662 676
663 677
664 678
665 679
666 680
667 681
668 682
669 683
670 684
671 685
672 686
673 687
674 688
675 689
676 690
677 691
678 692
679 693
680 694
681 695
682 696
683 697
684 698
685 699
686 700
687 701
688 702
689 703
690 704
691 705
692 706
693 707
694 708
695 709
696 710
697 711
698 712
699 713
700 714
701 715
702 716
703 717
704 718
705 719
706 720
707 721
708 722
709 723
710 724
711 725
712 726
713 727
714 728
715 729
716 730
717 731
718 732
719 733
720 734
721 735
722 736
723 737
724 738
725 739
726 740
727 741
728 742
729 743
730 744
731 745
732 746
733 747
734 748
735 749
736 750
737 751
738 752
739 753
740 754
741 755
742 756
743 757
744 758
745 759
746 760
747 761
748 762
749 763
750 764
751 765
752 766
753 767
754 768
755 769
756 770
757 771
758 772
759 773
760 774
761 775
762 776
763 777
764 778
765 779
766 780
767 781
768 782
769 783
770 784
771 785
772 786
773 787
774 788
775 789
776 790
777 791
778 792
779 793
780 794
781 795
782 796
783 797
784 798
785 799
786 800
787 801
788 802
789 803
790 804
791 805
792 806
793 807
794 808
795 809
796 810
797 811
798 812
799 813
800 814
801 815
802 816
803 817
804 818
805 819
806 820
807 821
808 822
809 823
810 824
811 825
812 826
813 827
814 828
815 829
816 830
817 831
818 832
819 833
820 834
821 835
822 836
823 837
824 838
825 839
826 840
827 841
828 842
829 843
830 844
831 845
832 846
833 847
834 848
835 849
836 850
837 851
838 852
839 853
840 854
841 855
842 856
843 857
844 858
845 859
846 860
847 861
848 862
849 863
850 864
851 865
852 866
853 867
854 868
855 869
856 870
857 871
858 872
859 873
860 874
861 875
862 876
863 877
864 878
865 879
866 880
867 881
868 882
869 883
870 884
871 885
872 886
873 887
874 888
875 889
876 890
877 891
878 892
879 893
880 894
881 895
882 896
883 897
884 898
885 899
886 900
887 901
888 902
889 903
890 904
891 905
892 906
893 907
894 908
895 909
896 910
897 911
898 912
899 913
900 914
901 915
902 916
903 917
904 918
905 919
906 920
907 921
908 922
909 923
910 924
911 925
912 926
913 927
914 928
915 929
916 930
917 931
918 932
919 933
920 934
921 935
922 936
923 937
924 938
925 939
926 940
927 941
928 942
929 943
930 944
931 945
932 946
933 947
934 948
935 949
936 950
937 951
938 952
939 953
940 954
941 955
942 956
943 957
944 958
945 959
946 960
947 961
948 962
949 963
950 964
951 965
952 966
953 967
954 968
955 969
956 970
957 971
958 972
959 973
960 974
961 975
962 976
963 977
964 978
965 979
966 980
967 981
968 982
969 983
970 984
971 985
972 986
973 987
974 988
975 989
976 990
977 991
978 992
979 993
980 994
981 995
982 996
983 997
984 998
985 999
986 1000
987 1001
988 1002
989 1003
990 1004
991 1005
992 1006
993 1007
994 1008
995 1009
996 1010
997 1011
998 1012
999 1013
1000 10
1001 5
1002 11
1003 5
1004 11
1005 9
1006 7
1007 8
1008 12
1009 9
1010 4
1011 6
1012 12
1013 10
1014 6
1015 8
1016 3
1017 2
1018 10
1019 5
1020 3
1021 1
1022 11
1023 4
1024 12
1025 5
1026 11
1027 13
1028 3
1029 4
1030 2
1031 0
1032 3
1033 12
1034 9
1035 11
1036 7
1037 3
1038 5
1039 4
1040 8
1041 0
1042 2
1043 0
1044 5
1045 4
1046 3
1047 1
1048 3
1049 0
1050 4
1051 2
1052 13
1053 13
1054 1
1055 2
1056 5
1057 4
1058 1
1059 11
1060 9
1061 1
1062 3
1063 0
1064 0
1065 3
1066 11
1067 0
1068 8
1069 7
1070 9
1071 13
1072 2
1073 12
1074 1
1075 7
1076 11
1077 13
1078 10
1079 7
1080 12
1081 1
1082 10
1083 2
1084 7
1085 7
1086 4
1087 13
1088 12
1089 7
1090 7
1091 10
1092 1
1093 4
1094 10
1095 2
1096 7
1097 9
1098 9
1099 1
1100 1
1101 3
1102 12
1103 9
1104 8
1105 9
1106 2
1107 2
1108 3
1109 10
1110 9
1111 5
1112 1
1113 13
1114 12
1115 1
1116 10
1117 0
1118 12
1119 9
1120 11
1121 7
1122 0
1123 9
1124 2
1125 2
1126 10
1127 10
1128 3
1129 0
1130 11
1131 1
1132 8
1133 11
1134 3
1135 12
1136 7
1137 4
1138 1
1139 11
1140 4
1141 0
1142 1
1143 3
1144 11
1145 5
1146 3
1147 2
1148 0
1149 5
1150 12
1151 13
1152 0
1153 11
1154 2
1155 8
1156 2
1157 11
1158 4
1159 4
1160 11
1161 4
1162 11
1163 6
1164 7
1165 7
1166 10
1167 7
1168 9
1169 0
1170 5
1171 6
1172 10
1173 9
1174 8
1175 5
1176 11
1177 2
1178 12
1179 10
1180 11
1181 11
1182 4
1183 11
1184 7
1185 2
1186 1
1187 11
1188 4
1189 3
1190 2
1191 7
1192 9
1193 0
1194 5
1195 8
1196 4
1197 3
1198 1
1199 6
1200 9
1201 7
1202 8
1203 13
1204 10
1205 11
1206 6
1207 4
1208 13
1209 5
1210 9
1211 8
1212 11
1213 13
1214 5
1215 1
1216 9
1217 11
1218 5
1219 7
1220 3
1221 8
1222 11
1223 2
1224 6
1225 5
1226 7
1227 13
1228 13
1229 3
1230 6
1231 3
1232 0
1233 3
1234 9
1235 12
1236 13
1237 4
1238 5
1239 6
1240 6
1241 10
1242 12
1243 2
1244 1
1245 0
1246 2
1247 6
1248 7
1249 6
1250 10
1251 9
1252 1
1253 13
1254 2
1255 7
1256 1
1257 5
1258 5
1259 0
1260 1
1261 0
1262 6
1263 4
1264 13
1265 1
1266 4
1267 0
1268 1
1269 0
1270 6
1271 13
1272 5
1273 2
1274 7
1275 13
1276 0
1277 3
1278 6
1279 6
1280 7
1281 12
1282 0
1283 6
1284 0
1285 0
1286 4
1287 6
1288 2
1289 5
1290 6
1291 3
1292 3
1293 6
1294 5
1295 4
1296 6
1297 2
1298 1
1299 11
1300 11
1301 1
1302 8
1303 1
1304 6
1305 6
1306 7
1307 0
1308 10
1309 0
1310 2
1311 5
1312 6
1313 3
1314 4
1315 0
1316 0
1317 0
1318 0
1319 5
1320 6
1321 2
1322 0
1323 0
1324 13
1325 3
1326 6
1327 1
1328 8
1329 12
1330 7
1331 1
1332 8
1333 7
1334 4
1335 7
1336 8
1337 4
1338 2
1339 7
1340 8
1341 4
1342 5
1343 2
1344 12
1345 9
1346 9
1347 4
1348 3
1349 13
1350 13
1351 0
1352 6
1353 13
1354 8
1355 8
1356 8
1357 7
1358 7
1359 7
1360 9
1361 10
1362 2
1363 1
1364 8
1365 5
1366 5
1367 12
1368 8
1369 2
1370 6
1371 11
1372 1
1373 1
1374 1
1375 5
1376 9
1377 13
1378 7
1379 3
1380 9
1381 7
1382 12
1383 4
1384 4
1385 2
1386 4
1387 11
1388 4
1389 4
1390 1
1391 6
1392 4
1393 4
1394 2
1395 6
1396 2
1397 4
1398 0
1399 12
1400 6
1401 6
1402 3
1403 4
1404 2
1405 6
1406 2
1407 5
1408 3
1409 1
1410 0
1411 1
1412 8
1413 9
1414 9
1415 5
1416 9
1417 3
1418 2
1419 7
1420 9
1421 9
1422 4
1423 2
1424 2
1425 8
1426 8
1427 5
1428 1
1429 5
1430 5
1431 4
1432 10
1433 1
1434 3
1435 8
1436 9
1437 10
1438 7
1439 6
1440 11
1441 0
1442 2
1443 2
1444 6
1445 10
1446 12
1447 11
1448 3
1449 6
1450 1
1451 13
1452 5
1453 7
1454 8
1455 6
1456 0
1457 0
1458 1
1459 0
1460 1
1461 1
1462 5
1463 12
1464 3
1465 5
1466 2
1467 1
1468 12
1469 1
1470 12
1471 5
1472 4
1473 2
1474 11
1475 6
1476 9
1477 5
1478 11
1479 2
1480 6
1481 5
1482 0
1483 9
1484 2
1485 8
1486 11
1487 11
1488 9
1489 1
1490 13
1491 11
1492 8
1493 11
1494 8
1495 2
1496 4
1497 9
1498 13
1499 10
1500 3
1501 8
1502 2
1503 7
1504 8
1505 8
1506 10
1507 13
1508 5
1509 5
1510 8
1511 0
1512 8
1513 7
1514 3
1515 12
1516 6
1517 6
1518 10
1519 6
1520 1
1521 1
1522 6
1523 12
1524 3
1525 2
1526 1
1527 4
1528 8
1529 1
1530 1
1531 6
1532 1
1533 6
1534 3
1535 9
1536 11
1537 4
1538 3
1539 3
1540 3
1541 1
1542 4
1543 6
1544 1
1545 3
1546 0
1547 8
1548 2
1549 8
1550 11
1551 3
1552 7
1553 7
1554 3
1555 0
1556 8
1557 11
1558 3
1559 4
1560 1
1561 0
1562 7
1563 3
1564 7
1565 2
1566 2
1567 10
1568 3
1569 0
1570 0
1571 9
1572 10
1573 11
1574 0
1575 2
1576 3
1577 0
1578 1
1579 8
1580 13
1581 9
1582 12
1583 8
1584 2
1585 0
1586 9
1587 8
1588 12
1589 0
1590 7
1591 8
1592 0
1593 12
1594 13
1595 7
1596 0
1597 0
1598 0
1599 3
1600 10
1601 4
1602 7
1603 13
1604 10
1605 4
1606 6
1607 3
1608 13
1609 10
1610 12
1611 12
1612 1
1613 3
1614 0
1615 3
1616 2
1617 10
1618 1
1619 1
1620 10
1621 10
1622 2
1623 8
1624 10
1625 3
1626 9
1627 10
1628 3
1629 0
1630 9
1631 3
1632 4
1633 4
1634 4
1635 10
1636 8
1637 13
1638 1
1639 7
1640 0
1641 1
1642 1
1643 4
1644 2
1645 0
1646 7
1647 7
1648 12
1649 4
1650 0
1651 7
1652 3
1653 7
1654 4
1655 2
1656 0
1657 5
1658 5
1659 3
1660 12
1661 4
1662 5
1663 4
1664 0
1665 7
1666 1
1667 6
1668 3
1669 4
1670 2
1671 5
1672 7
1673 2
1674 2
1675 8
1676 7
1677 3
1678 2
1679 0
1680 0
1681 9
1682 9
1683 8
1684 10
1685 6
1686 6
1687 3
1688 1
1689 5
1690 10
1691 6
1692 0
1693 2
1694 6
1695 11
1696 4
1697 6
1698 0
1699 9
1700 0
1701 1
1702 6
1703 2
1704 8
1705 12
1706 9
1707 0
1708 7
1709 2
1710 4
1711 13
1712 2
1713 4
1714 0
1715 13
1716 13
1717 3
1718 6
1719 12
1720 3
1721 8
1722 8
1723 11
1724 12
1725 6
1726 11
1727 13
1728 5
1729 12
1730 2
1731 2
1732 9
1733 4
1734 6
1735 12
1736 8
1737 11
1738 2
1739 5
1740 3
1741 2
1742 5
1743 11
1744 1
1745 1
1746 10
1747 9
1748 3
1749 3
1750 13
1751 11
1752 4
1753 10
1754 0
1755 1
1756 5
1757 10
1758 1
1759 2
1760 7
1761 4
1762 7
1763 1
1764 11
1765 9
1766 10
1767 10
1768 0
1769 3
1770 5
1771 0
1772 3
1773 13
1774 1
1775 0
1776 1
1777 1
1778 13
1779 6
1780 0
1781 6
1782 0
1783 3
1784 4
1785 3
1786 4
1787 5
1788 0
1789 1
1790 4
1791 1
1792 1
1793 5
1794 2
1795 5
1796 1
1797 4
1798 6
1799 0
1800 0
1801 8
1802 0
1803 11
1804 4
1805 8
1806 0
1807 4
1808 7
1809 2
1810 6
1811 3
1812 5
1813 1
1814 6
1815 2
1816 7
1817 3
1818 8
1819 8
1820 4
1821 2
1822 5
1823 8
1824 8
1825 7
1826 0
1827 6
1828 9
1829 0
1830 2
1831 9
1832 10
1833 4
1834 3
1835 2
1836 0
1837 2
1838 4
1839 10
1840 12
1841 5
1842 6
1843 12
1844 0
1845 0
1846 12
1847 4
1848 4
1849 10
1850 10
1851 10
1852 4
1853 7
1854 2
1855 2
1856 5
1857 3
1858 9
1859 10
1860 9
1861 8
1862 10
1863 0
1864 0
1865 4
1866 0
1867 0
1868 6
1869 10
1870 5
1871 0
1872 13
1873 5
1874 7
1875 7
1876 5
1877 6
1878 6
1879 3
1880 9
1881 4
1882 13
1883 2
1884 3
1885 9
1886 2
1887 10
1888 12
1889 3
1890 5
1891 13
1892 5
1893 12
1894 3
1895 7
1896 2
1897 4
1898 0
1899 0
1900 4
1901 11
1902 1
1903 3
1904 5
1905 1
1906 5
1907 3
1908 2
1909 0
1910 3
1911 1
1912 0
1913 5
1914 2
1915 4
1916 11
1917 7
1918 7
1919 3
1920 2
1921 7
1922 4
1923 1
1924 6
1925 9
1926 7
1927 4
1928 8
1929 3
1930 5
1931 1
1932 10
1933 8
1934 1
1935 1
1936 8
1937 1
1938 3
1939 4
1940 10
1941 7
1942 2
1943 5
1944 5
1945 4
1946 7
1947 9
1948 6
1949 2
1950 12
1951 10
1952 11
1953 1
1954 1
1955 6
1956 10
1957 1
1958 3
1959 1
1960 1
1961 2
1962 4
1963 11
1964 11
1965 12
1966 3
1967 0
1968 3
1969 10
1970 4
1971 9
1972 4
1973 5
1974 3
1975 3
1976 4
1977 9
1978 2
1979 5
1980 8
1981 9
1982 2
1983 12
1984 1
1985 13
1986 9
1987 13
1988 2
1989 10
1990 5
1991 0
1992 11
1993 7
1994 10
1995 9
1996 6
1997 5
1998 11
1999 6
